0.01 0 -0.0196154
0.01 0.0634665 -0.0450079
0.01 0.126933 -0.0702193
0.01 0.1904 -0.0951479
0.01 0.253866 -0.119693
0.01 0.317333 -0.143757
0.01 0.380799 -0.167241
0.01 0.444266 -0.190053
0.01 0.507732 -0.212098
0.01 0.571199 -0.23329
0.01 0.634665 -0.253543
0.01 0.698132 -0.272775
0.01 0.761598 -0.290908
0.01 0.825065 -0.30787
0.01 0.888531 -0.323592
0.01 0.951998 -0.338011
0.01 1.01546 -0.351069
0.01 1.07893 -0.362714
0.01 1.1424 -0.372897
0.01 1.20586 -0.38158
0.01 1.26933 -0.388726
0.01 1.3328 -0.394306
0.01 1.39626 -0.398299
0.01 1.45973 -0.400689
0.01 1.5232 -0.401464
0.01 1.58666 -0.400624
0.01 1.65013 -0.39817
0.01 1.7136 -0.394112
0.01 1.77706 -0.388468
0.01 1.84053 -0.381259
0.01 1.904 -0.372516
0.01 1.96746 -0.362272
0.01 2.03093 -0.35057
0.01 2.0944 -0.337456
0.01 2.15786 -0.322983
0.01 2.22133 -0.307209
0.01 2.28479 -0.290199
0.01 2.34826 -0.27202
0.01 2.41173 -0.252746
0.01 2.47519 -0.232454
0.01 2.53866 -0.211226
0.01 2.60213 -0.189147
0.01 2.66559 -0.166307
0.01 2.72906 -0.142797
0.01 2.79253 -0.118713
0.01 2.85599 -0.0941498
0.01 2.91946 -0.0692078
0.01 2.98293 -0.0439872
0.01 3.04639 -0.0185895
0.01 3.10986 0.00688312
0.01 3.17333 0.032328
0.01 3.23679 0.0576426
0.01 3.30026 0.0827252
0.01 3.36373 0.107475
0.01 3.42719 0.131791
0.01 3.49066 0.155577
0.01 3.55413 0.178737
0.01 3.61759 0.201177
0.01 3.68106 0.222807
0.01 3.74452 0.243539
0.01 3.80799 0.263291
0.01 3.87146 0.281983
0.01 3.93492 0.29954
0.01 3.99839 0.31589
0.01 4.06186 0.330968
0.01 4.12532 0.344714
0.01 4.18879 0.357071
0.01 4.25226 0.367991
0.01 4.31572 0.377429
0.01 4.37919 0.385347
0.01 4.44266 0.391713
0.01 4.50612 0.396502
0.01 4.56959 0.399695
0.01 4.63306 0.401278
0.01 4.69652 0.401246
0.01 4.75999 0.399598
0.01 4.82346 0.39634
0.01 4.88692 0.391487
0.01 4.95039 0.385058
0.01 5.01385 0.377077
0.01 5.07732 0.367579
0.01 5.14079 0.3566
0.01 5.20425 0.344186
0.01 5.26772 0.330385
0.01 5.33119 0.315255
0.01 5.39465 0.298855
0.01 5.45812 0.281251
0.01 5.52159 0.262515
0.01 5.58505 0.242722
0.01 5.64852 0.221952
0.01 5.71199 0.200287
0.01 5.77545 0.177817
0.01 5.83892 0.15463
0.01 5.90239 0.130821
0.01 5.96585 0.106485
0.01 6.02932 0.0817199
0.01 6.09279 0.056626
0.01 6.15625 0.0313041
0.01 6.21972 0.00585608
0.01 6.28319 -0.0196155
1.01099 0 0.161389
1.01099 0.0634665 0.15998
1.01099 0.126933 0.157927
1.01099 0.1904 0.155239
1.01099 0.253866 0.151925
1.01099 0.317333 0.148
1.01099 0.380799 0.143478
1.01099 0.444266 0.138379
1.01099 0.507732 0.132722
1.01099 0.571199 0.126531
1.01099 0.634665 0.119831
1.01099 0.698132 0.112648
1.01099 0.761598 0.105012
1.01099 0.825065 0.0969525
1.01099 0.888531 0.0885028
1.01099 0.951998 0.0796968
1.01099 1.01546 0.0705699
1.01099 1.07893 0.0611587
1.01099 1.1424 0.0515013
1.01099 1.20586 0.0416364
1.01099 1.26933 0.0316042
1.01099 1.3328 0.0214445
1.01099 1.39626 0.0111984
1.01099 1.45973 0.000907234
1.01099 1.5232 -0.00938764
1.01099 1.58666 -0.0196445
1.01099 1.65013 -0.0298224
1.01099 1.7136 -0.0398802
1.01099 1.77706 -0.0497773
1.01099 1.84053 -0.0594742
1.01099 1.904 -0.0689315
1.01099 1.96746 -0.0781112
1.01099 2.03093 -0.0869765
1.01099 2.0944 -0.0954915
1.01099 2.15786 -0.103622
1.01099 2.22133 -0.111335
1.01099 2.28479 -0.1186
1.01099 2.34826 -0.125387
1.01099 2.41173 -0.13167
1.01099 2.47519 -0.137422
1.01099 2.53866 -0.142621
1.01099 2.60213 -0.147246
1.01099 2.66559 -0.151277
1.01099 2.72906 -0.1547
1.01099 2.79253 -0.1575
1.01099 2.85599 -0.159665
1.01099 2.91946 -0.161188
1.01099 2.98293 -0.162061
1.01099 3.04639 -0.162282
1.01099 3.10986 -0.16185
1.01099 3.17333 -0.160766
1.01099 3.23679 -0.159034
1.01099 3.30026 -0.156662
1.01099 3.36373 -0.153659
1.01099 3.42719 -0.150038
1.01099 3.49066 -0.145812
1.01099 3.55413 -0.140999
1.01099 3.61759 -0.135619
1.01099 3.68106 -0.129692
1.01099 3.74452 -0.123243
1.01099 3.80799 -0.116298
1.01099 3.87146 -0.108885
1.01099 3.93492 -0.101033
1.01099 3.99839 -0.0927745
1.01099 4.06186 -0.0841423
1.01099 4.12532 -0.0751711
1.01099 4.18879 -0.0658974
1.01099 4.25226 -0.0563585
1.01099 4.31572 -0.0465923
1.01099 4.37919 -0.0366387
1.01099 4.44266 -0.0265376
1.01099 4.50612 -0.0163297
1.01099 4.56959 -0.00605584
1.01099 4.63306 0.00424237
1.01099 4.69652 0.0145234
1.01099 4.75999 0.024746
1.01099 4.82346 0.034869
1.01099 4.88692 0.0448514
1.01099 4.95039 0.0546534
1.01099 5.01385 0.0642353
1.01099 5.07732 0.0735585
1.01099 5.14079 0.0825855
1.01099 5.20425 0.09128
1.01099 5.26772 0.0996069
1.01099 5.33119 0.107533
1.01099 5.39465 0.115026
1.01099 5.45812 0.122055
1.01099 5.52159 0.128593
1.01099 5.58505 0.134614
1.01099 5.64852 0.140092
1.01099 5.71199 0.145006
1.01099 5.77545 0.149337
1.01099 5.83892 0.153066
1.01099 5.90239 0.156179
1.01099 5.96585 0.158662
1.01099 6.02932 0.160507
1.01099 6.09279 0.161706
1.01099 6.15625 0.162254
1.01099 6.21972 0.162148
1.01099 6.28319 0.161389
2.01198 0 0.039097
2.01198 0.0634665 0.0310423
2.01198 0.126933 0.0228626
2.01198 0.1904 0.0145909
2.01198 0.253866 0.0062604
2.01198 0.317333 -0.0020953
2.01198 0.380799 -0.0104424
2.01198 0.444266 -0.0187477
2.01198 0.507732 -0.0269775
2.01198 0.571199 -0.0350985
2.01198 0.634665 -0.0430781
2.01198 0.698132 -0.0508845
2.01198 0.761598 -0.058486
2.01198 0.825065 -0.0658518
2.01198 0.888531 -0.0729526
2.01198 0.951998 -0.0797596
2.01198 1.01546 -0.0862454
2.01198 1.07893 -0.0923839
2.01198 1.1424 -0.0981505
2.01198 1.20586 -0.103522
2.01198 1.26933 -0.108476
2.01198 1.3328 -0.112994
2.01198 1.39626 -0.117057
2.01198 1.45973 -0.120648
2.01198 1.5232 -0.123754
2.01198 1.58666 -0.126361
2.01198 1.65013 -0.128459
2.01198 1.7136 -0.13004
2.01198 1.77706 -0.131098
2.01198 1.84053 -0.131628
2.01198 1.904 -0.131627
2.01198 1.96746 -0.131097
2.01198 2.03093 -0.130039
2.01198 2.0944 -0.128457
2.01198 2.15786 -0.126357
2.01198 2.22133 -0.12375
2.01198 2.28479 -0.120643
2.01198 2.34826 -0.117051
2.01198 2.41173 -0.112988
2.01198 2.47519 -0.10847
2.01198 2.53866 -0.103515
2.01198 2.60213 -0.0981427
2.01198 2.66559 -0.0923756
2.01198 2.72906 -0.0862366
2.01198 2.79253 -0.0797504
2.01198 2.85599 -0.0729429
2.01198 2.91946 -0.0658418
2.01198 2.98293 -0.0584756
2.01198 3.04639 -0.0508738
2.01198 3.10986 -0.0430673
2.01198 3.17333 -0.0350873
2.01198 3.23679 -0.0269661
2.01198 3.30026 -0.0187363
2.01198 3.36373 -0.010431
2.01198 3.42719 -0.00208365
2.01198 3.49066 0.00627204
2.01198 3.55413 0.0146024
2.01198 3.61759 0.022874
2.01198 3.68106 0.0310537
2.01198 3.74452 0.039108
2.01198 3.80799 0.047005
2.01198 3.87146 0.0547128
2.01198 3.93492 0.0622002
2.01198 3.99839 0.0694371
2.01198 4.06186 0.0763947
2.01198 4.12532 0.0830443
2.01198 4.18879 0.0893598
2.01198 4.25226 0.0953152
2.01198 4.31572 0.100887
2.01198 4.37919 0.106052
2.01198 4.44266 0.110791
2.01198 4.50612 0.115083
2.01198 4.56959 0.118912
2.01198 4.63306 0.122262
2.01198 4.69652 0.12512
2.01198 4.75999 0.127474
2.01198 4.82346 0.129315
2.01198 4.88692 0.130635
2.01198 4.95039 0.131429
2.01198 5.01385 0.131694
2.01198 5.07732 0.131428
2.01198 5.14079 0.130633
2.01198 5.20425 0.129313
2.01198 5.26772 0.127471
2.01198 5.33119 0.125116
2.01198 5.39465 0.122258
2.01198 5.45812 0.118907
2.01198 5.52159 0.115078
2.01198 5.58505 0.110785
2.01198 5.64852 0.106046
2.01198 5.71199 0.100879
2.01198 5.77545 0.0953071
2.01198 5.83892 0.0893511
2.01198 5.90239 0.0830352
2.01198 5.96585 0.0763851
2.01198 6.02932 0.0694273
2.01198 6.09279 0.0621899
2.01198 6.15625 0.0547023
2.01198 6.21972 0.0469942
2.01198 6.28319 0.0390969
3.01297 0 -0.216357
3.01297 0.0634665 -0.209236
3.01297 0.126933 -0.201273
3.01297 0.1904 -0.192499
3.01297 0.253866 -0.18295
3.01297 0.317333 -0.172664
3.01297 0.380799 -0.161683
3.01297 0.444266 -0.150051
3.01297 0.507732 -0.137815
3.01297 0.571199 -0.125023
3.01297 0.634665 -0.111729
3.01297 0.698132 -0.0979846
3.01297 0.761598 -0.0838456
3.01297 0.825065 -0.069369
3.01297 0.888531 -0.0546131
3.01297 0.951998 -0.0396372
3.01297 1.01546 -0.0245017
3.01297 1.07893 -0.00926775
3.01297 1.1424 0.00600377
3.01297 1.20586 0.021251
3.01297 1.26933 0.0364128
3.01297 1.3328 0.0514277
3.01297 1.39626 0.0662358
3.01297 1.45973 0.0807771
3.01297 1.5232 0.0949931
3.01297 1.58666 0.108826
3.01297 1.65013 0.122222
3.01297 1.7136 0.135125
3.01297 1.77706 0.147484
3.01297 1.84053 0.159249
3.01297 1.904 0.170373
3.01297 1.96746 0.180811
3.01297 2.03093 0.190521
3.01297 2.0944 0.199464
3.01297 2.15786 0.207603
3.01297 2.22133 0.214906
3.01297 2.28479 0.221345
3.01297 2.34826 0.226892
3.01297 2.41173 0.231526
3.01297 2.47519 0.235226
3.01297 2.53866 0.23798
3.01297 2.60213 0.239776
3.01297 2.66559 0.240606
3.01297 2.72906 0.240467
3.01297 2.79253 0.23936
3.01297 2.85599 0.237289
3.01297 2.91946 0.234263
3.01297 2.98293 0.230294
3.01297 3.04639 0.225397
3.01297 3.10986 0.219592
3.01297 3.17333 0.212904
3.01297 3.23679 0.205358
3.01297 3.30026 0.196985
3.01297 3.36373 0.187819
3.01297 3.42719 0.177896
3.01297 3.49066 0.167258
3.01297 3.55413 0.155945
3.01297 3.61759 0.144005
3.01297 3.68106 0.131485
3.01297 3.74452 0.118436
3.01297 3.80799 0.10491
3.01297 3.87146 0.0909609
3.01297 3.93492 0.0766459
3.01297 3.99839 0.0620222
3.01297 4.06186 0.0471488
3.01297 4.12532 0.0320856
3.01297 4.18879 0.0168932
3.01297 4.25226 0.00163261
3.01297 4.31572 -0.0136342
3.01297 4.37919 -0.0288464
3.01297 4.44266 -0.0439424
3.01297 4.50612 -0.0588614
3.01297 4.56959 -0.0735435
3.01297 4.63306 -0.0879295
3.01297 4.69652 -0.101961
3.01297 4.75999 -0.115582
3.01297 4.82346 -0.128738
3.01297 4.88692 -0.141376
3.01297 4.95039 -0.153444
3.01297 5.01385 -0.164894
3.01297 5.07732 -0.175681
3.01297 5.14079 -0.18576
3.01297 5.20425 -0.195091
3.01297 5.26772 -0.203636
3.01297 5.33119 -0.211361
3.01297 5.39465 -0.218236
3.01297 5.45812 -0.224232
3.01297 5.52159 -0.229324
3.01297 5.58505 -0.233493
3.01297 5.64852 -0.236723
3.01297 5.71199 -0.238998
3.01297 5.77545 -0.240312
3.01297 5.83892 -0.240658
3.01297 5.90239 -0.240035
3.01297 5.96585 -0.238445
3.01297 6.02932 -0.235895
3.01297 6.09279 -0.232395
3.01297 6.15625 -0.22796
3.01297 6.21972 -0.222606
3.01297 6.28319 -0.216357
4.01396 0 0.25222
4.01396 0.0634665 0.251254
4.01396 0.126933 0.249276
4.01396 0.1904 0.246294
4.01396 0.253866 0.242321
4.01396 0.317333 0.237372
4.01396 0.380799 0.231467
4.01396 0.444266 0.224629
4.01396 0.507732 0.216888
4.01396 0.571199 0.208273
4.01396 0.634665 0.198819
4.01396 0.698132 0.188565
4.01396 0.761598 0.177552
4.01396 0.825065 0.165824
4.01396 0.888531 0.153428
4.01396 0.951998 0.140414
4.01396 1.01546 0.126834
4.01396 1.07893 0.112744
4.01396 1.1424 0.0982005
4.01396 1.20586 0.083261
4.01396 1.26933 0.0679865
4.01396 1.3328 0.0524381
4.01396 1.39626 0.0366786
4.01396 1.45973 0.0207714
4.01396 1.5232 0.00478046
4.01396 1.58666 -0.0112296
4.01396 1.65013 -0.0271945
4.01396 1.7136 -0.0430497
4.01396 1.77706 -0.058732
4.01396 1.84053 -0.0741775
4.01396 1.904 -0.0893243
4.01396 1.96746 -0.104111
4.01396 2.03093 -0.11848
4.01396 2.0944 -0.13237
4.01396 2.15786 -0.145728
4.01396 2.22133 -0.158499
4.01396 2.28479 -0.170632
4.01396 2.34826 -0.182078
4.01396 2.41173 -0.192791
4.01396 2.47519 -0.202727
4.01396 2.53866 -0.211847
4.01396 2.60213 -0.220114
4.01396 2.66559 -0.227495
4.01396 2.72906 -0.233959
4.01396 2.79253 -0.239482
4.01396 2.85599 -0.24404
4.01396 2.91946 -0.247616
4.01396 2.98293 -0.250194
4.01396 3.04639 -0.251765
4.01396 3.10986 -0.252322
4.01396 3.17333 -0.251864
4.01396 3.23679 -0.250391
4.01396 3.30026 -0.24791
4.01396 3.36373 -0.244431
4.01396 3.42719 -0.239967
4.01396 3.49066 -0.234537
4.01396 3.55413 -0.228163
4.01396 3.61759 -0.22087
4.01396 3.68106 -0.212687
4.01396 3.74452 -0.203649
4.01396 3.80799 -0.19379
4.01396 3.87146 -0.183151
4.01396 3.93492 -0.171774
4.01396 3.99839 -0.159706
4.01396 4.06186 -0.146995
4.01396 4.12532 -0.133691
4.01396 4.18879 -0.11985
4.01396 4.25226 -0.105525
4.01396 4.31572 -0.0907763
4.01396 4.37919 -0.075662
4.01396 4.44266 -0.0602427
4.01396 4.50612 -0.0445808
4.01396 4.56959 -0.0287395
4.01396 4.63306 -0.0127823
4.01396 4.69652 0.00322609
4.01396 4.75999 0.0192218
4.01396 4.82346 0.0351399
4.01396 4.88692 0.0509165
4.01396 4.95039 0.0664882
4.01396 5.01385 0.081792
4.01396 5.07732 0.0967665
4.01396 5.14079 0.111352
4.01396 5.20425 0.125488
4.01396 5.26772 0.139119
4.01396 5.33119 0.152191
4.01396 5.39465 0.164649
4.01396 5.45812 0.176444
4.01396 5.52159 0.187529
4.01396 5.58505 0.197858
4.01396 5.64852 0.207391
4.01396 5.71199 0.216089
4.01396 5.77545 0.223917
4.01396 5.83892 0.230843
4.01396 5.90239 0.23684
4.01396 5.96585 0.241883
4.01396 6.02932 0.245952
4.01396 6.09279 0.24903
4.01396 6.15625 0.251106
4.01396 6.21972 0.252171
4.01396 6.28319 0.25222
5.01496 0 0.166436
5.01496 0.0634665 0.171472
5.01496 0.126933 0.175818
5.01496 0.1904 0.179457
5.01496 0.253866 0.182372
5.01496 0.317333 0.184553
5.01496 0.380799 0.185991
5.01496 0.444266 0.18668
5.01496 0.507732 0.186618
5.01496 0.571199 0.185803
5.01496 0.634665 0.184241
5.01496 0.698132 0.181937
5.01496 0.761598 0.1789
5.01496 0.825065 0.175143
5.01496 0.888531 0.170681
5.01496 0.951998 0.165531
5.01496 1.01546 0.159715
5.01496 1.07893 0.153256
5.01496 1.1424 0.14618
5.01496 1.20586 0.138515
5.01496 1.26933 0.130292
5.01496 1.3328 0.121545
5.01496 1.39626 0.112308
5.01496 1.45973 0.102619
5.01496 1.5232 0.0925168
5.01496 1.58666 0.082042
5.01496 1.65013 0.0712371
5.01496 1.7136 0.060145
5.01496 1.77706 0.0488107
5.01496 1.84053 0.0372801
5.01496 1.904 0.0255994
5.01496 1.96746 0.0138155
5.01496 2.03093 0.00197603
5.01496 2.0944 -0.00987141
5.01496 2.15786 -0.0216791
5.01496 2.22133 -0.0333994
5.01496 2.28479 -0.0449854
5.01496 2.34826 -0.0563902
5.01496 2.41173 -0.0675678
5.01496 2.47519 -0.0784735
5.01496 2.53866 -0.0890631
5.01496 2.60213 -0.0992942
5.01496 2.66559 -0.109125
5.01496 2.72906 -0.118517
5.01496 2.79253 -0.127432
5.01496 2.85599 -0.135833
5.01496 2.91946 -0.143688
5.01496 2.98293 -0.150964
5.01496 3.04639 -0.157632
5.01496 3.10986 -0.163665
5.01496 3.17333 -0.169039
5.01496 3.23679 -0.173733
5.01496 3.30026 -0.177727
5.01496 3.36373 -0.181005
5.01496 3.42719 -0.183555
5.01496 3.49066 -0.185366
5.01496 3.55413 -0.18643
5.01496 3.61759 -0.186743
5.01496 3.68106 -0.186304
5.01496 3.74452 -0.185116
5.01496 3.80799 -0.183182
5.01496 3.87146 -0.18051
5.01496 3.93492 -0.177111
5.01496 3.99839 -0.172999
5.01496 4.06186 -0.168191
5.01496 4.12532 -0.162705
5.01496 4.18879 -0.156565
5.01496 4.25226 -0.149793
5.01496 4.31572 -0.142419
5.01496 4.37919 -0.134471
5.01496 4.44266 -0.125982
5.01496 4.50612 -0.116985
5.01496 4.56959 -0.107518
5.01496 4.63306 -0.097617
5.01496 4.69652 -0.0873233
5.01496 4.75999 -0.0766781
5.01496 4.82346 -0.065724
5.01496 4.88692 -0.0545054
5.01496 4.95039 -0.0430672
5.01496 5.01385 -0.0314557
5.01496 5.07732 -0.0197174
5.01496 5.14079 -0.00789974
5.01496 5.20425 0.00394972
5.01496 5.26772 0.0157832
5.01496 5.33119 0.0275531
5.01496 5.39465 0.0392122
5.01496 5.45812 0.0507132
5.01496 5.52159 0.0620102
5.01496 5.58505 0.0730574
5.01496 5.64852 0.0838106
5.01496 5.71199 0.0942261
5.01496 5.77545 0.104262
5.01496 5.83892 0.113879
5.01496 5.90239 0.123036
5.01496 5.96585 0.131699
5.01496 6.02932 0.139831
5.01496 6.09279 0.1474
5.01496 6.15625 0.154375
5.01496 6.21972 0.160729
5.01496 6.28319 0.166436
6.01595 0 -0.172915
6.01595 0.0634665 -0.185718
6.01595 0.126933 -0.197774
6.01595 0.1904 -0.209032
6.01595 0.253866 -0.219449
6.01595 0.317333 -0.228982
6.01595 0.380799 -0.237594
6.01595 0.444266 -0.245248
6.01595 0.507732 -0.251916
6.01595 0.571199 -0.257568
6.01595 0.634665 -0.262183
6.01595 0.698132 -0.265744
6.01595 0.761598 -0.268233
6.01595 0.825065 -0.269643
6.01595 0.888531 -0.269967
6.01595 0.951998 -0.269204
6.01595 1.01546 -0.267357
6.01595 1.07893 -0.264433
6.01595 1.1424 -0.260445
6.01595 1.20586 -0.255408
6.01595 1.26933 -0.249342
6.01595 1.3328 -0.242272
6.01595 1.39626 -0.234227
6.01595 1.45973 -0.225239
6.01595 1.5232 -0.215343
6.01595 1.58666 -0.204581
6.01595 1.65013 -0.192995
6.01595 1.7136 -0.180632
6.01595 1.77706 -0.167541
6.01595 1.84053 -0.153776
6.01595 1.904 -0.139392
6.01595 1.96746 -0.124446
6.01595 2.03093 -0.108999
6.01595 2.0944 -0.0931132
6.01595 2.15786 -0.0768526
6.01595 2.22133 -0.0602826
6.01595 2.28479 -0.0434698
6.01595 2.34826 -0.0264819
6.01595 2.41173 -0.00938743
6.01595 2.47519 0.00774485
6.01595 2.53866 0.024846
6.01595 2.60213 0.0418471
6.01595 2.66559 0.0586797
6.01595 2.72906 0.075276
6.01595 2.79253 0.0915692
6.01595 2.85599 0.107494
6.01595 2.91946 0.122985
6.01595 2.98293 0.137982
6.01595 3.04639 0.152422
6.01595 3.10986 0.166249
6.01595 3.17333 0.179407
6.01595 3.23679 0.191842
6.01595 3.30026 0.203505
6.01595 3.36373 0.214349
6.01595 3.42719 0.224329
6.01595 3.49066 0.233406
6.01595 3.55413 0.241542
6.01595 3.61759 0.248707
6.01595 3.68106 0.25487
6.01595 3.74452 0.260007
6.01595 3.80799 0.264096
6.01595 3.87146 0.267123
6.01595 3.93492 0.269073
6.01595 3.99839 0.269941
6.01595 4.06186 0.269721
6.01595 4.12532 0.268415
6.01595 4.18879 0.266029
6.01595 4.25226 0.262571
6.01595 4.31572 0.258056
6.01595 4.37919 0.252502
6.01595 4.44266 0.245931
6.01595 4.50612 0.23837
6.01595 4.56959 0.229849
6.01595 4.63306 0.220402
6.01595 4.69652 0.210068
6.01595 4.75999 0.198888
6.01595 4.82346 0.186908
6.01595 4.88692 0.174174
6.01595 4.95039 0.16074
6.01595 5.01385 0.146658
6.01595 5.07732 0.131985
6.01595 5.14079 0.116781
6.01595 5.20425 0.101107
6.01595 5.26772 0.0850259
6.01595 5.33119 0.0686022
6.01595 5.39465 0.0519023
6.01595 5.45812 0.0349936
6.01595 5.52159 0.0179438
6.01595 5.58505 0.000821756
6.01595 5.64852 -0.0163036
6.01595 5.71199 -0.0333633
6.01595 5.77545 -0.0502887
6.01595 5.83892 -0.0670115
6.01595 5.90239 -0.0834645
6.01595 5.96585 -0.0995814
6.01595 6.02932 -0.115297
6.01595 6.09279 -0.130549
6.01595 6.15625 -0.145275
6.01595 6.21972 -0.159416
6.01595 6.28319 -0.172916
7.01694 0 -0.22291
7.01694 0.0634665 -0.215309
7.01694 0.126933 -0.206841
7.01694 0.1904 -0.19754
7.01694 0.253866 -0.187444
7.01694 0.317333 -0.176593
7.01694 0.380799 -0.165031
7.01694 0.444266 -0.152804
7.01694 0.507732 -0.139962
7.01694 0.571199 -0.126557
7.01694 0.634665 -0.112642
7.01694 0.698132 -0.098273
7.01694 0.761598 -0.0835086
7.01694 0.825065 -0.0684081
7.01694 0.888531 -0.0530319
7.01694 0.951998 -0.0374423
7.01694 1.01546 -0.0217018
7.01694 1.07893 -0.00587402
7.01694 1.1424 0.00997733
7.01694 1.20586 0.0257886
7.01694 1.26933 0.0414958
7.01694 1.3328 0.0570363
7.01694 1.39626 0.0723469
7.01694 1.45973 0.0873661
7.01694 1.5232 0.102034
7.01694 1.58666 0.116291
7.01694 1.65013 0.130079
7.01694 1.7136 0.143344
7.01694 1.77706 0.156031
7.01694 1.84053 0.168091
7.01694 1.904 0.179473
7.01694 1.96746 0.190132
7.01694 2.03093 0.200026
7.01694 2.0944 0.209115
7.01694 2.15786 0.217361
7.01694 2.22133 0.224733
7.01694 2.28479 0.2312
7.01694 2.34826 0.236734
7.01694 2.41173 0.241317
7.01694 2.47519 0.244928
7.01694 2.53866 0.247552
7.01694 2.60213 0.24918
7.01694 2.66559 0.249804
7.01694 2.72906 0.249423
7.01694 2.79253 0.248036
7.01694 2.85599 0.245651
7.01694 2.91946 0.242277
7.01694 2.98293 0.237928
7.01694 3.04639 0.23262
7.01694 3.10986 0.226376
7.01694 3.17333 0.21922
7.01694 3.23679 0.211181
7.01694 3.30026 0.202293
7.01694 3.36373 0.192589
7.01694 3.42719 0.18211
7.01694 3.49066 0.170898
7.01694 3.55413 0.158998
7.01694 3.61759 0.146457
7.01694 3.68106 0.133327
7.01694 3.74452 0.119659
7.01694 3.80799 0.105511
7.01694 3.87146 0.0909367
7.01694 3.93492 0.0759965
7.01694 3.99839 0.0607505
7.01694 4.06186 0.0452598
7.01694 4.12532 0.0295869
7.01694 4.18879 0.0137948
7.01694 4.25226 -0.00205267
7.01694 4.31572 -0.017892
7.01694 4.37919 -0.0336592
7.01694 4.44266 -0.0492911
7.01694 4.50612 -0.0647241
7.01694 4.56959 -0.0798968
7.01694 4.63306 -0.0947478
7.01694 4.69652 -0.109217
7.01694 4.75999 -0.123247
7.01694 4.82346 -0.136781
7.01694 4.88692 -0.149763
7.01694 4.95039 -0.162142
7.01694 5.01385 -0.173869
7.01694 5.07732 -0.184895
7.01694 5.14079 -0.195178
7.01694 5.20425 -0.204674
7.01694 5.26772 -0.213346
7.01694 5.33119 -0.221159
7.01694 5.39465 -0.228081
7.01694 5.45812 -0.234085
7.01694 5.52159 -0.239147
7.01694 5.58505 -0.243245
7.01694 5.64852 -0.246364
7.01694 5.71199 -0.248491
7.01694 5.77545 -0.249618
7.01694 5.83892 -0.249738
7.01694 5.90239 -0.248854
7.01694 5.96585 -0.246968
7.01694 6.02932 -0.244087
7.01694 6.09279 -0.240223
7.01694 6.15625 -0.235393
7.01694 6.21972 -0.229613
7.01694 6.28319 -0.22291
8.01793 0 0.276326
8.01793 0.0634665 0.284013
8.01793 0.126933 0.290557
8.01793 0.1904 0.295931
8.01793 0.253866 0.300113
8.01793 0.317333 0.303087
8.01793 0.380799 0.30484
8.01793 0.444266 0.305366
8.01793 0.507732 0.304662
8.01793 0.571199 0.302731
8.01793 0.634665 0.299582
8.01793 0.698132 0.295226
8.01793 0.761598 0.289681
8.01793 0.825065 0.28297
8.01793 0.888531 0.275119
8.01793 0.951998 0.266161
8.01793 1.01546 0.25613
8.01793 1.07893 0.245069
8.01793 1.1424 0.233021
8.01793 1.20586 0.220034
8.01793 1.26933 0.206162
8.01793 1.3328 0.191459
8.01793 1.39626 0.175985
8.01793 1.45973 0.159803
8.01793 1.5232 0.142977
8.01793 1.58666 0.125576
8.01793 1.65013 0.107669
8.01793 1.7136 0.0893281
8.01793 1.77706 0.0706276
8.01793 1.84053 0.0516426
8.01793 1.904 0.0324503
8.01793 1.96746 0.0131269
8.01793 2.03093 -0.00624929
8.01793 2.0944 -0.0256006
8.01793 2.15786 -0.0448484
8.01793 2.22133 -0.0639157
8.01793 2.28479 -0.0827258
8.01793 2.34826 -0.101202
8.01793 2.41173 -0.119272
8.01793 2.47519 -0.136861
8.01793 2.53866 -0.153899
8.01793 2.60213 -0.170318
8.01793 2.66559 -0.18605
8.01793 2.72906 -0.201033
8.01793 2.79253 -0.215207
8.01793 2.85599 -0.228515
8.01793 2.91946 -0.240902
8.01793 2.98293 -0.252319
8.01793 3.04639 -0.26272
8.01793 3.10986 -0.272063
8.01793 3.17333 -0.280311
8.01793 3.23679 -0.28743
8.01793 3.30026 -0.293392
8.01793 3.36373 -0.298172
8.01793 3.42719 -0.301752
8.01793 3.49066 -0.304117
8.01793 3.55413 -0.305256
8.01793 3.61759 -0.305167
8.01793 3.68106 -0.303849
8.01793 3.74452 -0.301308
8.01793 3.80799 -0.297554
8.01793 3.87146 -0.2926
8.01793 3.93492 -0.286469
8.01793 3.99839 -0.279185
8.01793 4.06186 -0.270776
8.01793 4.12532 -0.261277
8.01793 4.18879 -0.250726
8.01793 4.25226 -0.239165
8.01793 4.31572 -0.226641
8.01793 4.37919 -0.213206
8.01793 4.44266 -0.19891
8.01793 4.50612 -0.183815
8.01793 4.56959 -0.167979
8.01793 4.63306 -0.151466
8.01793 4.69652 -0.134344
8.01793 4.75999 -0.116681
8.01793 4.82346 -0.0985476
8.01793 4.88692 -0.0800181
8.01793 4.95039 -0.0611661
8.01793 5.01385 -0.0420677
8.01793 5.07732 -0.0227999
8.01793 5.14079 -0.00344026
8.01793 5.20425 0.0159331
8.01793 5.26772 0.0352422
8.01793 5.33119 0.0544095
8.01793 5.39465 0.0733576
8.01793 5.45812 0.0920105
8.01793 5.52159 0.110293
8.01793 5.58505 0.128131
8.01793 5.64852 0.145453
8.01793 5.71199 0.16219
8.01793 5.77545 0.178274
8.01793 5.83892 0.193639
8.01793 5.90239 0.208225
8.01793 5.96585 0.221973
8.01793 6.02932 0.234826
8.01793 6.09279 0.246735
8.01793 6.15625 0.257649
8.01793 6.21972 0.267527
8.01793 6.28319 0.276327
9.01892 0 0.355879
9.01892 0.0634665 0.361211
9.01892 0.126933 0.365088
9.01892 0.1904 0.367495
9.01892 0.253866 0.368422
9.01892 0.317333 0.367866
9.01892 0.380799 0.365829
9.01892 0.444266 0.362318
9.01892 0.507732 0.357349
9.01892 0.571199 0.35094
9.01892 0.634665 0.343119
9.01892 0.698132 0.333916
9.01892 0.761598 0.323368
9.01892 0.825065 0.311518
9.01892 0.888531 0.298414
9.01892 0.951998 0.284108
9.01892 1.01546 0.268659
9.01892 1.07893 0.252127
9.01892 1.1424 0.23458
9.01892 1.20586 0.216089
9.01892 1.26933 0.196727
9.01892 1.3328 0.176574
9.01892 1.39626 0.155709
9.01892 1.45973 0.134218
9.01892 1.5232 0.112185
9.01892 1.58666 0.0897015
9.01892 1.65013 0.0668567
9.01892 1.7136 0.0437423
9.01892 1.77706 0.0204519
9.01892 1.84053 -0.00292067
9.01892 1.904 -0.0262816
9.01892 1.96746 -0.0495367
9.01892 2.03093 -0.0725923
9.01892 2.0944 -0.0953557
9.01892 2.15786 -0.117735
9.01892 2.22133 -0.13964
9.01892 2.28479 -0.160983
9.01892 2.34826 -0.181678
9.01892 2.41173 -0.201641
9.01892 2.47519 -0.220793
9.01892 2.53866 -0.239055
9.01892 2.60213 -0.256354
9.01892 2.66559 -0.272622
9.01892 2.72906 -0.287791
9.01892 2.79253 -0.301802
9.01892 2.85599 -0.314598
9.01892 2.91946 -0.326127
9.01892 2.98293 -0.336342
9.01892 3.04639 -0.345204
9.01892 3.10986 -0.352675
9.01892 3.17333 -0.358726
9.01892 3.23679 -0.363333
9.01892 3.30026 -0.366476
9.01892 3.36373 -0.368144
9.01892 3.42719 -0.36833
9.01892 3.49066 -0.367032
9.01892 3.55413 -0.364257
9.01892 3.61759 -0.360015
9.01892 3.68106 -0.354323
9.01892 3.74452 -0.347204
9.01892 3.80799 -0.338688
9.01892 3.87146 -0.328808
9.01892 3.93492 -0.317603
9.01892 3.99839 -0.30512
9.01892 4.06186 -0.291408
9.01892 4.12532 -0.276523
9.01892 4.18879 -0.260524
9.01892 4.25226 -0.243476
9.01892 4.31572 -0.225448
9.01892 4.37919 -0.206512
9.01892 4.44266 -0.186744
9.01892 4.50612 -0.166225
9.01892 4.56959 -0.145036
9.01892 4.63306 -0.123263
9.01892 4.69652 -0.100994
9.01892 4.75999 -0.0783185
9.01892 4.82346 -0.0553273
9.01892 4.88692 -0.0321134
9.01892 4.95039 -0.00877012
9.01892 5.01385 0.0146085
9.01892 5.07732 0.0379283
9.01892 5.14079 0.0610954
9.01892 5.20425 0.0840163
9.01892 5.26772 0.106599
9.01892 5.33119 0.128753
9.01892 5.39465 0.150388
9.01892 5.45812 0.171417
9.01892 5.52159 0.191756
9.01892 5.58505 0.211323
9.01892 5.64852 0.23004
9.01892 5.71199 0.247829
9.01892 5.77545 0.264621
9.01892 5.83892 0.280348
9.01892 5.90239 0.294946
9.01892 5.96585 0.308356
9.01892 6.02932 0.320524
9.01892 6.09279 0.331401
9.01892 6.15625 0.340945
9.01892 6.21972 0.349115
9.01892 6.28319 0.355879
10.0199 0 0.149553
10.0199 0.0634665 0.148601
10.0199 0.126933 0.147052
10.0199 0.1904 0.14491
10.0199 0.253866 0.142184
10.0199 0.317333 0.138886
10.0199 0.380799 0.135029
10.0199 0.444266 0.130629
10.0199 0.507732 0.125702
10.0199 0.571199 0.120269
10.0199 0.634665 0.114352
10.0199 0.698132 0.107974
10.0199 0.761598 0.101161
10.0199 0.825065 0.0939413
10.0199 0.888531 0.0863433
10.0199 0.951998 0.0783975
10.0199 1.01546 0.070136
10.0199 1.07893 0.0615921
10.0199 1.1424 0.0528002
10.0199 1.20586 0.0437958
10.0199 1.26933 0.0346149
10.0199 1.3328 0.0252947
10.0199 1.39626 0.0158726
10.0199 1.45973 0.00638659
10.0199 1.5232 -0.00312509
10.0199 1.58666 -0.0126242
10.0199 1.65013 -0.0220724
10.0199 1.7136 -0.0314319
10.0199 1.77706 -0.0406648
10.0199 1.84053 -0.049734
10.0199 1.904 -0.0586027
10.0199 1.96746 -0.0672356
10.0199 2.03093 -0.0755978
10.0199 2.0944 -0.0836554
10.0199 2.15786 -0.0913764
10.0199 2.22133 -0.0987292
10.0199 2.28479 -0.105685
10.0199 2.34826 -0.112215
10.0199 2.41173 -0.118292
10.0199 2.47519 -0.123894
10.0199 2.53866 -0.128997
10.0199 2.60213 -0.13358
10.0199 2.66559 -0.137626
10.0199 2.72906 -0.141117
10.0199 2.79253 -0.14404
10.0199 2.85599 -0.146383
10.0199 2.91946 -0.148137
10.0199 2.98293 -0.149294
10.0199 3.04639 -0.14985
10.0199 3.10986 -0.149803
10.0199 3.17333 -0.149152
10.0199 3.23679 -0.147901
10.0199 3.30026 -0.146054
10.0199 3.36373 -0.143619
10.0199 3.42719 -0.140606
10.0199 3.49066 -0.137027
10.0199 3.55413 -0.132896
10.0199 3.61759 -0.12823
10.0199 3.68106 -0.123047
10.0199 3.74452 -0.117369
10.0199 3.80799 -0.111219
10.0199 3.87146 -0.10462
10.0199 3.93492 -0.0976004
10.0199 3.99839 -0.0901876
10.0199 4.06186 -0.0824118
10.0199 4.12532 -0.0743042
10.0199 4.18879 -0.0658972
10.0199 4.25226 -0.0572249
10.0199 4.31572 -0.0483223
10.0199 4.37919 -0.039225
10.0199 4.44266 -0.0299699
10.0199 4.50612 -0.0205941
10.0199 4.56959 -0.0111351
10.0199 4.63306 -0.00163159
10.0199 4.69652 0.00787861
10.0199 4.75999 0.0173571
10.0199 4.82346 0.0267657
10.0199 4.88692 0.0360665
10.0199 4.95039 0.0452221
10.0199 5.01385 0.0541956
10.0199 5.07732 0.0629508
10.0199 5.14079 0.0714527
10.0199 5.20425 0.0796667
10.0199 5.26772 0.08756
10.0199 5.33119 0.0951007
10.0199 5.39465 0.102259
10.0199 5.45812 0.109004
10.0199 5.52159 0.115312
10.0199 5.58505 0.121154
10.0199 5.64852 0.126509
10.0199 5.71199 0.131355
10.0199 5.77545 0.135671
10.0199 5.83892 0.139442
10.0199 5.90239 0.142651
10.0199 5.96585 0.145285
10.0199 6.02932 0.147334
10.0199 6.09279 0.14879
10.0199 6.15625 0.149648
10.0199 6.21972 0.149902
10.0199 6.28319 0.149553
11.0209 0 0.290864
11.0209 0.0634665 0.299709
11.0209 0.126933 0.307348
11.0209 0.1904 0.313749
11.0209 0.253866 0.318886
11.0209 0.317333 0.32274
11.0209 0.380799 0.325294
11.0209 0.444266 0.326538
11.0209 0.507732 0.326468
11.0209 0.571199 0.325082
11.0209 0.634665 0.322388
11.0209 0.698132 0.318396
11.0209 0.761598 0.313121
11.0209 0.825065 0.306586
11.0209 0.888531 0.298816
11.0209 0.951998 0.289844
11.0209 1.01546 0.279703
11.0209 1.07893 0.268437
11.0209 1.1424 0.25609
11.0209 1.20586 0.242711
11.0209 1.26933 0.228355
11.0209 1.3328 0.21308
11.0209 1.39626 0.196947
11.0209 1.45973 0.180021
11.0209 1.5232 0.162369
11.0209 1.58666 0.144064
11.0209 1.65013 0.125179
11.0209 1.7136 0.10579
11.0209 1.77706 0.085975
11.0209 1.84053 0.0658137
11.0209 1.904 0.0453873
11.0209 1.96746 0.0247783
11.0209 2.03093 0.00406928
11.0209 2.0944 -0.016656
11.0209 2.15786 -0.0373142
11.0209 2.22133 -0.057822
11.0209 2.28479 -0.0780971
11.0209 2.34826 -0.0980575
11.0209 2.41173 -0.117623
11.0209 2.47519 -0.136716
11.0209 2.53866 -0.155257
11.0209 2.60213 -0.173174
11.0209 2.66559 -0.190393
11.0209 2.72906 -0.206846
11.0209 2.79253 -0.222465
11.0209 2.85599 -0.237189
11.0209 2.91946 -0.250958
11.0209 2.98293 -0.263716
11.0209 3.04639 -0.275412
11.0209 3.10986 -0.286
11.0209 3.17333 -0.295436
11.0209 3.23679 -0.303682
11.0209 3.30026 -0.310705
11.0209 3.36373 -0.316477
11.0209 3.42719 -0.320975
11.0209 3.49066 -0.32418
11.0209 3.55413 -0.32608
11.0209 3.61759 -0.326668
11.0209 3.68106 -0.325939
11.0209 3.74452 -0.323898
11.0209 3.80799 -0.320554
11.0209 3.87146 -0.315918
11.0209 3.93492 -0.31001
11.0209 3.99839 -0.302854
11.0209 4.06186 -0.294478
11.0209 4.12532 -0.284917
11.0209 4.18879 -0.274208
11.0209 4.25226 -0.262395
11.0209 4.31572 -0.249526
11.0209 4.37919 -0.235652
11.0209 4.44266 -0.220829
11.0209 4.50612 -0.205117
11.0209 4.56959 -0.188579
11.0209 4.63306 -0.171281
11.0209 4.69652 -0.153294
11.0209 4.75999 -0.13469
11.0209 4.82346 -0.115543
11.0209 4.88692 -0.0959308
11.0209 4.95039 -0.0759325
11.0209 5.01385 -0.0556285
11.0209 5.07732 -0.0351003
11.0209 5.14079 -0.014431
11.0209 5.20425 0.0062964
11.0209 5.26772 0.0269986
11.0209 5.33119 0.047592
11.0209 5.39465 0.0679939
11.0209 5.45812 0.0881217
11.0209 5.52159 0.107895
11.0209 5.58505 0.127234
11.0209 5.64852 0.14606
11.0209 5.71199 0.164298
11.0209 5.77545 0.181875
11.0209 5.83892 0.198719
11.0209 5.90239 0.214763
11.0209 5.96585 0.229943
11.0209 6.02932 0.244196
11.0209 6.09279 0.257466
11.0209 6.15625 0.2697
11.0209 6.21972 0.280847
11.0209 6.28319 0.290864
12.0219 0 -0.270638
12.0219 0.0634665 -0.252672
12.0219 0.126933 -0.233689
12.0219 0.1904 -0.213766
12.0219 0.253866 -0.192981
12.0219 0.317333 -0.171419
12.0219 0.380799 -0.149168
12.0219 0.444266 -0.126315
12.0219 0.507732 -0.102954
12.0219 0.571199 -0.0791781
12.0219 0.634665 -0.0550835
12.0219 0.698132 -0.0307671
12.0219 0.761598 -0.00632695
12.0219 0.825065 0.0181387
12.0219 0.888531 0.0425315
12.0219 0.951998 0.0667529
12.0219 1.01546 0.0907056
12.0219 1.07893 0.114293
12.0219 1.1424 0.13742
12.0219 1.20586 0.159994
12.0219 1.26933 0.181924
12.0219 1.3328 0.203121
12.0219 1.39626 0.2235
12.0219 1.45973 0.242979
12.0219 1.5232 0.26148
12.0219 1.58666 0.278928
12.0219 1.65013 0.295252
12.0219 1.7136 0.310388
12.0219 1.77706 0.324275
12.0219 1.84053 0.336855
12.0219 1.904 0.348079
12.0219 1.96746 0.357901
12.0219 2.03093 0.366282
12.0219 2.0944 0.373189
12.0219 2.15786 0.378592
12.0219 2.22133 0.382471
12.0219 2.28479 0.38481
12.0219 2.34826 0.3856
12.0219 2.41173 0.384837
12.0219 2.47519 0.382524
12.0219 2.53866 0.378671
12.0219 2.60213 0.373294
12.0219 2.66559 0.366413
12.0219 2.72906 0.358057
12.0219 2.79253 0.348259
12.0219 2.85599 0.337058
12.0219 2.91946 0.324501
12.0219 2.98293 0.310636
12.0219 3.04639 0.295521
12.0219 3.10986 0.279216
12.0219 3.17333 0.261787
12.0219 3.23679 0.243303
12.0219 3.30026 0.22384
12.0219 3.36373 0.203476
12.0219 3.42719 0.182292
12.0219 3.49066 0.160374
12.0219 3.55413 0.137811
12.0219 3.61759 0.114692
12.0219 3.68106 0.0911118
12.0219 3.74452 0.0671647
12.0219 3.80799 0.0429471
12.0219 3.87146 0.0185564
12.0219 3.93492 -0.00590882
12.0219 3.99839 -0.0303504
12.0219 4.06186 -0.0546697
12.0219 4.12532 -0.078769
12.0219 4.18879 -0.102551
12.0219 4.25226 -0.12592
12.0219 4.31572 -0.148782
12.0219 4.37919 -0.171045
12.0219 4.44266 -0.192619
12.0219 4.50612 -0.213418
12.0219 4.56959 -0.233357
12.0219 4.63306 -0.252356
12.0219 4.69652 -0.27034
12.0219 4.75999 -0.287235
12.0219 4.82346 -0.302973
12.0219 4.88692 -0.317491
12.0219 4.95039 -0.330731
12.0219 5.01385 -0.342639
12.0219 5.07732 -0.353168
12.0219 5.14079 -0.362274
12.0219 5.20425 -0.369922
12.0219 5.26772 -0.37608
12.0219 5.33119 -0.380723
12.0219 5.39465 -0.383834
12.0219 5.45812 -0.385399
12.0219 5.52159 -0.385413
12.0219 5.58505 -0.383874
12.0219 5.64852 -0.380789
12.0219 5.71199 -0.376172
12.0219 5.77545 -0.37004
12.0219 5.83892 -0.362417
12.0219 5.90239 -0.353336
12.0219 5.96585 -0.342831
12.0219 6.02932 -0.330946
12.0219 6.09279 -0.317728
12.0219 6.15625 -0.303231
12.0219 6.21972 -0.287513
12.0219 6.28319 -0.270638
13.0229 0 -0.256422
13.0229 0.0634665 -0.264767
13.0229 0.126933 -0.272047
13.0229 0.1904 -0.278231
13.0229 0.253866 -0.283294
13.0229 0.317333 -0.287217
13.0229 0.380799 -0.289983
13.0229 0.444266 -0.291582
13.0229 0.507732 -0.292006
13.0229 0.571199 -0.291255
13.0229 0.634665 -0.289331
13.0229 0.698132 -0.286242
13.0229 0.761598 -0.282
13.0229 0.825065 -0.276623
13.0229 0.888531 -0.270132
13.0229 0.951998 -0.262553
13.0229 1.01546 -0.253917
13.0229 1.07893 -0.244259
13.0229 1.1424 -0.233617
13.0229 1.20586 -0.222034
13.0229 1.26933 -0.209558
13.0229 1.3328 -0.196237
13.0229 1.39626 -0.182127
13.0229 1.45973 -0.167283
13.0229 1.5232 -0.151765
13.0229 1.58666 -0.135636
13.0229 1.65013 -0.118961
13.0229 1.7136 -0.101807
13.0229 1.77706 -0.0842431
13.0229 1.84053 -0.0663401
13.0229 1.904 -0.0481698
13.0229 1.96746 -0.0298057
13.0229 2.03093 -0.0113215
13.0229 2.0944 0.00720834
13.0229 2.15786 0.0257091
13.0229 2.22133 0.0441062
13.0229 2.28479 0.062326
13.0229 2.34826 0.0802945
13.0229 2.41173 0.0979401
13.0229 2.47519 0.115191
13.0229 2.53866 0.131978
13.0229 2.60213 0.148234
13.0229 2.66559 0.163893
13.0229 2.72906 0.178891
13.0229 2.79253 0.19317
13.0229 2.85599 0.206671
13.0229 2.91946 0.219339
13.0229 2.98293 0.231125
13.0229 3.04639 0.241979
13.0229 3.10986 0.25186
13.0229 3.17333 0.260726
13.0229 3.23679 0.268542
13.0229 3.30026 0.275277
13.0229 3.36373 0.280904
13.0229 3.42719 0.285399
13.0229 3.49066 0.288746
13.0229 3.55413 0.290929
13.0229 3.61759 0.291941
13.0229 3.68106 0.291778
13.0229 3.74452 0.29044
13.0229 3.80799 0.287932
13.0229 3.87146 0.284265
13.0229 3.93492 0.279453
13.0229 3.99839 0.273515
13.0229 4.06186 0.266477
13.0229 4.12532 0.258365
13.0229 4.18879 0.249214
13.0229 4.25226 0.239058
13.0229 4.31572 0.22794
13.0229 4.37919 0.215905
13.0229 4.44266 0.203
13.0229 4.50612 0.189277
13.0229 4.56959 0.174792
13.0229 4.63306 0.159604
13.0229 4.69652 0.143773
13.0229 4.75999 0.127363
13.0229 4.82346 0.11044
13.0229 4.88692 0.093072
13.0229 4.95039 0.0753297
13.0229 5.01385 0.0572839
13.0229 5.07732 0.0390074
13.0229 5.14079 0.0205739
13.0229 5.20425 0.00205758
13.0229 5.26772 -0.0164669
13.0229 5.33119 -0.0349253
13.0229 5.39465 -0.0532429
13.0229 5.45812 -0.0713462
13.0229 5.52159 -0.0891621
13.0229 5.58505 -0.106619
13.0229 5.64852 -0.123647
13.0229 5.71199 -0.140177
13.0229 5.77545 -0.156142
13.0229 5.83892 -0.171479
13.0229 5.90239 -0.186125
13.0229 5.96585 -0.200021
13.0229 6.02932 -0.213113
13.0229 6.09279 -0.225346
13.0229 6.15625 -0.236671
13.0229 6.21972 -0.247044
13.0229 6.28319 -0.256422
14.0239 0 -0.00184622
14.0239 0.0634665 0.00283916
14.0239 0.126933 0.00751325
14.0239 0.1904 0.0121568
14.0239 0.253866 0.0167517
14.0239 0.317333 0.0212791
14.0239 0.380799 0.0257209
14.0239 0.444266 0.030059
14.0239 0.507732 0.034276
14.0239 0.571199 0.0383551
14.0239 0.634665 0.0422796
14.0239 0.698132 0.0460341
14.0239 0.761598 0.0496032
14.0239 0.825065 0.0529722
14.0239 0.888531 0.0561282
14.0239 0.951998 0.0590585
14.0239 1.01546 0.0617504
14.0239 1.07893 0.064194
14.0239 1.1424 0.0663792
14.0239 1.20586 0.0682965
14.0239 1.26933 0.0699395
14.0239 1.3328 0.0713005
14.0239 1.39626 0.0723749
14.0239 1.45973 0.0731573
14.0239 1.5232 0.0736452
14.0239 1.58666 0.0738368
14.0239 1.65013 0.0737307
14.0239 1.7136 0.073328
14.0239 1.77706 0.0726301
14.0239 1.84053 0.0716396
14.0239 1.904 0.0703609
14.0239 1.96746 0.0687986
14.0239 2.03093 0.066959
14.0239 2.0944 0.0648502
14.0239 2.15786 0.0624801
14.0239 2.22133 0.0598586
14.0239 2.28479 0.056996
14.0239 2.34826 0.0539038
14.0239 2.41173 0.0505945
14.0239 2.47519 0.0470818
14.0239 2.53866 0.0433791
14.0239 2.60213 0.039502
14.0239 2.66559 0.0354658
14.0239 2.72906 0.0312867
14.0239 2.79253 0.0269817
14.0239 2.85599 0.022568
14.0239 2.91946 0.0180635
14.0239 2.98293 0.0134862
14.0239 3.04639 0.00885462
14.0239 3.10986 0.00418741
14.0239 3.17333 -0.00049681
14.0239 3.23679 -0.00517878
14.0239 3.30026 -0.00984014
14.0239 3.36373 -0.0144617
14.0239 3.42719 -0.019025
14.0239 3.49066 -0.0235118
14.0239 3.55413 -0.027904
14.0239 3.61759 -0.0321839
14.0239 3.68106 -0.036334
14.0239 3.74452 -0.0403375
14.0239 3.80799 -0.0441794
14.0239 3.87146 -0.0478424
14.0239 3.93492 -0.0513136
14.0239 3.99839 -0.0545776
14.0239 4.06186 -0.0576225
14.0239 4.12532 -0.0604348
14.0239 4.18879 -0.0630037
14.0239 4.25226 -0.0653192
14.0239 4.31572 -0.0673717
14.0239 4.37919 -0.069153
14.0239 4.44266 -0.0706556
14.0239 4.50612 -0.0718736
14.0239 4.56959 -0.0728025
14.0239 4.63306 -0.073438
14.0239 4.69652 -0.073778
14.0239 4.75999 -0.0738208
14.0239 4.82346 -0.0735667
14.0239 4.88692 -0.0730156
14.0239 4.95039 -0.0721711
14.0239 5.01385 -0.0710358
14.0239 5.07732 -0.0696145
14.0239 5.14079 -0.0679131
14.0239 5.20425 -0.0659379
14.0239 5.26772 -0.0636972
14.0239 5.33119 -0.0612001
14.0239 5.39465 -0.0584565
14.0239 5.45812 -0.0554778
14.0239 5.52159 -0.0522756
14.0239 5.58505 -0.0488627
14.0239 5.64852 -0.0452531
14.0239 5.71199 -0.0414615
14.0239 5.77545 -0.0375027
14.0239 5.83892 -0.033393
14.0239 5.90239 -0.0291488
14.0239 5.96585 -0.0247873
14.0239 6.02932 -0.020326
14.0239 6.09279 -0.0157828
14.0239 6.15625 -0.011176
14.0239 6.21972 -0.00652422
14.0239 6.28319 -0.00184628
15.0249 0 0.0670416
15.0249 0.0634665 0.0427421
15.0249 0.126933 0.0182703
15.0249 0.1904 -0.00627492
15.0249 0.253866 -0.030795
15.0249 0.317333 -0.055191
15.0249 0.380799 -0.0793646
15.0249 0.444266 -0.103219
15.0249 0.507732 -0.126657
15.0249 0.571199 -0.149586
15.0249 0.634665 -0.171912
15.0249 0.698132 -0.193546
15.0249 0.761598 -0.214401
15.0249 0.825065 -0.234392
15.0249 0.888531 -0.25344
15.0249 0.951998 -0.271466
15.0249 1.01546 -0.2884
15.0249 1.07893 -0.304173
15.0249 1.1424 -0.318721
15.0249 1.20586 -0.331985
15.0249 1.26933 -0.343913
15.0249 1.3328 -0.354456
15.0249 1.39626 -0.363571
15.0249 1.45973 -0.371223
15.0249 1.5232 -0.37738
15.0249 1.58666 -0.382017
15.0249 1.65013 -0.385116
15.0249 1.7136 -0.386664
15.0249 1.77706 -0.386656
15.0249 1.84053 -0.38509
15.0249 1.904 -0.381974
15.0249 1.96746 -0.37732
15.0249 2.03093 -0.371146
15.0249 2.0944 -0.363478
15.0249 2.15786 -0.354346
15.0249 2.22133 -0.343787
15.0249 2.28479 -0.331845
15.0249 2.34826 -0.318566
15.0249 2.41173 -0.304003
15.0249 2.47519 -0.288218
15.0249 2.53866 -0.271271
15.0249 2.60213 -0.253232
15.0249 2.66559 -0.234174
15.0249 2.72906 -0.214172
15.0249 2.79253 -0.193309
15.0249 2.85599 -0.171666
15.0249 2.91946 -0.149333
15.0249 2.98293 -0.126398
15.0249 3.04639 -0.102954
15.0249 3.10986 -0.0790962
15.0249 3.17333 -0.0549193
15.0249 3.23679 -0.0305216
15.0249 3.30026 -0.00600081
15.0249 3.36373 0.0185442
15.0249 3.42719 0.0430146
15.0249 3.49066 0.0673117
15.0249 3.55413 0.0913377
15.0249 3.61759 0.114996
15.0249 3.68106 0.138191
15.0249 3.74452 0.16083
15.0249 3.80799 0.182821
15.0249 3.87146 0.204076
15.0249 3.93492 0.224509
15.0249 3.99839 0.244039
15.0249 4.06186 0.262585
15.0249 4.12532 0.280075
15.0249 4.18879 0.296436
15.0249 4.25226 0.311604
15.0249 4.31572 0.325517
15.0249 4.37919 0.33812
15.0249 4.44266 0.34936
15.0249 4.50612 0.359194
15.0249 4.56959 0.367582
15.0249 4.63306 0.37449
15.0249 4.69652 0.37989
15.0249 4.75999 0.38376
15.0249 4.82346 0.386084
15.0249 4.88692 0.386855
15.0249 4.95039 0.386067
15.0249 5.01385 0.383725
15.0249 5.07732 0.379838
15.0249 5.14079 0.374421
15.0249 5.20425 0.367497
15.0249 5.26772 0.359093
15.0249 5.33119 0.349243
15.0249 5.39465 0.337986
15.0249 5.45812 0.325369
15.0249 5.52159 0.311442
15.0249 5.58505 0.29626
15.0249 5.64852 0.279885
15.0249 5.71199 0.262384
15.0249 5.77545 0.243826
15.0249 5.83892 0.224286
15.0249 5.90239 0.203843
15.0249 5.96585 0.182579
15.0249 6.02932 0.16058
15.0249 6.09279 0.137935
15.0249 6.15625 0.114734
15.0249 6.21972 0.0910711
15.0249 6.28319 0.0670415
16.0259 0 0.547989
16.0259 0.0634665 0.558449
16.0259 0.126933 0.566661
16.0259 0.1904 0.572591
16.0259 0.253866 0.576215
16.0259 0.317333 0.57752
16.0259 0.380799 0.576499
16.0259 0.444266 0.573156
16.0259 0.507732 0.567505
16.0259 0.571199 0.55957
16.0259 0.634665 0.54938
16.0259 0.698132 0.53698
16.0259 0.761598 0.522417
16.0259 0.825065 0.505749
16.0259 0.888531 0.487047
16.0259 0.951998 0.466382
16.0259 1.01546 0.44384
16.0259 1.07893 0.41951
16.0259 1.1424 0.393491
16.0259 1.20586 0.365888
16.0259 1.26933 0.336811
16.0259 1.3328 0.306378
16.0259 1.39626 0.274712
16.0259 1.45973 0.241939
16.0259 1.5232 0.208192
16.0259 1.58666 0.173607
16.0259 1.65013 0.138323
16.0259 1.7136 0.102482
16.0259 1.77706 0.0662277
16.0259 1.84053 0.0297072
16.0259 1.904 -0.00693295
16.0259 1.96746 -0.0435452
16.0259 2.03093 -0.0799821
16.0259 2.0944 -0.116097
16.0259 2.15786 -0.151744
16.0259 2.22133 -0.186781
16.0259 2.28479 -0.221065
16.0259 2.34826 -0.254459
16.0259 2.41173 -0.286828
16.0259 2.47519 -0.318043
16.0259 2.53866 -0.347977
16.0259 2.60213 -0.37651
16.0259 2.66559 -0.403526
16.0259 2.72906 -0.428918
16.0259 2.79253 -0.452583
16.0259 2.85599 -0.474425
16.0259 2.91946 -0.494356
16.0259 2.98293 -0.512298
16.0259 3.04639 -0.528176
16.0259 3.10986 -0.541928
16.0259 3.17333 -0.553498
16.0259 3.23679 -0.562838
16.0259 3.30026 -0.569913
16.0259 3.36373 -0.574693
16.0259 3.42719 -0.577159
16.0259 3.49066 -0.577299
16.0259 3.55413 -0.575117
16.0259 3.61759 -0.570617
16.0259 3.68106 -0.563821
16.0259 3.74452 -0.554754
16.0259 3.80799 -0.543453
16.0259 3.87146 -0.529965
16.0259 3.93492 -0.514342
16.0259 3.99839 -0.496648
16.0259 4.06186 -0.476954
16.0259 4.12532 -0.45534
16.0259 4.18879 -0.431892
16.0259 4.25226 -0.406705
16.0259 4.31572 -0.37988
16.0259 4.37919 -0.351526
16.0259 4.44266 -0.321757
16.0259 4.50612 -0.290692
16.0259 4.56959 -0.258456
16.0259 4.63306 -0.225179
16.0259 4.69652 -0.190996
16.0259 4.75999 -0.156044
16.0259 4.82346 -0.120463
16.0259 4.88692 -0.0843973
16.0259 4.95039 -0.0479917
16.0259 5.01385 -0.0113927
16.0259 5.07732 0.0252518
16.0259 5.14079 0.0617949
16.0259 5.20425 0.098089
16.0259 5.26772 0.133988
16.0259 5.33119 0.169348
16.0259 5.39465 0.204026
16.0259 5.45812 0.237882
16.0259 5.52159 0.27078
16.0259 5.58505 0.302588
16.0259 5.64852 0.333178
16.0259 5.71199 0.362425
16.0259 5.77545 0.390214
16.0259 5.83892 0.416431
16.0259 5.90239 0.440972
16.0259 5.96585 0.463737
16.0259 6.02932 0.484635
16.0259 6.09279 0.503581
16.0259 6.15625 0.5205
16.0259 6.21972 0.535322
16.0259 6.28319 0.547989
17.0268 0 -0.173173
17.0268 0.0634665 -0.185992
17.0268 0.126933 -0.198062
17.0268 0.1904 -0.209335
17.0268 0.253866 -0.219765
17.0268 0.317333 -0.22931
17.0268 0.380799 -0.237932
17.0268 0.444266 -0.245595
17.0268 0.507732 -0.25227
17.0268 0.571199 -0.257928
17.0268 0.634665 -0.262549
17.0268 0.698132 -0.266112
17.0268 0.761598 -0.268603
17.0268 0.825065 -0.270013
17.0268 0.888531 -0.270335
17.0268 0.951998 -0.26957
17.0268 1.01546 -0.267718
17.0268 1.07893 -0.264789
17.0268 1.1424 -0.260793
17.0268 1.20586 -0.255748
17.0268 1.26933 -0.249672
17.0268 1.3328 -0.242591
17.0268 1.39626 -0.234533
17.0268 1.45973 -0.225532
17.0268 1.5232 -0.215621
17.0268 1.58666 -0.204843
17.0268 1.65013 -0.19324
17.0268 1.7136 -0.180858
17.0268 1.77706 -0.167748
17.0268 1.84053 -0.153963
17.0268 1.904 -0.139559
17.0268 1.96746 -0.124591
17.0268 2.03093 -0.109123
17.0268 2.0944 -0.0932146
17.0268 2.15786 -0.0769313
17.0268 2.22133 -0.060338
17.0268 2.28479 -0.0435018
17.0268 2.34826 -0.0264905
17.0268 2.41173 -0.0093725
17.0268 2.47519 0.00778324
17.0268 2.53866 0.0249076
17.0268 2.60213 0.0419318
17.0268 2.66559 0.0587871
17.0268 2.72906 0.0754056
17.0268 2.79253 0.0917205
17.0268 2.85599 0.107666
17.0268 2.91946 0.123178
17.0268 2.98293 0.138194
17.0268 3.04639 0.152654
17.0268 3.10986 0.166499
17.0268 3.17333 0.179673
17.0268 3.23679 0.192124
17.0268 3.30026 0.203801
17.0268 3.36373 0.214658
17.0268 3.42719 0.224651
17.0268 3.49066 0.233738
17.0268 3.55413 0.241885
17.0268 3.61759 0.249058
17.0268 3.68106 0.255228
17.0268 3.74452 0.26037
17.0268 3.80799 0.264463
17.0268 3.87146 0.267492
17.0268 3.93492 0.269444
17.0268 3.99839 0.27031
17.0268 4.06186 0.270089
17.0268 4.12532 0.268779
17.0268 4.18879 0.266387
17.0268 4.25226 0.262924
17.0268 4.31572 0.258401
17.0268 4.37919 0.252837
17.0268 4.44266 0.246256
17.0268 4.50612 0.238683
17.0268 4.56959 0.230148
17.0268 4.63306 0.220688
17.0268 4.69652 0.210338
17.0268 4.75999 0.199142
17.0268 4.82346 0.187143
17.0268 4.88692 0.174391
17.0268 4.95039 0.160937
17.0268 5.01385 0.146835
17.0268 5.07732 0.132141
17.0268 5.14079 0.116916
17.0268 5.20425 0.10122
17.0268 5.26772 0.0851158
17.0268 5.33119 0.0686692
17.0268 5.39465 0.0519459
17.0268 5.45812 0.0350139
17.0268 5.52159 0.0179406
17.0268 5.58505 0.000795095
17.0268 5.64852 -0.0163536
17.0268 5.71199 -0.0334366
17.0268 5.77545 -0.0503847
17.0268 5.83892 -0.0671301
17.0268 5.90239 -0.0836051
17.0268 5.96585 -0.0997435
17.0268 6.02932 -0.11548
17.0268 6.09279 -0.130752
17.0268 6.15625 -0.145497
17.0268 6.21972 -0.159657
17.0268 6.28319 -0.173173
18.0278 0 -0.0534948
18.0278 0.0634665 -0.0387345
18.0278 0.126933 -0.0238182
18.0278 0.1904 -0.00880617
18.0278 0.253866 0.00624146
18.0278 0.317333 0.021264
18.0278 0.380799 0.0362008
18.0278 0.444266 0.0509919
18.0278 0.507732 0.0655776
18.0278 0.571199 0.0798992
18.0278 0.634665 0.0938992
18.0278 0.698132 0.107521
18.0278 0.761598 0.12071
18.0278 0.825065 0.133413
18.0278 0.888531 0.145578
18.0278 0.951998 0.157158
18.0278 1.01546 0.168105
18.0278 1.07893 0.178374
18.0278 1.1424 0.187926
18.0278 1.20586 0.196721
18.0278 1.26933 0.204723
18.0278 1.3328 0.211902
18.0278 1.39626 0.218227
18.0278 1.45973 0.223673
18.0278 1.5232 0.228219
18.0278 1.58666 0.231845
18.0278 1.65013 0.234539
18.0278 1.7136 0.236287
18.0278 1.77706 0.237085
18.0278 1.84053 0.236927
18.0278 1.904 0.235816
18.0278 1.96746 0.233755
18.0278 2.03093 0.230753
18.0278 2.0944 0.226822
18.0278 2.15786 0.221977
18.0278 2.22133 0.216239
18.0278 2.28479 0.209629
18.0278 2.34826 0.202176
18.0278 2.41173 0.193909
18.0278 2.47519 0.18486
18.0278 2.53866 0.175068
18.0278 2.60213 0.16457
18.0278 2.66559 0.15341
18.0278 2.72906 0.141632
18.0278 2.79253 0.129284
18.0278 2.85599 0.116415
18.0278 2.91946 0.103078
18.0278 2.98293 0.0893252
18.0278 3.04639 0.0752128
18.0278 3.10986 0.0607977
18.0278 3.17333 0.0461378
18.0278 3.23679 0.0312922
18.0278 3.30026 0.0163205
18.0278 3.36373 0.00128309
18.0278 3.42719 -0.0137597
18.0278 3.49066 -0.0287468
18.0278 3.55413 -0.0436182
18.0278 3.61759 -0.058314
18.0278 3.68106 -0.0727751
18.0278 3.74452 -0.086943
18.0278 3.80799 -0.100761
18.0278 3.87146 -0.114173
18.0278 3.93492 -0.127126
18.0278 3.99839 -0.139566
18.0278 4.06186 -0.151445
18.0278 4.12532 -0.162713
18.0278 4.18879 -0.173327
18.0278 4.25226 -0.183242
18.0278 4.31572 -0.19242
18.0278 4.37919 -0.200823
18.0278 4.44266 -0.208417
18.0278 4.50612 -0.215172
18.0278 4.56959 -0.221061
18.0278 4.63306 -0.22606
18.0278 4.69652 -0.230148
18.0278 4.75999 -0.233309
18.0278 4.82346 -0.235532
18.0278 4.88692 -0.236805
18.0278 4.95039 -0.237125
18.0278 5.01385 -0.236491
18.0278 5.07732 -0.234904
18.0278 5.14079 -0.232371
18.0278 5.20425 -0.228902
18.0278 5.26772 -0.224512
18.0278 5.33119 -0.219218
18.0278 5.39465 -0.213041
18.0278 5.45812 -0.206006
18.0278 5.52159 -0.198142
18.0278 5.58505 -0.18948
18.0278 5.64852 -0.180055
18.0278 5.71199 -0.169905
18.0278 5.77545 -0.15907
18.0278 5.83892 -0.147596
18.0278 5.90239 -0.135526
18.0278 5.96585 -0.122912
18.0278 6.02932 -0.109802
18.0278 6.09279 -0.0962499
18.0278 6.15625 -0.0823105
18.0278 6.21972 -0.0680396
18.0278 6.28319 -0.0534948
19.0288 0 -0.0545995
19.0288 0.0634665 -0.048454
19.0288 0.126933 -0.0421133
19.0288 0.1904 -0.0356033
19.0288 0.253866 -0.0289497
19.0288 0.317333 -0.0221797
19.0288 0.380799 -0.0153202
19.0288 0.444266 -0.00839909
19.0288 0.507732 -0.00144417
19.0288 0.571199 0.00551656
19.0288 0.634665 0.012455
19.0288 0.698132 0.0193434
19.0288 0.761598 0.0261538
19.0288 0.825065 0.032859
19.0288 0.888531 0.0394319
19.0288 0.951998 0.045846
19.0288 1.01546 0.0520753
19.0288 1.07893 0.0580952
19.0288 1.1424 0.0638811
19.0288 1.20586 0.0694098
19.0288 1.26933 0.0746588
19.0288 1.3328 0.0796074
19.0288 1.39626 0.0842353
19.0288 1.45973 0.0885239
19.0288 1.5232 0.0924564
19.0288 1.58666 0.0960164
19.0288 1.65013 0.0991899
19.0288 1.7136 0.101964
19.0288 1.77706 0.104327
19.0288 1.84053 0.106271
19.0288 1.904 0.107786
19.0288 1.96746 0.108867
19.0288 2.03093 0.10951
19.0288 2.0944 0.109713
19.0288 2.15786 0.109473
19.0288 2.22133 0.108792
19.0288 2.28479 0.107674
19.0288 2.34826 0.106122
19.0288 2.41173 0.104142
19.0288 2.47519 0.101743
19.0288 2.53866 0.098935
19.0288 2.60213 0.0957282
19.0288 2.66559 0.0921358
19.0288 2.72906 0.0881725
19.0288 2.79253 0.0838541
19.0288 2.85599 0.0791981
19.0288 2.91946 0.0742231
19.0288 2.98293 0.0689493
19.0288 3.04639 0.0633979
19.0288 3.10986 0.0575912
19.0288 3.17333 0.0515527
19.0288 3.23679 0.0453066
19.0288 3.30026 0.0388778
19.0288 3.36373 0.0322928
19.0288 3.42719 0.0255776
19.0288 3.49066 0.0187593
19.0288 3.55413 0.0118657
19.0288 3.61759 0.00492423
19.0288 3.68106 -0.00203719
19.0288 3.74452 -0.00899024
19.0288 3.80799 -0.0159072
19.0288 3.87146 -0.0227601
19.0288 3.93492 -0.0295213
19.0288 3.99839 -0.0361637
19.0288 4.06186 -0.0426604
19.0288 4.12532 -0.0489854
19.0288 4.18879 -0.055113
19.0288 4.25226 -0.0610189
19.0288 4.31572 -0.0666789
19.0288 4.37919 -0.0720706
19.0288 4.44266 -0.0771719
19.0288 4.50612 -0.0819625
19.0288 4.56959 -0.0864231
19.0288 4.63306 -0.0905357
19.0288 4.69652 -0.0942839
19.0288 4.75999 -0.0976523
19.0288 4.82346 -0.100627
19.0288 4.88692 -0.103198
19.0288 4.95039 -0.105352
19.0288 5.01385 -0.107082
19.0288 5.07732 -0.108381
19.0288 5.14079 -0.109244
19.0288 5.20425 -0.109667
19.0288 5.26772 -0.109648
19.0288 5.33119 -0.109188
19.0288 5.39465 -0.108288
19.0288 5.45812 -0.106952
19.0288 5.52159 -0.105185
19.0288 5.58505 -0.102995
19.0288 5.64852 -0.10039
19.0288 5.71199 -0.0973805
19.0288 5.77545 -0.0939792
19.0288 5.83892 -0.0901995
19.0288 5.90239 -0.0860566
19.0288 5.96585 -0.0815671
19.0288 6.02932 -0.0767493
19.0288 6.09279 -0.0716224
19.0288 6.15625 -0.066207
19.0288 6.21972 -0.0605251
19.0288 6.28319 -0.0545994
20.0298 0 0.0146104
20.0298 0.0634665 0.0214261
20.0298 0.126933 0.0281555
20.0298 0.1904 0.0347713
20.0298 0.253866 0.0412472
20.0298 0.317333 0.047557
20.0298 0.380799 0.0536754
20.0298 0.444266 0.0595777
20.0298 0.507732 0.0652399
20.0298 0.571199 0.0706395
20.0298 0.634665 0.0757548
20.0298 0.698132 0.0805649
20.0298 0.761598 0.0850506
20.0298 0.825065 0.0891938
20.0298 0.888531 0.0929779
20.0298 0.951998 0.0963875
20.0298 1.01546 0.099409
20.0298 1.07893 0.102031
20.0298 1.1424 0.104241
20.0298 1.20586 0.106032
20.0298 1.26933 0.107395
20.0298 1.3328 0.108327
20.0298 1.39626 0.108822
20.0298 1.45973 0.108879
20.0298 1.5232 0.108497
20.0298 1.58666 0.107679
20.0298 1.65013 0.106427
20.0298 1.7136 0.104747
20.0298 1.77706 0.102644
20.0298 1.84053 0.100129
20.0298 1.904 0.0972101
20.0298 1.96746 0.0938999
20.0298 2.03093 0.0902118
20.0298 2.0944 0.0861602
20.0298 2.15786 0.0817617
20.0298 2.22133 0.077034
20.0298 2.28479 0.0719962
20.0298 2.34826 0.0666683
20.0298 2.41173 0.061072
20.0298 2.47519 0.05523
20.0298 2.53866 0.0491653
20.0298 2.60213 0.0429029
20.0298 2.66559 0.0364676
20.0298 2.72906 0.0298855
20.0298 2.79253 0.0231832
20.0298 2.85599 0.0163872
20.0298 2.91946 0.00952541
20.0298 2.98293 0.00262521
20.0298 3.04639 -0.00428543
20.0298 3.10986 -0.0111788
20.0298 3.17333 -0.0180274
20.0298 3.23679 -0.0248031
20.0298 3.30026 -0.0314791
20.0298 3.36373 -0.0380284
20.0298 3.42719 -0.0444244
20.0298 3.49066 -0.0506417
20.0298 3.55413 -0.0566551
20.0298 3.61759 -0.0624403
20.0298 3.68106 -0.067974
20.0298 3.74452 -0.073234
20.0298 3.80799 -0.078199
20.0298 3.87146 -0.0828492
20.0298 3.93492 -0.087166
20.0298 3.99839 -0.0911319
20.0298 4.06186 -0.0947306
20.0298 4.12532 -0.0979478
20.0298 4.18879 -0.10077
20.0298 4.25226 -0.103188
20.0298 4.31572 -0.105189
20.0298 4.37919 -0.106767
20.0298 4.44266 -0.107916
20.0298 4.50612 -0.108629
20.0298 4.56959 -0.108905
20.0298 4.63306 -0.108743
20.0298 4.69652 -0.108143
20.0298 4.75999 -0.107107
20.0298 4.82346 -0.10564
20.0298 4.88692 -0.103748
20.0298 4.95039 -0.101438
20.0298 5.01385 -0.0987192
20.0298 5.07732 -0.095603
20.0298 5.14079 -0.0921023
20.0298 5.20425 -0.0882304
20.0298 5.26772 -0.0840032
20.0298 5.33119 -0.0794379
20.0298 5.39465 -0.0745526
20.0298 5.45812 -0.0693672
20.0298 5.52159 -0.0639023
20.0298 5.58505 -0.0581803
20.0298 5.64852 -0.052224
20.0298 5.71199 -0.0460572
20.0298 5.77545 -0.0397053
20.0298 5.83892 -0.0331932
20.0298 5.90239 -0.0265476
20.0298 5.96585 -0.0197951
20.0298 6.02932 -0.0129628
20.0298 6.09279 -0.00607835
20.0298 6.15625 0.000830489
20.0298 6.21972 0.00773601
20.0298 6.28319 0.0146104
21.0308 0 -0.0820399
21.0308 0.0634665 -0.076034
21.0308 0.126933 -0.0697219
21.0308 0.1904 -0.063129
21.0308 0.253866 -0.0562819
21.0308 0.317333 -0.0492083
21.0308 0.380799 -0.0419365
21.0308 0.444266 -0.034496
21.0308 0.507732 -0.0269162
21.0308 0.571199 -0.0192284
21.0308 0.634665 -0.011463
21.0308 0.698132 -0.00365136
21.0308 0.761598 0.00417483
21.0308 0.825065 0.0119843
21.0308 0.888531 0.0197454
21.0308 0.951998 0.027427
21.0308 1.01546 0.0349983
21.0308 1.07893 0.0424287
21.0308 1.1424 0.0496881
21.0308 1.20586 0.0567473
21.0308 1.26933 0.0635782
21.0308 1.3328 0.0701531
21.0308 1.39626 0.0764455
21.0308 1.45973 0.0824301
21.0308 1.5232 0.0880827
21.0308 1.58666 0.0933807
21.0308 1.65013 0.098303
21.0308 1.7136 0.102829
21.0308 1.77706 0.106941
21.0308 1.84053 0.110622
21.0308 1.904 0.113858
21.0308 1.96746 0.116636
21.0308 2.03093 0.118944
21.0308 2.0944 0.120773
21.0308 2.15786 0.122115
21.0308 2.22133 0.122967
21.0308 2.28479 0.123322
21.0308 2.34826 0.123182
21.0308 2.41173 0.122545
21.0308 2.47519 0.121414
21.0308 2.53866 0.119795
21.0308 2.60213 0.117694
21.0308 2.66559 0.115118
21.0308 2.72906 0.112079
21.0308 2.79253 0.108589
21.0308 2.85599 0.104662
21.0308 2.91946 0.100313
21.0308 2.98293 0.0955598
21.0308 3.04639 0.0904223
21.0308 3.10986 0.0849205
21.0308 3.17333 0.0790767
21.0308 3.23679 0.0729146
21.0308 3.30026 0.0664589
21.0308 3.36373 0.0597357
21.0308 3.42719 0.0527719
21.0308 3.49066 0.0455955
21.0308 3.55413 0.0382354
21.0308 3.61759 0.0307217
21.0308 3.68106 0.023084
21.0308 3.74452 0.0153533
21.0308 3.80799 0.00756108
21.0308 3.87146 -0.00026172
21.0308 3.93492 -0.00808374
21.0308 3.99839 -0.0158727
21.0308 4.06186 -0.0235982
21.0308 4.12532 -0.0312283
21.0308 4.18879 -0.0387329
21.0308 4.25226 -0.0460817
21.0308 4.31572 -0.0532447
21.0308 4.37919 -0.060193
21.0308 4.44266 -0.0668995
21.0308 4.50612 -0.0733363
21.0308 4.56959 -0.0794778
21.0308 4.63306 -0.0852995
21.0308 4.69652 -0.0907774
21.0308 4.75999 -0.0958899
21.0308 4.82346 -0.100616
21.0308 4.88692 -0.104938
21.0308 4.95039 -0.108836
21.0308 5.01385 -0.112297
21.0308 5.07732 -0.115305
21.0308 5.14079 -0.117849
21.0308 5.20425 -0.119919
21.0308 5.26772 -0.121505
21.0308 5.33119 -0.122603
21.0308 5.39465 -0.123206
21.0308 5.45812 -0.123314
21.0308 5.52159 -0.122925
21.0308 5.58505 -0.122041
21.0308 5.64852 -0.120666
21.0308 5.71199 -0.118804
21.0308 5.77545 -0.116465
21.0308 5.83892 -0.113656
21.0308 5.90239 -0.11039
21.0308 5.96585 -0.106679
21.0308 6.02932 -0.102539
21.0308 6.09279 -0.0979856
21.0308 6.15625 -0.093038
21.0308 6.21972 -0.0877154
21.0308 6.28319 -0.08204
22.0318 0 0.25459
22.0318 0.0634665 0.240533
22.0318 0.126933 0.225507
22.0318 0.1904 0.209573
22.0318 0.253866 0.192795
22.0318 0.317333 0.175241
22.0318 0.380799 0.156981
22.0318 0.444266 0.138089
22.0318 0.507732 0.118641
22.0318 0.571199 0.0987157
22.0318 0.634665 0.0783926
22.0318 0.698132 0.057754
22.0318 0.761598 0.0368826
22.0318 0.825065 0.0158628
22.0318 0.888531 -0.00522094
22.0318 0.951998 -0.0262837
22.0318 1.01546 -0.0472404
22.0318 1.07893 -0.068007
22.0318 1.1424 -0.0885002
22.0318 1.20586 -0.108636
22.0318 1.26933 -0.128335
22.0318 1.3328 -0.147518
22.0318 1.39626 -0.166106
22.0318 1.45973 -0.184025
22.0318 1.5232 -0.201203
22.0318 1.58666 -0.217572
22.0318 1.65013 -0.233064
22.0318 1.7136 -0.247618
22.0318 1.77706 -0.261174
22.0318 1.84053 -0.273679
22.0318 1.904 -0.285082
22.0318 1.96746 -0.295337
22.0318 2.03093 -0.304403
22.0318 2.0944 -0.312243
22.0318 2.15786 -0.318826
22.0318 2.22133 -0.324124
22.0318 2.28479 -0.328118
22.0318 2.34826 -0.330791
22.0318 2.41173 -0.332132
22.0318 2.47519 -0.332135
22.0318 2.53866 -0.3308
22.0318 2.60213 -0.328135
22.0318 2.66559 -0.324147
22.0318 2.72906 -0.318854
22.0318 2.79253 -0.312278
22.0318 2.85599 -0.304444
22.0318 2.91946 -0.295384
22.0318 2.98293 -0.285135
22.0318 3.04639 -0.273737
22.0318 3.10986 -0.261238
22.0318 3.17333 -0.247686
22.0318 3.23679 -0.233137
22.0318 3.30026 -0.217649
22.0318 3.36373 -0.201285
22.0318 3.42719 -0.184111
22.0318 3.49066 -0.166195
22.0318 3.55413 -0.14761
22.0318 3.61759 -0.12843
22.0318 3.68106 -0.108733
22.0318 3.74452 -0.0885989
22.0318 3.80799 -0.0681077
22.0318 3.87146 -0.0473422
22.0318 3.93492 -0.026386
22.0318 3.99839 -0.00532359
22.0318 4.06186 0.0157601
22.0318 4.12532 0.0367806
22.0318 4.18879 0.0576528
22.0318 4.25226 0.078293
22.0318 4.31572 0.0986178
22.0318 4.37919 0.118546
22.0318 4.44266 0.137996
22.0318 4.50612 0.156891
22.0318 4.56959 0.175154
22.0318 4.63306 0.192711
22.0318 4.69652 0.209493
22.0318 4.75999 0.225431
22.0318 4.82346 0.240462
22.0318 4.88692 0.254524
22.0318 4.95039 0.267561
22.0318 5.01385 0.279521
22.0318 5.07732 0.290356
22.0318 5.14079 0.300021
22.0318 5.20425 0.308478
22.0318 5.26772 0.315693
22.0318 5.33119 0.321637
22.0318 5.39465 0.326286
22.0318 5.45812 0.329621
22.0318 5.52159 0.331628
22.0318 5.58505 0.3323
22.0318 5.64852 0.331635
22.0318 5.71199 0.329634
22.0318 5.77545 0.326305
22.0318 5.83892 0.321663
22.0318 5.90239 0.315725
22.0318 5.96585 0.308516
22.0318 6.02932 0.300065
22.0318 6.09279 0.290405
22.0318 6.15625 0.279577
22.0318 6.21972 0.267622
22.0318 6.28319 0.25459
23.0328 0 0.123561
23.0328 0.0634665 0.145367
23.0328 0.126933 0.166587
23.0328 0.1904 0.187137
23.0328 0.253866 0.206933
23.0328 0.317333 0.225895
23.0328 0.380799 0.243948
23.0328 0.444266 0.261019
23.0328 0.507732 0.277039
23.0328 0.571199 0.291943
23.0328 0.634665 0.305672
23.0328 0.698132 0.318169
23.0328 0.761598 0.329386
23.0328 0.825065 0.339277
23.0328 0.888531 0.347801
23.0328 0.951998 0.354924
23.0328 1.01546 0.36062
23.0328 1.07893 0.364861
23.0328 1.1424 0.367635
23.0328 1.20586 0.368928
23.0328 1.26933 0.368736
23.0328 1.3328 0.367058
23.0328 1.39626 0.363903
23.0328 1.45973 0.359282
23.0328 1.5232 0.353215
23.0328 1.58666 0.345725
23.0328 1.65013 0.336844
23.0328 1.7136 0.326605
23.0328 1.77706 0.315052
23.0328 1.84053 0.30223
23.0328 1.904 0.288192
23.0328 1.96746 0.272992
23.0328 2.03093 0.256694
23.0328 2.0944 0.239362
23.0328 2.15786 0.221066
23.0328 2.22133 0.20188
23.0328 2.28479 0.181881
23.0328 2.34826 0.16115
23.0328 2.41173 0.139769
23.0328 2.47519 0.117826
23.0328 2.53866 0.0954089
23.0328 2.60213 0.0726073
23.0328 2.66559 0.049513
23.0328 2.72906 0.0262197
23.0328 2.79253 0.00282086
23.0328 2.85599 -0.0205895
23.0328 2.91946 -0.0439171
23.0328 2.98293 -0.0670676
23.0328 3.04639 -0.0899481
23.0328 3.10986 -0.112466
23.0328 3.17333 -0.134532
23.0328 3.23679 -0.156055
23.0328 3.30026 -0.176951
23.0328 3.36373 -0.197134
23.0328 3.42719 -0.216523
23.0328 3.49066 -0.23504
23.0328 3.55413 -0.252611
23.0328 3.61759 -0.269165
23.0328 3.68106 -0.284634
23.0328 3.74452 -0.298958
23.0328 3.80799 -0.312078
23.0328 3.87146 -0.323941
23.0328 3.93492 -0.3345
23.0328 3.99839 -0.343712
23.0328 4.06186 -0.351539
23.0328 4.12532 -0.357952
23.0328 4.18879 -0.362923
23.0328 4.25226 -0.366433
23.0328 4.31572 -0.368467
23.0328 4.37919 -0.369017
23.0328 4.44266 -0.368082
23.0328 4.50612 -0.365665
23.0328 4.56959 -0.361775
23.0328 4.63306 -0.356428
23.0328 4.69652 -0.349646
23.0328 4.75999 -0.341456
23.0328 4.82346 -0.331892
23.0328 4.88692 -0.32099
23.0328 4.95039 -0.308797
23.0328 5.01385 -0.29536
23.0328 5.07732 -0.280734
23.0328 5.14079 -0.264976
23.0328 5.20425 -0.248153
23.0328 5.26772 -0.23033
23.0328 5.33119 -0.211579
23.0328 5.39465 -0.191977
23.0328 5.45812 -0.171601
23.0328 5.52159 -0.150535
23.0328 5.58505 -0.128863
23.0328 5.64852 -0.106671
23.0328 5.71199 -0.0840505
23.0328 5.77545 -0.061091
23.0328 5.83892 -0.0378853
23.0328 5.90239 -0.014528
23.0328 5.96585 0.00888875
23.0328 6.02932 0.0322695
23.0328 6.09279 0.0555201
23.0328 6.15625 0.0785474
23.0328 6.21972 0.101258
23.0328 6.28319 0.123562
24.0338 0 0.72554
24.0338 0.0634665 0.72561
24.0338 0.126933 0.722758
24.0338 0.1904 0.716996
24.0338 0.253866 0.708347
24.0338 0.317333 0.696845
24.0338 0.380799 0.682538
24.0338 0.444266 0.665482
24.0338 0.507732 0.645746
24.0338 0.571199 0.62341
24.0338 0.634665 0.598564
24.0338 0.698132 0.571308
24.0338 0.761598 0.541752
24.0338 0.825065 0.510013
24.0338 0.888531 0.476222
24.0338 0.951998 0.440513
24.0338 1.01546 0.403029
24.0338 1.07893 0.363923
24.0338 1.1424 0.323352
24.0338 1.20586 0.281479
24.0338 1.26933 0.238472
24.0338 1.3328 0.194505
24.0338 1.39626 0.149755
24.0338 1.45973 0.104402
24.0338 1.5232 0.0586279
24.0338 1.58666 0.0126181
24.0338 1.65013 -0.0334423
24.0338 1.7136 -0.0793683
24.0338 1.77706 -0.124974
24.0338 1.84053 -0.170078
24.0338 1.904 -0.214496
24.0338 1.96746 -0.25805
24.0338 2.03093 -0.300566
24.0338 2.0944 -0.341871
24.0338 2.15786 -0.3818
24.0338 2.22133 -0.42019
24.0338 2.28479 -0.456889
24.0338 2.34826 -0.491749
24.0338 2.41173 -0.524629
24.0338 2.47519 -0.555396
24.0338 2.53866 -0.583926
24.0338 2.60213 -0.610105
24.0338 2.66559 -0.633828
24.0338 2.72906 -0.654998
24.0338 2.79253 -0.673531
24.0338 2.85599 -0.689351
24.0338 2.91946 -0.702398
24.0338 2.98293 -0.712614
24.0338 3.04639 -0.719961
24.0338 3.10986 -0.72441
24.0338 3.17333 -0.725941
24.0338 3.23679 -0.724548
24.0338 3.30026 -0.72024
24.0338 3.36373 -0.71303
24.0338 3.42719 -0.70295
24.0338 3.49066 -0.690039
24.0338 3.55413 -0.674348
24.0338 3.61759 -0.655944
24.0338 3.68106 -0.634898
24.0338 3.74452 -0.611295
24.0338 3.80799 -0.585231
24.0338 3.87146 -0.55681
24.0338 3.93492 -0.526148
24.0338 3.99839 -0.493366
24.0338 4.06186 -0.458598
24.0338 4.12532 -0.421984
24.0338 4.18879 -0.38367
24.0338 4.25226 -0.343811
24.0338 4.31572 -0.302568
24.0338 4.37919 -0.260106
24.0338 4.44266 -0.216598
24.0338 4.50612 -0.172217
24.0338 4.56959 -0.127142
24.0338 4.63306 -0.0815558
24.0338 4.69652 -0.035641
24.0338 4.75999 0.0104174
24.0338 4.82346 0.0564336
24.0338 4.88692 0.102223
24.0338 4.95039 0.1476
24.0338 5.01385 0.192384
24.0338 5.07732 0.236392
24.0338 5.14079 0.279449
24.0338 5.20425 0.32138
24.0338 5.26772 0.362017
24.0338 5.33119 0.401197
24.0338 5.39465 0.438761
24.0338 5.45812 0.474558
24.0338 5.52159 0.508445
24.0338 5.58505 0.540283
24.0338 5.64852 0.569948
24.0338 5.71199 0.597317
24.0338 5.77545 0.622279
24.0338 5.83892 0.644738
24.0338 5.90239 0.664599
24.0338 5.96585 0.681785
24.0338 6.02932 0.696225
24.0338 6.09279 0.707861
24.0338 6.15625 0.716649
24.0338 6.21972 0.722549
24.0338 6.28319 0.72554
25.0348 0 -0.0144596
25.0348 0.0634665 -0.0164007
25.0348 0.126933 -0.018276
25.0348 0.1904 -0.0200775
25.0348 0.253866 -0.021798
25.0348 0.317333 -0.0234309
25.0348 0.380799 -0.0249694
25.0348 0.444266 -0.0264075
25.0348 0.507732 -0.0277391
25.0348 0.571199 -0.0289589
25.0348 0.634665 -0.0300623
25.0348 0.698132 -0.0310448
25.0348 0.761598 -0.0319019
25.0348 0.825065 -0.0326308
25.0348 0.888531 -0.0332281
25.0348 0.951998 -0.0336919
25.0348 1.01546 -0.0340196
25.0348 1.07893 -0.0342107
25.0348 1.1424 -0.0342642
25.0348 1.20586 -0.0341793
25.0348 1.26933 -0.0339569
25.0348 1.3328 -0.0335979
25.0348 1.39626 -0.0331036
25.0348 1.45973 -0.0324759
25.0348 1.5232 -0.0317172
25.0348 1.58666 -0.0308315
25.0348 1.65013 -0.029821
25.0348 1.7136 -0.0286906
25.0348 1.77706 -0.0274446
25.0348 1.84053 -0.0260881
25.0348 1.904 -0.0246266
25.0348 1.96746 -0.0230659
25.0348 2.03093 -0.0214125
25.0348 2.0944 -0.0196728
25.0348 2.15786 -0.0178538
25.0348 2.22133 -0.0159632
25.0348 2.28479 -0.0140081
25.0348 2.34826 -0.0119965
25.0348 2.41173 -0.00993674
25.0348 2.47519 -0.00783681
25.0348 2.53866 -0.0057051
25.0348 2.60213 -0.00355096
25.0348 2.66559 -0.00138251
25.0348 2.72906 0.000791714
25.0348 2.79253 0.00296281
25.0348 2.85599 0.00512201
25.0348 2.91946 0.00726056
25.0348 2.98293 0.00936966
25.0348 3.04639 0.0114414
25.0348 3.10986 0.0134667
25.0348 3.17333 0.0154378
25.0348 3.23679 0.017347
25.0348 3.30026 0.0191862
25.0348 3.36373 0.0209482
25.0348 3.42719 0.0226258
25.0348 3.49066 0.0242124
25.0348 3.55413 0.0257014
25.0348 3.61759 0.0270869
25.0348 3.68106 0.0283633
25.0348 3.74452 0.0295256
25.0348 3.80799 0.0305689
25.0348 3.87146 0.0314893
25.0348 3.93492 0.0322826
25.0348 3.99839 0.032946
25.0348 4.06186 0.0334769
25.0348 4.12532 0.0338729
25.0348 4.18879 0.0341325
25.0348 4.25226 0.0342548
25.0348 4.31572 0.0342388
25.0348 4.37919 0.0340851
25.0348 4.44266 0.0337946
25.0348 4.50612 0.0333673
25.0348 4.56959 0.0328063
25.0348 4.63306 0.0321127
25.0348 4.69652 0.0312903
25.0348 4.75999 0.0303412
25.0348 4.82346 0.0292706
25.0348 4.88692 0.0280819
25.0348 4.95039 0.02678
25.0348 5.01385 0.0253704
25.0348 5.07732 0.0238588
25.0348 5.14079 0.0222506
25.0348 5.20425 0.020553
25.0348 5.26772 0.0187725
25.0348 5.33119 0.0169168
25.0348 5.39465 0.0149931
25.0348 5.45812 0.0130088
25.0348 5.52159 0.0109722
25.0348 5.58505 0.0088914
25.0348 5.64852 0.00677434
25.0348 5.71199 0.00463066
25.0348 5.77545 0.00246793
25.0348 5.83892 0.000295584
25.0348 5.90239 -0.00187839
25.0348 5.96585 -0.00404463
25.0348 6.02932 -0.00619444
25.0348 6.09279 -0.00831913
25.0348 6.15625 -0.0104108
25.0348 6.21972 -0.0124602
25.0348 6.28319 -0.0144596
26.0358 0 -0.342553
26.0358 0.0634665 -0.353223
26.0358 0.126933 -0.362471
26.0358 0.1904 -0.370259
26.0358 0.253866 -0.376557
26.0358 0.317333 -0.381338
26.0358 0.380799 -0.384584
26.0358 0.444266 -0.386281
26.0358 0.507732 -0.386423
26.0358 0.571199 -0.385009
26.0358 0.634665 -0.382044
26.0358 0.698132 -0.377541
26.0358 0.761598 -0.371518
26.0358 0.825065 -0.363999
26.0358 0.888531 -0.355014
26.0358 0.951998 -0.3446
26.0358 1.01546 -0.332798
26.0358 1.07893 -0.319656
26.0358 1.1424 -0.305227
26.0358 1.20586 -0.289569
26.0358 1.26933 -0.272745
26.0358 1.3328 -0.254822
26.0358 1.39626 -0.235874
26.0358 1.45973 -0.215976
26.0358 1.5232 -0.195208
26.0358 1.58666 -0.173654
26.0358 1.65013 -0.151401
26.0358 1.7136 -0.128538
26.0358 1.77706 -0.105158
26.0358 1.84053 -0.0813539
26.0358 1.904 -0.0572226
26.0358 1.96746 -0.0328608
26.0358 2.03093 -0.00836666
26.0358 2.0944 0.0161611
26.0358 2.15786 0.0406239
26.0358 2.22133 0.064923
26.0358 2.28479 0.0889607
26.0358 2.34826 0.11264
26.0358 2.41173 0.135866
26.0358 2.47519 0.158545
26.0358 2.53866 0.180585
26.0358 2.60213 0.201899
26.0358 2.66559 0.222399
26.0358 2.72906 0.242004
26.0358 2.79253 0.260634
26.0358 2.85599 0.278215
26.0358 2.91946 0.294676
26.0358 2.98293 0.30995
26.0358 3.04639 0.323976
26.0358 3.10986 0.336697
26.0358 3.17333 0.348063
26.0358 3.23679 0.358027
26.0358 3.30026 0.36655
26.0358 3.36373 0.373596
26.0358 3.42719 0.379138
26.0358 3.49066 0.383154
26.0358 3.55413 0.385627
26.0358 3.61759 0.386546
26.0358 3.68106 0.38591
26.0358 3.74452 0.38372
26.0358 3.80799 0.379984
26.0358 3.87146 0.374718
26.0358 3.93492 0.367944
26.0358 3.99839 0.359688
26.0358 4.06186 0.349983
26.0358 4.12532 0.338869
26.0358 4.18879 0.326392
26.0358 4.25226 0.312599
26.0358 4.31572 0.297548
26.0358 4.37919 0.281299
26.0358 4.44266 0.263917
26.0358 4.50612 0.245472
26.0358 4.56959 0.226039
26.0358 4.63306 0.205696
26.0358 4.69652 0.184524
26.0358 4.75999 0.162609
26.0358 4.82346 0.14004
26.0358 4.88692 0.116907
26.0358 4.95039 0.093303
26.0358 5.01385 0.0693233
26.0358 5.07732 0.0450644
26.0358 5.14079 0.0206242
26.0358 5.20425 -0.00389922
26.0358 5.26772 -0.0284068
26.0358 5.33119 -0.0528001
26.0358 5.39465 -0.0769807
26.0358 5.45812 -0.100851
26.0358 5.52159 -0.124316
26.0358 5.58505 -0.14728
26.0358 5.64852 -0.169651
26.0358 5.71199 -0.191338
26.0358 5.77545 -0.212256
26.0358 5.83892 -0.232319
26.0358 5.90239 -0.251446
26.0358 5.96585 -0.26956
26.0358 6.02932 -0.28659
26.0358 6.09279 -0.302465
26.0358 6.15625 -0.317122
26.0358 6.21972 -0.330503
26.0358 6.28319 -0.342553
27.0368 0 0.277961
27.0368 0.0634665 0.263945
27.0368 0.126933 0.248868
27.0368 0.1904 0.232788
27.0368 0.253866 0.215771
27.0368 0.317333 0.197885
27.0368 0.380799 0.179202
27.0368 0.444266 0.159798
27.0368 0.507732 0.139749
27.0368 0.571199 0.119139
27.0368 0.634665 0.0980486
27.0368 0.698132 0.0765635
27.0368 0.761598 0.0547701
27.0368 0.825065 0.0327563
27.0368 0.888531 0.0106102
27.0368 0.951998 -0.0115783
27.0368 1.01546 -0.0337203
27.0368 1.07893 -0.0557265
27.0368 1.1424 -0.0775082
27.0368 1.20586 -0.098978
27.0368 1.26933 -0.120049
27.0368 1.3328 -0.140637
27.0368 1.39626 -0.160658
27.0368 1.45973 -0.180033
27.0368 1.5232 -0.198683
27.0368 1.58666 -0.216532
27.0368 1.65013 -0.23351
27.0368 1.7136 -0.249547
27.0368 1.77706 -0.26458
27.0368 1.84053 -0.278547
27.0368 1.904 -0.291392
27.0368 1.96746 -0.303065
27.0368 2.03093 -0.313517
27.0368 2.0944 -0.322706
27.0368 2.15786 -0.330596
27.0368 2.22133 -0.337155
27.0368 2.28479 -0.342356
27.0368 2.34826 -0.346179
27.0368 2.41173 -0.348608
27.0368 2.47519 -0.349633
27.0368 2.53866 -0.34925
27.0368 2.60213 -0.347461
27.0368 2.66559 -0.344273
27.0368 2.72906 -0.339699
27.0368 2.79253 -0.333757
27.0368 2.85599 -0.32647
27.0368 2.91946 -0.317869
27.0368 2.98293 -0.307989
27.0368 3.04639 -0.296868
27.0368 3.10986 -0.284551
27.0368 3.17333 -0.271089
27.0368 3.23679 -0.256536
27.0368 3.30026 -0.240949
27.0368 3.36373 -0.224392
27.0368 3.42719 -0.206932
27.0368 3.49066 -0.188638
27.0368 3.55413 -0.169585
27.0368 3.61759 -0.149849
27.0368 3.68106 -0.129509
27.0368 3.74452 -0.108648
27.0368 3.80799 -0.0873501
27.0368 3.87146 -0.0656999
27.0368 3.93492 -0.0437851
27.0368 3.99839 -0.0216941
27.0368 4.06186 0.000484286
27.0368 4.12532 0.0226608
27.0368 4.18879 0.044746
27.0368 4.25226 0.066651
27.0368 4.31572 0.0882876
27.0368 4.37919 0.109569
27.0368 4.44266 0.130409
27.0368 4.50612 0.150723
27.0368 4.56959 0.170431
27.0368 4.63306 0.189453
27.0368 4.69652 0.207712
27.0368 4.75999 0.225134
27.0368 4.82346 0.24165
27.0368 4.88692 0.257193
27.0368 4.95039 0.2717
27.0368 5.01385 0.285113
27.0368 5.07732 0.297379
27.0368 5.14079 0.308446
27.0368 5.20425 0.318272
27.0368 5.26772 0.326816
27.0368 5.33119 0.334044
27.0368 5.39465 0.339927
27.0368 5.45812 0.344441
27.0368 5.52159 0.347569
27.0368 5.58505 0.349296
27.0368 5.64852 0.349618
27.0368 5.71199 0.348531
27.0368 5.77545 0.346042
27.0368 5.83892 0.342158
27.0368 5.90239 0.336897
27.0368 5.96585 0.330279
27.0368 6.02932 0.322332
27.0368 6.09279 0.313087
27.0368 6.15625 0.302581
27.0368 6.21972 0.290856
27.0368 6.28319 0.277961
28.0377 0 -0.0618135
28.0377 0.0634665 -0.0560174
28.0377 0.126933 -0.0499959
28.0377 0.1904 -0.0437729
28.0377 0.253866 -0.0373737
28.0377 0.317333 -0.0308239
28.0377 0.380799 -0.02415
28.0377 0.444266 -0.017379
28.0377 0.507732 -0.0105379
28.0377 0.571199 -0.00365441
28.0377 0.634665 0.0032438
28.0377 0.698132 0.010129
28.0377 0.761598 0.0169733
28.0377 0.825065 0.0237492
28.0377 0.888531 0.0304298
28.0377 0.951998 0.0369875
28.0377 1.01546 0.0433965
28.0377 1.07893 0.0496307
28.0377 1.1424 0.0556652
28.0377 1.20586 0.0614751
28.0377 1.26933 0.0670378
28.0377 1.3328 0.0723305
28.0377 1.39626 0.0773321
28.0377 1.45973 0.082022
28.0377 1.5232 0.0863819
28.0377 1.58666 0.0903939
28.0377 1.65013 0.0940418
28.0377 1.7136 0.0973112
28.0377 1.77706 0.100189
28.0377 1.84053 0.102663
28.0377 1.904 0.104723
28.0377 1.96746 0.106362
28.0377 2.03093 0.107573
28.0377 2.0944 0.10835
28.0377 2.15786 0.108692
28.0377 2.22133 0.108595
28.0377 2.28479 0.108062
28.0377 2.34826 0.107093
28.0377 2.41173 0.105693
28.0377 2.47519 0.103867
28.0377 2.53866 0.101623
28.0377 2.60213 0.0989704
28.0377 2.66559 0.0959187
28.0377 2.72906 0.092481
28.0377 2.79253 0.0886705
28.0377 2.85599 0.0845034
28.0377 2.91946 0.079996
28.0377 2.98293 0.0751662
28.0377 3.04639 0.0700341
28.0377 3.10986 0.0646197
28.0377 3.17333 0.0589452
28.0377 3.23679 0.0530333
28.0377 3.30026 0.0469079
28.0377 3.36373 0.0405937
28.0377 3.42719 0.0341159
28.0377 3.49066 0.0275008
28.0377 3.55413 0.0207749
28.0377 3.61759 0.0139655
28.0377 3.68106 0.00709969
28.0377 3.74452 0.000205409
28.0377 3.80799 -0.00668977
28.0377 3.87146 -0.013558
28.0377 3.93492 -0.0203716
28.0377 3.99839 -0.0271031
28.0377 4.06186 -0.0337256
28.0377 4.12532 -0.0402122
28.0377 4.18879 -0.0465369
28.0377 4.25226 -0.0526744
28.0377 4.31572 -0.0585995
28.0377 4.37919 -0.0642889
28.0377 4.44266 -0.0697192
28.0377 4.50612 -0.074869
28.0377 4.56959 -0.0797171
28.0377 4.63306 -0.0842444
28.0377 4.69652 -0.0884325
28.0377 4.75999 -0.0922644
28.0377 4.82346 -0.0957248
28.0377 4.88692 -0.0987997
28.0377 4.95039 -0.101477
28.0377 5.01385 -0.103745
28.0377 5.07732 -0.105596
28.0377 5.14079 -0.107021
28.0377 5.20425 -0.108016
28.0377 5.26772 -0.108576
28.0377 5.33119 -0.108698
28.0377 5.39465 -0.108383
28.0377 5.45812 -0.107631
28.0377 5.52159 -0.106447
28.0377 5.58505 -0.104833
28.0377 5.64852 -0.102797
28.0377 5.71199 -0.100347
28.0377 5.77545 -0.0974935
28.0377 5.83892 -0.0942474
28.0377 5.90239 -0.0906214
28.0377 5.96585 -0.0866306
28.0377 6.02932 -0.0822912
28.0377 6.09279 -0.0776202
28.0377 6.15625 -0.0726367
28.0377 6.21972 -0.0673609
28.0377 6.28319 -0.0618136
29.0387 0 0.43428
29.0387 0.0634665 0.415473
29.0387 0.126933 0.394994
29.0387 0.1904 0.372924
29.0387 0.253866 0.349352
29.0387 0.317333 0.324374
29.0387 0.380799 0.29809
29.0387 0.444266 0.270605
29.0387 0.507732 0.242031
29.0387 0.571199 0.212482
29.0387 0.634665 0.182077
29.0387 0.698132 0.15094
29.0387 0.761598 0.119194
29.0387 0.825065 0.086969
29.0387 0.888531 0.0543934
29.0387 0.951998 0.0215989
29.0387 1.01546 -0.0112828
29.0387 1.07893 -0.0441188
29.0387 1.1424 -0.0767772
29.0387 1.20586 -0.109127
29.0387 1.26933 -0.141036
29.0387 1.3328 -0.172379
29.0387 1.39626 -0.203026
29.0387 1.45973 -0.232857
29.0387 1.5232 -0.26175
29.0387 1.58666 -0.289588
29.0387 1.65013 -0.316261
29.0387 1.7136 -0.34166
29.0387 1.77706 -0.365684
29.0387 1.84053 -0.388235
29.0387 1.904 -0.409223
29.0387 1.96746 -0.428563
29.0387 2.03093 -0.446177
29.0387 2.0944 -0.461995
29.0387 2.15786 -0.475952
29.0387 2.22133 -0.487993
29.0387 2.28479 -0.498068
29.0387 2.34826 -0.506139
29.0387 2.41173 -0.512171
29.0387 2.47519 -0.516141
29.0387 2.53866 -0.518033
29.0387 2.60213 -0.517839
29.0387 2.66559 -0.51556
29.0387 2.72906 -0.511203
29.0387 2.79253 -0.50479
29.0387 2.85599 -0.496344
29.0387 2.91946 -0.485898
29.0387 2.98293 -0.473497
29.0387 3.04639 -0.459189
29.0387 3.10986 -0.443032
29.0387 3.17333 -0.42509
29.0387 3.23679 -0.405438
29.0387 3.30026 -0.384153
29.0387 3.36373 -0.36132
29.0387 3.42719 -0.337033
29.0387 3.49066 -0.311389
29.0387 3.55413 -0.284491
29.0387 3.61759 -0.256447
29.0387 3.68106 -0.227371
29.0387 3.74452 -0.197379
29.0387 3.80799 -0.166593
29.0387 3.87146 -0.135135
29.0387 3.93492 -0.103134
29.0387 3.99839 -0.0707168
29.0387 4.06186 -0.0380152
29.0387 4.12532 -0.00516057
29.0387 4.18879 0.0277148
29.0387 4.25226 0.0604787
29.0387 4.31572 0.092999
29.0387 4.37919 0.125145
29.0387 4.44266 0.156786
29.0387 4.50612 0.187797
29.0387 4.56959 0.218051
29.0387 4.63306 0.247428
29.0387 4.69652 0.275808
29.0387 4.75999 0.303077
29.0387 4.82346 0.329126
29.0387 4.88692 0.35385
29.0387 4.95039 0.377149
29.0387 5.01385 0.398929
29.0387 5.07732 0.419103
29.0387 5.14079 0.43759
29.0387 5.20425 0.454314
29.0387 5.26772 0.469209
29.0387 5.33119 0.482215
29.0387 5.39465 0.493279
29.0387 5.45812 0.502357
29.0387 5.52159 0.509411
29.0387 5.58505 0.514415
29.0387 5.64852 0.517348
29.0387 5.71199 0.518197
29.0387 5.77545 0.516959
29.0387 5.83892 0.51364
29.0387 5.90239 0.508252
29.0387 5.96585 0.500819
29.0387 6.02932 0.491368
29.0387 6.09279 0.47994
29.0387 6.15625 0.466578
29.0387 6.21972 0.451337
29.0387 6.28319 0.43428
30.0397 0 0.176182
30.0397 0.0634665 0.18851
30.0397 0.126933 0.200079
30.0397 0.1904 0.210843
30.0397 0.253866 0.220757
30.0397 0.317333 0.229783
30.0397 0.380799 0.237883
30.0397 0.444266 0.245026
30.0397 0.507732 0.251181
30.0397 0.571199 0.256326
30.0397 0.634665 0.260438
30.0397 0.698132 0.263502
30.0397 0.761598 0.265504
30.0397 0.825065 0.266438
30.0397 0.888531 0.266298
30.0397 0.951998 0.265086
30.0397 1.01546 0.262807
30.0397 1.07893 0.25947
30.0397 1.1424 0.255088
30.0397 1.20586 0.249678
30.0397 1.26933 0.243264
30.0397 1.3328 0.23587
30.0397 1.39626 0.227526
30.0397 1.45973 0.218266
30.0397 1.5232 0.208126
30.0397 1.58666 0.19715
30.0397 1.65013 0.185379
30.0397 1.7136 0.172861
30.0397 1.77706 0.159648
30.0397 1.84053 0.145791
30.0397 1.904 0.131348
30.0397 1.96746 0.116376
30.0397 2.03093 0.100935
30.0397 2.0944 0.085088
30.0397 2.15786 0.0688982
30.0397 2.22133 0.0524309
30.0397 2.28479 0.0357525
30.0397 2.34826 0.01893
30.0397 2.41173 0.00203149
30.0397 2.47519 -0.0148752
30.0397 2.53866 -0.0317221
30.0397 2.60213 -0.0484414
30.0397 2.66559 -0.0649655
30.0397 2.72906 -0.0812279
30.0397 2.79253 -0.0971633
30.0397 2.85599 -0.112707
30.0397 2.91946 -0.127798
30.0397 2.98293 -0.142374
30.0397 3.04639 -0.156376
30.0397 3.10986 -0.169749
30.0397 3.17333 -0.182438
30.0397 3.23679 -0.194393
30.0397 3.30026 -0.205565
30.0397 3.36373 -0.215909
30.0397 3.42719 -0.225384
30.0397 3.49066 -0.233951
30.0397 3.55413 -0.241576
30.0397 3.61759 -0.248228
30.0397 3.68106 -0.253881
30.0397 3.74452 -0.258512
30.0397 3.80799 -0.262102
30.0397 3.87146 -0.264636
30.0397 3.93492 -0.266105
30.0397 3.99839 -0.266502
30.0397 4.06186 -0.265826
30.0397 4.12532 -0.26408
30.0397 4.18879 -0.26127
30.0397 4.25226 -0.257408
30.0397 4.31572 -0.25251
30.0397 4.37919 -0.246595
30.0397 4.44266 -0.239687
30.0397 4.50612 -0.231814
30.0397 4.56959 -0.223008
30.0397 4.63306 -0.213304
30.0397 4.69652 -0.20274
30.0397 4.75999 -0.19136
30.0397 4.82346 -0.17921
30.0397 4.88692 -0.166338
30.0397 4.95039 -0.152797
30.0397 5.01385 -0.13864
30.0397 5.07732 -0.123925
30.0397 5.14079 -0.108711
30.0397 5.20425 -0.0930584
30.0397 5.26772 -0.0770318
30.0397 5.33119 -0.0606949
30.0397 5.39465 -0.0441138
30.0397 5.45812 -0.0273551
30.0397 5.52159 -0.010486
30.0397 5.58505 0.00642508
30.0397 5.64852 0.0233105
30.0397 5.71199 0.0401019
30.0397 5.77545 0.056732
30.0397 5.83892 0.0731335
30.0397 5.90239 0.0892406
30.0397 5.96585 0.104988
30.0397 6.02932 0.120313
30.0397 6.09279 0.135154
30.0397 6.15625 0.14945
30.0397 6.21972 0.163144
30.0397 6.28319 0.176182
31.0407 0 -0.30622
31.0407 0.0634665 -0.315164
31.0407 0.126933 -0.322838
31.0407 0.1904 -0.329212
31.0407 0.253866 -0.334261
31.0407 0.317333 -0.337964
31.0407 0.380799 -0.340306
31.0407 0.444266 -0.341278
31.0407 0.507732 -0.340875
31.0407 0.571199 -0.3391
31.0407 0.634665 -0.33596
31.0407 0.698132 -0.331467
31.0407 0.761598 -0.325639
31.0407 0.825065 -0.318499
31.0407 0.888531 -0.310078
31.0407 0.951998 -0.300407
31.0407 1.01546 -0.289527
31.0407 1.07893 -0.277482
31.0407 1.1424 -0.264319
31.0407 1.20586 -0.250091
31.0407 1.26933 -0.234857
31.0407 1.3328 -0.218677
31.0407 1.39626 -0.201616
31.0407 1.45973 -0.183744
31.0407 1.5232 -0.165132
31.0407 1.58666 -0.145854
31.0407 1.65013 -0.125989
31.0407 1.7136 -0.105618
31.0407 1.77706 -0.0848207
31.0407 1.84053 -0.0636817
31.0407 1.904 -0.0422867
31.0407 1.96746 -0.0207213
31.0407 2.03093 0.000927512
31.0407 2.0944 0.0225727
31.0407 2.15786 0.0441268
31.0407 2.22133 0.0655033
31.0407 2.28479 0.0866161
31.0407 2.34826 0.10738
31.0407 2.41173 0.127712
31.0407 2.47519 0.147529
31.0407 2.53866 0.166752
31.0407 2.60213 0.185304
31.0407 2.66559 0.20311
31.0407 2.72906 0.220098
31.0407 2.79253 0.236199
31.0407 2.85599 0.25135
31.0407 2.91946 0.265489
31.0407 2.98293 0.278558
31.0407 3.04639 0.290506
31.0407 3.10986 0.301284
31.0407 3.17333 0.310848
31.0407 3.23679 0.319162
31.0407 3.30026 0.326189
31.0407 3.36373 0.331904
31.0407 3.42719 0.336282
31.0407 3.49066 0.339306
31.0407 3.55413 0.340964
31.0407 3.61759 0.341249
31.0407 3.68106 0.340159
31.0407 3.74452 0.337701
31.0407 3.80799 0.333881
31.0407 3.87146 0.328718
31.0407 3.93492 0.322232
31.0407 3.99839 0.314447
31.0407 4.06186 0.305396
31.0407 4.12532 0.295116
31.0407 4.18879 0.283647
31.0407 4.25226 0.271037
31.0407 4.31572 0.257335
31.0407 4.37919 0.242596
31.0407 4.44266 0.226881
31.0407 4.50612 0.210252
31.0407 4.56959 0.192777
31.0407 4.63306 0.174525
31.0407 4.69652 0.155571
31.0407 4.75999 0.13599
31.0407 4.82346 0.115862
31.0407 4.88692 0.0952671
31.0407 4.95039 0.0742886
31.0407 5.01385 0.053011
31.0407 5.07732 0.03152
31.0407 5.14079 0.00990189
31.0407 5.20425 -0.0117561
31.0407 5.26772 -0.0333666
31.0407 5.33119 -0.0548428
31.0407 5.39465 -0.0760981
31.0407 5.45812 -0.0970469
31.0407 5.52159 -0.117605
31.0407 5.58505 -0.13769
31.0407 5.64852 -0.15722
31.0407 5.71199 -0.176117
31.0407 5.77545 -0.194305
31.0407 5.83892 -0.211711
31.0407 5.90239 -0.228264
31.0407 5.96585 -0.243897
31.0407 6.02932 -0.25855
31.0407 6.09279 -0.27216
31.0407 6.15625 -0.284675
31.0407 6.21972 -0.296044
31.0407 6.28319 -0.30622
32.0417 0 -0.120695
32.0417 0.0634665 -0.115807
32.0417 0.126933 -0.110452
32.0417 0.1904 -0.104653
32.0417 0.253866 -0.0984319
32.0417 0.317333 -0.0918148
32.0417 0.380799 -0.0848279
32.0417 0.444266 -0.0774996
32.0417 0.507732 -0.0698592
32.0417 0.571199 -0.0619375
32.0417 0.634665 -0.0537664
32.0417 0.698132 -0.0453788
32.0417 0.761598 -0.0368084
32.0417 0.825065 -0.02809
32.0417 0.888531 -0.0192582
32.0417 0.951998 -0.010349
32.0417 1.01546 -0.00139813
32.0417 1.07893 0.00755842
32.0417 1.1424 0.0164845
32.0417 1.20586 0.0253442
32.0417 1.26933 0.0341018
32.0417 1.3328 0.0427222
32.0417 1.39626 0.0511706
32.0417 1.45973 0.0594128
32.0417 1.5232 0.0674158
32.0417 1.58666 0.0751474
32.0417 1.65013 0.0825764
32.0417 1.7136 0.0896728
32.0417 1.77706 0.0964083
32.0417 1.84053 0.102755
32.0417 1.904 0.108689
32.0417 1.96746 0.114185
32.0417 2.03093 0.119221
32.0417 2.0944 0.123776
32.0417 2.15786 0.127834
32.0417 2.22133 0.131377
32.0417 2.28479 0.13439
32.0417 2.34826 0.136863
32.0417 2.41173 0.138785
32.0417 2.47519 0.140148
32.0417 2.53866 0.140946
32.0417 2.60213 0.141177
32.0417 2.66559 0.140839
32.0417 2.72906 0.139934
32.0417 2.79253 0.138466
32.0417 2.85599 0.13644
32.0417 2.91946 0.133865
32.0417 2.98293 0.130751
32.0417 3.04639 0.12711
32.0417 3.10986 0.122958
32.0417 3.17333 0.11831
32.0417 3.23679 0.113186
32.0417 3.30026 0.107607
32.0417 3.36373 0.101593
32.0417 3.42719 0.0951713
32.0417 3.49066 0.088366
32.0417 3.55413 0.0812048
32.0417 3.61759 0.0737166
32.0417 3.68106 0.0659316
32.0417 3.74452 0.0578812
32.0417 3.80799 0.0495977
32.0417 3.87146 0.0411143
32.0417 3.93492 0.0324655
32.0417 3.99839 0.023686
32.0417 4.06186 0.0148111
32.0417 4.12532 0.00587643
32.0417 4.18879 -0.0030817
32.0417 4.25226 -0.0120275
32.0417 4.31572 -0.0209249
32.0417 4.37919 -0.0297381
32.0417 4.44266 -0.0384314
32.0417 4.50612 -0.04697
32.0417 4.56959 -0.0553195
32.0417 4.63306 -0.0634462
32.0417 4.69652 -0.0713174
32.0417 4.75999 -0.0789016
32.0417 4.82346 -0.086168
32.0417 4.88692 -0.0930873
32.0417 4.95039 -0.099632
32.0417 5.01385 -0.105775
32.0417 5.07732 -0.111493
32.0417 5.14079 -0.116762
32.0417 5.20425 -0.12156
32.0417 5.26772 -0.125869
32.0417 5.33119 -0.129671
32.0417 5.39465 -0.132951
32.0417 5.45812 -0.135695
32.0417 5.52159 -0.137893
32.0417 5.58505 -0.139536
32.0417 5.64852 -0.140618
32.0417 5.71199 -0.141132
32.0417 5.77545 -0.141079
32.0417 5.83892 -0.140457
32.0417 5.90239 -0.13927
32.0417 5.96585 -0.137523
32.0417 6.02932 -0.135221
32.0417 6.09279 -0.132375
32.0417 6.15625 -0.128996
32.0417 6.21972 -0.125097
32.0417 6.28319 -0.120695
33.0427 0 0.117037
33.0427 0.0634665 0.125379
33.0427 0.126933 0.133215
33.0427 0.1904 0.140514
33.0427 0.253866 0.147248
33.0427 0.317333 0.153389
33.0427 0.380799 0.158913
33.0427 0.444266 0.163796
33.0427 0.507732 0.16802
33.0427 0.571199 0.171567
33.0427 0.634665 0.174424
33.0427 0.698132 0.176578
33.0427 0.761598 0.178022
33.0427 0.825065 0.178748
33.0427 0.888531 0.178755
33.0427 0.951998 0.178042
33.0427 1.01546 0.176611
33.0427 1.07893 0.17447
33.0427 1.1424 0.171626
33.0427 1.20586 0.168092
33.0427 1.26933 0.16388
33.0427 1.3328 0.159008
33.0427 1.39626 0.153496
33.0427 1.45973 0.147366
33.0427 1.5232 0.140643
33.0427 1.58666 0.133354
33.0427 1.65013 0.125527
33.0427 1.7136 0.117195
33.0427 1.77706 0.108391
33.0427 1.84053 0.0991507
33.0427 1.904 0.089511
33.0427 1.96746 0.0795109
33.0427 2.03093 0.0691906
33.0427 2.0944 0.0585917
33.0427 2.15786 0.047757
33.0427 2.22133 0.0367299
33.0427 2.28479 0.0255549
33.0427 2.34826 0.0142771
33.0427 2.41173 0.00294171
33.0427 2.47519 -0.0084055
33.0427 2.53866 -0.0197188
33.0427 2.60213 -0.0309528
33.0427 2.66559 -0.0420622
33.0427 2.72906 -0.053002
33.0427 2.79253 -0.0637287
33.0427 2.85599 -0.0741987
33.0427 2.91946 -0.0843698
33.0427 2.98293 -0.0942012
33.0427 3.04639 -0.103653
33.0427 3.10986 -0.112688
33.0427 3.17333 -0.121269
33.0427 3.23679 -0.129361
33.0427 3.30026 -0.136933
33.0427 3.36373 -0.143954
33.0427 3.42719 -0.150395
33.0427 3.49066 -0.15623
33.0427 3.55413 -0.161436
33.0427 3.61759 -0.165992
33.0427 3.68106 -0.16988
33.0427 3.74452 -0.173083
33.0427 3.80799 -0.17559
33.0427 3.87146 -0.177389
33.0427 3.93492 -0.178475
33.0427 3.99839 -0.178841
33.0427 4.06186 -0.178488
33.0427 4.12532 -0.177416
33.0427 4.18879 -0.175629
33.0427 4.25226 -0.173136
33.0427 4.31572 -0.169944
33.0427 4.37919 -0.166069
33.0427 4.44266 -0.161525
33.0427 4.50612 -0.156331
33.0427 4.56959 -0.150507
33.0427 4.63306 -0.144077
33.0427 4.69652 -0.137067
33.0427 4.75999 -0.129506
33.0427 4.82346 -0.121422
33.0427 4.88692 -0.11285
33.0427 4.95039 -0.103823
33.0427 5.01385 -0.0943782
33.0427 5.07732 -0.0845534
33.0427 5.14079 -0.0743882
33.0427 5.20425 -0.0639234
33.0427 5.26772 -0.0532011
33.0427 5.33119 -0.0422647
33.0427 5.39465 -0.031158
33.0427 5.45812 -0.0199261
33.0427 5.52159 -0.00861376
33.0427 5.58505 0.00273323
33.0427 5.64852 0.0140693
33.0427 5.71199 0.0253486
33.0427 5.77545 0.0365258
33.0427 5.83892 0.047556
33.0427 5.90239 0.0583949
33.0427 5.96585 0.0689983
33.0427 6.02932 0.079324
33.0427 6.09279 0.0893303
33.0427 6.15625 0.0989771
33.0427 6.21972 0.108225
33.0427 6.28319 0.117037
34.0437 0 -0.0508216
34.0437 0.0634665 -0.0519664
34.0437 0.126933 -0.0529018
34.0437 0.1904 -0.0536241
34.0437 0.253866 -0.0541306
34.0437 0.317333 -0.0544192
34.0437 0.380799 -0.0544885
34.0437 0.444266 -0.0543385
34.0437 0.507732 -0.0539696
34.0437 0.571199 -0.0533835
34.0437 0.634665 -0.0525824
34.0437 0.698132 -0.0515696
34.0437 0.761598 -0.050349
34.0437 0.825065 -0.0489258
34.0437 0.888531 -0.0473055
34.0437 0.951998 -0.0454949
34.0437 1.01546 -0.043501
34.0437 1.07893 -0.0413319
34.0437 1.1424 -0.0389964
34.0437 1.20586 -0.0365038
34.0437 1.26933 -0.0338644
34.0437 1.3328 -0.0310885
34.0437 1.39626 -0.0281875
34.0437 1.45973 -0.0251729
34.0437 1.5232 -0.0220569
34.0437 1.58666 -0.0188522
34.0437 1.65013 -0.0155715
34.0437 1.7136 -0.0122282
34.0437 1.77706 -0.00883577
34.0437 1.84053 -0.00540747
34.0437 1.904 -0.00195754
34.0437 1.96746 0.00150026
34.0437 2.03093 0.00495204
34.0437 2.0944 0.00838387
34.0437 2.15786 0.011782
34.0437 2.22133 0.0151326
34.0437 2.28479 0.0184224
34.0437 2.34826 0.0216378
34.0437 2.41173 0.0247662
34.0437 2.47519 0.0277948
34.0437 2.53866 0.0307117
34.0437 2.60213 0.0335048
34.0437 2.66559 0.0361629
34.0437 2.72906 0.0386754
34.0437 2.79253 0.0410322
34.0437 2.85599 0.0432239
34.0437 2.91946 0.0452414
34.0437 2.98293 0.0470769
34.0437 3.04639 0.0487227
34.0437 3.10986 0.0501723
34.0437 3.17333 0.05142
34.0437 3.23679 0.0524604
34.0437 3.30026 0.0532898
34.0437 3.36373 0.0539045
34.0437 3.42719 0.0543022
34.0437 3.49066 0.0544812
34.0437 3.55413 0.0544409
34.0437 3.61759 0.0541813
34.0437 3.68106 0.0537036
34.0437 3.74452 0.0530096
34.0437 3.80799 0.0521021
34.0437 3.87146 0.0509849
34.0437 3.93492 0.0496624
34.0437 3.99839 0.0481399
34.0437 4.06186 0.0464236
34.0437 4.12532 0.0445204
34.0437 4.18879 0.0424378
34.0437 4.25226 0.0401844
34.0437 4.31572 0.0377691
34.0437 4.37919 0.0352017
34.0437 4.44266 0.0324928
34.0437 4.50612 0.0296529
34.0437 4.56959 0.0266936
34.0437 4.63306 0.0236268
34.0437 4.69652 0.0204649
34.0437 4.75999 0.0172206
34.0437 4.82346 0.013907
34.0437 4.88692 0.0105372
34.0437 4.95039 0.00712518
34.0437 5.01385 0.0036844
34.0437 5.07732 0.000228714
34.0437 5.14079 -0.0032277
34.0437 5.20425 -0.00667123
34.0437 5.26772 -0.0100881
34.0437 5.33119 -0.013464
34.0437 5.39465 -0.0167859
34.0437 5.45812 -0.0200402
34.0437 5.52159 -0.0232137
34.0437 5.58505 -0.0262937
34.0437 5.64852 -0.029268
34.0437 5.71199 -0.0321244
34.0437 5.77545 -0.0348514
34.0437 5.83892 -0.037438
34.0437 5.90239 -0.0398739
34.0437 5.96585 -0.0421493
34.0437 6.02932 -0.0442549
34.0437 6.09279 -0.0461823
34.0437 6.15625 -0.0479239
34.0437 6.21972 -0.0494724
34.0437 6.28319 -0.0508217
35.0447 0 -0.193771
35.0447 0.0634665 -0.202631
35.0447 0.126933 -0.210675
35.0447 0.1904 -0.21787
35.0447 0.253866 -0.224189
35.0447 0.317333 -0.229604
35.0447 0.380799 -0.234095
35.0447 0.444266 -0.237644
35.0447 0.507732 -0.240236
35.0447 0.571199 -0.24186
35.0447 0.634665 -0.24251
35.0447 0.698132 -0.242184
35.0447 0.761598 -0.240883
35.0447 0.825065 -0.238611
35.0447 0.888531 -0.235379
35.0447 0.951998 -0.231199
35.0447 1.01546 -0.226089
35.0447 1.07893 -0.220067
35.0447 1.1424 -0.21316
35.0447 1.20586 -0.205395
35.0447 1.26933 -0.196802
35.0447 1.3328 -0.187417
35.0447 1.39626 -0.177277
35.0447 1.45973 -0.166423
35.0447 1.5232 -0.154899
35.0447 1.58666 -0.142752
35.0447 1.65013 -0.13003
35.0447 1.7136 -0.116784
35.0447 1.77706 -0.103068
35.0447 1.84053 -0.0889365
35.0447 1.904 -0.0744472
35.0447 1.96746 -0.0596581
35.0447 2.03093 -0.0446288
35.0447 2.0944 -0.0294199
35.0447 2.15786 -0.0140924
35.0447 2.22133 0.00129172
35.0447 2.28479 0.0166707
35.0447 2.34826 0.0319826
35.0447 2.41173 0.0471656
35.0447 2.47519 0.0621588
35.0447 2.53866 0.0769017
35.0447 2.60213 0.0913349
35.0447 2.66559 0.1054
35.0447 2.72906 0.119041
35.0447 2.79253 0.132203
35.0447 2.85599 0.144832
35.0447 2.91946 0.156879
35.0447 2.98293 0.168293
35.0447 3.04639 0.17903
35.0447 3.10986 0.189046
35.0447 3.17333 0.1983
35.0447 3.23679 0.206757
35.0447 3.30026 0.21438
35.0447 3.36373 0.221141
35.0447 3.42719 0.227011
35.0447 3.49066 0.231967
35.0447 3.55413 0.235988
35.0447 3.61759 0.23906
35.0447 3.68106 0.241169
35.0447 3.74452 0.242307
35.0447 3.80799 0.242469
35.0447 3.87146 0.241655
35.0447 3.93492 0.239868
35.0447 3.99839 0.237115
35.0447 4.06186 0.233407
35.0447 4.12532 0.228759
35.0447 4.18879 0.223191
35.0447 4.25226 0.216723
35.0447 4.31572 0.209383
35.0447 4.37919 0.2012
35.0447 4.44266 0.192206
35.0447 4.50612 0.182439
35.0447 4.56959 0.171937
35.0447 4.63306 0.160742
35.0447 4.69652 0.148901
35.0447 4.75999 0.13646
35.0447 4.82346 0.123469
35.0447 4.88692 0.109981
35.0447 4.95039 0.0960503
35.0447 5.01385 0.081733
35.0447 5.07732 0.0670864
35.0447 5.14079 0.0521697
35.0447 5.20425 0.037043
35.0447 5.26772 0.0217671
35.0447 5.33119 0.00640352
35.0447 5.39465 -0.00898584
35.0447 5.45812 -0.0243389
35.0447 5.52159 -0.039594
35.0447 5.58505 -0.0546898
35.0447 5.64852 -0.0695652
35.0447 5.71199 -0.0841606
35.0447 5.77545 -0.0984171
35.0447 5.83892 -0.112277
35.0447 5.90239 -0.125685
35.0447 5.96585 -0.138587
35.0447 6.02932 -0.150931
35.0447 6.09279 -0.162668
35.0447 6.15625 -0.173749
35.0447 6.21972 -0.18413
35.0447 6.28319 -0.193771
36.0457 0 -0.0394234
36.0457 0.0634665 -0.0566222
36.0457 0.126933 -0.073593
36.0457 0.1904 -0.0902674
36.0457 0.253866 -0.106578
36.0457 0.317333 -0.12246
36.0457 0.380799 -0.137849
36.0457 0.444266 -0.152683
36.0457 0.507732 -0.166901
36.0457 0.571199 -0.180448
36.0457 0.634665 -0.193269
36.0457 0.698132 -0.20531
36.0457 0.761598 -0.216526
36.0457 0.825065 -0.226869
36.0457 0.888531 -0.236299
36.0457 0.951998 -0.244777
36.0457 1.01546 -0.25227
36.0457 1.07893 -0.258747
36.0457 1.1424 -0.264182
36.0457 1.20586 -0.268553
36.0457 1.26933 -0.271843
36.0457 1.3328 -0.274039
36.0457 1.39626 -0.275131
36.0457 1.45973 -0.275114
36.0457 1.5232 -0.273991
36.0457 1.58666 -0.271764
36.0457 1.65013 -0.268442
36.0457 1.7136 -0.26404
36.0457 1.77706 -0.258575
36.0457 1.84053 -0.252068
36.0457 1.904 -0.244546
36.0457 1.96746 -0.23604
36.0457 2.03093 -0.226583
36.0457 2.0944 -0.216214
36.0457 2.15786 -0.204974
36.0457 2.22133 -0.192909
36.0457 2.28479 -0.180067
36.0457 2.34826 -0.1665
36.0457 2.41173 -0.152263
36.0457 2.47519 -0.137412
36.0457 2.53866 -0.122008
36.0457 2.60213 -0.106113
36.0457 2.66559 -0.0897907
36.0457 2.72906 -0.0731068
36.0457 2.79253 -0.0561284
36.0457 2.85599 -0.038924
36.0457 2.91946 -0.021563
36.0457 2.98293 -0.00411508
36.0457 3.04639 0.0133494
36.0457 3.10986 0.0307601
36.0457 3.17333 0.048047
36.0457 3.23679 0.0651404
36.0457 3.30026 0.0819715
36.0457 3.36373 0.0984724
36.0457 3.42719 0.114577
36.0457 3.49066 0.13022
36.0457 3.55413 0.145339
36.0457 3.61759 0.159873
36.0457 3.68106 0.173762
36.0457 3.74452 0.186952
36.0457 3.80799 0.19939
36.0457 3.87146 0.211024
36.0457 3.93492 0.221809
36.0457 3.99839 0.231701
36.0457 4.06186 0.240659
36.0457 4.12532 0.248649
36.0457 4.18879 0.255637
36.0457 4.25226 0.261596
36.0457 4.31572 0.266502
36.0457 4.37919 0.270334
36.0457 4.44266 0.273079
36.0457 4.50612 0.274723
36.0457 4.56959 0.275261
36.0457 4.63306 0.274691
36.0457 4.69652 0.273015
36.0457 4.75999 0.270239
36.0457 4.82346 0.266375
36.0457 4.88692 0.261439
36.0457 4.95039 0.25545
36.0457 5.01385 0.248432
36.0457 5.07732 0.240414
36.0457 5.14079 0.231428
36.0457 5.20425 0.22151
36.0457 5.26772 0.2107
36.0457 5.33119 0.199042
36.0457 5.39465 0.186582
36.0457 5.45812 0.173371
36.0457 5.52159 0.159462
36.0457 5.58505 0.14491
36.0457 5.64852 0.129775
36.0457 5.71199 0.114118
36.0457 5.77545 0.0980012
36.0457 5.83892 0.0814898
36.0457 5.90239 0.0646501
36.0457 5.96585 0.0475501
36.0457 6.02932 0.0302587
36.0457 6.09279 0.0128455
36.0457 6.15625 -0.00461952
36.0457 6.21972 -0.0220659
36.0457 6.28319 -0.0394235
37.0467 0 0.0963563
37.0467 0.0634665 0.102817
37.0467 0.126933 0.108864
37.0467 0.1904 0.114472
37.0467 0.253866 0.11962
37.0467 0.317333 0.124286
37.0467 0.380799 0.128451
37.0467 0.444266 0.1321
37.0467 0.507732 0.135216
37.0467 0.571199 0.137788
37.0467 0.634665 0.139805
37.0467 0.698132 0.141259
37.0467 0.761598 0.142144
37.0467 0.825065 0.142457
37.0467 0.888531 0.142196
37.0467 0.951998 0.141363
37.0467 1.01546 0.13996
37.0467 1.07893 0.137994
37.0467 1.1424 0.135472
37.0467 1.20586 0.132405
37.0467 1.26933 0.128805
37.0467 1.3328 0.124686
37.0467 1.39626 0.120065
37.0467 1.45973 0.11496
37.0467 1.5232 0.109392
37.0467 1.58666 0.103385
37.0467 1.65013 0.0969603
37.0467 1.7136 0.0901455
37.0467 1.77706 0.0829679
37.0467 1.84053 0.0754561
37.0467 1.904 0.0676406
37.0467 1.96746 0.0595526
37.0467 2.03093 0.0512249
37.0467 2.0944 0.0426909
37.0467 2.15786 0.033985
37.0467 2.22133 0.0251422
37.0467 2.28479 0.0161982
37.0467 2.34826 0.007189
37.0467 2.41173 -0.00184915
37.0467 2.47519 -0.0108799
37.0467 2.53866 -0.0198668
37.0467 2.60213 -0.0287737
37.0467 2.66559 -0.0375647
37.0467 2.72906 -0.0462045
37.0467 2.79253 -0.0546583
37.0467 2.85599 -0.0628919
37.0467 2.91946 -0.0708724
37.0467 2.98293 -0.0785674
37.0467 3.04639 -0.0859461
37.0467 3.10986 -0.0929787
37.0467 3.17333 -0.0996369
37.0467 3.23679 -0.105894
37.0467 3.30026 -0.111724
37.0467 3.36373 -0.117105
37.0467 3.42719 -0.122014
37.0467 3.49066 -0.126432
37.0467 3.55413 -0.130341
37.0467 3.61759 -0.133725
37.0467 3.68106 -0.13657
37.0467 3.74452 -0.138866
37.0467 3.80799 -0.140602
37.0467 3.87146 -0.141773
37.0467 3.93492 -0.142372
37.0467 3.99839 -0.142398
37.0467 4.06186 -0.141851
37.0467 4.12532 -0.140732
37.0467 4.18879 -0.139047
37.0467 4.25226 -0.136802
37.0467 4.31572 -0.134006
37.0467 4.37919 -0.130671
37.0467 4.44266 -0.126809
37.0467 4.50612 -0.122437
37.0467 4.56959 -0.117571
37.0467 4.63306 -0.112233
37.0467 4.69652 -0.106442
37.0467 4.75999 -0.100223
37.0467 4.82346 -0.0936001
37.0467 4.88692 -0.0866003
37.0467 4.95039 -0.0792519
37.0467 5.01385 -0.0715844
37.0467 5.07732 -0.0636287
37.0467 5.14079 -0.0554166
37.0467 5.20425 -0.0469816
37.0467 5.26772 -0.0383572
37.0467 5.33119 -0.0295786
37.0467 5.39465 -0.0206806
37.0467 5.45812 -0.0116995
37.0467 5.52159 -0.00267129
37.0467 5.58505 0.00636767
37.0467 5.64852 0.0153811
37.0467 5.71199 0.0243325
37.0467 5.77545 0.033186
37.0467 5.83892 0.0419058
37.0467 5.90239 0.0504569
37.0467 5.96585 0.0588047
37.0467 6.02932 0.0669158
37.0467 6.09279 0.0747575
37.0467 6.15625 0.0822982
37.0467 6.21972 0.0895074
37.0467 6.28319 0.0963563
38.0477 0 -0.162961
38.0477 0.0634665 -0.179338
38.0477 0.126933 -0.194993
38.0477 0.1904 -0.209862
38.0477 0.253866 -0.223887
38.0477 0.317333 -0.23701
38.0477 0.380799 -0.249179
38.0477 0.444266 -0.260344
38.0477 0.507732 -0.270461
38.0477 0.571199 -0.279489
38.0477 0.634665 -0.287392
38.0477 0.698132 -0.294138
38.0477 0.761598 -0.299698
38.0477 0.825065 -0.304052
38.0477 0.888531 -0.307182
38.0477 0.951998 -0.309075
38.0477 1.01546 -0.309724
38.0477 1.07893 -0.309125
38.0477 1.1424 -0.307282
38.0477 1.20586 -0.304201
38.0477 1.26933 -0.299895
38.0477 1.3328 -0.294382
38.0477 1.39626 -0.287683
38.0477 1.45973 -0.279826
38.0477 1.5232 -0.270842
38.0477 1.58666 -0.260768
38.0477 1.65013 -0.249644
38.0477 1.7136 -0.237514
38.0477 1.77706 -0.224428
38.0477 1.84053 -0.210439
38.0477 1.904 -0.195602
38.0477 1.96746 -0.179977
38.0477 2.03093 -0.163627
38.0477 2.0944 -0.146619
38.0477 2.15786 -0.129021
38.0477 2.22133 -0.110903
38.0477 2.28479 -0.0923378
38.0477 2.34826 -0.0734012
38.0477 2.41173 -0.0541692
38.0477 2.47519 -0.034719
38.0477 2.53866 -0.015129
38.0477 2.60213 0.00452204
38.0477 2.66559 0.0241547
38.0477 2.72906 0.0436902
38.0477 2.79253 0.0630497
38.0477 2.85599 0.0821553
38.0477 2.91946 0.10093
38.0477 2.98293 0.119299
38.0477 3.04639 0.137187
38.0477 3.10986 0.154522
38.0477 3.17333 0.171236
38.0477 3.23679 0.18726
38.0477 3.30026 0.20253
38.0477 3.36373 0.216984
38.0477 3.42719 0.230565
38.0477 3.49066 0.243217
38.0477 3.55413 0.25489
38.0477 3.61759 0.265536
38.0477 3.68106 0.275114
38.0477 3.74452 0.283583
38.0477 3.80799 0.290911
38.0477 3.87146 0.297067
38.0477 3.93492 0.302027
38.0477 3.99839 0.305772
38.0477 4.06186 0.308284
38.0477 4.12532 0.309555
38.0477 4.18879 0.30958
38.0477 4.25226 0.308359
38.0477 4.31572 0.305895
38.0477 4.37919 0.3022
38.0477 4.44266 0.297288
38.0477 4.50612 0.291179
38.0477 4.56959 0.283898
38.0477 4.63306 0.275473
38.0477 4.69652 0.265939
38.0477 4.75999 0.255335
38.0477 4.82346 0.243702
38.0477 4.88692 0.231088
38.0477 4.95039 0.217543
38.0477 5.01385 0.203122
38.0477 5.07732 0.187884
38.0477 5.14079 0.171889
38.0477 5.20425 0.155202
38.0477 5.26772 0.137889
38.0477 5.33119 0.120022
38.0477 5.39465 0.101671
38.0477 5.45812 0.0829113
38.0477 5.52159 0.0638173
38.0477 5.58505 0.0444665
38.0477 5.64852 0.0249366
38.0477 5.71199 0.00530625
38.0477 5.77545 -0.0143455
38.0477 5.83892 -0.0339395
38.0477 5.90239 -0.0533968
38.0477 5.96585 -0.0726391
38.0477 6.02932 -0.0915888
38.0477 6.09279 -0.11017
38.0477 6.15625 -0.128307
38.0477 6.21972 -0.145928
38.0477 6.28319 -0.162961
39.0486 0 -0.0613034
39.0486 0.0634665 -0.0614548
39.0486 0.126933 -0.0613582
39.0486 0.1904 -0.0610151
39.0486 0.253866 -0.060426
39.0486 0.317333 -0.0595936
39.0486 0.380799 -0.0585212
39.0486 0.444266 -0.0572132
39.0486 0.507732 -0.055675
39.0486 0.571199 -0.0539124
39.0486 0.634665 -0.0519329
39.0486 0.698132 -0.0497442
39.0486 0.761598 -0.0473551
39.0486 0.825065 -0.0447754
39.0486 0.888531 -0.0420154
39.0486 0.951998 -0.0390862
39.0486 1.01546 -0.0359997
39.0486 1.07893 -0.0327681
39.0486 1.1424 -0.0294047
39.0486 1.20586 -0.0259228
39.0486 1.26933 -0.0223366
39.0486 1.3328 -0.0186603
39.0486 1.39626 -0.0149089
39.0486 1.45973 -0.0110977
39.0486 1.5232 -0.00724152
39.0486 1.58666 -0.00335633
39.0486 1.65013 0.000542451
39.0486 1.7136 0.00443892
39.0486 1.77706 0.00831761
39.0486 1.84053 0.0121628
39.0486 1.904 0.0159591
39.0486 1.96746 0.0196909
39.0486 2.03093 0.0233437
39.0486 2.0944 0.0269021
39.0486 2.15786 0.0303524
39.0486 2.22133 0.0336807
39.0486 2.28479 0.0368731
39.0486 2.34826 0.0399172
39.0486 2.41173 0.0428003
39.0486 2.47519 0.0455116
39.0486 2.53866 0.048039
39.0486 2.60213 0.0503734
39.0486 2.66559 0.0525048
39.0486 2.72906 0.0544249
39.0486 2.79253 0.0561258
39.0486 2.85599 0.0576003
39.0486 2.91946 0.0588435
39.0486 2.98293 0.0598494
39.0486 3.04639 0.0606142
39.0486 3.10986 0.0611352
39.0486 3.17333 0.0614099
39.0486 3.23679 0.0614375
39.0486 3.30026 0.0612175
39.0486 3.36373 0.0607511
39.0486 3.42719 0.06004
39.0486 3.49066 0.0590872
39.0486 3.55413 0.0578965
39.0486 3.61759 0.0564726
39.0486 3.68106 0.0548213
39.0486 3.74452 0.0529493
39.0486 3.80799 0.0508641
39.0486 3.87146 0.0485741
39.0486 3.93492 0.0460885
39.0486 3.99839 0.0434172
39.0486 4.06186 0.0405713
39.0486 4.12532 0.0375619
39.0486 4.18879 0.0344011
39.0486 4.25226 0.031102
39.0486 4.31572 0.0276776
39.0486 4.37919 0.0241418
39.0486 4.44266 0.0205087
39.0486 4.50612 0.0167932
39.0486 4.56959 0.0130098
39.0486 4.63306 0.00917429
39.0486 4.69652 0.00530153
39.0486 4.75999 0.00140766
39.0486 4.82346 -0.00249186
39.0486 4.88692 -0.00638136
39.0486 4.95039 -0.0102452
39.0486 5.01385 -0.014068
39.0486 5.07732 -0.017834
39.0486 5.14079 -0.0215281
39.0486 5.20425 -0.0251356
39.0486 5.26772 -0.0286417
39.0486 5.33119 -0.0320327
39.0486 5.39465 -0.0352946
39.0486 5.45812 -0.0384146
39.0486 5.52159 -0.0413798
39.0486 5.58505 -0.0441783
39.0486 5.64852 -0.0467989
39.0486 5.71199 -0.0492311
39.0486 5.77545 -0.0514651
39.0486 5.83892 -0.0534917
39.0486 5.90239 -0.0553034
39.0486 5.96585 -0.0568918
39.0486 6.02932 -0.0582513
39.0486 6.09279 -0.0593762
39.0486 6.15625 -0.060262
39.0486 6.21972 -0.0609054
39.0486 6.28319 -0.0613035
40.0496 0 0.222372
40.0496 0.0634665 0.229548
40.0496 0.126933 0.2358
40.0496 0.1904 0.241102
40.0496 0.253866 0.245433
40.0496 0.317333 0.248776
40.0496 0.380799 0.251117
40.0496 0.444266 0.252447
40.0496 0.507732 0.252761
40.0496 0.571199 0.252057
40.0496 0.634665 0.250337
40.0496 0.698132 0.24761
40.0496 0.761598 0.243886
40.0496 0.825065 0.23918
40.0496 0.888531 0.23351
40.0496 0.951998 0.226901
40.0496 1.01546 0.219378
40.0496 1.07893 0.210971
40.0496 1.1424 0.201715
40.0496 1.20586 0.191646
40.0496 1.26933 0.180806
40.0496 1.3328 0.169238
40.0496 1.39626 0.156988
40.0496 1.45973 0.144106
40.0496 1.5232 0.130645
40.0496 1.58666 0.116657
40.0496 1.65013 0.102199
40.0496 1.7136 0.0873295
40.0496 1.77706 0.0721085
40.0496 1.84053 0.0565973
40.0496 1.904 0.0408581
40.0496 1.96746 0.0249543
40.0496 2.03093 0.00895012
40.0496 2.0944 -0.00709001
40.0496 2.15786 -0.0231018
40.0496 2.22133 -0.0390204
40.0496 2.28479 -0.054782
40.0496 2.34826 -0.0703229
40.0496 2.41173 -0.0855806
40.0496 2.47519 -0.100494
40.0496 2.53866 -0.115002
40.0496 2.60213 -0.129048
40.0496 2.66559 -0.142574
40.0496 2.72906 -0.155525
40.0496 2.79253 -0.167851
40.0496 2.85599 -0.179501
40.0496 2.91946 -0.190427
40.0496 2.98293 -0.200587
40.0496 3.04639 -0.20994
40.0496 3.10986 -0.218447
40.0496 3.17333 -0.226074
40.0496 3.23679 -0.232791
40.0496 3.30026 -0.238571
40.0496 3.36373 -0.24339
40.0496 3.42719 -0.247229
40.0496 3.49066 -0.250073
40.0496 3.55413 -0.251909
40.0496 3.61759 -0.252731
40.0496 3.68106 -0.252536
40.0496 3.74452 -0.251323
40.0496 3.80799 -0.249099
40.0496 3.87146 -0.245872
40.0496 3.93492 -0.241655
40.0496 3.99839 -0.236464
40.0496 4.06186 -0.230321
40.0496 4.12532 -0.223251
40.0496 4.18879 -0.215282
40.0496 4.25226 -0.206447
40.0496 4.31572 -0.196779
40.0496 4.37919 -0.18632
40.0496 4.44266 -0.17511
40.0496 4.50612 -0.163195
40.0496 4.56959 -0.150623
40.0496 4.63306 -0.137445
40.0496 4.69652 -0.123713
40.0496 4.75999 -0.109483
40.0496 4.82346 -0.0948119
40.0496 4.88692 -0.0797592
40.0496 4.95039 -0.0643853
40.0496 5.01385 -0.048752
40.0496 5.07732 -0.0329229
40.0496 5.14079 -0.0169607
40.0496 5.20425 -0.000930382
40.0496 5.26772 0.0151035
40.0496 5.33119 0.0310768
40.0496 5.39465 0.046925
40.0496 5.45812 0.0625839
40.0496 5.52159 0.0779911
40.0496 5.58505 0.0930842
40.0496 5.64852 0.107802
40.0496 5.71199 0.122087
40.0496 5.77545 0.135879
40.0496 5.83892 0.149125
40.0496 5.90239 0.16177
40.0496 5.96585 0.173763
40.0496 6.02932 0.185057
40.0496 6.09279 0.195606
40.0496 6.15625 0.205367
40.0496 6.21972 0.214301
40.0496 6.28319 0.222372
41.0506 0 0.116673
41.0506 0.0634665 0.12188
41.0506 0.126933 0.126596
41.0506 0.1904 0.130802
41.0506 0.253866 0.134482
41.0506 0.317333 0.13762
41.0506 0.380799 0.140204
41.0506 0.444266 0.142224
41.0506 0.507732 0.143671
41.0506 0.571199 0.144539
41.0506 0.634665 0.144826
41.0506 0.698132 0.144529
41.0506 0.761598 0.14365
41.0506 0.825065 0.142193
41.0506 0.888531 0.140163
41.0506 0.951998 0.137569
41.0506 1.01546 0.134421
41.0506 1.07893 0.130731
41.0506 1.1424 0.126516
41.0506 1.20586 0.12179
41.0506 1.26933 0.116575
41.0506 1.3328 0.11089
41.0506 1.39626 0.104758
41.0506 1.45973 0.098205
41.0506 1.5232 0.091256
41.0506 1.58666 0.0839398
41.0506 1.65013 0.0762856
41.0506 1.7136 0.0683243
41.0506 1.77706 0.0600877
41.0506 1.84053 0.0516092
41.0506 1.904 0.0429228
41.0506 1.96746 0.0340636
41.0506 2.03093 0.0250675
41.0506 2.0944 0.0159704
41.0506 2.15786 0.00680883
41.0506 2.22133 -0.00238019
41.0506 2.28479 -0.0115595
41.0506 2.34826 -0.0206924
41.0506 2.41173 -0.0297419
41.0506 2.47519 -0.0386716
41.0506 2.53866 -0.0474457
41.0506 2.60213 -0.0560286
41.0506 2.66559 -0.064386
41.0506 2.72906 -0.0724841
41.0506 2.79253 -0.0802903
41.0506 2.85599 -0.0877734
41.0506 2.91946 -0.0949028
41.0506 2.98293 -0.10165
41.0506 3.04639 -0.107988
41.0506 3.10986 -0.113891
41.0506 3.17333 -0.119336
41.0506 3.23679 -0.1243
41.0506 3.30026 -0.128764
41.0506 3.36373 -0.132709
41.0506 3.42719 -0.13612
41.0506 3.49066 -0.138982
41.0506 3.55413 -0.141285
41.0506 3.61759 -0.143019
41.0506 3.68106 -0.144178
41.0506 3.74452 -0.144755
41.0506 3.80799 -0.14475
41.0506 3.87146 -0.144162
41.0506 3.93492 -0.142993
41.0506 3.99839 -0.141249
41.0506 4.06186 -0.138936
41.0506 4.12532 -0.136063
41.0506 4.18879 -0.132643
41.0506 4.25226 -0.128688
41.0506 4.31572 -0.124215
41.0506 4.37919 -0.119243
41.0506 4.44266 -0.11379
41.0506 4.50612 -0.107878
41.0506 4.56959 -0.101533
41.0506 4.63306 -0.0947782
41.0506 4.69652 -0.0876422
41.0506 4.75999 -0.0801531
41.0506 4.82346 -0.0723414
41.0506 4.88692 -0.0642383
41.0506 4.95039 -0.0558766
41.0506 5.01385 -0.0472899
41.0506 5.07732 -0.0385128
41.0506 5.14079 -0.0295806
41.0506 5.20425 -0.0205292
41.0506 5.26772 -0.0113952
41.0506 5.33119 -0.00221537
41.0506 5.39465 0.00697343
41.0506 5.45812 0.0161341
41.0506 5.52159 0.0252298
41.0506 5.58505 0.034224
41.0506 5.64852 0.0430804
41.0506 5.71199 0.0517633
41.0506 5.77545 0.0602376
41.0506 5.83892 0.0684695
41.0506 5.90239 0.0764257
41.0506 5.96585 0.0840742
41.0506 6.02932 0.0913841
41.0506 6.09279 0.098326
41.0506 6.15625 0.104872
41.0506 6.21972 0.110996
41.0506 6.28319 0.116673
42.0516 0 0.225129
42.0516 0.0634665 0.214218
42.0516 0.126933 0.202445
42.0516 0.1904 0.189857
42.0516 0.253866 0.176505
42.0516 0.317333 0.162441
42.0516 0.380799 0.147724
42.0516 0.444266 0.132411
42.0516 0.507732 0.116566
42.0516 0.571199 0.100251
42.0516 0.634665 0.0835327
42.0516 0.698132 0.0664779
42.0516 0.761598 0.0491554
42.0516 0.825065 0.031635
42.0516 0.888531 0.0139871
42.0516 0.951998 -0.00371711
42.0516 1.01546 -0.0214063
42.0516 1.07893 -0.0390092
42.0516 1.1424 -0.0564553
42.0516 1.20586 -0.0736737
42.0516 1.26933 -0.0905958
42.0516 1.3328 -0.107153
42.0516 1.39626 -0.123279
42.0516 1.45973 -0.138908
42.0516 1.5232 -0.153978
42.0516 1.58666 -0.168428
42.0516 1.65013 -0.182199
42.0516 1.7136 -0.195238
42.0516 1.77706 -0.207489
42.0516 1.84053 -0.218906
42.0516 1.904 -0.229441
42.0516 1.96746 -0.239052
42.0516 2.03093 -0.247701
42.0516 2.0944 -0.255352
42.0516 2.15786 -0.261975
42.0516 2.22133 -0.267542
42.0516 2.28479 -0.272033
42.0516 2.34826 -0.275429
42.0516 2.41173 -0.277715
42.0516 2.47519 -0.278883
42.0516 2.53866 -0.278928
42.0516 2.60213 -0.27785
42.0516 2.66559 -0.275653
42.0516 2.72906 -0.272346
42.0516 2.79253 -0.267943
42.0516 2.85599 -0.26246
42.0516 2.91946 -0.255921
42.0516 2.98293 -0.248351
42.0516 3.04639 -0.239782
42.0516 3.10986 -0.230246
42.0516 3.17333 -0.219784
42.0516 3.23679 -0.208437
42.0516 3.30026 -0.19625
42.0516 3.36373 -0.183273
42.0516 3.42719 -0.169558
42.0516 3.49066 -0.155161
42.0516 3.55413 -0.140138
42.0516 3.61759 -0.124551
42.0516 3.68106 -0.108463
42.0516 3.74452 -0.0919383
42.0516 3.80799 -0.0750431
42.0516 3.87146 -0.0578458
42.0516 3.93492 -0.0404155
42.0516 3.99839 -0.0228224
42.0516 4.06186 -0.00513756
42.0516 4.12532 0.0125681
42.0516 4.18879 0.030223
42.0516 4.25226 0.0477563
42.0516 4.31572 0.0650973
42.0516 4.37919 0.0821764
42.0516 4.44266 0.0989241
42.0516 4.50612 0.115274
42.0516 4.56959 0.131159
42.0516 4.63306 0.146516
42.0516 4.69652 0.161284
42.0516 4.75999 0.175402
42.0516 4.82346 0.188814
42.0516 4.88692 0.201465
42.0516 4.95039 0.213305
42.0516 5.01385 0.224286
42.0516 5.07732 0.234364
42.0516 5.14079 0.243499
42.0516 5.20425 0.251653
42.0516 5.26772 0.258793
42.0516 5.33119 0.264892
42.0516 5.39465 0.269924
42.0516 5.45812 0.273869
42.0516 5.52159 0.276711
42.0516 5.58505 0.278439
42.0516 5.64852 0.279046
42.0516 5.71199 0.278529
42.0516 5.77545 0.276891
42.0516 5.83892 0.274138
42.0516 5.90239 0.270281
42.0516 5.96585 0.265335
42.0516 6.02932 0.259321
42.0516 6.09279 0.252263
42.0516 6.15625 0.24419
42.0516 6.21972 0.235132
42.0516 6.28319 0.225129
43.0526 0 -0.094877
43.0526 0.0634665 -0.0904713
43.0526 0.126933 -0.0857016
43.0526 0.1904 -0.0805867
43.0526 0.253866 -0.0751473
43.0526 0.317333 -0.0694054
43.0526 0.380799 -0.0633838
43.0526 0.444266 -0.0571073
43.0526 0.507732 -0.0506006
43.0526 0.571199 -0.0438902
43.0526 0.634665 -0.037003
43.0526 0.698132 -0.0299669
43.0526 0.761598 -0.02281
43.0526 0.825065 -0.0155614
43.0526 0.888531 -0.00825019
43.0526 0.951998 -0.000905592
43.0526 1.01546 0.00644265
43.0526 1.07893 0.0137649
43.0526 1.1424 0.0210317
43.0526 1.20586 0.0282138
43.0526 1.26933 0.0352823
43.0526 1.3328 0.0422087
43.0526 1.39626 0.0489652
43.0526 1.45973 0.0555246
43.0526 1.5232 0.0618602
43.0526 1.58666 0.0679469
43.0526 1.65013 0.07376
43.0526 1.7136 0.079276
43.0526 1.77706 0.0844729
43.0526 1.84053 0.0893296
43.0526 1.904 0.0938265
43.0526 1.96746 0.0979457
43.0526 2.03093 0.101671
43.0526 2.0944 0.104986
43.0526 2.15786 0.107879
43.0526 2.22133 0.110337
43.0526 2.28479 0.112351
43.0526 2.34826 0.113913
43.0526 2.41173 0.115016
43.0526 2.47519 0.115655
43.0526 2.53866 0.115829
43.0526 2.60213 0.115537
43.0526 2.66559 0.11478
43.0526 2.72906 0.11356
43.0526 2.79253 0.111883
43.0526 2.85599 0.109755
43.0526 2.91946 0.107186
43.0526 2.98293 0.104184
43.0526 3.04639 0.100764
43.0526 3.10986 0.0969372
43.0526 3.17333 0.092721
43.0526 3.23679 0.088131
43.0526 3.30026 0.0831863
43.0526 3.36373 0.0779062
43.0526 3.42719 0.0723126
43.0526 3.49066 0.0664282
43.0526 3.55413 0.0602759
43.0526 3.61759 0.053881
43.0526 3.68106 0.0472688
43.0526 3.74452 0.0404669
43.0526 3.80799 0.0335019
43.0526 3.87146 0.0264019
43.0526 3.93492 0.0191954
43.0526 3.99839 0.0119118
43.0526 4.06186 0.0045802
43.0526 4.12532 -0.00276979
43.0526 4.18879 -0.0101089
43.0526 4.25226 -0.0174071
43.0526 4.31572 -0.0246352
43.0526 4.37919 -0.0317641
43.0526 4.44266 -0.038765
43.0526 4.50612 -0.0456099
43.0526 4.56959 -0.0522712
43.0526 4.63306 -0.058722
43.0526 4.69652 -0.0649364
43.0526 4.75999 -0.0708892
43.0526 4.82346 -0.0765566
43.0526 4.88692 -0.0819157
43.0526 4.95039 -0.0869451
43.0526 5.01385 -0.0916242
43.0526 5.07732 -0.0959345
43.0526 5.14079 -0.0998584
43.0526 5.20425 -0.10338
43.0526 5.26772 -0.106486
43.0526 5.33119 -0.109163
43.0526 5.39465 -0.1114
43.0526 5.45812 -0.113189
43.0526 5.52159 -0.114522
43.0526 5.58505 -0.115393
43.0526 5.64852 -0.115801
43.0526 5.71199 -0.115741
43.0526 5.77545 -0.115216
43.0526 5.83892 -0.114227
43.0526 5.90239 -0.112778
43.0526 5.96585 -0.110875
43.0526 6.02932 -0.108525
43.0526 6.09279 -0.105738
43.0526 6.15625 -0.102526
43.0526 6.21972 -0.0989008
43.0526 6.28319 -0.094877
44.0536 0 0.258988
44.0536 0.0634665 0.281031
44.0536 0.126933 0.301942
44.0536 0.1904 0.321637
44.0536 0.253866 0.340037
44.0536 0.317333 0.357068
44.0536 0.380799 0.372661
44.0536 0.444266 0.386753
44.0536 0.507732 0.399289
44.0536 0.571199 0.410216
44.0536 0.634665 0.419491
44.0536 0.698132 0.427078
44.0536 0.761598 0.432945
44.0536 0.825065 0.437068
44.0536 0.888531 0.439432
44.0536 0.951998 0.440026
44.0536 1.01546 0.438848
44.0536 1.07893 0.435903
44.0536 1.1424 0.431204
44.0536 1.20586 0.424768
44.0536 1.26933 0.416621
44.0536 1.3328 0.406796
44.0536 1.39626 0.395334
44.0536 1.45973 0.38228
44.0536 1.5232 0.367686
44.0536 1.58666 0.351612
44.0536 1.65013 0.334122
44.0536 1.7136 0.315287
44.0536 1.77706 0.295182
44.0536 1.84053 0.273889
44.0536 1.904 0.251493
44.0536 1.96746 0.228084
44.0536 2.03093 0.203756
44.0536 2.0944 0.178609
44.0536 2.15786 0.152741
44.0536 2.22133 0.12626
44.0536 2.28479 0.0992693
44.0536 2.34826 0.071879
44.0536 2.41173 0.0441994
44.0536 2.47519 0.0163418
44.0536 2.53866 -0.0115815
44.0536 2.60213 -0.0394582
44.0536 2.66559 -0.0671761
44.0536 2.72906 -0.0946234
44.0536 2.79253 -0.12169
44.0536 2.85599 -0.148266
44.0536 2.91946 -0.174245
44.0536 2.98293 -0.199523
44.0536 3.04639 -0.223997
44.0536 3.10986 -0.24757
44.0536 3.17333 -0.270145
44.0536 3.23679 -0.291633
44.0536 3.30026 -0.311946
44.0536 3.36373 -0.331003
44.0536 3.42719 -0.348728
44.0536 3.49066 -0.365048
44.0536 3.55413 -0.379898
44.0536 3.61759 -0.393219
44.0536 3.68106 -0.404957
44.0536 3.74452 -0.415063
44.0536 3.80799 -0.423498
44.0536 3.87146 -0.430228
44.0536 3.93492 -0.435226
44.0536 3.99839 -0.438471
44.0536 4.06186 -0.439951
44.0536 4.12532 -0.439658
44.0536 4.18879 -0.437596
44.0536 4.25226 -0.433772
44.0536 4.31572 -0.428201
44.0536 4.37919 -0.420906
44.0536 4.44266 -0.411916
44.0536 4.50612 -0.401267
44.0536 4.56959 -0.389003
44.0536 4.63306 -0.375172
44.0536 4.69652 -0.35983
44.0536 4.75999 -0.34304
44.0536 4.82346 -0.324868
44.0536 4.88692 -0.305388
44.0536 4.95039 -0.284679
44.0536 5.01385 -0.262823
44.0536 5.07732 -0.239909
44.0536 5.14079 -0.216029
44.0536 5.20425 -0.191279
44.0536 5.26772 -0.165758
44.0536 5.33119 -0.139571
44.0536 5.39465 -0.112821
44.0536 5.45812 -0.0856173
44.0536 5.52159 -0.0580685
44.0536 5.58505 -0.0302859
44.0536 5.64852 -0.00238141
44.0536 5.71199 0.0255327
44.0536 5.77545 0.053344
44.0536 5.83892 0.0809404
44.0536 5.90239 0.108211
44.0536 5.96585 0.135046
44.0536 6.02932 0.161337
44.0536 6.09279 0.186978
44.0536 6.15625 0.211867
44.0536 6.21972 0.235902
44.0536 6.28319 0.258988
45.0546 0 0.0270159
45.0546 0.0634665 0.0287453
45.0546 0.126933 0.0303589
45.0546 0.1904 0.0318503
45.0546 0.253866 0.0332135
45.0546 0.317333 0.034443
45.0546 0.380799 0.0355337
45.0546 0.444266 0.0364815
45.0546 0.507732 0.0372822
45.0546 0.571199 0.0379329
45.0546 0.634665 0.0384308
45.0546 0.698132 0.0387739
45.0546 0.761598 0.0389609
45.0546 0.825065 0.0389911
45.0546 0.888531 0.0388643
45.0546 0.951998 0.0385809
45.0546 1.01546 0.0381422
45.0546 1.07893 0.03755
45.0546 1.1424 0.0368064
45.0546 1.20586 0.0359147
45.0546 1.26933 0.0348784
45.0546 1.3328 0.0337017
45.0546 1.39626 0.0323893
45.0546 1.45973 0.0309465
45.0546 1.5232 0.0293789
45.0546 1.58666 0.0276932
45.0546 1.65013 0.0258959
45.0546 1.7136 0.0239943
45.0546 1.77706 0.0219961
45.0546 1.84053 0.0199095
45.0546 1.904 0.0177424
45.0546 1.96746 0.0155042
45.0546 2.03093 0.0132033
45.0546 2.0944 0.0108494
45.0546 2.15786 0.00845167
45.0546 2.22133 0.00602003
45.0546 2.28479 0.00356407
45.0546 2.34826 0.00109383
45.0546 2.41173 -0.00138081
45.0546 2.47519 -0.00384996
45.0546 2.53866 -0.00630358
45.0546 2.60213 -0.00873182
45.0546 2.66559 -0.011125
45.0546 2.72906 -0.0134732
45.0546 2.79253 -0.0157672
45.0546 2.85599 -0.0179977
45.0546 2.91946 -0.0201559
45.0546 2.98293 -0.0222327
45.0546 3.04639 -0.02422
45.0546 3.10986 -0.02611
45.0546 3.17333 -0.0278947
45.0546 3.23679 -0.029567
45.0546 3.30026 -0.0311203
45.0546 3.36373 -0.0325484
45.0546 3.42719 -0.0338454
45.0546 3.49066 -0.035006
45.0546 3.55413 -0.0360258
45.0546 3.61759 -0.0369003
45.0546 3.68106 -0.0376264
45.0546 3.74452 -0.038201
45.0546 3.80799 -0.0386218
45.0546 3.87146 -0.038887
45.0546 3.93492 -0.0389957
45.0546 3.99839 -0.0389473
45.0546 4.06186 -0.0387421
45.0546 4.12532 -0.0383809
45.0546 4.18879 -0.0378651
45.0546 4.25226 -0.0371969
45.0546 4.31572 -0.0363789
45.0546 4.37919 -0.0354144
45.0546 4.44266 -0.0343074
45.0546 4.50612 -0.0330622
45.0546 4.56959 -0.0316837
45.0546 4.63306 -0.0301778
45.0546 4.69652 -0.0285504
45.0546 4.75999 -0.0268079
45.0546 4.82346 -0.0249576
45.0546 4.88692 -0.0230068
45.0546 4.95039 -0.0209632
45.0546 5.01385 -0.0188354
45.0546 5.07732 -0.0166317
45.0546 5.14079 -0.0143609
45.0546 5.20425 -0.0120323
45.0546 5.26772 -0.00965528
45.0546 5.33119 -0.00723951
45.0546 5.39465 -0.00479446
45.0546 5.45812 -0.00233005
45.0546 5.52159 0.000143693
45.0546 5.58505 0.00261679
45.0546 5.64852 0.00507928
45.0546 5.71199 0.00752143
45.0546 5.77545 0.00993334
45.0546 5.83892 0.0123053
45.0546 5.90239 0.0146273
45.0546 5.96585 0.0168908
45.0546 6.02932 0.0190863
45.0546 6.09279 0.0212048
45.0546 6.15625 0.023238
45.0546 6.21972 0.0251776
45.0546 6.28319 0.0270158
46.0556 0 -0.0519312
46.0556 0.0634665 -0.0640244
46.0556 0.126933 -0.0758599
46.0556 0.1904 -0.0873896
46.0556 0.253866 -0.0985675
46.0556 0.317333 -0.109349
46.0556 0.380799 -0.119689
46.0556 0.444266 -0.129548
46.0556 0.507732 -0.138885
46.0556 0.571199 -0.147663
46.0556 0.634665 -0.155847
46.0556 0.698132 -0.163402
46.0556 0.761598 -0.1703
46.0556 0.825065 -0.176512
46.0556 0.888531 -0.182014
46.0556 0.951998 -0.186782
46.0556 1.01546 -0.190799
46.0556 1.07893 -0.194046
46.0556 1.1424 -0.196513
46.0556 1.20586 -0.198189
46.0556 1.26933 -0.199066
46.0556 1.3328 -0.199142
46.0556 1.39626 -0.198416
46.0556 1.45973 -0.196891
46.0556 1.5232 -0.194573
46.0556 1.58666 -0.191472
46.0556 1.65013 -0.187599
46.0556 1.7136 -0.182972
46.0556 1.77706 -0.177607
46.0556 1.84053 -0.171528
46.0556 1.904 -0.164757
46.0556 1.96746 -0.157323
46.0556 2.03093 -0.149256
46.0556 2.0944 -0.140588
46.0556 2.15786 -0.131354
46.0556 2.22133 -0.121591
46.0556 2.28479 -0.111338
46.0556 2.34826 -0.100637
46.0556 2.41173 -0.0895304
46.0556 2.47519 -0.0780634
46.0556 2.53866 -0.0662822
46.0556 2.60213 -0.0542341
46.0556 2.66559 -0.0419676
46.0556 2.72906 -0.0295322
46.0556 2.79253 -0.0169778
46.0556 2.85599 -0.00435509
46.0556 2.91946 0.00828519
46.0556 2.98293 0.0208922
46.0556 3.04639 0.033415
46.0556 3.10986 0.0458032
46.0556 3.17333 0.058007
46.0556 3.23679 0.0699772
46.0556 3.30026 0.0816657
46.0556 3.36373 0.0930255
46.0556 3.42719 0.104011
46.0556 3.49066 0.114577
46.0556 3.55413 0.124682
46.0556 3.61759 0.134284
46.0556 3.68106 0.143347
46.0556 3.74452 0.151831
46.0556 3.80799 0.159705
46.0556 3.87146 0.166935
46.0556 3.93492 0.173494
46.0556 3.99839 0.179353
46.0556 4.06186 0.184491
46.0556 4.12532 0.188885
46.0556 4.18879 0.192519
46.0556 4.25226 0.195378
46.0556 4.31572 0.197451
46.0556 4.37919 0.198727
46.0556 4.44266 0.199204
46.0556 4.50612 0.198879
46.0556 4.56959 0.197753
46.0556 4.63306 0.19583
46.0556 4.69652 0.19312
46.0556 4.75999 0.189631
46.0556 4.82346 0.185379
46.0556 4.88692 0.18038
46.0556 4.95039 0.174655
46.0556 5.01385 0.168227
46.0556 5.07732 0.161122
46.0556 5.14079 0.153367
46.0556 5.20425 0.144995
46.0556 5.26772 0.136039
46.0556 5.33119 0.126536
46.0556 5.39465 0.116523
46.0556 5.45812 0.106041
46.0556 5.52159 0.0951314
46.0556 5.58505 0.0838392
46.0556 5.64852 0.0722093
46.0556 5.71199 0.0602886
46.0556 5.77545 0.0481251
46.0556 5.83892 0.035768
46.0556 5.90239 0.0232667
46.0556 5.96585 0.0106718
46.0556 6.02932 -0.00196608
46.0556 6.09279 -0.0145961
46.0556 6.15625 -0.0271673
46.0556 6.21972 -0.039629
46.0556 6.28319 -0.0519312
47.0566 0 0.0966472
47.0566 0.0634665 0.111572
47.0566 0.126933 0.126048
47.0566 0.1904 0.140016
47.0566 0.253866 0.153421
47.0566 0.317333 0.166208
47.0566 0.380799 0.178325
47.0566 0.444266 0.189725
47.0566 0.507732 0.20036
47.0566 0.571199 0.210189
47.0566 0.634665 0.219171
47.0566 0.698132 0.227271
47.0566 0.761598 0.234456
47.0566 0.825065 0.240696
47.0566 0.888531 0.245967
47.0566 0.951998 0.250248
47.0566 1.01546 0.253522
47.0566 1.07893 0.255774
47.0566 1.1424 0.256997
47.0566 1.20586 0.257185
47.0566 1.26933 0.256337
47.0566 1.3328 0.254457
47.0566 1.39626 0.251552
47.0566 1.45973 0.247634
47.0566 1.5232 0.24272
47.0566 1.58666 0.236828
47.0566 1.65013 0.229982
47.0566 1.7136 0.22221
47.0566 1.77706 0.213544
47.0566 1.84053 0.204017
47.0566 1.904 0.19367
47.0566 1.96746 0.182542
47.0566 2.03093 0.170679
47.0566 2.0944 0.158129
47.0566 2.15786 0.144942
47.0566 2.22133 0.131172
47.0566 2.28479 0.116873
47.0566 2.34826 0.102104
47.0566 2.41173 0.086924
47.0566 2.47519 0.0713935
47.0566 2.53866 0.055576
47.0566 2.60213 0.0395344
47.0566 2.66559 0.0233336
47.0566 2.72906 0.00703907
47.0566 2.79253 -0.00928414
47.0566 2.85599 -0.0255698
47.0566 2.91946 -0.0417526
47.0566 2.98293 -0.0577671
47.0566 3.04639 -0.0735491
47.0566 3.10986 -0.0890348
47.0566 3.17333 -0.104162
47.0566 3.23679 -0.11887
47.0566 3.30026 -0.133099
47.0566 3.36373 -0.146793
47.0566 3.42719 -0.159895
47.0566 3.49066 -0.172353
47.0566 3.55413 -0.184118
47.0566 3.61759 -0.195141
47.0566 3.68106 -0.205378
47.0566 3.74452 -0.214788
47.0566 3.80799 -0.223333
47.0566 3.87146 -0.23098
47.0566 3.93492 -0.237695
47.0566 3.99839 -0.243454
47.0566 4.06186 -0.248233
47.0566 4.12532 -0.252012
47.0566 4.18879 -0.254776
47.0566 4.25226 -0.256515
47.0566 4.31572 -0.25722
47.0566 4.37919 -0.25689
47.0566 4.44266 -0.255525
47.0566 4.50612 -0.253132
47.0566 4.56959 -0.249719
47.0566 4.63306 -0.245301
47.0566 4.69652 -0.239894
47.0566 4.75999 -0.233522
47.0566 4.82346 -0.22621
47.0566 4.88692 -0.217987
47.0566 4.95039 -0.208886
47.0566 5.01385 -0.198944
47.0566 5.07732 -0.1882
47.0566 5.14079 -0.176699
47.0566 5.20425 -0.164487
47.0566 5.26772 -0.151612
47.0566 5.33119 -0.138127
47.0566 5.39465 -0.124085
47.0566 5.45812 -0.109544
47.0566 5.52159 -0.0945617
47.0566 5.58505 -0.0791989
47.0566 5.64852 -0.0635167
47.0566 5.71199 -0.0475791
47.0566 5.77545 -0.0314499
47.0566 5.83892 -0.0151941
47.0566 5.90239 0.00112318
47.0566 5.96585 0.0174358
47.0566 6.02932 0.0336781
47.0566 6.09279 0.0497848
47.0566 6.15625 0.0656912
47.0566 6.21972 0.081333
47.0566 6.28319 0.0966473
48.0576 0 0.306568
48.0576 0.0634665 0.310914
48.0576 0.126933 0.314008
48.0576 0.1904 0.315838
48.0576 0.253866 0.316395
48.0576 0.317333 0.315679
48.0576 0.380799 0.313692
48.0576 0.444266 0.310441
48.0576 0.507732 0.30594
48.0576 0.571199 0.300208
48.0576 0.634665 0.293267
48.0576 0.698132 0.285144
48.0576 0.761598 0.275874
48.0576 0.825065 0.265493
48.0576 0.888531 0.254043
48.0576 0.951998 0.24157
48.0576 1.01546 0.228124
48.0576 1.07893 0.213759
48.0576 1.1424 0.198534
48.0576 1.20586 0.182509
48.0576 1.26933 0.16575
48.0576 1.3328 0.148323
48.0576 1.39626 0.130299
48.0576 1.45973 0.11175
48.0576 1.5232 0.0927509
48.0576 1.58666 0.0733786
48.0576 1.65013 0.0537109
48.0576 1.7136 0.0338267
48.0576 1.77706 0.0138065
48.0576 1.84053 -0.00626937
48.0576 1.904 -0.02632
48.0576 1.96746 -0.0462646
48.0576 2.03093 -0.066023
48.0576 2.0944 -0.0855156
48.0576 2.15786 -0.104664
48.0576 2.22133 -0.12339
48.0576 2.28479 -0.14162
48.0576 2.34826 -0.15928
48.0576 2.41173 -0.176298
48.0576 2.47519 -0.192606
48.0576 2.53866 -0.208139
48.0576 2.60213 -0.222834
48.0576 2.66559 -0.236631
48.0576 2.72906 -0.249476
48.0576 2.79253 -0.261316
48.0576 2.85599 -0.272104
48.0576 2.91946 -0.281796
48.0576 2.98293 -0.290353
48.0576 3.04639 -0.297742
48.0576 3.10986 -0.303931
48.0576 3.17333 -0.308897
48.0576 3.23679 -0.312618
48.0576 3.30026 -0.315081
48.0576 3.36373 -0.316276
48.0576 3.42719 -0.316196
48.0576 3.49066 -0.314844
48.0576 3.55413 -0.312223
48.0576 3.61759 -0.308346
48.0576 3.68106 -0.303227
48.0576 3.74452 -0.296887
48.0576 3.80799 -0.289351
48.0576 3.87146 -0.280651
48.0576 3.93492 -0.27082
48.0576 3.99839 -0.259898
48.0576 4.06186 -0.247931
48.0576 4.12532 -0.234965
48.0576 4.18879 -0.221053
48.0576 4.25226 -0.20625
48.0576 4.31572 -0.190618
48.0576 4.37919 -0.174217
48.0576 4.44266 -0.157115
48.0576 4.50612 -0.139381
48.0576 4.56959 -0.121085
48.0576 4.63306 -0.102302
48.0576 4.69652 -0.0831066
48.0576 4.75999 -0.0635769
48.0576 4.82346 -0.0437909
48.0576 4.88692 -0.0238287
48.0576 4.95039 -0.00377049
48.0576 5.01385 0.0163029
48.0576 5.07732 0.0363105
48.0576 5.14079 0.056172
48.0576 5.20425 0.0758073
48.0576 5.26772 0.0951375
48.0576 5.33119 0.114085
48.0576 5.39465 0.132572
48.0576 5.45812 0.150526
48.0576 5.52159 0.167873
48.0576 5.58505 0.184545
48.0576 5.64852 0.200474
48.0576 5.71199 0.215595
48.0576 5.77545 0.229848
48.0576 5.83892 0.243176
48.0576 5.90239 0.255524
48.0576 5.96585 0.266844
48.0576 6.02932 0.277089
48.0576 6.09279 0.286219
48.0576 6.15625 0.294196
48.0576 6.21972 0.300988
48.0576 6.28319 0.306568
49.0586 0 0.0808002
49.0586 0.0634665 0.0783418
49.0586 0.126933 0.0755681
49.0586 0.1904 0.0724898
49.0586 0.253866 0.0691199
49.0586 0.317333 0.0654716
49.0586 0.380799 0.0615596
49.0586 0.444266 0.0573998
49.0586 0.507732 0.0530089
49.0586 0.571199 0.0484044
49.0586 0.634665 0.0436051
49.0586 0.698132 0.0386302
49.0586 0.761598 0.0334997
49.0586 0.825065 0.0282343
49.0586 0.888531 0.0228554
49.0586 0.951998 0.0173842
49.0586 1.01546 0.0118434
49.0586 1.07893 0.00625444
49.0586 1.1424 0.000640475
49.0586 1.20586 -0.00497612
49.0586 1.26933 -0.0105724
49.0586 1.3328 -0.0161264
49.0586 1.39626 -0.0216154
49.0586 1.45973 -0.0270172
49.0586 1.5232 -0.0323105
49.0586 1.58666 -0.0374736
49.0586 1.65013 -0.0424856
49.0586 1.7136 -0.0473265
49.0586 1.77706 -0.0519774
49.0586 1.84053 -0.0564186
49.0586 1.904 -0.0606324
49.0586 1.96746 -0.0646024
49.0586 2.03093 -0.068312
49.0586 2.0944 -0.0717468
49.0586 2.15786 -0.0748924
49.0586 2.22133 -0.0777369
49.0586 2.28479 -0.080268
49.0586 2.34826 -0.082476
49.0586 2.41173 -0.0843522
49.0586 2.47519 -0.0858882
49.0586 2.53866 -0.0870785
49.0586 2.60213 -0.0879182
49.0586 2.66559 -0.0884041
49.0586 2.72906 -0.0885339
49.0586 2.79253 -0.0883073
49.0586 2.85599 -0.0877247
49.0586 2.91946 -0.0867894
49.0586 2.98293 -0.0855042
49.0586 3.04639 -0.0838748
49.0586 3.10986 -0.0819079
49.0586 3.17333 -0.079611
49.0586 3.23679 -0.0769935
49.0586 3.30026 -0.0740662
49.0586 3.36373 -0.0708406
49.0586 3.42719 -0.0673297
49.0586 3.49066 -0.0635476
49.0586 3.55413 -0.0595096
49.0586 3.61759 -0.0552321
49.0586 3.68106 -0.0507321
49.0586 3.74452 -0.0460279
49.0586 3.80799 -0.0411384
49.0586 3.87146 -0.0360832
49.0586 3.93492 -0.0308827
49.0586 3.99839 -0.0255577
49.0586 4.06186 -0.0201299
49.0586 4.12532 -0.0146211
49.0586 4.18879 -0.00905356
49.0586 4.25226 -0.00344927
49.0586 4.31572 0.00216882
49.0586 4.37919 0.00777828
49.0586 4.44266 0.013356
49.0586 4.50612 0.0188804
49.0586 4.56959 0.0243286
49.0586 4.63306 0.0296787
49.0586 4.69652 0.0349096
49.0586 4.75999 0.0399996
49.0586 4.82346 0.0449287
49.0586 4.88692 0.049677
49.0586 4.95039 0.0542251
49.0586 5.01385 0.0585549
49.0586 5.07732 0.062649
49.0586 5.14079 0.0664907
49.0586 5.20425 0.0700647
49.0586 5.26772 0.0733566
49.0586 5.33119 0.0763529
49.0586 5.39465 0.079042
49.0586 5.45812 0.081413
49.0586 5.52159 0.0834561
49.0586 5.58505 0.085163
49.0586 5.64852 0.0865269
49.0586 5.71199 0.0875424
49.0586 5.77545 0.0882058
49.0586 5.83892 0.0885135
49.0586 5.90239 0.088465
49.0586 5.96585 0.0880602
49.0586 6.02932 0.087301
49.0586 6.09279 0.0861902
49.0586 6.15625 0.0847324
49.0586 6.21972 0.0829333
49.0586 6.28319 0.0808002
50.0596 0 -0.152868
50.0596 0.0634665 -0.154681
50.0596 0.126933 -0.155871
50.0596 0.1904 -0.156434
50.0596 0.253866 -0.156366
50.0596 0.317333 -0.155669
50.0596 0.380799 -0.154346
50.0596 0.444266 -0.152401
50.0596 0.507732 -0.149842
50.0596 0.571199 -0.14668
50.0596 0.634665 -0.142927
50.0596 0.698132 -0.138598
50.0596 0.761598 -0.133712
50.0596 0.825065 -0.128287
50.0596 0.888531 -0.122346
50.0596 0.951998 -0.115912
50.0596 1.01546 -0.109011
50.0596 1.07893 -0.101671
50.0596 1.1424 -0.0939222
50.0596 1.20586 -0.0857948
50.0596 1.26933 -0.0773219
50.0596 1.3328 -0.0685376
50.0596 1.39626 -0.0594774
50.0596 1.45973 -0.0501779
50.0596 1.5232 -0.0406763
50.0596 1.58666 -0.0310108
50.0596 1.65013 -0.0212204
50.0596 1.7136 -0.0113448
50.0596 1.77706 -0.00142321
50.0596 1.84053 0.00850394
50.0596 1.904 0.0183968
50.0596 1.96746 0.0282158
50.0596 2.03093 0.0379209
50.0596 2.0944 0.0474734
50.0596 2.15786 0.056835
50.0596 2.22133 0.0659674
50.0596 2.28479 0.0748343
50.0596 2.34826 0.0833998
50.0596 2.41173 0.0916298
50.0596 2.47519 0.0994904
50.0596 2.53866 0.106951
50.0596 2.60213 0.11398
50.0596 2.66559 0.120551
50.0596 2.72906 0.126636
50.0596 2.79253 0.132211
50.0596 2.85599 0.137254
50.0596 2.91946 0.141744
50.0596 2.98293 0.145664
50.0596 3.04639 0.148997
50.0596 3.10986 0.15173
50.0596 3.17333 0.153852
50.0596 3.23679 0.155354
50.0596 3.30026 0.156231
50.0596 3.36373 0.156479
50.0596 3.42719 0.156097
50.0596 3.49066 0.155086
50.0596 3.55413 0.153451
50.0596 3.61759 0.151197
50.0596 3.68106 0.148335
50.0596 3.74452 0.144876
50.0596 3.80799 0.140834
50.0596 3.87146 0.136224
50.0596 3.93492 0.131066
50.0596 3.99839 0.12538
50.0596 4.06186 0.119189
50.0596 4.12532 0.112518
50.0596 4.18879 0.105394
50.0596 4.25226 0.0978458
50.0596 4.31572 0.0899035
50.0596 4.37919 0.0815993
50.0596 4.44266 0.0729666
50.0596 4.50612 0.0640399
50.0596 4.56959 0.0548553
50.0596 4.63306 0.04545
50.0596 4.69652 0.0358616
50.0596 4.75999 0.0261288
50.0596 4.82346 0.0162908
50.0596 4.88692 0.00638727
50.0596 4.95039 -0.0035421
50.0596 5.01385 -0.0134571
50.0596 5.07732 -0.0233182
50.0596 5.14079 -0.0330851
50.0596 5.20425 -0.0427188
50.0596 5.26772 -0.0521804
50.0596 5.33119 -0.0614322
50.0596 5.39465 -0.0704364
50.0596 5.45812 -0.079157
50.0596 5.52159 -0.0875589
50.0596 5.58505 -0.0956082
50.0596 5.64852 -0.103273
50.0596 5.71199 -0.110521
50.0596 5.77545 -0.117325
50.0596 5.83892 -0.123656
50.0596 5.90239 -0.129489
50.0596 5.96585 -0.134801
50.0596 6.02932 -0.13957
50.0596 6.09279 -0.143776
50.0596 6.15625 -0.147404
50.0596 6.21972 -0.150439
50.0596 6.28319 -0.152867
51.0605 0 -0.40855
51.0605 0.0634665 -0.411265
51.0605 0.126933 -0.412324
51.0605 0.1904 -0.411723
51.0605 0.253866 -0.409463
51.0605 0.317333 -0.405555
51.0605 0.380799 -0.400014
51.0605 0.444266 -0.392862
51.0605 0.507732 -0.384128
51.0605 0.571199 -0.373848
51.0605 0.634665 -0.362062
51.0605 0.698132 -0.348818
51.0605 0.761598 -0.33417
51.0605 0.825065 -0.318176
51.0605 0.888531 -0.300901
51.0605 0.951998 -0.282414
51.0605 1.01546 -0.26279
51.0605 1.07893 -0.242108
51.0605 1.1424 -0.220451
51.0605 1.20586 -0.197906
51.0605 1.26933 -0.174565
51.0605 1.3328 -0.15052
51.0605 1.39626 -0.12587
51.0605 1.45973 -0.100712
51.0605 1.5232 -0.0751497
51.0605 1.58666 -0.0492842
51.0605 1.65013 -0.0232203
51.0605 1.7136 0.00293727
51.0605 1.77706 0.0290829
51.0605 1.84053 0.0551115
51.0605 1.904 0.080918
51.0605 1.96746 0.106399
51.0605 2.03093 0.131451
51.0605 2.0944 0.155974
51.0605 2.15786 0.179869
51.0605 2.22133 0.20304
51.0605 2.28479 0.225393
51.0605 2.34826 0.246839
51.0605 2.41173 0.26729
51.0605 2.47519 0.286666
51.0605 2.53866 0.304887
51.0605 2.60213 0.32188
51.0605 2.66559 0.337578
51.0605 2.72906 0.351915
51.0605 2.79253 0.364836
51.0605 2.85599 0.376288
51.0605 2.91946 0.386225
51.0605 2.98293 0.394606
51.0605 3.04639 0.401399
51.0605 3.10986 0.406575
51.0605 3.17333 0.410114
51.0605 3.23679 0.412002
51.0605 3.30026 0.412231
51.0605 3.36373 0.410799
51.0605 3.42719 0.407714
51.0605 3.49066 0.402987
51.0605 3.55413 0.396638
51.0605 3.61759 0.388691
51.0605 3.68106 0.379179
51.0605 3.74452 0.36814
51.0605 3.80799 0.355619
51.0605 3.87146 0.341666
51.0605 3.93492 0.326337
51.0605 3.99839 0.309694
51.0605 4.06186 0.291804
51.0605 4.12532 0.272739
51.0605 4.18879 0.252576
51.0605 4.25226 0.231396
51.0605 4.31572 0.209284
51.0605 4.37919 0.186329
51.0605 4.44266 0.162625
51.0605 4.50612 0.138265
51.0605 4.56959 0.113348
51.0605 4.63306 0.0879754
51.0605 4.69652 0.0622482
51.0605 4.75999 0.0362705
51.0605 4.82346 0.0101466
51.0605 4.88692 -0.0160181
51.0605 4.95039 -0.0421184
51.0605 5.01385 -0.0680491
51.0605 5.07732 -0.0937057
51.0605 5.14079 -0.118985
51.0605 5.20425 -0.143785
51.0605 5.26772 -0.168006
51.0605 5.33119 -0.191551
51.0605 5.39465 -0.214325
51.0605 5.45812 -0.236235
51.0605 5.52159 -0.257194
51.0605 5.58505 -0.277118
51.0605 5.64852 -0.295925
51.0605 5.71199 -0.313541
51.0605 5.77545 -0.329895
51.0605 5.83892 -0.34492
51.0605 5.90239 -0.358556
51.0605 5.96585 -0.370749
51.0605 6.02932 -0.381448
51.0605 6.09279 -0.390612
51.0605 6.15625 -0.398203
51.0605 6.21972 -0.40419
51.0605 6.28319 -0.40855
52.0615 0 -0.124385
52.0615 0.0634665 -0.151075
52.0615 0.126933 -0.177157
52.0615 0.1904 -0.202525
52.0615 0.253866 -0.227078
52.0615 0.317333 -0.250717
52.0615 0.380799 -0.273346
52.0615 0.444266 -0.294874
52.0615 0.507732 -0.315215
52.0615 0.571199 -0.334287
52.0615 0.634665 -0.352013
52.0615 0.698132 -0.368321
52.0615 0.761598 -0.383147
52.0615 0.825065 -0.396428
52.0615 0.888531 -0.408115
52.0615 0.951998 -0.418158
52.0615 1.01546 -0.426517
52.0615 1.07893 -0.433158
52.0615 1.1424 -0.438056
52.0615 1.20586 -0.441189
52.0615 1.26933 -0.442546
52.0615 1.3328 -0.442121
52.0615 1.39626 -0.439916
52.0615 1.45973 -0.435939
52.0615 1.5232 -0.430208
52.0615 1.58666 -0.422743
52.0615 1.65013 -0.413577
52.0615 1.7136 -0.402745
52.0615 1.77706 -0.390291
52.0615 1.84053 -0.376266
52.0615 1.904 -0.360726
52.0615 1.96746 -0.343733
52.0615 2.03093 -0.325357
52.0615 2.0944 -0.305669
52.0615 2.15786 -0.284752
52.0615 2.22133 -0.262687
52.0615 2.28479 -0.239565
52.0615 2.34826 -0.215479
52.0615 2.41173 -0.190524
52.0615 2.47519 -0.164803
52.0615 2.53866 -0.138418
52.0615 2.60213 -0.111475
52.0615 2.66559 -0.0840833
52.0615 2.72906 -0.0563533
52.0615 2.79253 -0.0283968
52.0615 2.85599 -0.00032546
52.0615 2.91946 0.0277471
52.0615 2.98293 0.055708
52.0615 3.04639 0.0834445
52.0615 3.10986 0.110845
52.0615 3.17333 0.137799
52.0615 3.23679 0.164198
52.0615 3.30026 0.189937
52.0615 3.36373 0.21491
52.0615 3.42719 0.239018
52.0615 3.49066 0.262163
52.0615 3.55413 0.284253
52.0615 3.61759 0.305199
52.0615 3.68106 0.324915
52.0615 3.74452 0.343323
52.0615 3.80799 0.360348
52.0615 3.87146 0.375923
52.0615 3.93492 0.389984
52.0615 3.99839 0.402474
52.0615 4.06186 0.413344
52.0615 4.12532 0.42255
52.0615 4.18879 0.430054
52.0615 4.25226 0.435826
52.0615 4.31572 0.439844
52.0615 4.37919 0.44209
52.0615 4.44266 0.442557
52.0615 4.50612 0.441241
52.0615 4.56959 0.438148
52.0615 4.63306 0.433292
52.0615 4.69652 0.42669
52.0615 4.75999 0.41837
52.0615 4.82346 0.408366
52.0615 4.88692 0.396718
52.0615 4.95039 0.383472
52.0615 5.01385 0.368682
52.0615 5.07732 0.352407
52.0615 5.14079 0.334713
52.0615 5.20425 0.315672
52.0615 5.26772 0.295359
52.0615 5.33119 0.273857
52.0615 5.39465 0.251253
52.0615 5.45812 0.227637
52.0615 5.52159 0.203104
52.0615 5.58505 0.177753
52.0615 5.64852 0.151686
52.0615 5.71199 0.125009
52.0615 5.77545 0.0978284
52.0615 5.83892 0.0702537
52.0615 5.90239 0.0423964
52.0615 5.96585 0.0143683
52.0615 6.02932 -0.0137177
52.0615 6.09279 -0.0417486
52.0615 6.15625 -0.0696114
52.0615 6.21972 -0.0971936
52.0615 6.28319 -0.124385
53.0625 0 0.157692
53.0625 0.0634665 0.184135
53.0625 0.126933 0.209836
53.0625 0.1904 0.234693
53.0625 0.253866 0.258605
53.0625 0.317333 0.281475
53.0625 0.380799 0.303212
53.0625 0.444266 0.323728
53.0625 0.507732 0.34294
53.0625 0.571199 0.360772
53.0625 0.634665 0.377151
53.0625 0.698132 0.392011
53.0625 0.761598 0.405293
53.0625 0.825065 0.416943
53.0625 0.888531 0.426914
53.0625 0.951998 0.435166
53.0625 1.01546 0.441665
53.0625 1.07893 0.446387
53.0625 1.1424 0.44931
53.0625 1.20586 0.450424
53.0625 1.26933 0.449725
53.0625 1.3328 0.447215
53.0625 1.39626 0.442905
53.0625 1.45973 0.436811
53.0625 1.5232 0.428957
53.0625 1.58666 0.419376
53.0625 1.65013 0.408108
53.0625 1.7136 0.395195
53.0625 1.77706 0.380691
53.0625 1.84053 0.364655
53.0625 1.904 0.34715
53.0625 1.96746 0.328247
53.0625 2.03093 0.308023
53.0625 2.0944 0.286558
53.0625 2.15786 0.263939
53.0625 2.22133 0.240258
53.0625 2.28479 0.215609
53.0625 2.34826 0.190092
53.0625 2.41173 0.163809
53.0625 2.47519 0.136867
53.0625 2.53866 0.109374
53.0625 2.60213 0.08144
53.0625 2.66559 0.0531785
53.0625 2.72906 0.0247027
53.0625 2.79253 -0.00387234
53.0625 2.85599 -0.0324318
53.0625 2.91946 -0.0608611
53.0625 2.98293 -0.089045
53.0625 3.04639 -0.11687
53.0625 3.10986 -0.144225
53.0625 3.17333 -0.170999
53.0625 3.23679 -0.197085
53.0625 3.30026 -0.222377
53.0625 3.36373 -0.246773
53.0625 3.42719 -0.270176
53.0625 3.49066 -0.292491
53.0625 3.55413 -0.313628
53.0625 3.61759 -0.333502
53.0625 3.68106 -0.352033
53.0625 3.74452 -0.369148
53.0625 3.80799 -0.384775
53.0625 3.87146 -0.398853
53.0625 3.93492 -0.411325
53.0625 3.99839 -0.422141
53.0625 4.06186 -0.431257
53.0625 4.12532 -0.438636
53.0625 4.18879 -0.444249
53.0625 4.25226 -0.448074
53.0625 4.31572 -0.450094
53.0625 4.37919 -0.450302
53.0625 4.44266 -0.448696
53.0625 4.50612 -0.445284
53.0625 4.56959 -0.440079
53.0625 4.63306 -0.433102
53.0625 4.69652 -0.42438
53.0625 4.75999 -0.41395
53.0625 4.82346 -0.401854
53.0625 4.88692 -0.388139
53.0625 4.95039 -0.372861
53.0625 5.01385 -0.356082
53.0625 5.07732 -0.337869
53.0625 5.14079 -0.318295
53.0625 5.20425 -0.29744
53.0625 5.26772 -0.275387
53.0625 5.33119 -0.252226
53.0625 5.39465 -0.228048
53.0625 5.45812 -0.202952
53.0625 5.52159 -0.17704
53.0625 5.58505 -0.150414
53.0625 5.64852 -0.123182
53.0625 5.71199 -0.095455
53.0625 5.77545 -0.0673433
53.0625 5.83892 -0.0389604
53.0625 5.90239 -0.0104205
53.0625 5.96585 0.0181614
53.0625 6.02932 0.0466701
53.0625 6.09279 0.0749908
53.0625 6.15625 0.10301
53.0625 6.21972 0.130614
53.0625 6.28319 0.157692
54.0635 0 0.0397056
54.0635 0.0634665 0.0509175
54.0635 0.126933 0.0619242
54.0635 0.1904 0.0726817
54.0635 0.253866 0.0831464
54.0635 0.317333 0.0932764
54.0635 0.380799 0.103031
54.0635 0.444266 0.11237
54.0635 0.507732 0.121257
54.0635 0.571199 0.129656
54.0635 0.634665 0.137533
54.0635 0.698132 0.144856
54.0635 0.761598 0.151595
54.0635 0.825065 0.157724
54.0635 0.888531 0.163218
54.0635 0.951998 0.168055
54.0635 1.01546 0.172216
54.0635 1.07893 0.175682
54.0635 1.1424 0.178442
54.0635 1.20586 0.180482
54.0635 1.26933 0.181796
54.0635 1.3328 0.182378
54.0635 1.39626 0.182226
54.0635 1.45973 0.18134
54.0635 1.5232 0.179724
54.0635 1.58666 0.177384
54.0635 1.65013 0.174329
54.0635 1.7136 0.170573
54.0635 1.77706 0.16613
54.0635 1.84053 0.161018
54.0635 1.904 0.155258
54.0635 1.96746 0.148872
54.0635 2.03093 0.141887
54.0635 2.0944 0.134331
54.0635 2.15786 0.126234
54.0635 2.22133 0.117628
54.0635 2.28479 0.108549
54.0635 2.34826 0.0990327
54.0635 2.41173 0.0891176
54.0635 2.47519 0.0788435
54.0635 2.53866 0.0682524
54.0635 2.60213 0.0573862
54.0635 2.66559 0.0462889
54.0635 2.72906 0.0350053
54.0635 2.79253 0.0235807
54.0635 2.85599 0.0120612
54.0635 2.91946 0.000493033
54.0635 2.98293 -0.0110771
54.0635 3.04639 -0.0226025
54.0635 3.10986 -0.034037
54.0635 3.17333 -0.0453345
54.0635 3.23679 -0.0564493
54.0635 3.30026 -0.0673369
54.0635 3.36373 -0.0779534
54.0635 3.42719 -0.0882559
54.0635 3.49066 -0.0982031
54.0635 3.55413 -0.107755
54.0635 3.61759 -0.116873
54.0635 3.68106 -0.12552
54.0635 3.74452 -0.133662
54.0635 3.80799 -0.141265
54.0635 3.87146 -0.1483
54.0635 3.93492 -0.154738
54.0635 3.99839 -0.160552
54.0635 4.06186 -0.16572
54.0635 4.12532 -0.170221
54.0635 4.18879 -0.174037
54.0635 4.25226 -0.177151
54.0635 4.31572 -0.179552
54.0635 4.37919 -0.181231
54.0635 4.44266 -0.182179
54.0635 4.50612 -0.182394
54.0635 4.56959 -0.181875
54.0635 4.63306 -0.180623
54.0635 4.69652 -0.178644
54.0635 4.75999 -0.175945
54.0635 4.82346 -0.172538
54.0635 4.88692 -0.168436
54.0635 4.95039 -0.163657
54.0635 5.01385 -0.158218
54.0635 5.07732 -0.152142
54.0635 5.14079 -0.145453
54.0635 5.20425 -0.138179
54.0635 5.26772 -0.130348
54.0635 5.33119 -0.121992
54.0635 5.39465 -0.113145
54.0635 5.45812 -0.103843
54.0635 5.52159 -0.0941226
54.0635 5.58505 -0.084023
54.0635 5.64852 -0.0735852
54.0635 5.71199 -0.0628509
54.0635 5.77545 -0.0518638
54.0635 5.83892 -0.0406676
54.0635 5.90239 -0.0293078
54.0635 5.96585 -0.0178299
54.0635 6.02932 -0.00628035
54.0635 6.09279 0.00529456
54.0635 6.15625 0.0168483
54.0635 6.21972 0.0283341
54.0635 6.28319 0.0397057
55.0645 0 -0.24942
55.0645 0.0634665 -0.242929
55.0645 0.126933 -0.23546
55.0645 0.1904 -0.227043
55.0645 0.253866 -0.217712
55.0645 0.317333 -0.207503
55.0645 0.380799 -0.19646
55.0645 0.444266 -0.184625
55.0645 0.507732 -0.172047
55.0645 0.571199 -0.158776
55.0645 0.634665 -0.144866
55.0645 0.698132 -0.130373
55.0645 0.761598 -0.115354
55.0645 0.825065 -0.0998714
55.0645 0.888531 -0.0839864
55.0645 0.951998 -0.067763
55.0645 1.01546 -0.0512669
55.0645 1.07893 -0.0345645
55.0645 1.1424 -0.0177226
55.0645 1.20586 -0.000809571
55.0645 1.26933 0.0161067
55.0645 1.3328 0.0329583
55.0645 1.39626 0.0496771
55.0645 1.45973 0.0661959
55.0645 1.5232 0.082448
55.0645 1.58666 0.0983681
55.0645 1.65013 0.113892
55.0645 1.7136 0.128958
55.0645 1.77706 0.143504
55.0645 1.84053 0.157472
55.0645 1.904 0.170807
55.0645 1.96746 0.183453
55.0645 2.03093 0.195361
55.0645 2.0944 0.206482
55.0645 2.15786 0.216772
55.0645 2.22133 0.226189
55.0645 2.28479 0.234695
55.0645 2.34826 0.242256
55.0645 2.41173 0.248842
55.0645 2.47519 0.254425
55.0645 2.53866 0.258985
55.0645 2.60213 0.262501
55.0645 2.66559 0.26496
55.0645 2.72906 0.266353
55.0645 2.79253 0.266672
55.0645 2.85599 0.265918
55.0645 2.91946 0.264094
55.0645 2.98293 0.261206
55.0645 3.04639 0.257266
55.0645 3.10986 0.25229
55.0645 3.17333 0.246298
55.0645 3.23679 0.239315
55.0645 3.30026 0.231368
55.0645 3.36373 0.222489
55.0645 3.42719 0.212714
55.0645 3.49066 0.202083
55.0645 3.55413 0.190638
55.0645 3.61759 0.178426
55.0645 3.68106 0.165495
55.0645 3.74452 0.151898
55.0645 3.80799 0.137689
55.0645 3.87146 0.122925
55.0645 3.93492 0.107667
55.0645 3.99839 0.0919752
55.0645 4.06186 0.0759128
55.0645 4.12532 0.0595449
55.0645 4.18879 0.0429372
55.0645 4.25226 0.0261566
55.0645 4.31572 0.00927081
55.0645 4.37919 -0.00765251
55.0645 4.44266 -0.0245448
55.0645 4.50612 -0.0413383
55.0645 4.56959 -0.0579655
55.0645 4.63306 -0.0743591
55.0645 4.69652 -0.0904536
55.0645 4.75999 -0.106184
55.0645 4.82346 -0.121486
55.0645 4.88692 -0.136299
55.0645 4.95039 -0.150564
55.0645 5.01385 -0.164222
55.0645 5.07732 -0.177219
55.0645 5.14079 -0.189503
55.0645 5.20425 -0.201023
55.0645 5.26772 -0.211734
55.0645 5.33119 -0.221592
55.0645 5.39465 -0.230558
55.0645 5.45812 -0.238596
55.0645 5.52159 -0.245673
55.0645 5.58505 -0.25176
55.0645 5.64852 -0.256834
55.0645 5.71199 -0.260874
55.0645 5.77545 -0.263863
55.0645 5.83892 -0.26579
55.0645 5.90239 -0.266647
55.0645 5.96585 -0.26643
55.0645 6.02932 -0.26514
55.0645 6.09279 -0.262782
55.0645 6.15625 -0.259366
55.0645 6.21972 -0.254906
55.0645 6.28319 -0.24942
56.0655 0 0.241573
56.0655 0.0634665 0.243163
56.0655 0.126933 0.243774
56.0655 0.1904 0.243403
56.0655 0.253866 0.242052
56.0655 0.317333 0.239727
56.0655 0.380799 0.236436
56.0655 0.444266 0.232193
56.0655 0.507732 0.227015
56.0655 0.571199 0.220923
56.0655 0.634665 0.213941
56.0655 0.698132 0.206098
56.0655 0.761598 0.197425
56.0655 0.825065 0.187957
56.0655 0.888531 0.177732
56.0655 0.951998 0.166792
56.0655 1.01546 0.15518
56.0655 1.07893 0.142943
56.0655 1.1424 0.13013
56.0655 1.20586 0.116794
56.0655 1.26933 0.102987
56.0655 1.3328 0.0887659
56.0655 1.39626 0.074187
56.0655 1.45973 0.0593094
56.0655 1.5232 0.044193
56.0655 1.58666 0.0288986
56.0655 1.65013 0.0134878
56.0655 1.7136 -0.00197716
56.0655 1.77706 -0.0174343
56.0655 1.84053 -0.0328212
56.0655 1.904 -0.0480758
56.0655 1.96746 -0.0631372
56.0655 2.03093 -0.0779439
56.0655 2.0944 -0.092437
56.0655 2.15786 -0.106558
56.0655 2.22133 -0.120249
56.0655 2.28479 -0.133457
56.0655 2.34826 -0.146127
56.0655 2.41173 -0.158209
56.0655 2.47519 -0.169654
56.0655 2.53866 -0.180415
56.0655 2.60213 -0.19045
56.0655 2.66559 -0.199719
56.0655 2.72906 -0.208183
56.0655 2.79253 -0.215808
56.0655 2.85599 -0.222565
56.0655 2.91946 -0.228426
56.0655 2.98293 -0.233367
56.0655 3.04639 -0.237368
56.0655 3.10986 -0.240413
56.0655 3.17333 -0.24249
56.0655 3.23679 -0.243591
56.0655 3.30026 -0.243711
56.0655 3.36373 -0.24285
56.0655 3.42719 -0.241011
56.0655 3.49066 -0.238201
56.0655 3.55413 -0.234432
56.0655 3.61759 -0.229719
56.0655 3.68106 -0.224081
56.0655 3.74452 -0.217541
56.0655 3.80799 -0.210125
56.0655 3.87146 -0.201863
56.0655 3.93492 -0.192788
56.0655 3.99839 -0.182937
56.0655 4.06186 -0.172349
56.0655 4.12532 -0.161067
56.0655 4.18879 -0.149137
56.0655 4.25226 -0.136605
56.0655 4.31572 -0.123524
56.0655 4.37919 -0.109946
56.0655 4.44266 -0.0959249
56.0655 4.50612 -0.0815175
56.0655 4.56959 -0.0667818
56.0655 4.63306 -0.0517772
56.0655 4.69652 -0.0365642
56.0655 4.75999 -0.0212038
56.0655 4.82346 -0.00575822
56.0655 4.88692 0.00971059
56.0655 4.95039 0.0251403
56.0655 5.01385 0.0404688
56.0655 5.07732 0.0556344
56.0655 5.14079 0.0705761
56.0655 5.20425 0.0852333
56.0655 5.26772 0.0995473
56.0655 5.33119 0.113461
56.0655 5.39465 0.126917
56.0655 5.45812 0.139863
56.0655 5.52159 0.152245
56.0655 5.58505 0.164014
56.0655 5.64852 0.175123
56.0655 5.71199 0.185526
56.0655 5.77545 0.195183
56.0655 5.83892 0.204053
56.0655 5.90239 0.212103
56.0655 5.96585 0.219297
56.0655 6.02932 0.225609
56.0655 6.09279 0.231013
56.0655 6.15625 0.235486
56.0655 6.21972 0.239011
56.0655 6.28319 0.241574
57.0665 0 -0.148746
57.0665 0.0634665 -0.121684
57.0665 0.126933 -0.0941324
57.0665 0.1904 -0.0662018
57.0665 0.253866 -0.0380047
57.0665 0.317333 -0.00965449
57.0665 0.380799 0.0187345
57.0665 0.444266 0.0470481
57.0665 0.507732 0.0751722
57.0665 0.571199 0.102994
57.0665 0.634665 0.1304
57.0665 0.698132 0.157282
57.0665 0.761598 0.18353
57.0665 0.825065 0.20904
57.0665 0.888531 0.233707
57.0665 0.951998 0.257434
57.0665 1.01546 0.280124
57.0665 1.07893 0.301686
57.0665 1.1424 0.322033
57.0665 1.20586 0.341084
57.0665 1.26933 0.358761
57.0665 1.3328 0.374993
57.0665 1.39626 0.389715
57.0665 1.45973 0.402869
57.0665 1.5232 0.4144
57.0665 1.58666 0.424262
57.0665 1.65013 0.432416
57.0665 1.7136 0.438829
57.0665 1.77706 0.443475
57.0665 1.84053 0.446335
57.0665 1.904 0.447398
57.0665 1.96746 0.44666
57.0665 2.03093 0.444122
57.0665 2.0944 0.439797
57.0665 2.15786 0.433701
57.0665 2.22133 0.425858
57.0665 2.28479 0.4163
57.0665 2.34826 0.405066
57.0665 2.41173 0.392201
57.0665 2.47519 0.377757
57.0665 2.53866 0.361792
57.0665 2.60213 0.34437
57.0665 2.66559 0.325562
57.0665 2.72906 0.305442
57.0665 2.79253 0.284092
57.0665 2.85599 0.261599
57.0665 2.91946 0.238052
57.0665 2.98293 0.213547
57.0665 3.04639 0.188181
57.0665 3.10986 0.162058
57.0665 3.17333 0.135283
57.0665 3.23679 0.107962
57.0665 3.30026 0.0802075
57.0665 3.36373 0.0521294
57.0665 3.42719 0.0238415
57.0665 3.49066 -0.00454231
57.0665 3.55413 -0.0329079
57.0665 3.61759 -0.061141
57.0665 3.68106 -0.0891279
57.0665 3.74452 -0.116756
57.0665 3.80799 -0.143914
57.0665 3.87146 -0.170492
57.0665 3.93492 -0.196384
57.0665 3.99839 -0.221485
57.0665 4.06186 -0.245694
57.0665 4.12532 -0.268914
57.0665 4.18879 -0.291051
57.0665 4.25226 -0.312017
57.0665 4.31572 -0.331725
57.0665 4.37919 -0.350098
57.0665 4.44266 -0.367062
57.0665 4.50612 -0.382547
57.0665 4.56959 -0.396492
57.0665 4.63306 -0.40884
57.0665 4.69652 -0.419542
57.0665 4.75999 -0.428555
57.0665 4.82346 -0.435842
57.0665 4.88692 -0.441374
57.0665 4.95039 -0.445129
57.0665 5.01385 -0.447092
57.0665 5.07732 -0.447254
57.0665 5.14079 -0.445615
57.0665 5.20425 -0.442182
57.0665 5.26772 -0.436969
57.0665 5.33119 -0.429995
57.0665 5.39465 -0.421291
57.0665 5.45812 -0.41089
57.0665 5.52159 -0.398835
57.0665 5.58505 -0.385173
57.0665 5.64852 -0.369961
57.0665 5.71199 -0.353259
57.0665 5.77545 -0.335134
57.0665 5.83892 -0.31566
57.0665 5.90239 -0.294915
57.0665 5.96585 -0.272983
57.0665 6.02932 -0.249951
57.0665 6.09279 -0.225913
57.0665 6.15625 -0.200965
57.0665 6.21972 -0.175208
57.0665 6.28319 -0.148745
58.0675 0 0.0163999
58.0675 0.0634665 0.0231398
58.0675 0.126933 0.0297868
58.0675 0.1904 0.0363136
58.0675 0.253866 0.0426942
58.0675 0.317333 0.0489028
58.0675 0.380799 0.0549148
58.0675 0.444266 0.0607056
58.0675 0.507732 0.0662515
58.0675 0.571199 0.0715309
58.0675 0.634665 0.0765225
58.0675 0.698132 0.081206
58.0675 0.761598 0.0855622
58.0675 0.825065 0.089574
58.0675 0.888531 0.0932251
58.0675 0.951998 0.0965008
58.0675 1.01546 0.099388
58.0675 1.07893 0.101875
58.0675 1.1424 0.103952
58.0675 1.20586 0.10561
58.0675 1.26933 0.106843
58.0675 1.3328 0.107645
58.0675 1.39626 0.108015
58.0675 1.45973 0.107949
58.0675 1.5232 0.107449
58.0675 1.58666 0.106516
58.0675 1.65013 0.105154
58.0675 1.7136 0.103368
58.0675 1.77706 0.101167
58.0675 1.84053 0.0985577
58.0675 1.904 0.0955519
58.0675 1.96746 0.0921614
58.0675 2.03093 0.0883997
58.0675 2.0944 0.0842822
58.0675 2.15786 0.0798251
58.0675 2.22133 0.0750468
58.0675 2.28479 0.0699661
58.0675 2.34826 0.0646039
58.0675 2.41173 0.0589814
58.0675 2.47519 0.0531214
58.0675 2.53866 0.0470475
58.0675 2.60213 0.0407842
58.0675 2.66559 0.0343566
58.0675 2.72906 0.0277909
58.0675 2.79253 0.0211131
58.0675 2.85599 0.0143502
58.0675 2.91946 0.00752976
58.0675 2.98293 0.000678791
58.0675 3.04639 -0.00617487
58.0675 3.10986 -0.0130035
58.0675 3.17333 -0.01978
58.0675 3.23679 -0.0264766
58.0675 3.30026 -0.0330668
58.0675 3.36373 -0.0395236
58.0675 3.42719 -0.0458217
58.0675 3.49066 -0.0519351
58.0675 3.55413 -0.057839
58.0675 3.61759 -0.0635103
58.0675 3.68106 -0.068926
58.0675 3.74452 -0.0740639
58.0675 3.80799 -0.0789038
58.0675 3.87146 -0.0834259
58.0675 3.93492 -0.0876122
58.0675 3.99839 -0.0914455
58.0675 4.06186 -0.0949108
58.0675 4.12532 -0.0979937
58.0675 4.18879 -0.100682
58.0675 4.25226 -0.102965
58.0675 4.31572 -0.104834
58.0675 4.37919 -0.10628
58.0675 4.44266 -0.107298
58.0675 4.50612 -0.107884
58.0675 4.56959 -0.108036
58.0675 4.63306 -0.107753
58.0675 4.69652 -0.107036
58.0675 4.75999 -0.105888
58.0675 4.82346 -0.104313
58.0675 4.88692 -0.102319
58.0675 4.95039 -0.0999124
58.0675 5.01385 -0.0971037
58.0675 5.07732 -0.0939039
58.0675 5.14079 -0.090326
58.0675 5.20425 -0.0863844
58.0675 5.26772 -0.0820949
58.0675 5.33119 -0.0774749
58.0675 5.39465 -0.0725429
58.0675 5.45812 -0.0673189
58.0675 5.52159 -0.0618237
58.0675 5.58505 -0.0560797
58.0675 5.64852 -0.0501098
58.0675 5.71199 -0.0439379
58.0675 5.77545 -0.0375894
58.0675 5.83892 -0.0310895
58.0675 5.90239 -0.0244642
58.0675 5.96585 -0.0177407
58.0675 6.02932 -0.0109455
58.0675 6.09279 -0.00410621
58.0675 6.15625 0.00274934
58.0675 6.21972 0.0095939
58.0675 6.28319 0.0163999
59.0685 0 -0.140076
59.0685 0.0634665 -0.145833
59.0685 0.126933 -0.151003
59.0685 0.1904 -0.155565
59.0685 0.253866 -0.159501
59.0685 0.317333 -0.162794
59.0685 0.380799 -0.165432
59.0685 0.444266 -0.167403
59.0685 0.507732 -0.168701
59.0685 0.571199 -0.169319
59.0685 0.634665 -0.169256
59.0685 0.698132 -0.16851
59.0685 0.761598 -0.167087
59.0685 0.825065 -0.16499
59.0685 0.888531 -0.16223
59.0685 0.951998 -0.158816
59.0685 1.01546 -0.154762
59.0685 1.07893 -0.150085
59.0685 1.1424 -0.144804
59.0685 1.20586 -0.13894
59.0685 1.26933 -0.132517
59.0685 1.3328 -0.125559
59.0685 1.39626 -0.118097
59.0685 1.45973 -0.110158
59.0685 1.5232 -0.101777
59.0685 1.58666 -0.0929848
59.0685 1.65013 -0.0838187
59.0685 1.7136 -0.074315
59.0685 1.77706 -0.0645124
59.0685 1.84053 -0.0544497
59.0685 1.904 -0.0441679
59.0685 1.96746 -0.033708
59.0685 2.03093 -0.0231127
59.0685 2.0944 -0.0124241
59.0685 2.15786 -0.00168556
59.0685 2.22133 0.00905971
59.0685 2.28479 0.0197685
59.0685 2.34826 0.0303977
59.0685 2.41173 0.0409047
59.0685 2.47519 0.0512468
59.0685 2.53866 0.0613826
59.0685 2.60213 0.0712712
59.0685 2.66559 0.0808728
59.0685 2.72906 0.0901489
59.0685 2.79253 0.0990617
59.0685 2.85599 0.107576
59.0685 2.91946 0.115657
59.0685 2.98293 0.123272
59.0685 3.04639 0.130391
59.0685 3.10986 0.136985
59.0685 3.17333 0.143027
59.0685 3.23679 0.148493
59.0685 3.30026 0.153362
59.0685 3.36373 0.157612
59.0685 3.42719 0.161229
59.0685 3.49066 0.164196
59.0685 3.55413 0.166501
59.0685 3.61759 0.168137
59.0685 3.68106 0.169095
59.0685 3.74452 0.169373
59.0685 3.80799 0.168968
59.0685 3.87146 0.167883
59.0685 3.93492 0.166122
59.0685 3.99839 0.163692
59.0685 4.06186 0.160603
59.0685 4.12532 0.156868
59.0685 4.18879 0.1525
59.0685 4.25226 0.147519
59.0685 4.31572 0.141944
59.0685 4.37919 0.135797
59.0685 4.44266 0.129103
59.0685 4.50612 0.121889
59.0685 4.56959 0.114185
59.0685 4.63306 0.106021
59.0685 4.69652 0.0974297
59.0685 4.75999 0.0884463
59.0685 4.82346 0.0791068
59.0685 4.88692 0.0694487
59.0685 4.95039 0.0595109
59.0685 5.01385 0.0493336
59.0685 5.07732 0.0389575
59.0685 5.14079 0.0284246
59.0685 5.20425 0.0177773
59.0685 5.26772 0.00705841
59.0685 5.33119 -0.00368906
59.0685 5.39465 -0.0144214
59.0685 5.45812 -0.0250957
59.0685 5.52159 -0.0356693
59.0685 5.58505 -0.0460988
59.0685 5.64852 -0.056343
59.0685 5.71199 -0.0663603
59.0685 5.77545 -0.0761102
59.0685 5.83892 -0.0855538
59.0685 5.90239 -0.0946529
59.0685 5.96585 -0.103371
59.0685 6.02932 -0.111673
59.0685 6.09279 -0.119525
59.0685 6.15625 -0.126895
59.0685 6.21972 -0.133755
59.0685 6.28319 -0.140076
60.0695 0 -0.138689
60.0695 0.0634665 -0.136174
60.0695 0.126933 -0.13311
60.0695 0.1904 -0.12951
60.0695 0.253866 -0.125389
60.0695 0.317333 -0.120763
60.0695 0.380799 -0.11565
60.0695 0.444266 -0.110072
60.0695 0.507732 -0.104051
60.0695 0.571199 -0.0976109
60.0695 0.634665 -0.0907775
60.0695 0.698132 -0.0835787
60.0695 0.761598 -0.0760433
60.0695 0.825065 -0.0682017
60.0695 0.888531 -0.0600856
60.0695 0.951998 -0.0517275
60.0695 1.01546 -0.0431611
60.0695 1.07893 -0.0344209
60.0695 1.1424 -0.0255421
60.0695 1.20586 -0.0165606
60.0695 1.26933 -0.0075121
60.0695 1.3328 0.00156662
60.0695 1.39626 0.0106387
60.0695 1.45973 0.0196683
60.0695 1.5232 0.0286185
60.0695 1.58666 0.0374536
60.0695 1.65013 0.0461377
60.0695 1.7136 0.0546363
60.0695 1.77706 0.0629145
60.0695 1.84053 0.0709396
60.0695 1.904 0.0786791
60.0695 1.96746 0.0861017
60.0695 2.03093 0.0931775
60.0695 2.0944 0.0998785
60.0695 2.15786 0.106177
60.0695 2.22133 0.112048
60.0695 2.28479 0.117468
60.0695 2.34826 0.122415
60.0695 2.41173 0.126869
60.0695 2.47519 0.130812
60.0695 2.53866 0.134228
60.0695 2.60213 0.137104
60.0695 2.66559 0.139427
60.0695 2.72906 0.14119
60.0695 2.79253 0.142384
60.0695 2.85599 0.143004
60.0695 2.91946 0.143049
60.0695 2.98293 0.142518
60.0695 3.04639 0.141412
60.0695 3.10986 0.139738
60.0695 3.17333 0.1375
60.0695 3.23679 0.13471
60.0695 3.30026 0.131376
60.0695 3.36373 0.127514
60.0695 3.42719 0.123138
60.0695 3.49066 0.118266
60.0695 3.55413 0.112918
60.0695 3.61759 0.107116
60.0695 3.68106 0.100882
60.0695 3.74452 0.0942417
60.0695 3.80799 0.0872222
60.0695 3.87146 0.0798512
60.0695 3.93492 0.0721588
60.0695 3.99839 0.0641761
60.0695 4.06186 0.0559347
60.0695 4.12532 0.0474683
60.0695 4.18879 0.0388105
60.0695 4.25226 0.0299965
60.0695 4.31572 0.0210619
60.0695 4.37919 0.0120422
60.0695 4.44266 0.00297432
60.0695 4.50612 -0.00610566
60.0695 4.56959 -0.0151613
60.0695 4.63306 -0.0241556
60.0695 4.69652 -0.0330527
60.0695 4.75999 -0.0418166
60.0695 4.82346 -0.0504122
60.0695 4.88692 -0.0588049
60.0695 4.95039 -0.0669607
60.0695 5.01385 -0.074847
60.0695 5.07732 -0.082432
60.0695 5.14079 -0.0896849
60.0695 5.20425 -0.0965765
60.0695 5.26772 -0.10308
60.0695 5.33119 -0.109167
60.0695 5.39465 -0.114816
60.0695 5.45812 -0.120002
60.0695 5.52159 -0.124704
60.0695 5.58505 -0.128905
60.0695 5.64852 -0.132587
60.0695 5.71199 -0.135734
60.0695 5.77545 -0.138335
60.0695 5.83892 -0.140379
60.0695 5.90239 -0.141858
60.0695 5.96585 -0.142766
60.0695 6.02932 -0.143099
60.0695 6.09279 -0.142855
60.0695 6.15625 -0.142037
60.0695 6.21972 -0.140646
60.0695 6.28319 -0.138689
61.0704 0 0.0455263
61.0704 0.0634665 0.0204814
61.0704 0.126933 -0.00464592
61.0704 0.1904 -0.0297546
61.0704 0.253866 -0.0547434
61.0704 0.317333 -0.0795118
61.0704 0.380799 -0.10396
61.0704 0.444266 -0.127989
61.0704 0.507732 -0.151504
61.0704 0.571199 -0.174408
61.0704 0.634665 -0.19661
61.0704 0.698132 -0.21802
61.0704 0.761598 -0.238552
61.0704 0.825065 -0.258124
61.0704 0.888531 -0.276656
61.0704 0.951998 -0.294075
61.0704 1.01546 -0.310309
61.0704 1.07893 -0.325294
61.0704 1.1424 -0.338969
61.0704 1.20586 -0.351279
61.0704 1.26933 -0.362174
61.0704 1.3328 -0.371612
61.0704 1.39626 -0.379552
61.0704 1.45973 -0.385965
61.0704 1.5232 -0.390823
61.0704 1.58666 -0.394108
61.0704 1.65013 -0.395806
61.0704 1.7136 -0.39591
61.0704 1.77706 -0.394419
61.0704 1.84053 -0.391341
61.0704 1.904 -0.386687
61.0704 1.96746 -0.380475
61.0704 2.03093 -0.372732
61.0704 2.0944 -0.363488
61.0704 2.15786 -0.35278
61.0704 2.22133 -0.340652
61.0704 2.28479 -0.327152
61.0704 2.34826 -0.312335
61.0704 2.41173 -0.29626
61.0704 2.47519 -0.278992
61.0704 2.53866 -0.2606
61.0704 2.60213 -0.241159
61.0704 2.66559 -0.220748
61.0704 2.72906 -0.199447
61.0704 2.79253 -0.177343
61.0704 2.85599 -0.154526
61.0704 2.91946 -0.131086
61.0704 2.98293 -0.107118
61.0704 3.04639 -0.0827184
61.0704 3.10986 -0.0579862
61.0704 3.17333 -0.0330205
61.0704 3.23679 -0.00792182
61.0704 3.30026 0.0172089
61.0704 3.36373 0.0422702
61.0704 3.42719 0.0671614
61.0704 3.49066 0.091782
61.0704 3.55413 0.116033
61.0704 3.61759 0.139817
61.0704 3.68106 0.163038
61.0704 3.74452 0.185602
61.0704 3.80799 0.207419
61.0704 3.87146 0.228401
61.0704 3.93492 0.248463
61.0704 3.99839 0.267525
61.0704 4.06186 0.285509
61.0704 4.12532 0.302344
61.0704 4.18879 0.317962
61.0704 4.25226 0.332299
61.0704 4.31572 0.345298
61.0704 4.37919 0.356906
61.0704 4.44266 0.367078
61.0704 4.50612 0.375771
61.0704 4.56959 0.382952
61.0704 4.63306 0.38859
61.0704 4.69652 0.392663
61.0704 4.75999 0.395156
61.0704 4.82346 0.396057
61.0704 4.88692 0.395364
61.0704 4.95039 0.393078
61.0704 5.01385 0.38921
61.0704 5.07732 0.383774
61.0704 5.14079 0.376794
61.0704 5.20425 0.368296
61.0704 5.26772 0.358314
61.0704 5.33119 0.346891
61.0704 5.39465 0.33407
61.0704 5.45812 0.319904
61.0704 5.52159 0.30445
61.0704 5.58505 0.287771
61.0704 5.64852 0.269932
61.0704 5.71199 0.251006
61.0704 5.77545 0.23107
61.0704 5.83892 0.210203
61.0704 5.90239 0.18849
61.0704 5.96585 0.166018
61.0704 6.02932 0.142878
61.0704 6.09279 0.119162
61.0704 6.15625 0.0949659
61.0704 6.21972 0.0703878
61.0704 6.28319 0.0455262
62.0714 0 0.0680051
62.0714 0.0634665 0.068732
62.0714 0.126933 0.0691821
62.0714 0.1904 0.0693535
62.0714 0.253866 0.0692458
62.0714 0.317333 0.0688592
62.0714 0.380799 0.0681954
62.0714 0.444266 0.0672569
62.0714 0.507732 0.0660477
62.0714 0.571199 0.0645724
62.0714 0.634665 0.0628371
62.0714 0.698132 0.0608489
62.0714 0.761598 0.0586156
62.0714 0.825065 0.0561463
62.0714 0.888531 0.0534509
62.0714 0.951998 0.0505403
62.0714 1.01546 0.0474262
62.0714 1.07893 0.0441212
62.0714 1.1424 0.0406383
62.0714 1.20586 0.036992
62.0714 1.26933 0.0331966
62.0714 1.3328 0.0292676
62.0714 1.39626 0.0252207
62.0714 1.45973 0.0210723
62.0714 1.5232 0.0168391
62.0714 1.58666 0.012538
62.0714 1.65013 0.00818647
62.0714 1.7136 0.00380194
62.0714 1.77706 -0.000597971
62.0714 1.84053 -0.00499548
62.0714 1.904 -0.00937264
62.0714 1.96746 -0.0137122
62.0714 2.03093 -0.0179965
62.0714 2.0944 -0.0222084
62.0714 2.15786 -0.0263308
62.0714 2.22133 -0.0303473
62.0714 2.28479 -0.0342415
62.0714 2.34826 -0.0379979
62.0714 2.41173 -0.0416012
62.0714 2.47519 -0.0450371
62.0714 2.53866 -0.0482916
62.0714 2.60213 -0.0513517
62.0714 2.66559 -0.0542049
62.0714 2.72906 -0.0568399
62.0714 2.79253 -0.0592461
62.0714 2.85599 -0.0614136
62.0714 2.91946 -0.0633338
62.0714 2.98293 -0.0649991
62.0714 3.04639 -0.0664026
62.0714 3.10986 -0.0675389
62.0714 3.17333 -0.0684029
62.0714 3.23679 -0.0689917
62.0714 3.30026 -0.0693027
62.0714 3.36373 -0.0693346
62.0714 3.42719 -0.0690873
62.0714 3.49066 -0.0685618
62.0714 3.55413 -0.0677602
62.0714 3.61759 -0.0666858
62.0714 3.68106 -0.0653429
62.0714 3.74452 -0.0637368
62.0714 3.80799 -0.0618741
62.0714 3.87146 -0.0597623
62.0714 3.93492 -0.0574098
62.0714 3.99839 -0.0548262
62.0714 4.06186 -0.0520218
62.0714 4.12532 -0.0490079
62.0714 4.18879 -0.0457967
62.0714 4.25226 -0.042401
62.0714 4.31572 -0.0388347
62.0714 4.37919 -0.035112
62.0714 4.44266 -0.0312479
62.0714 4.50612 -0.027258
62.0714 4.56959 -0.0231582
62.0714 4.63306 -0.0189654
62.0714 4.69652 -0.0146959
62.0714 4.75999 -0.0103674
62.0714 4.82346 -0.00599725
62.0714 4.88692 -0.00160299
62.0714 4.95039 0.00279808
62.0714 5.01385 0.00718758
62.0714 5.07732 0.0115482
62.0714 5.14079 0.0158623
62.0714 5.20425 0.0201126
62.0714 5.26772 0.0242819
62.0714 5.33119 0.0283534
62.0714 5.39465 0.0323107
62.0714 5.45812 0.0361378
62.0714 5.52159 0.0398195
62.0714 5.58505 0.0433409
62.0714 5.64852 0.0466878
62.0714 5.71199 0.0498467
62.0714 5.77545 0.0528048
62.0714 5.83892 0.0555503
62.0714 5.90239 0.0580721
62.0714 5.96585 0.0603603
62.0714 6.02932 0.0624052
62.0714 6.09279 0.0641988
62.0714 6.15625 0.065734
62.0714 6.21972 0.0670045
62.0714 6.28319 0.0680052
63.0724 0 0.256233
63.0724 0.0634665 0.271784
63.0724 0.126933 0.286241
63.0724 0.1904 0.299546
63.0724 0.253866 0.311644
63.0724 0.317333 0.322488
63.0724 0.380799 0.332032
63.0724 0.444266 0.34024
63.0724 0.507732 0.347078
63.0724 0.571199 0.352518
63.0724 0.634665 0.356539
63.0724 0.698132 0.359125
63.0724 0.761598 0.360263
63.0724 0.825065 0.359952
63.0724 0.888531 0.358191
63.0724 0.951998 0.354988
63.0724 1.01546 0.350355
63.0724 1.07893 0.344312
63.0724 1.1424 0.336882
63.0724 1.20586 0.328096
63.0724 1.26933 0.317988
63.0724 1.3328 0.3066
63.0724 1.39626 0.293978
63.0724 1.45973 0.280172
63.0724 1.5232 0.265237
63.0724 1.58666 0.249235
63.0724 1.65013 0.232229
63.0724 1.7136 0.214288
63.0724 1.77706 0.195484
63.0724 1.84053 0.175893
63.0724 1.904 0.155594
63.0724 1.96746 0.134668
63.0724 2.03093 0.1132
63.0724 2.0944 0.0912757
63.0724 2.15786 0.0689842
63.0724 2.22133 0.0464151
63.0724 2.28479 0.0236589
63.0724 2.34826 0.000807517
63.0724 2.41173 -0.0220472
63.0724 2.47519 -0.044813
63.0724 2.53866 -0.0673985
63.0724 2.60213 -0.0897124
63.0724 2.66559 -0.111665
63.0724 2.72906 -0.133168
63.0724 2.79253 -0.154135
63.0724 2.85599 -0.174482
63.0724 2.91946 -0.194125
63.0724 2.98293 -0.212988
63.0724 3.04639 -0.230992
63.0724 3.10986 -0.248066
63.0724 3.17333 -0.264142
63.0724 3.23679 -0.279153
63.0724 3.30026 -0.293041
63.0724 3.36373 -0.305749
63.0724 3.42719 -0.317225
63.0724 3.49066 -0.327425
63.0724 3.55413 -0.336306
63.0724 3.61759 -0.343832
63.0724 3.68106 -0.349974
63.0724 3.74452 -0.354707
63.0724 3.80799 -0.358012
63.0724 3.87146 -0.359875
63.0724 3.93492 -0.360289
63.0724 3.99839 -0.359252
63.0724 4.06186 -0.356769
63.0724 4.12532 -0.352849
63.0724 4.18879 -0.347508
63.0724 4.25226 -0.340768
63.0724 4.31572 -0.332656
63.0724 4.37919 -0.323205
63.0724 4.44266 -0.312451
63.0724 4.50612 -0.30044
63.0724 4.56959 -0.287219
63.0724 4.63306 -0.272842
63.0724 4.69652 -0.257366
63.0724 4.75999 -0.240853
63.0724 4.82346 -0.223371
63.0724 4.88692 -0.204989
63.0724 4.95039 -0.185782
63.0724 5.01385 -0.165827
63.0724 5.07732 -0.145204
63.0724 5.14079 -0.123996
63.0724 5.20425 -0.102289
63.0724 5.26772 -0.0801703
63.0724 5.33119 -0.0577286
63.0724 5.39465 -0.0350545
63.0724 5.45812 -0.0122394
63.0724 5.52159 0.0106252
63.0724 5.58505 0.0334469
63.0724 5.64852 0.0561339
63.0724 5.71199 0.0785949
63.0724 5.77545 0.10074
63.0724 5.83892 0.122478
63.0724 5.90239 0.143724
63.0724 5.96585 0.164391
63.0724 6.02932 0.184396
63.0724 6.09279 0.203659
63.0724 6.15625 0.222102
63.0724 6.21972 0.23965
63.0724 6.28319 0.256233
64.0734 0 0.0278666
64.0734 0.0634665 0.030987
64.0734 0.126933 0.033983
64.0734 0.1904 0.036842
64.0734 0.253866 0.0395526
64.0734 0.317333 0.0421038
64.0734 0.380799 0.0444858
64.0734 0.444266 0.0466883
64.0734 0.507732 0.0487031
64.0734 0.571199 0.0505216
64.0734 0.634665 0.0521369
64.0734 0.698132 0.0535421
64.0734 0.761598 0.0547317
64.0734 0.825065 0.055701
64.0734 0.888531 0.0564459
64.0734 0.951998 0.0569636
64.0734 1.01546 0.057252
64.0734 1.07893 0.0573096
64.0734 1.1424 0.0571367
64.0734 1.20586 0.0567336
64.0734 1.26933 0.056102
64.0734 1.3328 0.0552446
64.0734 1.39626 0.0541648
64.0734 1.45973 0.0528667
64.0734 1.5232 0.051356
64.0734 1.58666 0.0496383
64.0734 1.65013 0.0477207
64.0734 1.7136 0.045611
64.0734 1.77706 0.0433178
64.0734 1.84053 0.0408499
64.0734 1.904 0.0382176
64.0734 1.96746 0.0354316
64.0734 2.03093 0.0325029
64.0734 2.0944 0.029443
64.0734 2.15786 0.0262647
64.0734 2.22133 0.0229809
64.0734 2.28479 0.0196042
64.0734 2.34826 0.0161485
64.0734 2.41173 0.012628
64.0734 2.47519 0.00905692
64.0734 2.53866 0.00544919
64.0734 2.60213 0.00181922
64.0734 2.66559 -0.00181765
64.0734 2.72906 -0.0054475
64.0734 2.79253 -0.00905513
64.0734 2.85599 -0.0126269
64.0734 2.91946 -0.0161472
64.0734 2.98293 -0.0196027
64.0734 3.04639 -0.0229792
64.0734 3.10986 -0.0262632
64.0734 3.17333 -0.0294416
64.0734 3.23679 -0.0325015
64.0734 3.30026 -0.0354301
64.0734 3.36373 -0.0382165
64.0734 3.42719 -0.0408487
64.0734 3.49066 -0.0433166
64.0734 3.55413 -0.0456101
64.0734 3.61759 -0.0477198
64.0734 3.68106 -0.0496375
64.0734 3.74452 -0.0513553
64.0734 3.80799 -0.0528661
64.0734 3.87146 -0.0541641
64.0734 3.93492 -0.0552441
64.0734 3.99839 -0.0561018
64.0734 4.06186 -0.0567334
64.0734 4.12532 -0.0571363
64.0734 4.18879 -0.0573095
64.0734 4.25226 -0.057252
64.0734 4.31572 -0.0569638
64.0734 4.37919 -0.0564463
64.0734 4.44266 -0.0557014
64.0734 4.50612 -0.0547322
64.0734 4.56959 -0.0535428
64.0734 4.63306 -0.0521377
64.0734 4.69652 -0.0505224
64.0734 4.75999 -0.0487041
64.0734 4.82346 -0.0466895
64.0734 4.88692 -0.0444868
64.0734 4.95039 -0.042105
64.0734 5.01385 -0.0395539
64.0734 5.07732 -0.0368431
64.0734 5.14079 -0.0339843
64.0734 5.20425 -0.0309886
64.0734 5.26772 -0.0278682
64.0734 5.33119 -0.0246352
64.0734 5.39465 -0.0213034
64.0734 5.45812 -0.0178856
64.0734 5.52159 -0.0143958
64.0734 5.58505 -0.0108482
64.0734 5.64852 -0.00725683
64.0734 5.71199 -0.00363606
64.0734 5.77545 -7.9574e-07
64.0734 5.83892 0.00363448
64.0734 5.90239 0.00725487
64.0734 5.96585 0.0108465
64.0734 6.02932 0.0143941
64.0734 6.09279 0.0178842
64.0734 6.15625 0.021302
64.0734 6.21972 0.0246336
64.0734 6.28319 0.0278666
65.0744 0 0.029257
65.0744 0.0634665 -0.0016931
65.0744 0.126933 -0.0326362
65.0744 0.1904 -0.063448
65.0744 0.253866 -0.0940042
65.0744 0.317333 -0.124182
65.0744 0.380799 -0.15386
65.0744 0.444266 -0.182918
65.0744 0.507732 -0.211239
65.0744 0.571199 -0.238711
65.0744 0.634665 -0.265221
65.0744 0.698132 -0.290662
65.0744 0.761598 -0.314934
65.0744 0.825065 -0.337937
65.0744 0.888531 -0.359579
65.0744 0.951998 -0.379774
65.0744 1.01546 -0.39844
65.0744 1.07893 -0.415501
65.0744 1.1424 -0.430889
65.0744 1.20586 -0.444542
65.0744 1.26933 -0.456405
65.0744 1.3328 -0.46643
65.0744 1.39626 -0.474577
65.0744 1.45973 -0.480813
65.0744 1.5232 -0.485113
65.0744 1.58666 -0.48746
65.0744 1.65013 -0.487844
65.0744 1.7136 -0.486263
65.0744 1.77706 -0.482725
65.0744 1.84053 -0.477242
65.0744 1.904 -0.469839
65.0744 1.96746 -0.460543
65.0744 2.03093 -0.449392
65.0744 2.0944 -0.436432
65.0744 2.15786 -0.421715
65.0744 2.22133 -0.405299
65.0744 2.28479 -0.387252
65.0744 2.34826 -0.367646
65.0744 2.41173 -0.346559
65.0744 2.47519 -0.324076
65.0744 2.53866 -0.300289
65.0744 2.60213 -0.275292
65.0744 2.66559 -0.249187
65.0744 2.72906 -0.222078
65.0744 2.79253 -0.194076
65.0744 2.85599 -0.165292
65.0744 2.91946 -0.135842
65.0744 2.98293 -0.105845
65.0744 3.04639 -0.0754221
65.0744 3.10986 -0.0446955
65.0744 3.17333 -0.0137887
65.0744 3.23679 0.0171733
65.0744 3.30026 0.0480664
65.0744 3.36373 0.0787658
65.0744 3.42719 0.109148
65.0744 3.49066 0.139091
65.0744 3.55413 0.168474
65.0744 3.61759 0.197178
65.0744 3.68106 0.225088
65.0744 3.74452 0.252092
65.0744 3.80799 0.278081
65.0744 3.87146 0.30295
65.0744 3.93492 0.3266
65.0744 3.99839 0.348934
65.0744 4.06186 0.369863
65.0744 4.12532 0.389303
65.0744 4.18879 0.407175
65.0744 4.25226 0.423408
65.0744 4.31572 0.437936
65.0744 4.37919 0.4507
65.0744 4.44266 0.46165
65.0744 4.50612 0.470741
65.0744 4.56959 0.477936
65.0744 4.63306 0.483207
65.0744 4.69652 0.486532
65.0744 4.75999 0.487898
65.0744 4.82346 0.487299
65.0744 4.88692 0.484738
65.0744 4.95039 0.480225
65.0744 5.01385 0.473779
65.0744 5.07732 0.465425
65.0744 5.14079 0.455197
65.0744 5.20425 0.443135
65.0744 5.26772 0.42929
65.0744 5.33119 0.413715
65.0744 5.39465 0.396475
65.0744 5.45812 0.377639
65.0744 5.52159 0.357282
65.0744 5.58505 0.335487
65.0744 5.64852 0.31234
65.0744 5.71199 0.287935
65.0744 5.77545 0.262372
65.0744 5.83892 0.235752
65.0744 5.90239 0.208182
65.0744 5.96585 0.179775
65.0744 6.02932 0.150642
65.0744 6.09279 0.120904
65.0744 6.15625 0.0906792
65.0744 6.21972 0.0600891
65.0744 6.28319 0.0292568
66.0754 0 -0.146909
66.0754 0.0634665 -0.172215
66.0754 0.126933 -0.196827
66.0754 0.1904 -0.220648
66.0754 0.253866 -0.243579
66.0754 0.317333 -0.26553
66.0754 0.380799 -0.286411
66.0754 0.444266 -0.30614
66.0754 0.507732 -0.324635
66.0754 0.571199 -0.341824
66.0754 0.634665 -0.357636
66.0754 0.698132 -0.372007
66.0754 0.761598 -0.384882
66.0754 0.825065 -0.396206
66.0754 0.888531 -0.405934
66.0754 0.951998 -0.414028
66.0754 1.01546 -0.420456
66.0754 1.07893 -0.425189
66.0754 1.1424 -0.428211
66.0754 1.20586 -0.42951
66.0754 1.26933 -0.429077
66.0754 1.3328 -0.426918
66.0754 1.39626 -0.42304
66.0754 1.45973 -0.417458
66.0754 1.5232 -0.410195
66.0754 1.58666 -0.40128
66.0754 1.65013 -0.39075
66.0754 1.7136 -0.378646
66.0754 1.77706 -0.365017
66.0754 1.84053 -0.349919
66.0754 1.904 -0.333412
66.0754 1.96746 -0.315562
66.0754 2.03093 -0.296441
66.0754 2.0944 -0.276127
66.0754 2.15786 -0.254701
66.0754 2.22133 -0.232249
66.0754 2.28479 -0.208862
66.0754 2.34826 -0.184634
66.0754 2.41173 -0.159663
66.0754 2.47519 -0.134049
66.0754 2.53866 -0.107895
66.0754 2.60213 -0.0813064
66.0754 2.66559 -0.0543906
66.0754 2.72906 -0.0272558
66.0754 2.79253 -1.12414e-05
66.0754 2.85599 0.0272333
66.0754 2.91946 0.0543684
66.0754 2.98293 0.0812844
66.0754 3.04639 0.107873
66.0754 3.10986 0.134028
66.0754 3.17333 0.159642
66.0754 3.23679 0.184614
66.0754 3.30026 0.208842
66.0754 3.36373 0.23223
66.0754 3.42719 0.254683
66.0754 3.49066 0.27611
66.0754 3.55413 0.296425
66.0754 3.61759 0.315546
66.0754 3.68106 0.333397
66.0754 3.74452 0.349906
66.0754 3.80799 0.365006
66.0754 3.87146 0.378635
66.0754 3.93492 0.39074
66.0754 3.99839 0.401272
66.0754 4.06186 0.410188
66.0754 4.12532 0.417452
66.0754 4.18879 0.423036
66.0754 4.25226 0.426915
66.0754 4.31572 0.429076
66.0754 4.37919 0.42951
66.0754 4.44266 0.428213
66.0754 4.50612 0.425193
66.0754 4.56959 0.42046
66.0754 4.63306 0.414035
66.0754 4.69652 0.405941
66.0754 4.75999 0.396214
66.0754 4.82346 0.384891
66.0754 4.88692 0.372019
66.0754 4.95039 0.357648
66.0754 5.01385 0.341837
66.0754 5.07732 0.324649
66.0754 5.14079 0.306155
66.0754 5.20425 0.286428
66.0754 5.26772 0.265547
66.0754 5.33119 0.243597
66.0754 5.39465 0.220667
66.0754 5.45812 0.196847
66.0754 5.52159 0.172236
66.0754 5.58505 0.14693
66.0754 5.64852 0.121033
66.0754 5.71199 0.0946483
66.0754 5.77545 0.0678828
66.0754 5.83892 0.0408439
66.0754 5.90239 0.0136405
66.0754 5.96585 -0.0136178
66.0754 6.02932 -0.0408214
66.0754 6.09279 -0.0678605
66.0754 6.15625 -0.0946266
66.0754 6.21972 -0.121011
66.0754 6.28319 -0.146909
67.0764 0 -0.137392
67.0764 0.0634665 -0.14374
67.0764 0.126933 -0.149508
67.0764 0.1904 -0.154675
67.0764 0.253866 -0.159219
67.0764 0.317333 -0.163122
67.0764 0.380799 -0.166368
67.0764 0.444266 -0.168944
67.0764 0.507732 -0.17084
67.0764 0.571199 -0.172048
67.0764 0.634665 -0.172563
67.0764 0.698132 -0.172384
67.0764 0.761598 -0.17151
67.0764 0.825065 -0.169946
67.0764 0.888531 -0.167697
67.0764 0.951998 -0.164773
67.0764 1.01546 -0.161185
67.0764 1.07893 -0.156949
67.0764 1.1424 -0.15208
67.0764 1.20586 -0.146599
67.0764 1.26933 -0.140528
67.0764 1.3328 -0.133891
67.0764 1.39626 -0.126715
67.0764 1.45973 -0.119028
67.0764 1.5232 -0.110863
67.0764 1.58666 -0.102251
67.0764 1.65013 -0.093227
67.0764 1.7136 -0.0838278
67.0764 1.77706 -0.074091
67.0764 1.84053 -0.0640559
67.0764 1.904 -0.053763
67.0764 1.96746 -0.0432535
67.0764 2.03093 -0.0325698
67.0764 2.0944 -0.0217549
67.0764 2.15786 -0.0108525
67.0764 2.22133 9.35684e-05
67.0764 2.28479 0.0110394
67.0764 2.34826 0.0219404
67.0764 2.41173 0.0327533
67.0764 2.47519 0.0434344
67.0764 2.53866 0.0539406
67.0764 2.60213 0.0642297
67.0764 2.66559 0.07426
67.0764 2.72906 0.0839916
67.0764 2.79253 0.0933843
67.0764 2.85599 0.102401
67.0764 2.91946 0.111006
67.0764 2.98293 0.119164
67.0764 3.04639 0.126842
67.0764 3.10986 0.134009
67.0764 3.17333 0.140637
67.0764 3.23679 0.146698
67.0764 3.30026 0.152169
67.0764 3.36373 0.157026
67.0764 3.42719 0.161251
67.0764 3.49066 0.164828
67.0764 3.55413 0.167741
67.0764 3.61759 0.169978
67.0764 3.68106 0.17153
67.0764 3.74452 0.172393
67.0764 3.80799 0.172561
67.0764 3.87146 0.172033
67.0764 3.93492 0.170814
67.0764 3.99839 0.168906
67.0764 4.06186 0.166318
67.0764 4.12532 0.163061
67.0764 4.18879 0.159147
67.0764 4.25226 0.154592
67.0764 4.31572 0.149415
67.0764 4.37919 0.143636
67.0764 4.44266 0.137279
67.0764 4.50612 0.130369
67.0764 4.56959 0.122934
67.0764 4.63306 0.115003
67.0764 4.69652 0.106611
67.0764 4.75999 0.0977881
67.0764 4.82346 0.088572
67.0764 4.88692 0.0789992
67.0764 4.95039 0.0691082
67.0764 5.01385 0.0589391
67.0764 5.07732 0.0485326
67.0764 5.14079 0.0379306
67.0764 5.20425 0.027176
67.0764 5.26772 0.016312
67.0764 5.33119 0.00538211
67.0764 5.39465 -0.00556926
67.0764 5.45812 -0.0164983
67.0764 5.52159 -0.0273609
67.0764 5.58505 -0.0381133
67.0764 5.64852 -0.0487123
67.0764 5.71199 -0.0591148
67.0764 5.77545 -0.0692797
67.0764 5.83892 -0.0791653
67.0764 5.90239 -0.0887323
67.0764 5.96585 -0.0979422
67.0764 6.02932 -0.106758
67.0764 6.09279 -0.115143
67.0764 6.15625 -0.123065
67.0764 6.21972 -0.130491
67.0764 6.28319 -0.137392
68.0774 0 -0.232389
68.0774 0.0634665 -0.211401
68.0774 0.126933 -0.189562
68.0774 0.1904 -0.166959
68.0774 0.253866 -0.143684
68.0774 0.317333 -0.119831
68.0774 0.380799 -0.0954947
68.0774 0.444266 -0.0707742
68.0774 0.507732 -0.0457688
68.0774 0.571199 -0.0205792
68.0774 0.634665 0.00469343
68.0774 0.698132 0.0299472
68.0774 0.761598 0.0550803
68.0774 0.825065 0.0799917
68.0774 0.888531 0.104581
68.0774 0.951998 0.128749
68.0774 1.01546 0.152399
68.0774 1.07893 0.175435
68.0774 1.1424 0.197764
68.0774 1.20586 0.219298
68.0774 1.26933 0.239948
68.0774 1.3328 0.259632
68.0774 1.39626 0.278271
68.0774 1.45973 0.295789
68.0774 1.5232 0.312116
68.0774 1.58666 0.327186
68.0774 1.65013 0.340939
68.0774 1.7136 0.353319
68.0774 1.77706 0.364276
68.0774 1.84053 0.373767
68.0774 1.904 0.381752
68.0774 1.96746 0.3882
68.0774 2.03093 0.393086
68.0774 2.0944 0.396388
68.0774 2.15786 0.398094
68.0774 2.22133 0.398197
68.0774 2.28479 0.396697
68.0774 2.34826 0.3936
68.0774 2.41173 0.388918
68.0774 2.47519 0.382669
68.0774 2.53866 0.37488
68.0774 2.60213 0.36558
68.0774 2.66559 0.35481
68.0774 2.72906 0.342611
68.0774 2.79253 0.329032
68.0774 2.85599 0.314127
68.0774 2.91946 0.297958
68.0774 2.98293 0.280589
68.0774 3.04639 0.262091
68.0774 3.10986 0.242537
68.0774 3.17333 0.222007
68.0774 3.23679 0.200582
68.0774 3.30026 0.17835
68.0774 3.36373 0.1554
68.0774 3.42719 0.131824
68.0774 3.49066 0.107717
68.0774 3.55413 0.0831764
68.0774 3.61759 0.058301
68.0774 3.68106 0.0331907
68.0774 3.74452 0.00794685
68.0774 3.80799 -0.0173291
68.0774 3.87146 -0.0425352
68.0774 3.93492 -0.06757
68.0774 3.99839 -0.0923327
68.0774 4.06186 -0.116724
68.0774 4.12532 -0.140645
68.0774 4.18879 -0.164
68.0774 4.25226 -0.186694
68.0774 4.31572 -0.208636
68.0774 4.37919 -0.229739
68.0774 4.44266 -0.249916
68.0774 4.50612 -0.269087
68.0774 4.56959 -0.287174
68.0774 4.63306 -0.304105
68.0774 4.69652 -0.319812
68.0774 4.75999 -0.334231
68.0774 4.82346 -0.347304
68.0774 4.88692 -0.358978
68.0774 4.95039 -0.369207
68.0774 5.01385 -0.37795
68.0774 5.07732 -0.385171
68.0774 5.14079 -0.39084
68.0774 5.20425 -0.394936
68.0774 5.26772 -0.397442
68.0774 5.33119 -0.398347
68.0774 5.39465 -0.397648
68.0774 5.45812 -0.395348
68.0774 5.52159 -0.391456
68.0774 5.58505 -0.385988
68.0774 5.64852 -0.378965
68.0774 5.71199 -0.370416
68.0774 5.77545 -0.360377
68.0774 5.83892 -0.348886
68.0774 5.90239 -0.33599
68.0774 5.96585 -0.321741
68.0774 6.02932 -0.306197
68.0774 6.09279 -0.28942
68.0774 6.15625 -0.271477
68.0774 6.21972 -0.252441
68.0774 6.28319 -0.232389
69.0784 0 0.0676082
69.0784 0.0634665 0.0697323
69.0784 0.126933 0.0715755
69.0784 0.1904 0.0731307
69.0784 0.253866 0.0743913
69.0784 0.317333 0.0753524
69.0784 0.380799 0.0760101
69.0784 0.444266 0.0763618
69.0784 0.507732 0.0764057
69.0784 0.571199 0.0761423
69.0784 0.634665 0.0755721
69.0784 0.698132 0.0746976
69.0784 0.761598 0.0735225
69.0784 0.825065 0.0720512
69.0784 0.888531 0.0702897
69.0784 0.951998 0.0682453
69.0784 1.01546 0.0659262
69.0784 1.07893 0.0633414
69.0784 1.1424 0.0605016
69.0784 1.20586 0.0574183
69.0784 1.26933 0.0541038
69.0784 1.3328 0.0505712
69.0784 1.39626 0.0468352
69.0784 1.45973 0.0429105
69.0784 1.5232 0.0388131
69.0784 1.58666 0.0345593
69.0784 1.65013 0.0301664
69.0784 1.7136 0.0256522
69.0784 1.77706 0.0210345
69.0784 1.84053 0.0163321
69.0784 1.904 0.011564
69.0784 1.96746 0.00674952
69.0784 2.03093 0.00190754
69.0784 2.0944 -0.00294204
69.0784 2.15786 -0.00777967
69.0784 2.22133 -0.012586
69.0784 2.28479 -0.0173417
69.0784 2.34826 -0.0220275
69.0784 2.41173 -0.0266246
69.0784 2.47519 -0.0311146
69.0784 2.53866 -0.0354792
69.0784 2.60213 -0.0397011
69.0784 2.66559 -0.0437631
69.0784 2.72906 -0.0476488
69.0784 2.79253 -0.0513425
69.0784 2.85599 -0.0548297
69.0784 2.91946 -0.0580961
69.0784 2.98293 -0.0611284
69.0784 3.04639 -0.0639147
69.0784 3.10986 -0.0664435
69.0784 3.17333 -0.0687049
69.0784 3.23679 -0.0706896
69.0784 3.30026 -0.0723896
69.0784 3.36373 -0.0737983
69.0784 3.42719 -0.0749095
69.0784 3.49066 -0.0757194
69.0784 3.55413 -0.0762244
69.0784 3.61759 -0.0764223
69.0784 3.68106 -0.0763124
69.0784 3.74452 -0.0758954
69.0784 3.80799 -0.0751727
69.0784 3.87146 -0.0741473
69.0784 3.93492 -0.0728234
69.0784 3.99839 -0.0712064
69.0784 4.06186 -0.0693022
69.0784 4.12532 -0.0671196
69.0784 4.18879 -0.0646661
69.0784 4.25226 -0.0619527
69.0784 4.31572 -0.0589897
69.0784 4.37919 -0.0557891
69.0784 4.44266 -0.0523639
69.0784 4.50612 -0.0487278
69.0784 4.56959 -0.0448954
69.0784 4.63306 -0.0408824
69.0784 4.69652 -0.0367048
69.0784 4.75999 -0.0323792
69.0784 4.82346 -0.0279234
69.0784 4.88692 -0.023355
69.0784 4.95039 -0.0186928
69.0784 5.01385 -0.0139552
69.0784 5.07732 -0.00916131
69.0784 5.14079 -0.00433067
69.0784 5.20425 0.000517387
69.0784 5.26772 0.00536352
69.0784 5.33119 0.010188
69.0784 5.39465 0.0149715
69.0784 5.45812 0.0196945
69.0784 5.52159 0.0243384
69.0784 5.58505 0.0288842
69.0784 5.64852 0.0333138
69.0784 5.71199 0.0376091
69.0784 5.77545 0.0417531
69.0784 5.83892 0.0457289
69.0784 5.90239 0.0495206
69.0784 5.96585 0.0531129
69.0784 6.02932 0.0564913
69.0784 6.09279 0.0596422
69.0784 6.15625 0.062553
69.0784 6.21972 0.0652119
69.0784 6.28319 0.0676083
70.0794 0 -0.0364785
70.0794 0.0634665 -0.0345421
70.0794 0.126933 -0.0324667
70.0794 0.1904 -0.0302605
70.0794 0.253866 -0.0279324
70.0794 0.317333 -0.025492
70.0794 0.380799 -0.0229489
70.0794 0.444266 -0.0203133
70.0794 0.507732 -0.017596
70.0794 0.571199 -0.0148077
70.0794 0.634665 -0.0119599
70.0794 0.698132 -0.00906397
70.0794 0.761598 -0.00613143
70.0794 0.825065 -0.00317428
70.0794 0.888531 -0.000204389
70.0794 0.951998 0.00276641
70.0794 1.01546 0.00572616
70.0794 1.07893 0.00866258
70.0794 1.1424 0.0115644
70.0794 1.20586 0.0144195
70.0794 1.26933 0.0172166
70.0794 1.3328 0.0199443
70.0794 1.39626 0.0225918
70.0794 1.45973 0.0251481
70.0794 1.5232 0.0276034
70.0794 1.58666 0.0299475
70.0794 1.65013 0.0321709
70.0794 1.7136 0.0342649
70.0794 1.77706 0.0362208
70.0794 1.84053 0.0380309
70.0794 1.904 0.0396878
70.0794 1.96746 0.041185
70.0794 2.03093 0.0425163
70.0794 2.0944 0.0436765
70.0794 2.15786 0.0446608
70.0794 2.22133 0.0454652
70.0794 2.28479 0.0460865
70.0794 2.34826 0.0465223
70.0794 2.41173 0.0467708
70.0794 2.47519 0.0468309
70.0794 2.53866 0.0467024
70.0794 2.60213 0.0463859
70.0794 2.66559 0.0458826
70.0794 2.72906 0.0451946
70.0794 2.79253 0.0443246
70.0794 2.85599 0.043276
70.0794 2.91946 0.0420532
70.0794 2.98293 0.0406611
70.0794 3.04639 0.0391053
70.0794 3.10986 0.0373921
70.0794 3.17333 0.0355282
70.0794 3.23679 0.0335212
70.0794 3.30026 0.0313794
70.0794 3.36373 0.0291112
70.0794 3.42719 0.0267257
70.0794 3.49066 0.0242326
70.0794 3.55413 0.021642
70.0794 3.61759 0.0189641
70.0794 3.68106 0.01621
70.0794 3.74452 0.0133906
70.0794 3.80799 0.0105172
70.0794 3.87146 0.00760149
70.0794 3.93492 0.0046552
70.0794 3.99839 0.00169013
70.0794 4.06186 -0.00128169
70.0794 4.12532 -0.0042484
70.0794 4.18879 -0.00719796
70.0794 4.25226 -0.0101187
70.0794 4.31572 -0.0129985
70.0794 4.37919 -0.015826
70.0794 4.44266 -0.0185898
70.0794 4.50612 -0.0212788
70.0794 4.56959 -0.023882
70.0794 4.63306 -0.026389
70.0794 4.69652 -0.02879
70.0794 4.75999 -0.0310748
70.0794 4.82346 -0.0332346
70.0794 4.88692 -0.0352605
70.0794 4.95039 -0.0371446
70.0794 5.01385 -0.038879
70.0794 5.07732 -0.0404569
70.0794 5.14079 -0.0418717
70.0794 5.20425 -0.0431181
70.0794 5.26772 -0.0441909
70.0794 5.33119 -0.0450856
70.0794 5.39465 -0.0457989
70.0794 5.45812 -0.0463278
70.0794 5.52159 -0.0466701
70.0794 5.58505 -0.0468243
70.0794 5.64852 -0.0467902
70.0794 5.71199 -0.0465676
70.0794 5.77545 -0.0461575
70.0794 5.83892 -0.0455616
70.0794 5.90239 -0.0447821
70.0794 5.96585 -0.0438223
70.0794 6.02932 -0.0426861
70.0794 6.09279 -0.041378
70.0794 6.15625 -0.0399034
70.0794 6.21972 -0.0382679
70.0794 6.28319 -0.0364785
71.0804 0 -0.308928
71.0804 0.0634665 -0.301584
71.0804 0.126933 -0.293026
71.0804 0.1904 -0.283288
71.0804 0.253866 -0.27241
71.0804 0.317333 -0.260434
71.0804 0.380799 -0.24741
71.0804 0.444266 -0.233389
71.0804 0.507732 -0.218429
71.0804 0.571199 -0.202589
71.0804 0.634665 -0.185934
71.0804 0.698132 -0.168529
71.0804 0.761598 -0.150447
71.0804 0.825065 -0.131758
71.0804 0.888531 -0.112539
71.0804 0.951998 -0.0928666
71.0804 1.01546 -0.0728203
71.0804 1.07893 -0.0524808
71.0804 1.1424 -0.0319301
71.0804 1.20586 -0.0112508
71.0804 1.26933 0.00947406
71.0804 1.3328 0.0301605
71.0804 1.39626 0.0507255
71.0804 1.45973 0.0710864
71.0804 1.5232 0.091161
71.0804 1.58666 0.110869
71.0804 1.65013 0.13013
71.0804 1.7136 0.148867
71.0804 1.77706 0.167004
71.0804 1.84053 0.18447
71.0804 1.904 0.201192
71.0804 1.96746 0.217104
71.0804 2.03093 0.232142
71.0804 2.0944 0.246246
71.0804 2.15786 0.259357
71.0804 2.22133 0.271425
71.0804 2.28479 0.282399
71.0804 2.34826 0.292236
71.0804 2.41173 0.300897
71.0804 2.47519 0.308346
71.0804 2.53866 0.314554
71.0804 2.60213 0.319494
71.0804 2.66559 0.323149
71.0804 2.72906 0.325502
71.0804 2.79253 0.326545
71.0804 2.85599 0.326272
71.0804 2.91946 0.324686
71.0804 2.98293 0.321793
71.0804 3.04639 0.317603
71.0804 3.10986 0.312135
71.0804 3.17333 0.30541
71.0804 3.23679 0.297455
71.0804 3.30026 0.288302
71.0804 3.36373 0.277989
71.0804 3.42719 0.266556
71.0804 3.49066 0.25405
71.0804 3.55413 0.240521
71.0804 3.61759 0.226023
71.0804 3.68106 0.210615
71.0804 3.74452 0.194359
71.0804 3.80799 0.177321
71.0804 3.87146 0.159568
71.0804 3.93492 0.141173
71.0804 3.99839 0.12221
71.0804 4.06186 0.102754
71.0804 4.12532 0.0828852
71.0804 4.18879 0.062682
71.0804 4.25226 0.0422266
71.0804 4.31572 0.0216012
71.0804 4.37919 0.000888697
71.0804 4.44266 -0.0198272
71.0804 4.50612 -0.0404634
71.0804 4.56959 -0.0609366
71.0804 4.63306 -0.0811645
71.0804 4.69652 -0.101066
71.0804 4.75999 -0.12056
71.0804 4.82346 -0.139569
71.0804 4.88692 -0.158015
71.0804 4.95039 -0.175826
71.0804 5.01385 -0.192928
71.0804 5.07732 -0.209254
71.0804 5.14079 -0.224736
71.0804 5.20425 -0.239314
71.0804 5.26772 -0.252929
71.0804 5.33119 -0.265525
71.0804 5.39465 -0.277051
71.0804 5.45812 -0.287463
71.0804 5.52159 -0.296717
71.0804 5.58505 -0.304775
71.0804 5.64852 -0.311607
71.0804 5.71199 -0.317184
71.0804 5.77545 -0.321484
71.0804 5.83892 -0.324489
71.0804 5.90239 -0.326188
71.0804 5.96585 -0.326573
71.0804 6.02932 -0.325643
71.0804 6.09279 -0.323402
71.0804 6.15625 -0.319859
71.0804 6.21972 -0.315028
71.0804 6.28319 -0.308928
72.0814 0 -0.260629
72.0814 0.0634665 -0.258303
72.0814 0.126933 -0.254938
72.0814 0.1904 -0.250545
72.0814 0.253866 -0.245144
72.0814 0.317333 -0.238756
72.0814 0.380799 -0.231406
72.0814 0.444266 -0.223124
72.0814 0.507732 -0.213945
72.0814 0.571199 -0.203903
72.0814 0.634665 -0.193041
72.0814 0.698132 -0.181401
72.0814 0.761598 -0.16903
72.0814 0.825065 -0.15598
72.0814 0.888531 -0.142301
72.0814 0.951998 -0.128049
72.0814 1.01546 -0.113281
72.0814 1.07893 -0.0980577
72.0814 1.1424 -0.082439
72.0814 1.20586 -0.0664888
72.0814 1.26933 -0.0502705
72.0814 1.3328 -0.0338499
72.0814 1.39626 -0.0172929
72.0814 1.45973 -0.000666404
72.0814 1.5232 0.0159628
72.0814 1.58666 0.032528
72.0814 1.65013 0.0489618
72.0814 1.7136 0.0651985
72.0814 1.77706 0.0811731
72.0814 1.84053 0.0968206
72.0814 1.904 0.112078
72.0814 1.96746 0.126884
72.0814 2.03093 0.141179
72.0814 2.0944 0.154906
72.0814 2.15786 0.16801
72.0814 2.22133 0.180436
72.0814 2.28479 0.192136
72.0814 2.34826 0.203063
72.0814 2.41173 0.213171
72.0814 2.47519 0.222422
72.0814 2.53866 0.230776
72.0814 2.60213 0.238202
72.0814 2.66559 0.244668
72.0814 2.72906 0.25015
72.0814 2.79253 0.254623
72.0814 2.85599 0.258072
72.0814 2.91946 0.260482
72.0814 2.98293 0.261842
72.0814 3.04639 0.262148
72.0814 3.10986 0.261399
72.0814 3.17333 0.259597
72.0814 3.23679 0.25675
72.0814 3.30026 0.252869
72.0814 3.36373 0.24797
72.0814 3.42719 0.242072
72.0814 3.49066 0.235199
72.0814 3.55413 0.22738
72.0814 3.61759 0.218644
72.0814 3.68106 0.209029
72.0814 3.74452 0.198572
72.0814 3.80799 0.187315
72.0814 3.87146 0.175304
72.0814 3.93492 0.162587
72.0814 3.99839 0.149215
72.0814 4.06186 0.135243
72.0814 4.12532 0.120726
72.0814 4.18879 0.105723
72.0814 4.25226 0.0902937
72.0814 4.31572 0.0745014
72.0814 4.37919 0.0584089
72.0814 4.44266 0.0420814
72.0814 4.50612 0.0255843
72.0814 4.56959 0.00898401
72.0814 4.63306 -0.007652
72.0814 4.69652 -0.0242575
72.0814 4.75999 -0.0407653
72.0814 4.82346 -0.057109
72.0814 4.88692 -0.0732224
72.0814 4.95039 -0.0890412
72.0814 5.01385 -0.104502
72.0814 5.07732 -0.119541
72.0814 5.14079 -0.1341
72.0814 5.20425 -0.148118
72.0814 5.26772 -0.161539
72.0814 5.33119 -0.17431
72.0814 5.39465 -0.18638
72.0814 5.45812 -0.197699
72.0814 5.52159 -0.208222
72.0814 5.58505 -0.217906
72.0814 5.64852 -0.226713
72.0814 5.71199 -0.234607
72.0814 5.77545 -0.241557
72.0814 5.83892 -0.247534
72.0814 5.90239 -0.252514
72.0814 5.96585 -0.256477
72.0814 6.02932 -0.259407
72.0814 6.09279 -0.261293
72.0814 6.15625 -0.262127
72.0814 6.21972 -0.261905
72.0814 6.28319 -0.260629
73.0823 0 0.18876
73.0823 0.0634665 0.171098
73.0823 0.126933 0.152747
73.0823 0.1904 0.133781
73.0823 0.253866 0.114276
73.0823 0.317333 0.0943114
73.0823 0.380799 0.0739667
73.0823 0.444266 0.0533241
73.0823 0.507732 0.0324671
73.0823 0.571199 0.0114791
73.0823 0.634665 -0.00955503
73.0823 0.698132 -0.0305508
73.0823 0.761598 -0.0514234
73.0823 0.825065 -0.072089
73.0823 0.888531 -0.0924643
73.0823 0.951998 -0.112467
73.0823 1.01546 -0.132017
73.0823 1.07893 -0.151036
73.0823 1.1424 -0.169446
73.0823 1.20586 -0.187174
73.0823 1.26933 -0.204149
73.0823 1.3328 -0.220301
73.0823 1.39626 -0.235566
73.0823 1.45973 -0.249883
73.0823 1.5232 -0.263194
73.0823 1.58666 -0.275444
73.0823 1.65013 -0.286586
73.0823 1.7136 -0.296574
73.0823 1.77706 -0.305367
73.0823 1.84053 -0.312931
73.0823 1.904 -0.319235
73.0823 1.96746 -0.324253
73.0823 2.03093 -0.327966
73.0823 2.0944 -0.330358
73.0823 2.15786 -0.33142
73.0823 2.22133 -0.331147
73.0823 2.28479 -0.329541
73.0823 2.34826 -0.326608
73.0823 2.41173 -0.32236
73.0823 2.47519 -0.316814
73.0823 2.53866 -0.309992
73.0823 2.60213 -0.301922
73.0823 2.66559 -0.292636
73.0823 2.72906 -0.282172
73.0823 2.79253 -0.270571
73.0823 2.85599 -0.257881
73.0823 2.91946 -0.244153
73.0823 2.98293 -0.229442
73.0823 3.04639 -0.213806
73.0823 3.10986 -0.19731
73.0823 3.17333 -0.18002
73.0823 3.23679 -0.162004
73.0823 3.30026 -0.143336
73.0823 3.36373 -0.124091
73.0823 3.42719 -0.104346
73.0823 3.49066 -0.0841815
73.0823 3.55413 -0.0636775
73.0823 3.61759 -0.0429172
73.0823 3.68106 -0.0219841
73.0823 3.74452 -0.000962543
73.0823 3.80799 0.020063
73.0823 3.87146 0.0410077
73.0823 3.93492 0.0617872
73.0823 3.99839 0.0823181
73.0823 4.06186 0.102517
73.0823 4.12532 0.122304
73.0823 4.18879 0.141598
73.0823 4.25226 0.160322
73.0823 4.31572 0.1784
73.0823 4.37919 0.19576
73.0823 4.44266 0.212332
73.0823 4.50612 0.228048
73.0823 4.56959 0.242847
73.0823 4.63306 0.256668
73.0823 4.69652 0.269455
73.0823 4.75999 0.281157
73.0823 4.82346 0.291727
73.0823 4.88692 0.301122
73.0823 4.95039 0.309305
73.0823 5.01385 0.316242
73.0823 5.07732 0.321906
73.0823 5.14079 0.326274
73.0823 5.20425 0.329328
73.0823 5.26772 0.331055
73.0823 5.33119 0.33145
73.0823 5.39465 0.330511
73.0823 5.45812 0.32824
73.0823 5.52159 0.324647
73.0823 5.58505 0.319748
73.0823 5.64852 0.313561
73.0823 5.71199 0.306111
73.0823 5.77545 0.297429
73.0823 5.83892 0.287548
73.0823 5.90239 0.276511
73.0823 5.96585 0.264359
73.0823 6.02932 0.251144
73.0823 6.09279 0.236917
73.0823 6.15625 0.221736
73.0823 6.21972 0.205662
73.0823 6.28319 0.18876
74.0833 0 0.255987
74.0833 0.0634665 0.277853
74.0833 0.126933 0.298601
74.0833 0.1904 0.318146
74.0833 0.253866 0.33641
74.0833 0.317333 0.353319
74.0833 0.380799 0.368806
74.0833 0.444266 0.382807
74.0833 0.507732 0.395267
74.0833 0.571199 0.406136
74.0833 0.634665 0.415369
74.0833 0.698132 0.42293
74.0833 0.761598 0.428787
74.0833 0.825065 0.432918
74.0833 0.888531 0.435306
74.0833 0.951998 0.435941
74.0833 1.01546 0.434821
74.0833 1.07893 0.431949
74.0833 1.1424 0.427339
74.0833 1.20586 0.421008
74.0833 1.26933 0.412981
74.0833 1.3328 0.403292
74.0833 1.39626 0.391978
74.0833 1.45973 0.379087
74.0833 1.5232 0.364669
74.0833 1.58666 0.348782
74.0833 1.65013 0.331491
74.0833 1.7136 0.312865
74.0833 1.77706 0.292979
74.0833 1.84053 0.271915
74.0833 1.904 0.249754
74.0833 1.96746 0.226588
74.0833 2.03093 0.20251
74.0833 2.0944 0.177616
74.0833 2.15786 0.152007
74.0833 2.22133 0.125786
74.0833 2.28479 0.0990587
74.0833 2.34826 0.0719324
74.0833 2.41173 0.0445163
74.0833 2.47519 0.0169211
74.0833 2.53866 -0.0107423
74.0833 2.60213 -0.0383623
74.0833 2.66559 -0.0658281
74.0833 2.72906 -0.0930286
74.0833 2.79253 -0.119855
74.0833 2.85599 -0.146198
74.0833 2.91946 -0.171953
74.0833 2.98293 -0.197015
74.0833 3.04639 -0.221284
74.0833 3.10986 -0.244662
74.0833 3.17333 -0.267055
74.0833 3.23679 -0.288372
74.0833 3.30026 -0.308528
74.0833 3.36373 -0.327443
74.0833 3.42719 -0.345038
74.0833 3.49066 -0.361244
74.0833 3.55413 -0.375995
74.0833 3.61759 -0.389233
74.0833 3.68106 -0.400904
74.0833 3.74452 -0.410959
74.0833 3.80799 -0.41936
74.0833 3.87146 -0.426073
74.0833 3.93492 -0.431069
74.0833 3.99839 -0.434331
74.0833 4.06186 -0.435843
74.0833 4.12532 -0.435601
74.0833 4.18879 -0.433603
74.0833 4.25226 -0.429861
74.0833 4.31572 -0.424388
74.0833 4.37919 -0.417204
74.0833 4.44266 -0.408342
74.0833 4.50612 -0.397836
74.0833 4.56959 -0.385727
74.0833 4.63306 -0.372065
74.0833 4.69652 -0.356905
74.0833 4.75999 -0.340308
74.0833 4.82346 -0.32234
74.0833 4.88692 -0.303075
74.0833 4.95039 -0.282589
74.0833 5.01385 -0.260966
74.0833 5.07732 -0.238291
74.0833 5.14079 -0.214657
74.0833 5.20425 -0.190159
74.0833 5.26772 -0.164894
74.0833 5.33119 -0.138966
74.0833 5.39465 -0.112479
74.0833 5.45812 -0.0855387
74.0833 5.52159 -0.0582536
74.0833 5.58505 -0.0307343
74.0833 5.64852 -0.00309091
74.0833 5.71199 0.0245646
74.0833 5.77545 0.0521215
74.0833 5.83892 0.0794684
74.0833 5.90239 0.106495
74.0833 5.96585 0.133093
74.0833 6.02932 0.159156
74.0833 6.09279 0.184577
74.0833 6.15625 0.209255
74.0833 6.21972 0.233091
74.0833 6.28319 0.255987
75.0843 0 -0.149684
75.0843 0.0634665 -0.132341
75.0843 0.126933 -0.114465
75.0843 0.1904 -0.0961287
75.0843 0.253866 -0.0774049
75.0843 0.317333 -0.0583697
75.0843 0.380799 -0.0390989
75.0843 0.444266 -0.0196709
75.0843 0.507732 -0.000164047
75.0843 0.571199 0.0193438
75.0843 0.634665 0.0387733
75.0843 0.698132 0.0580474
75.0843 0.761598 0.0770873
75.0843 0.825065 0.0958169
75.0843 0.888531 0.114161
75.0843 0.951998 0.132045
75.0843 1.01546 0.149397
75.0843 1.07893 0.166149
75.0843 1.1424 0.18223
75.0843 1.20586 0.197578
75.0843 1.26933 0.21213
75.0843 1.3328 0.225829
75.0843 1.39626 0.238618
75.0843 1.45973 0.250446
75.0843 1.5232 0.261265
75.0843 1.58666 0.271033
75.0843 1.65013 0.27971
75.0843 1.7136 0.287259
75.0843 1.77706 0.293653
75.0843 1.84053 0.298864
75.0843 1.904 0.302871
75.0843 1.96746 0.305659
75.0843 2.03093 0.307216
75.0843 2.0944 0.307536
75.0843 2.15786 0.306618
75.0843 2.22133 0.304465
75.0843 2.28479 0.301086
75.0843 2.34826 0.296494
75.0843 2.41173 0.29071
75.0843 2.47519 0.283754
75.0843 2.53866 0.275656
75.0843 2.60213 0.266447
75.0843 2.66559 0.256166
75.0843 2.72906 0.244853
75.0843 2.79253 0.232555
75.0843 2.85599 0.21932
75.0843 2.91946 0.205202
75.0843 2.98293 0.190257
75.0843 3.04639 0.174547
75.0843 3.10986 0.158134
75.0843 3.17333 0.141083
75.0843 3.23679 0.123465
75.0843 3.30026 0.10535
75.0843 3.36373 0.0868108
75.0843 3.42719 0.0679214
75.0843 3.49066 0.0487588
75.0843 3.55413 0.0293999
75.0843 3.61759 0.00992247
75.0843 3.68106 -0.00959465
75.0843 3.74452 -0.0290735
75.0843 3.80799 -0.0484347
75.0843 3.87146 -0.0676012
75.0843 3.93492 -0.0864953
75.0843 3.99839 -0.105042
75.0843 4.06186 -0.123164
75.0843 4.12532 -0.140792
75.0843 4.18879 -0.157852
75.0843 4.25226 -0.174277
75.0843 4.31572 -0.189999
75.0843 4.37919 -0.204957
75.0843 4.44266 -0.21909
75.0843 4.50612 -0.23234
75.0843 4.56959 -0.244655
75.0843 4.63306 -0.255984
75.0843 4.69652 -0.266283
75.0843 4.75999 -0.27551
75.0843 4.82346 -0.283627
75.0843 4.88692 -0.290603
75.0843 4.95039 -0.296407
75.0843 5.01385 -0.301018
75.0843 5.07732 -0.304418
75.0843 5.14079 -0.306592
75.0843 5.20425 -0.307531
75.0843 5.26772 -0.307232
75.0843 5.33119 -0.305695
75.0843 5.39465 -0.302928
75.0843 5.45812 -0.298941
75.0843 5.52159 -0.29375
75.0843 5.58505 -0.287377
75.0843 5.64852 -0.279846
75.0843 5.71199 -0.271188
75.0843 5.77545 -0.261439
75.0843 5.83892 -0.250636
75.0843 5.90239 -0.238825
75.0843 5.96585 -0.226051
75.0843 6.02932 -0.212368
75.0843 6.09279 -0.197829
75.0843 6.15625 -0.182494
75.0843 6.21972 -0.166424
75.0843 6.28319 -0.149684
76.0853 0 0.425085
76.0853 0.0634665 0.384317
76.0853 0.126933 0.342003
76.0853 0.1904 0.298311
76.0853 0.253866 0.253417
76.0853 0.317333 0.207504
76.0853 0.380799 0.160755
76.0853 0.444266 0.113358
76.0853 0.507732 0.0655058
76.0853 0.571199 0.0173889
76.0853 0.634665 -0.0307977
76.0853 0.698132 -0.0788603
76.0853 0.761598 -0.126605
76.0853 0.825065 -0.173841
76.0853 0.888531 -0.220376
76.0853 0.951998 -0.266024
76.0853 1.01546 -0.310601
76.0853 1.07893 -0.353927
76.0853 1.1424 -0.395828
76.0853 1.20586 -0.436135
76.0853 1.26933 -0.474686
76.0853 1.3328 -0.511325
76.0853 1.39626 -0.545906
76.0853 1.45973 -0.578288
76.0853 1.5232 -0.608342
76.0853 1.58666 -0.635946
76.0853 1.65013 -0.66099
76.0853 1.7136 -0.683372
76.0853 1.77706 -0.703002
76.0853 1.84053 -0.719803
76.0853 1.904 -0.733703
76.0853 1.96746 -0.744649
76.0853 2.03093 -0.752598
76.0853 2.0944 -0.757516
76.0853 2.15786 -0.759384
76.0853 2.22133 -0.758193
76.0853 2.28479 -0.75395
76.0853 2.34826 -0.746672
76.0853 2.41173 -0.736386
76.0853 2.47519 -0.723136
76.0853 2.53866 -0.706973
76.0853 2.60213 -0.687963
76.0853 2.66559 -0.666183
76.0853 2.72906 -0.641722
76.0853 2.79253 -0.614676
76.0853 2.85599 -0.585155
76.0853 2.91946 -0.553278
76.0853 2.98293 -0.519173
76.0853 3.04639 -0.482977
76.0853 3.10986 -0.444837
76.0853 3.17333 -0.404905
76.0853 3.23679 -0.363343
76.0853 3.30026 -0.320318
76.0853 3.36373 -0.276003
76.0853 3.42719 -0.230577
76.0853 3.49066 -0.184222
76.0853 3.55413 -0.137126
76.0853 3.61759 -0.089477
76.0853 3.68106 -0.041468
76.0853 3.74452 0.00670751
76.0853 3.80799 0.0548565
76.0853 3.87146 0.102785
76.0853 3.93492 0.150299
76.0853 3.99839 0.197208
76.0853 4.06186 0.243323
76.0853 4.12532 0.288458
76.0853 4.18879 0.332431
76.0853 4.25226 0.375066
76.0853 4.31572 0.416191
76.0853 4.37919 0.45564
76.0853 4.44266 0.493253
76.0853 4.50612 0.528881
76.0853 4.56959 0.56238
76.0853 4.63306 0.593613
76.0853 4.69652 0.622457
76.0853 4.75999 0.648795
76.0853 4.82346 0.672519
76.0853 4.88692 0.693536
76.0853 4.95039 0.71176
76.0853 5.01385 0.727118
76.0853 5.07732 0.739548
76.0853 5.14079 0.749001
76.0853 5.20425 0.755437
76.0853 5.26772 0.758832
76.0853 5.33119 0.75917
76.0853 5.39465 0.756452
76.0853 5.45812 0.750688
76.0853 5.52159 0.741902
76.0853 5.58505 0.730128
76.0853 5.64852 0.715414
76.0853 5.71199 0.697819
76.0853 5.77545 0.677414
76.0853 5.83892 0.654282
76.0853 5.90239 0.628515
76.0853 5.96585 0.600218
76.0853 6.02932 0.569503
76.0853 6.09279 0.536495
76.0853 6.15625 0.501327
76.0853 6.21972 0.46414
76.0853 6.28319 0.425085
77.0863 0 -0.243891
77.0863 0.0634665 -0.262889
77.0863 0.126933 -0.280828
77.0863 0.1904 -0.297638
77.0863 0.253866 -0.313248
77.0863 0.317333 -0.327597
77.0863 0.380799 -0.340627
77.0863 0.444266 -0.352285
77.0863 0.507732 -0.362525
77.0863 0.571199 -0.371305
77.0863 0.634665 -0.37859
77.0863 0.698132 -0.384351
77.0863 0.761598 -0.388564
77.0863 0.825065 -0.391212
77.0863 0.888531 -0.392285
77.0863 0.951998 -0.391778
77.0863 1.01546 -0.389694
77.0863 1.07893 -0.386041
77.0863 1.1424 -0.380833
77.0863 1.20586 -0.374092
77.0863 1.26933 -0.365844
77.0863 1.3328 -0.356124
77.0863 1.39626 -0.344969
77.0863 1.45973 -0.332425
77.0863 1.5232 -0.318543
77.0863 1.58666 -0.303378
77.0863 1.65013 -0.286991
77.0863 1.7136 -0.269449
77.0863 1.77706 -0.250822
77.0863 1.84053 -0.231185
77.0863 1.904 -0.210617
77.0863 1.96746 -0.189201
77.0863 2.03093 -0.167023
77.0863 2.0944 -0.144172
77.0863 2.15786 -0.120741
77.0863 2.22133 -0.0968241
77.0863 2.28479 -0.0725171
77.0863 2.34826 -0.0479181
77.0863 2.41173 -0.023126
77.0863 2.47519 0.00175922
77.0863 2.53866 0.0266373
77.0863 2.60213 0.0514082
77.0863 2.66559 0.0759719
77.0863 2.72906 0.10023
77.0863 2.79253 0.124084
77.0863 2.85599 0.147439
77.0863 2.91946 0.1702
77.0863 2.98293 0.192275
77.0863 3.04639 0.213577
77.0863 3.10986 0.234018
77.0863 3.17333 0.253517
77.0863 3.23679 0.271996
77.0863 3.30026 0.289378
77.0863 3.36373 0.305596
77.0863 3.42719 0.320584
77.0863 3.49066 0.33428
77.0863 3.55413 0.34663
77.0863 3.61759 0.357586
77.0863 3.68106 0.3671
77.0863 3.74452 0.375136
77.0863 3.80799 0.381662
77.0863 3.87146 0.386652
77.0863 3.93492 0.390084
77.0863 3.99839 0.391946
77.0863 4.06186 0.392229
77.0863 4.12532 0.390933
77.0863 4.18879 0.388063
77.0863 4.25226 0.38363
77.0863 4.31572 0.377652
77.0863 4.37919 0.370155
77.0863 4.44266 0.361166
77.0863 4.50612 0.350723
77.0863 4.56959 0.338867
77.0863 4.63306 0.325648
77.0863 4.69652 0.311117
77.0863 4.75999 0.295333
77.0863 4.82346 0.278361
77.0863 4.88692 0.260267
77.0863 4.95039 0.241125
77.0863 5.01385 0.221012
77.0863 5.07732 0.200009
77.0863 5.14079 0.178201
77.0863 5.20425 0.155676
77.0863 5.26772 0.132523
77.0863 5.33119 0.108838
77.0863 5.39465 0.0847132
77.0863 5.45812 0.060248
77.0863 5.52159 0.0355399
77.0863 5.58505 0.0106887
77.0863 5.64852 -0.0142055
77.0863 5.71199 -0.0390422
77.0863 5.77545 -0.0637221
77.0863 5.83892 -0.0881451
77.0863 5.90239 -0.112213
77.0863 5.96585 -0.13583
77.0863 6.02932 -0.158899
77.0863 6.09279 -0.181329
77.0863 6.15625 -0.203028
77.0863 6.21972 -0.223911
77.0863 6.28319 -0.243891
78.0873 0 -0.273889
78.0873 0.0634665 -0.276762
78.0873 0.126933 -0.278521
78.0873 0.1904 -0.279158
78.0873 0.253866 -0.27867
78.0873 0.317333 -0.277061
78.0873 0.380799 -0.274337
78.0873 0.444266 -0.270507
78.0873 0.507732 -0.265588
78.0873 0.571199 -0.259601
78.0873 0.634665 -0.252567
78.0873 0.698132 -0.244516
78.0873 0.761598 -0.235481
78.0873 0.825065 -0.225498
78.0873 0.888531 -0.214607
78.0873 0.951998 -0.202851
78.0873 1.01546 -0.190279
78.0873 1.07893 -0.17694
78.0873 1.1424 -0.16289
78.0873 1.20586 -0.148183
78.0873 1.26933 -0.132879
78.0873 1.3328 -0.117041
78.0873 1.39626 -0.100731
78.0873 1.45973 -0.0840155
78.0873 1.5232 -0.0669619
78.0873 1.58666 -0.0496384
78.0873 1.65013 -0.0321153
78.0873 1.7136 -0.0144629
78.0873 1.77706 0.00324815
78.0873 1.84053 0.0209457
78.0873 1.904 0.0385589
78.0873 1.96746 0.0560171
78.0873 2.03093 0.0732498
78.0873 2.0944 0.0901874
78.0873 2.15786 0.106762
78.0873 2.22133 0.122906
78.0873 2.28479 0.138556
78.0873 2.34826 0.153647
78.0873 2.41173 0.168121
78.0873 2.47519 0.181917
78.0873 2.53866 0.19498
78.0873 2.60213 0.207259
78.0873 2.66559 0.218702
78.0873 2.72906 0.229266
78.0873 2.79253 0.238906
78.0873 2.85599 0.247584
78.0873 2.91946 0.255265
78.0873 2.98293 0.261918
78.0873 3.04639 0.267517
78.0873 3.10986 0.272038
78.0873 3.17333 0.275465
78.0873 3.23679 0.277781
78.0873 3.30026 0.27898
78.0873 3.36373 0.279055
78.0873 3.42719 0.278006
78.0873 3.49066 0.275838
78.0873 3.55413 0.272559
78.0873 3.61759 0.268183
78.0873 3.68106 0.262726
78.0873 3.74452 0.256212
78.0873 3.80799 0.248667
78.0873 3.87146 0.240119
78.0873 3.93492 0.230606
78.0873 3.99839 0.220163
78.0873 4.06186 0.208834
78.0873 4.12532 0.196664
78.0873 4.18879 0.183702
78.0873 4.25226 0.170001
78.0873 4.31572 0.155614
78.0873 4.37919 0.140602
78.0873 4.44266 0.125023
78.0873 4.50612 0.108941
78.0873 4.56959 0.0924198
78.0873 4.63306 0.0755269
78.0873 4.69652 0.0583296
78.0873 4.75999 0.0408974
78.0873 4.82346 0.0233007
78.0873 4.88692 0.00561037
78.0873 4.95039 -0.012103
78.0873 5.01385 -0.0297675
78.0873 5.07732 -0.0473117
78.0873 5.14079 -0.064666
78.0873 5.20425 -0.0817599
78.0873 5.26772 -0.0985242
78.0873 5.33119 -0.114892
78.0873 5.39465 -0.130797
78.0873 5.45812 -0.146176
78.0873 5.52159 -0.160965
78.0873 5.58505 -0.175107
78.0873 5.64852 -0.188544
78.0873 5.71199 -0.201221
78.0873 5.77545 -0.213088
78.0873 5.83892 -0.224097
78.0873 5.90239 -0.234204
78.0873 5.96585 -0.243367
78.0873 6.02932 -0.251552
78.0873 6.09279 -0.258722
78.0873 6.15625 -0.264851
78.0873 6.21972 -0.269913
78.0873 6.28319 -0.27389
79.0883 0 -0.0116035
79.0883 0.0634665 -0.0114629
79.0883 0.126933 -0.0112763
79.0883 0.1904 -0.0110444
79.0883 0.253866 -0.0107678
79.0883 0.317333 -0.0104479
79.0883 0.380799 -0.010086
79.0883 0.444266 -0.00968333
79.0883 0.507732 -0.00924185
79.0883 0.571199 -0.0087631
79.0883 0.634665 -0.00824893
79.0883 0.698132 -0.00770165
79.0883 0.761598 -0.00712347
79.0883 0.825065 -0.00651654
79.0883 0.888531 -0.00588307
79.0883 0.951998 -0.0052263
79.0883 1.01546 -0.00454836
79.0883 1.07893 -0.00385196
79.0883 1.1424 -0.00314024
79.0883 1.20586 -0.00241577
79.0883 1.26933 -0.00168184
79.0883 1.3328 -0.000940741
79.0883 1.39626 -0.000196133
79.0883 1.45973 0.000549092
79.0883 1.5232 0.00129247
79.0883 1.58666 0.00203048
79.0883 1.65013 0.00276041
79.0883 1.7136 0.00347957
79.0883 1.77706 0.00418425
79.0883 1.84053 0.0048722
79.0883 1.904 0.00554028
79.0883 1.96746 0.00618631
79.0883 2.03093 0.00680746
79.0883 2.0944 0.0074012
79.0883 2.15786 0.00796508
79.0883 2.22133 0.00849687
79.0883 2.28479 0.00899422
79.0883 2.34826 0.00945592
79.0883 2.41173 0.00987914
79.0883 2.47519 0.0102626
79.0883 2.53866 0.0106048
79.0883 2.60213 0.0109044
79.0883 2.66559 0.0111599
79.0883 2.72906 0.0113706
79.0883 2.79253 0.0115354
79.0883 2.85599 0.0116538
79.0883 2.91946 0.0117252
79.0883 2.98293 0.0117496
79.0883 3.04639 0.0117265
79.0883 3.10986 0.0116562
79.0883 3.17333 0.0115391
79.0883 3.23679 0.0113754
79.0883 3.30026 0.0111659
79.0883 3.36373 0.0109116
79.0883 3.42719 0.0106133
79.0883 3.49066 0.0102721
79.0883 3.55413 0.00988974
79.0883 3.61759 0.00946736
79.0883 3.68106 0.00900705
79.0883 3.74452 0.00851039
79.0883 3.80799 0.00797938
79.0883 3.87146 0.0074164
79.0883 3.93492 0.00682323
79.0883 3.99839 0.00620312
79.0883 4.06186 0.00555765
79.0883 4.12532 0.00488977
79.0883 4.18879 0.00420225
79.0883 4.25226 0.00349801
79.0883 4.31572 0.00277969
79.0883 4.37919 0.00204998
79.0883 4.44266 0.00131169
79.0883 4.50612 0.000568631
79.0883 4.56959 -0.000176716
79.0883 4.63306 -0.000921296
79.0883 4.69652 -0.00166262
79.0883 4.75999 -0.00239671
79.0883 4.82346 -0.00312149
79.0883 4.88692 -0.00383409
79.0883 4.95039 -0.00453049
79.0883 5.01385 -0.00520901
79.0883 5.07732 -0.00586632
79.0883 5.14079 -0.00650004
79.0883 5.20425 -0.00710785
79.0883 5.26772 -0.00768692
79.0883 5.33119 -0.00823493
79.0883 5.39465 -0.00874986
79.0883 5.45812 -0.00922983
79.0883 5.52159 -0.00967215
79.0883 5.58505 -0.0100758
79.0883 5.64852 -0.0104391
79.0883 5.71199 -0.01076
79.0883 5.77545 -0.0110375
79.0883 5.83892 -0.011271
79.0883 5.90239 -0.0114587
79.0883 5.96585 -0.0116006
79.0883 6.02932 -0.0116955
79.0883 6.09279 -0.0117434
79.0883 6.15625 -0.0117439
79.0883 6.21972 -0.0116974
79.0883 6.28319 -0.0116035
80.0893 0 0.369332
80.0893 0.0634665 0.349243
80.0893 0.126933 0.327748
80.0893 0.1904 0.304933
80.0893 0.253866 0.280891
80.0893 0.317333 0.255717
80.0893 0.380799 0.229514
80.0893 0.444266 0.202386
80.0893 0.507732 0.174444
80.0893 0.571199 0.145799
80.0893 0.634665 0.116567
80.0893 0.698132 0.086866
80.0893 0.761598 0.056815
80.0893 0.825065 0.0265352
80.0893 0.888531 -0.0038515
80.0893 0.951998 -0.0342227
80.0893 1.01546 -0.0644562
80.0893 1.07893 -0.0944299
80.0893 1.1424 -0.124023
80.0893 1.20586 -0.153118
80.0893 1.26933 -0.181595
80.0893 1.3328 -0.209342
80.0893 1.39626 -0.236245
80.0893 1.45973 -0.262197
80.0893 1.5232 -0.287094
80.0893 1.58666 -0.310834
80.0893 1.65013 -0.333323
80.0893 1.7136 -0.354469
80.0893 1.77706 -0.374189
80.0893 1.84053 -0.392401
80.0893 1.904 -0.409034
80.0893 1.96746 -0.424019
80.0893 2.03093 -0.437297
80.0893 2.0944 -0.448815
80.0893 2.15786 -0.458525
80.0893 2.22133 -0.466388
80.0893 2.28479 -0.472374
80.0893 2.34826 -0.476458
80.0893 2.41173 -0.478623
80.0893 2.47519 -0.478861
80.0893 2.53866 -0.47717
80.0893 2.60213 -0.473559
80.0893 2.66559 -0.46804
80.0893 2.72906 -0.460637
80.0893 2.79253 -0.451379
80.0893 2.85599 -0.440304
80.0893 2.91946 -0.427455
80.0893 2.98293 -0.412885
80.0893 3.04639 -0.396653
80.0893 3.10986 -0.378823
80.0893 3.17333 -0.359468
80.0893 3.23679 -0.338666
80.0893 3.30026 -0.3165
80.0893 3.36373 -0.29306
80.0893 3.42719 -0.268439
80.0893 3.49066 -0.242738
80.0893 3.55413 -0.216059
80.0893 3.61759 -0.18851
80.0893 3.68106 -0.160202
80.0893 3.74452 -0.131249
80.0893 3.80799 -0.101768
80.0893 3.87146 -0.0718768
80.0893 3.93492 -0.041696
80.0893 3.99839 -0.0113475
80.0893 4.06186 0.0190466
80.0893 4.12532 0.0493642
80.0893 4.18879 0.079483
80.0893 4.25226 0.109282
80.0893 4.31572 0.13864
80.0893 4.37919 0.167441
80.0893 4.44266 0.195567
80.0893 4.50612 0.222906
80.0893 4.56959 0.249347
80.0893 4.63306 0.274784
80.0893 4.69652 0.299115
80.0893 4.75999 0.322241
80.0893 4.82346 0.34407
80.0893 4.88692 0.364513
80.0893 4.95039 0.383488
80.0893 5.01385 0.400919
80.0893 5.07732 0.416736
80.0893 5.14079 0.430875
80.0893 5.20425 0.443279
80.0893 5.26772 0.453898
80.0893 5.33119 0.46269
80.0893 5.39465 0.469618
80.0893 5.45812 0.474655
80.0893 5.52159 0.477781
80.0893 5.58505 0.478983
80.0893 5.64852 0.478256
80.0893 5.71199 0.475604
80.0893 5.77545 0.471037
80.0893 5.83892 0.464572
80.0893 5.90239 0.456238
80.0893 5.96585 0.446065
80.0893 6.02932 0.434098
80.0893 6.09279 0.420381
80.0893 6.15625 0.404973
80.0893 6.21972 0.387933
80.0893 6.28319 0.369332
81.0903 0 0.191961
81.0903 0.0634665 0.207009
81.0903 0.126933 0.221223
81.0903 0.1904 0.234546
81.0903 0.253866 0.246925
81.0903 0.317333 0.25831
81.0903 0.380799 0.268655
81.0903 0.444266 0.277917
81.0903 0.507732 0.286061
81.0903 0.571199 0.293053
81.0903 0.634665 0.298865
81.0903 0.698132 0.303473
81.0903 0.761598 0.30686
81.0903 0.825065 0.309011
81.0903 0.888531 0.309917
81.0903 0.951998 0.309576
81.0903 1.01546 0.307988
81.0903 1.07893 0.30516
81.0903 1.1424 0.301103
81.0903 1.20586 0.295834
81.0903 1.26933 0.289373
81.0903 1.3328 0.281747
81.0903 1.39626 0.272987
81.0903 1.45973 0.263128
81.0903 1.5232 0.252209
81.0903 1.58666 0.240275
81.0903 1.65013 0.227372
81.0903 1.7136 0.213555
81.0903 1.77706 0.198877
81.0903 1.84053 0.183399
81.0903 1.904 0.167182
81.0903 1.96746 0.150292
81.0903 2.03093 0.132797
81.0903 2.0944 0.114767
81.0903 2.15786 0.0962755
81.0903 2.22133 0.0773958
81.0903 2.28479 0.0582046
81.0903 2.34826 0.0387788
81.0903 2.41173 0.019197
81.0903 2.47519 -0.000462295
81.0903 2.53866 -0.0201192
81.0903 2.60213 -0.0396957
81.0903 2.66559 -0.0591119
81.0903 2.72906 -0.0782902
81.0903 2.79253 -0.0971533
81.0903 2.85599 -0.115625
81.0903 2.91946 -0.133632
81.0903 2.98293 -0.1511
81.0903 3.04639 -0.16796
81.0903 3.10986 -0.184143
81.0903 3.17333 -0.199585
81.0903 3.23679 -0.214224
81.0903 3.30026 -0.227999
81.0903 3.36373 -0.240857
81.0903 3.42719 -0.252745
81.0903 3.49066 -0.263615
81.0903 3.55413 -0.273424
81.0903 3.61759 -0.282131
81.0903 3.68106 -0.289703
81.0903 3.74452 -0.296108
81.0903 3.80799 -0.301321
81.0903 3.87146 -0.30532
81.0903 3.93492 -0.30809
81.0903 3.99839 -0.30962
81.0903 4.06186 -0.309902
81.0903 4.12532 -0.308937
81.0903 4.18879 -0.306728
81.0903 4.25226 -0.303284
81.0903 4.31572 -0.298619
81.0903 4.37919 -0.292751
81.0903 4.44266 -0.285704
81.0903 4.50612 -0.277507
81.0903 4.56959 -0.268193
81.0903 4.63306 -0.257798
81.0903 4.69652 -0.246366
81.0903 4.75999 -0.233941
81.0903 4.82346 -0.220575
81.0903 4.88692 -0.20632
81.0903 4.95039 -0.191234
81.0903 5.01385 -0.175379
81.0903 5.07732 -0.158817
81.0903 5.14079 -0.141616
81.0903 5.20425 -0.123844
81.0903 5.26772 -0.105575
81.0903 5.33119 -0.0868793
81.0903 5.39465 -0.0678342
81.0903 5.45812 -0.0485163
81.0903 5.52159 -0.0290026
81.0903 5.58505 -0.00937244
81.0903 5.64852 0.0102958
81.0903 5.71199 0.0299224
81.0903 5.77545 0.0494285
81.0903 5.83892 0.0687357
81.0903 5.90239 0.087766
81.0903 5.96585 0.106443
81.0903 6.02932 0.124691
81.0903 6.09279 0.142438
81.0903 6.15625 0.15961
81.0903 6.21972 0.17614
81.0903 6.28319 0.191961
82.0913 0 0.0126448
82.0913 0.0634665 0.013783
82.0913 0.126933 0.0148658
82.0913 0.1904 0.0158886
82.0913 0.253866 0.0168476
82.0913 0.317333 0.0177386
82.0913 0.380799 0.0185583
82.0913 0.444266 0.0193031
82.0913 0.507732 0.0199703
82.0913 0.571199 0.0205572
82.0913 0.634665 0.0210612
82.0913 0.698132 0.0214804
82.0913 0.761598 0.0218132
82.0913 0.825065 0.0220581
82.0913 0.888531 0.0222139
82.0913 0.951998 0.0222806
82.0913 1.01546 0.0222575
82.0913 1.07893 0.0221448
82.0913 1.1424 0.0219428
82.0913 1.20586 0.0216526
82.0913 1.26933 0.0212752
82.0913 1.3328 0.0208121
82.0913 1.39626 0.0202651
82.0913 1.45973 0.0196366
82.0913 1.5232 0.0189289
82.0913 1.58666 0.0181451
82.0913 1.65013 0.0172883
82.0913 1.7136 0.0163618
82.0913 1.77706 0.0153694
82.0913 1.84053 0.0143152
82.0913 1.904 0.0132033
82.0913 1.96746 0.0120383
82.0913 2.03093 0.0108248
82.0913 2.0944 0.00956757
82.0913 2.15786 0.00827195
82.0913 2.22133 0.00694298
82.0913 2.28479 0.00558606
82.0913 2.34826 0.00420662
82.0913 2.41173 0.00281033
82.0913 2.47519 0.00140256
82.0913 2.53866 -1.07163e-05
82.0913 2.60213 -0.00142387
82.0913 2.66559 -0.00283146
82.0913 2.72906 -0.00422776
82.0913 2.79253 -0.00560676
82.0913 2.85599 -0.00696325
82.0913 2.91946 -0.00829162
82.0913 2.98293 -0.00958694
82.0913 3.04639 -0.0108433
82.0913 3.10986 -0.0120561
82.0913 3.17333 -0.0132204
82.0913 3.23679 -0.0143316
82.0913 3.30026 -0.0153849
82.0913 3.36373 -0.0163763
82.0913 3.42719 -0.0173017
82.0913 3.49066 -0.0181576
82.0913 3.55413 -0.0189403
82.0913 3.61759 -0.0196466
82.0913 3.68106 -0.020274
82.0913 3.74452 -0.0208197
82.0913 3.80799 -0.0212814
82.0913 3.87146 -0.0216575
82.0913 3.93492 -0.0219465
82.0913 3.99839 -0.0221472
82.0913 4.06186 -0.0222584
82.0913 4.12532 -0.0222802
82.0913 4.18879 -0.0222124
82.0913 4.25226 -0.0220549
82.0913 4.31572 -0.0218087
82.0913 4.37919 -0.0214748
82.0913 4.44266 -0.0210542
82.0913 4.50612 -0.0205489
82.0913 4.56959 -0.0199609
82.0913 4.63306 -0.0192926
82.0913 4.69652 -0.0185464
82.0913 4.75999 -0.0177257
82.0913 4.82346 -0.0168337
82.0913 4.88692 -0.0158736
82.0913 4.95039 -0.0148498
82.0913 5.01385 -0.0137661
82.0913 5.07732 -0.0126272
82.0913 5.14079 -0.0114372
82.0913 5.20425 -0.0102013
82.0913 5.26772 -0.00892424
82.0913 5.33119 -0.00761136
82.0913 5.39465 -0.00626765
82.0913 5.45812 -0.00489892
82.0913 5.52159 -0.00351019
82.0913 5.58505 -0.00210757
82.0913 5.64852 -0.000696255
82.0913 5.71199 0.00071772
82.0913 5.77545 0.0021287
82.0913 5.83892 0.00353121
82.0913 5.90239 0.00491956
82.0913 5.96585 0.00628835
82.0913 6.02932 0.0076314
82.0913 6.09279 0.00894387
82.0913 6.15625 0.0102202
82.0913 6.21972 0.0114555
82.0913 6.28319 0.0126448
83.0923 0 0.280861
83.0923 0.0634665 0.296024
83.0923 0.126933 0.309995
83.0923 0.1904 0.322717
83.0923 0.253866 0.33414
83.0923 0.317333 0.344218
83.0923 0.380799 0.35291
83.0923 0.444266 0.36018
83.0923 0.507732 0.366001
83.0923 0.571199 0.370347
83.0923 0.634665 0.373202
83.0923 0.698132 0.374555
83.0923 0.761598 0.374399
83.0923 0.825065 0.372736
83.0923 0.888531 0.369572
83.0923 0.951998 0.364919
83.0923 1.01546 0.358798
83.0923 1.07893 0.351232
83.0923 1.1424 0.342251
83.0923 1.20586 0.331892
83.0923 1.26933 0.320197
83.0923 1.3328 0.307212
83.0923 1.39626 0.292991
83.0923 1.45973 0.277589
83.0923 1.5232 0.26107
83.0923 1.58666 0.2435
83.0923 1.65013 0.224949
83.0923 1.7136 0.205492
83.0923 1.77706 0.185208
83.0923 1.84053 0.164178
83.0923 1.904 0.142488
83.0923 1.96746 0.120223
83.0923 2.03093 0.0974741
83.0923 2.0944 0.0743329
83.0923 2.15786 0.0508922
83.0923 2.22133 0.0272468
83.0923 2.28479 0.00349167
83.0923 2.34826 -0.0202777
83.0923 2.41173 -0.0439653
83.0923 2.47519 -0.0674759
83.0923 2.53866 -0.0907148
83.0923 2.60213 -0.113588
83.0923 2.66559 -0.136005
83.0923 2.72906 -0.157873
83.0923 2.79253 -0.179106
83.0923 2.85599 -0.199618
83.0923 2.91946 -0.219326
83.0923 2.98293 -0.238151
83.0923 3.04639 -0.256016
83.0923 3.10986 -0.272851
83.0923 3.17333 -0.288587
83.0923 3.23679 -0.303162
83.0923 3.30026 -0.316515
83.0923 3.36373 -0.328594
83.0923 3.42719 -0.33935
83.0923 3.49066 -0.348739
83.0923 3.55413 -0.356725
83.0923 3.61759 -0.363273
83.0923 3.68106 -0.368359
83.0923 3.74452 -0.371962
83.0923 3.80799 -0.374067
83.0923 3.87146 -0.374666
83.0923 3.93492 -0.373756
83.0923 3.99839 -0.371341
83.0923 4.06186 -0.367431
83.0923 4.12532 -0.362041
83.0923 4.18879 -0.355194
83.0923 4.25226 -0.346916
83.0923 4.31572 -0.337242
83.0923 4.37919 -0.326209
83.0923 4.44266 -0.313863
83.0923 4.50612 -0.300253
83.0923 4.56959 -0.285434
83.0923 4.63306 -0.269466
83.0923 4.69652 -0.252412
83.0923 4.75999 -0.234343
83.0923 4.82346 -0.215329
83.0923 4.88692 -0.195449
83.0923 4.95039 -0.174781
83.0923 5.01385 -0.15341
83.0923 5.07732 -0.131421
83.0923 5.14079 -0.108903
83.0923 5.20425 -0.0859468
83.0923 5.26772 -0.062644
83.0923 5.33119 -0.0390892
83.0923 5.39465 -0.0153769
83.0923 5.45812 0.00839722
83.0923 5.52159 0.0321376
83.0923 5.58505 0.0557487
83.0923 5.64852 0.0791352
83.0923 5.71199 0.102203
83.0923 5.77545 0.124859
83.0923 5.83892 0.147013
83.0923 5.90239 0.168575
83.0923 5.96585 0.189457
83.0923 6.02932 0.209577
83.0923 6.09279 0.228853
83.0923 6.15625 0.247208
83.0923 6.21972 0.264567
83.0923 6.28319 0.280861
84.0932 0 0.0391426
84.0932 0.0634665 0.0467515
84.0932 0.126933 0.0541721
84.0932 0.1904 0.0613747
84.0932 0.253866 0.06833
84.0932 0.317333 0.0750103
84.0932 0.380799 0.0813886
84.0932 0.444266 0.0874391
84.0932 0.507732 0.0931374
84.0932 0.571199 0.0984608
84.0932 0.634665 0.103388
84.0932 0.698132 0.107898
84.0932 0.761598 0.111974
84.0932 0.825065 0.1156
84.0932 0.888531 0.11876
84.0932 0.951998 0.121441
84.0932 1.01546 0.123634
84.0932 1.07893 0.125328
84.0932 1.1424 0.126519
84.0932 1.20586 0.127199
84.0932 1.26933 0.127368
84.0932 1.3328 0.127023
84.0932 1.39626 0.126167
84.0932 1.45973 0.124803
84.0932 1.5232 0.122937
84.0932 1.58666 0.120575
84.0932 1.65013 0.117728
84.0932 1.7136 0.114407
84.0932 1.77706 0.110626
84.0932 1.84053 0.106398
84.0932 1.904 0.101743
84.0932 1.96746 0.0966776
84.0932 2.03093 0.0912231
84.0932 2.0944 0.0854012
84.0932 2.15786 0.0792354
84.0932 2.22133 0.0727506
84.0932 2.28479 0.0659728
84.0932 2.34826 0.0589293
84.0932 2.41173 0.0516486
84.0932 2.47519 0.0441599
84.0932 2.53866 0.0364935
84.0932 2.60213 0.0286801
84.0932 2.66559 0.0207511
84.0932 2.72906 0.0127387
84.0932 2.79253 0.0046749
84.0932 2.85599 -0.00340774
84.0932 2.91946 -0.0114766
84.0932 2.98293 -0.0194993
84.0932 3.04639 -0.0274434
84.0932 3.10986 -0.0352771
84.0932 3.17333 -0.0429687
84.0932 3.23679 -0.0504873
84.0932 3.30026 -0.0578025
84.0932 3.36373 -0.064885
84.0932 3.42719 -0.0717063
84.0932 3.49066 -0.0782389
84.0932 3.55413 -0.0844564
84.0932 3.61759 -0.0903338
84.0932 3.68106 -0.0958474
84.0932 3.74452 -0.100975
84.0932 3.80799 -0.105696
84.0932 3.87146 -0.109992
84.0932 3.93492 -0.113844
84.0932 3.99839 -0.117239
84.0932 4.06186 -0.120161
84.0932 4.12532 -0.122599
84.0932 4.18879 -0.124544
84.0932 4.25226 -0.125987
84.0932 4.31572 -0.126923
84.0932 4.37919 -0.127348
84.0932 4.44266 -0.127259
84.0932 4.50612 -0.126659
84.0932 4.56959 -0.125549
84.0932 4.63306 -0.123933
84.0932 4.69652 -0.121818
84.0932 4.75999 -0.119212
84.0932 4.82346 -0.116126
84.0932 4.88692 -0.112573
84.0932 4.95039 -0.108567
84.0932 5.01385 -0.104123
84.0932 5.07732 -0.0992602
84.0932 5.14079 -0.0939977
84.0932 5.20425 -0.0883566
84.0932 5.26772 -0.0823597
84.0932 5.33119 -0.0760313
84.0932 5.39465 -0.0693966
84.0932 5.45812 -0.0624826
84.0932 5.52159 -0.055317
84.0932 5.58505 -0.0479285
84.0932 5.64852 -0.0403471
84.0932 5.71199 -0.0326032
84.0932 5.77545 -0.0247281
84.0932 5.83892 -0.0167533
84.0932 5.90239 -0.00871112
84.0932 5.96585 -0.000633886
84.0932 6.02932 0.00744594
84.0932 6.09279 0.0154958
84.0932 6.15625 0.0234832
84.0932 6.21972 0.0313761
84.0932 6.28319 0.0391426
85.0942 0 -0.0770696
85.0942 0.0634665 -0.0621467
85.0942 0.126933 -0.0469735
85.0942 0.1904 -0.0316113
85.0942 0.253866 -0.0161215
85.0942 0.317333 -0.000567059
85.0942 0.380799 0.0149897
85.0942 0.444266 0.0304862
85.0942 0.507732 0.0458598
85.0942 0.571199 0.061049
85.0942 0.634665 0.0759921
85.0942 0.698132 0.0906293
85.0942 0.761598 0.104902
85.0942 0.825065 0.118752
85.0942 0.888531 0.132123
85.0942 0.951998 0.144963
85.0942 1.01546 0.157219
85.0942 1.07893 0.168842
85.0942 1.1424 0.179785
85.0942 1.20586 0.190004
85.0942 1.26933 0.199458
85.0942 1.3328 0.208109
85.0942 1.39626 0.215922
85.0942 1.45973 0.222866
85.0942 1.5232 0.228911
85.0942 1.58666 0.234036
85.0942 1.65013 0.238218
85.0942 1.7136 0.241441
85.0942 1.77706 0.243691
85.0942 1.84053 0.244961
85.0942 1.904 0.245243
85.0942 1.96746 0.244538
85.0942 2.03093 0.242849
85.0942 2.0944 0.240182
85.0942 2.15786 0.236548
85.0942 2.22133 0.231961
85.0942 2.28479 0.22644
85.0942 2.34826 0.220008
85.0942 2.41173 0.212689
85.0942 2.47519 0.204514
85.0942 2.53866 0.195516
85.0942 2.60213 0.18573
85.0942 2.66559 0.175197
85.0942 2.72906 0.163958
85.0942 2.79253 0.152059
85.0942 2.85599 0.139547
85.0942 2.91946 0.126474
85.0942 2.98293 0.112891
85.0942 3.04639 0.0988539
85.0942 3.10986 0.0844185
85.0942 3.17333 0.0696432
85.0942 3.23679 0.0545876
85.0942 3.30026 0.0393122
85.0942 3.36373 0.0238785
85.0942 3.42719 0.00834858
85.0942 3.49066 -0.00721499
85.0942 3.55413 -0.0227494
85.0942 3.61759 -0.0381923
85.0942 3.68106 -0.0534813
85.0942 3.74452 -0.068555
85.0942 3.80799 -0.0833528
85.0942 3.87146 -0.0978148
85.0942 3.93492 -0.111883
85.0942 3.99839 -0.125501
85.0942 4.06186 -0.138613
85.0942 4.12532 -0.151167
85.0942 4.18879 -0.163113
85.0942 4.25226 -0.174401
85.0942 4.31572 -0.184988
85.0942 4.37919 -0.194829
85.0942 4.44266 -0.203886
85.0942 4.50612 -0.212122
85.0942 4.56959 -0.219504
85.0942 4.63306 -0.226002
85.0942 4.69652 -0.23159
85.0942 4.75999 -0.236246
85.0942 4.82346 -0.23995
85.0942 4.88692 -0.242688
85.0942 4.95039 -0.244449
85.0942 5.01385 -0.245225
85.0942 5.07732 -0.245014
85.0942 5.14079 -0.243817
85.0942 5.20425 -0.241637
85.0942 5.26772 -0.238485
85.0942 5.33119 -0.234373
85.0942 5.39465 -0.229316
85.0942 5.45812 -0.223337
85.0942 5.52159 -0.216458
85.0942 5.58505 -0.208707
85.0942 5.64852 -0.200116
85.0942 5.71199 -0.190719
85.0942 5.77545 -0.180555
85.0942 5.83892 -0.169663
85.0942 5.90239 -0.158088
85.0942 5.96585 -0.145876
85.0942 6.02932 -0.133077
85.0942 6.09279 -0.119743
85.0942 6.15625 -0.105926
85.0942 6.21972 -0.0916823
85.0942 6.28319 -0.0770697
86.0952 0 -0.0892886
86.0952 0.0634665 -0.0985406
86.0952 0.126933 -0.107396
86.0952 0.1904 -0.115819
86.0952 0.253866 -0.123775
86.0952 0.317333 -0.131233
86.0952 0.380799 -0.138162
86.0952 0.444266 -0.144536
86.0952 0.507732 -0.150327
86.0952 0.571199 -0.155513
86.0952 0.634665 -0.160073
86.0952 0.698132 -0.163988
86.0952 0.761598 -0.167243
86.0952 0.825065 -0.169824
86.0952 0.888531 -0.171722
86.0952 0.951998 -0.172927
86.0952 1.01546 -0.173437
86.0952 1.07893 -0.173249
86.0952 1.1424 -0.172363
86.0952 1.20586 -0.170783
86.0952 1.26933 -0.168515
86.0952 1.3328 -0.165568
86.0952 1.39626 -0.161955
86.0952 1.45973 -0.15769
86.0952 1.5232 -0.15279
86.0952 1.58666 -0.147274
86.0952 1.65013 -0.141166
86.0952 1.7136 -0.134489
86.0952 1.77706 -0.12727
86.0952 1.84053 -0.119539
86.0952 1.904 -0.111327
86.0952 1.96746 -0.102667
86.0952 2.03093 -0.0935928
86.0952 2.0944 -0.0841419
86.0952 2.15786 -0.0743524
86.0952 2.22133 -0.0642632
86.0952 2.28479 -0.0539155
86.0952 2.34826 -0.0433507
86.0952 2.41173 -0.0326112
86.0952 2.47519 -0.0217405
86.0952 2.53866 -0.0107821
86.0952 2.60213 0.000219497
86.0952 2.66559 0.0112202
86.0952 2.72906 0.022176
86.0952 2.79253 0.0330422
86.0952 2.85599 0.0437756
86.0952 2.91946 0.0543325
86.0952 2.98293 0.0646709
86.0952 3.04639 0.0747485
86.0952 3.10986 0.0845255
86.0952 3.17333 0.093962
86.0952 3.23679 0.10302
86.0952 3.30026 0.111663
86.0952 3.36373 0.119857
86.0952 3.42719 0.127568
86.0952 3.49066 0.134766
86.0952 3.55413 0.14142
86.0952 3.61759 0.147505
86.0952 3.68106 0.152997
86.0952 3.74452 0.157872
86.0952 3.80799 0.162112
86.0952 3.87146 0.165699
86.0952 3.93492 0.168618
86.0952 3.99839 0.170859
86.0952 4.06186 0.172412
86.0952 4.12532 0.17327
86.0952 4.18879 0.17343
86.0952 4.25226 0.172893
86.0952 4.31572 0.171659
86.0952 4.37919 0.169734
86.0952 4.44266 0.167126
86.0952 4.50612 0.163844
86.0952 4.56959 0.159903
86.0952 4.63306 0.155318
86.0952 4.69652 0.150108
86.0952 4.75999 0.144293
86.0952 4.82346 0.137897
86.0952 4.88692 0.130945
86.0952 4.95039 0.123467
86.0952 5.01385 0.115491
86.0952 5.07732 0.107051
86.0952 5.14079 0.0981791
86.0952 5.20425 0.0889121
86.0952 5.26772 0.079287
86.0952 5.33119 0.0693426
86.0952 5.39465 0.0591192
86.0952 5.45812 0.0486578
86.0952 5.52159 0.0380001
86.0952 5.58505 0.0271896
86.0952 5.64852 0.0162696
86.0952 5.71199 0.00528414
86.0952 5.77545 -0.00572272
86.0952 5.83892 -0.0167065
86.0952 5.90239 -0.027623
86.0952 5.96585 -0.0384283
86.0952 6.02932 -0.0490787
86.0952 6.09279 -0.0595317
86.0952 6.15625 -0.0697448
86.0952 6.21972 -0.0796772
86.0952 6.28319 -0.0892887
87.0962 0 -0.00752052
87.0962 0.0634665 -0.00304806
87.0962 0.126933 0.00143686
87.0962 0.1904 0.00591557
87.0962 0.253866 0.0103707
87.0962 0.317333 0.0147839
87.0962 0.380799 0.0191377
87.0962 0.444266 0.0234144
87.0962 0.507732 0.0275968
87.0962 0.571199 0.0316681
87.0962 0.634665 0.0356118
87.0962 0.698132 0.0394123
87.0962 0.761598 0.0430539
87.0962 0.825065 0.0465223
87.0962 0.888531 0.0498032
87.0962 0.951998 0.0528837
87.0962 1.01546 0.0557513
87.0962 1.07893 0.0583943
87.0962 1.1424 0.0608021
87.0962 1.20586 0.0629653
87.0962 1.26933 0.0648748
87.0962 1.3328 0.0665231
87.0962 1.39626 0.0679035
87.0962 1.45973 0.0690104
87.0962 1.5232 0.0698396
87.0962 1.58666 0.0703876
87.0962 1.65013 0.0706519
87.0962 1.7136 0.070632
87.0962 1.77706 0.0703275
87.0962 1.84053 0.0697399
87.0962 1.904 0.0688715
87.0962 1.96746 0.0677256
87.0962 2.03093 0.0663073
87.0962 2.0944 0.0646217
87.0962 2.15786 0.0626762
87.0962 2.22133 0.0604783
87.0962 2.28479 0.0580366
87.0962 2.34826 0.0553613
87.0962 2.41173 0.0524631
87.0962 2.47519 0.0493536
87.0962 2.53866 0.0460454
87.0962 2.60213 0.042552
87.0962 2.66559 0.0388872
87.0962 2.72906 0.0350657
87.0962 2.79253 0.0311028
87.0962 2.85599 0.0270151
87.0962 2.91946 0.0228182
87.0962 2.98293 0.0185295
87.0962 3.04639 0.0141666
87.0962 3.10986 0.00974614
87.0962 3.17333 0.00528685
87.0962 3.23679 0.000806048
87.0962 3.30026 -0.00367806
87.0962 3.36373 -0.00814728
87.0962 3.42719 -0.0125836
87.0962 3.49066 -0.0169694
87.0962 3.55413 -0.0212868
87.0962 3.61759 -0.0255185
87.0962 3.68106 -0.0296474
87.0962 3.74452 -0.0336571
87.0962 3.80799 -0.0375309
87.0962 3.87146 -0.0412539
87.0962 3.93492 -0.0448107
87.0962 3.99839 -0.0481871
87.0962 4.06186 -0.0513694
87.0962 4.12532 -0.0543449
87.0962 4.18879 -0.0571016
87.0962 4.25226 -0.0596283
87.0962 4.31572 -0.0619149
87.0962 4.37919 -0.0639522
87.0962 4.44266 -0.065732
87.0962 4.50612 -0.0672472
87.0962 4.56959 -0.0684915
87.0962 4.63306 -0.0694599
87.0962 4.69652 -0.070149
87.0962 4.75999 -0.0705551
87.0962 4.82346 -0.0706777
87.0962 4.88692 -0.0705153
87.0962 4.95039 -0.070069
87.0962 5.01385 -0.0693407
87.0962 5.07732 -0.0683331
87.0962 5.14079 -0.0670503
87.0962 5.20425 -0.0654976
87.0962 5.26772 -0.0636811
87.0962 5.33119 -0.0616082
87.0962 5.39465 -0.0592871
87.0962 5.45812 -0.0567275
87.0962 5.52159 -0.0539396
87.0962 5.58505 -0.0509341
87.0962 5.64852 -0.047724
87.0962 5.71199 -0.044321
87.0962 5.77545 -0.04074
87.0962 5.83892 -0.0369952
87.0962 5.90239 -0.0331009
87.0962 5.96585 -0.0290737
87.0962 6.02932 -0.0249293
87.0962 6.09279 -0.0206845
87.0962 6.15625 -0.0163565
87.0962 6.21972 -0.0119624
87.0962 6.28319 -0.00752029
88.0972 0 0.0133068
88.0972 0.0634665 0.0326815
88.0972 0.126933 0.0519244
88.0972 0.1904 0.0709583
88.0972 0.253866 0.0897064
88.0972 0.317333 0.108093
88.0972 0.380799 0.126045
88.0972 0.444266 0.143489
88.0972 0.507732 0.160355
88.0972 0.571199 0.176576
88.0972 0.634665 0.192086
88.0972 0.698132 0.206822
88.0972 0.761598 0.220725
88.0972 0.825065 0.23374
88.0972 0.888531 0.245813
88.0972 0.951998 0.256897
88.0972 1.01546 0.266946
88.0972 1.07893 0.27592
88.0972 1.1424 0.283783
88.0972 1.20586 0.290504
88.0972 1.26933 0.296055
88.0972 1.3328 0.300414
88.0972 1.39626 0.303562
88.0972 1.45973 0.305489
88.0972 1.5232 0.306185
88.0972 1.58666 0.305649
88.0972 1.65013 0.303882
88.0972 1.7136 0.300891
88.0972 1.77706 0.296689
88.0972 1.84053 0.291292
88.0972 1.904 0.284722
88.0972 1.96746 0.277006
88.0972 2.03093 0.268174
88.0972 2.0944 0.258263
88.0972 2.15786 0.247311
88.0972 2.22133 0.235364
88.0972 2.28479 0.222469
88.0972 2.34826 0.208678
88.0972 2.41173 0.194047
88.0972 2.47519 0.178634
88.0972 2.53866 0.162502
88.0972 2.60213 0.145716
88.0972 2.66559 0.128343
88.0972 2.72906 0.110454
88.0972 2.79253 0.0921191
88.0972 2.85599 0.0734139
88.0972 2.91946 0.0544127
88.0972 2.98293 0.0351926
88.0972 3.04639 0.0158308
88.0972 3.10986 -0.00359481
88.0972 3.17333 -0.0230058
88.0972 3.23679 -0.0423243
88.0972 3.30026 -0.0614723
88.0972 3.36373 -0.0803728
88.0972 3.42719 -0.0989496
88.0972 3.49066 -0.117128
88.0972 3.55413 -0.134835
88.0972 3.61759 -0.151999
88.0972 3.68106 -0.168551
88.0972 3.74452 -0.184424
88.0972 3.80799 -0.199554
88.0972 3.87146 -0.213881
88.0972 3.93492 -0.227347
88.0972 3.99839 -0.239897
88.0972 4.06186 -0.251482
88.0972 4.12532 -0.262053
88.0972 4.18879 -0.27157
88.0972 4.25226 -0.279993
88.0972 4.31572 -0.287288
88.0972 4.37919 -0.293427
88.0972 4.44266 -0.298384
88.0972 4.50612 -0.30214
88.0972 4.56959 -0.304679
88.0972 4.63306 -0.305991
88.0972 4.69652 -0.306072
88.0972 4.75999 -0.30492
88.0972 4.82346 -0.302539
88.0972 4.88692 -0.298941
88.0972 4.95039 -0.294139
88.0972 5.01385 -0.288153
88.0972 5.07732 -0.281006
88.0972 5.14079 -0.272728
88.0972 5.20425 -0.263351
88.0972 5.26772 -0.252914
88.0972 5.33119 -0.241459
88.0972 5.39465 -0.229032
88.0972 5.45812 -0.215682
88.0972 5.52159 -0.201464
88.0972 5.58505 -0.186434
88.0972 5.64852 -0.170654
88.0972 5.71199 -0.154187
88.0972 5.77545 -0.137099
88.0972 5.83892 -0.119459
88.0972 5.90239 -0.101337
88.0972 5.96585 -0.0828082
88.0972 6.02932 -0.0639454
88.0972 6.09279 -0.0448252
88.0972 6.15625 -0.0255245
88.0972 6.21972 -0.00612106
88.0972 6.28319 0.0133069
89.0982 0 0.427123
89.0982 0.0634665 0.445148
89.0982 0.126933 0.461381
89.0982 0.1904 0.475756
89.0982 0.253866 0.488216
89.0982 0.317333 0.498709
89.0982 0.380799 0.507194
89.0982 0.444266 0.513637
89.0982 0.507732 0.518013
89.0982 0.571199 0.520301
89.0982 0.634665 0.520496
89.0982 0.698132 0.518594
89.0982 0.761598 0.514604
89.0982 0.825065 0.508542
89.0982 0.888531 0.500432
89.0982 0.951998 0.490307
89.0982 1.01546 0.478207
89.0982 1.07893 0.464182
89.0982 1.1424 0.448288
89.0982 1.20586 0.430589
89.0982 1.26933 0.411156
89.0982 1.3328 0.390068
89.0982 1.39626 0.367409
89.0982 1.45973 0.34327
89.0982 1.5232 0.31775
89.0982 1.58666 0.290949
89.0982 1.65013 0.262978
89.0982 1.7136 0.233947
89.0982 1.77706 0.203974
89.0982 1.84053 0.17318
89.0982 1.904 0.141689
89.0982 1.96746 0.109627
89.0982 2.03093 0.0771234
89.0982 2.0944 0.0443095
89.0982 2.15786 0.0113172
89.0982 2.22133 -0.0217206
89.0982 2.28479 -0.054671
89.0982 2.34826 -0.0874015
89.0982 2.41173 -0.11978
89.0982 2.47519 -0.151676
89.0982 2.53866 -0.182961
89.0982 2.60213 -0.21351
89.0982 2.66559 -0.243199
89.0982 2.72906 -0.271908
89.0982 2.79253 -0.299523
89.0982 2.85599 -0.325931
89.0982 2.91946 -0.351028
89.0982 2.98293 -0.37471
89.0982 3.04639 -0.396885
89.0982 3.10986 -0.41746
89.0982 3.17333 -0.436355
89.0982 3.23679 -0.453493
89.0982 3.30026 -0.468805
89.0982 3.36373 -0.482228
89.0982 3.42719 -0.493711
89.0982 3.49066 -0.503205
89.0982 3.55413 -0.510673
89.0982 3.61759 -0.516085
89.0982 3.68106 -0.519419
89.0982 3.74452 -0.520661
89.0982 3.80799 -0.519806
89.0982 3.87146 -0.516859
89.0982 3.93492 -0.51183
89.0982 3.99839 -0.504741
89.0982 4.06186 -0.495618
89.0982 4.12532 -0.484501
89.0982 4.18879 -0.471432
89.0982 4.25226 -0.456465
89.0982 4.31572 -0.43966
89.0982 4.37919 -0.421085
89.0982 4.44266 -0.400814
89.0982 4.50612 -0.378929
89.0982 4.56959 -0.355519
89.0982 4.63306 -0.330677
89.0982 4.69652 -0.304503
89.0982 4.75999 -0.277103
89.0982 4.82346 -0.248588
89.0982 4.88692 -0.219071
89.0982 4.95039 -0.188672
89.0982 5.01385 -0.157514
89.0982 5.07732 -0.125721
89.0982 5.14079 -0.0934222
89.0982 5.20425 -0.060747
89.0982 5.26772 -0.0278274
89.0982 5.33119 0.00520442
89.0982 5.39465 0.0382153
89.0982 5.45812 0.0710718
89.0982 5.52159 0.103643
89.0982 5.58505 0.135796
89.0982 5.64852 0.167403
89.0982 5.71199 0.198335
89.0982 5.77545 0.228469
89.0982 5.83892 0.257683
89.0982 5.90239 0.285859
89.0982 5.96585 0.312885
89.0982 6.02932 0.33865
89.0982 6.09279 0.363052
89.0982 6.15625 0.385992
89.0982 6.21972 0.407377
89.0982 6.28319 0.427123
90.0992 0 0.152312
90.0992 0.0634665 0.159129
90.0992 0.126933 0.165306
90.0992 0.1904 0.170817
90.0992 0.253866 0.17564
90.0992 0.317333 0.179757
90.0992 0.380799 0.183149
90.0992 0.444266 0.185804
90.0992 0.507732 0.187711
90.0992 0.571199 0.188861
90.0992 0.634665 0.189252
90.0992 0.698132 0.18888
90.0992 0.761598 0.187747
90.0992 0.825065 0.185859
90.0992 0.888531 0.183222
90.0992 0.951998 0.179848
90.0992 1.01546 0.175749
90.0992 1.07893 0.170943
90.0992 1.1424 0.165449
90.0992 1.20586 0.159288
90.0992 1.26933 0.152486
90.0992 1.3328 0.145069
90.0992 1.39626 0.137069
90.0992 1.45973 0.128516
90.0992 1.5232 0.119447
90.0992 1.58666 0.109896
90.0992 1.65013 0.0999028
90.0992 1.7136 0.0895071
90.0992 1.77706 0.0787509
90.0992 1.84053 0.0676781
90.0992 1.904 0.0563325
90.0992 1.96746 0.0447599
90.0992 2.03093 0.0330075
90.0992 2.0944 0.0211219
90.0992 2.15786 0.00915137
90.0992 2.22133 -0.00285621
90.0992 2.28479 -0.0148521
90.0992 2.34826 -0.0267882
90.0992 2.41173 -0.0386167
90.0992 2.47519 -0.0502895
90.0992 2.53866 -0.0617598
90.0992 2.60213 -0.0729813
90.0992 2.66559 -0.0839093
90.0992 2.72906 -0.0944989
90.0992 2.79253 -0.104708
90.0992 2.85599 -0.114496
90.0992 2.91946 -0.123823
90.0992 2.98293 -0.132651
90.0992 3.04639 -0.140945
90.0992 3.10986 -0.148671
90.0992 3.17333 -0.155799
90.0992 3.23679 -0.162299
90.0992 3.30026 -0.168146
90.0992 3.36373 -0.173316
90.0992 3.42719 -0.177788
90.0992 3.49066 -0.181544
90.0992 3.55413 -0.184569
90.0992 3.61759 -0.186851
90.0992 3.68106 -0.188381
90.0992 3.74452 -0.189151
90.0992 3.80799 -0.189161
90.0992 3.87146 -0.188408
90.0992 3.93492 -0.186897
90.0992 3.99839 -0.184634
90.0992 4.06186 -0.181627
90.0992 4.12532 -0.177888
90.0992 4.18879 -0.173434
90.0992 4.25226 -0.16828
90.0992 4.31572 -0.16245
90.0992 4.37919 -0.155965
90.0992 4.44266 -0.148852
90.0992 4.50612 -0.14114
90.0992 4.56959 -0.13286
90.0992 4.63306 -0.124044
90.0992 4.69652 -0.114729
90.0992 4.75999 -0.104952
90.0992 4.82346 -0.0947526
90.0992 4.88692 -0.0841714
90.0992 4.95039 -0.0732515
90.0992 5.01385 -0.0620365
90.0992 5.07732 -0.0505716
90.0992 5.14079 -0.0389033
90.0992 5.20425 -0.0270784
90.0992 5.26772 -0.0151441
90.0992 5.33119 -0.003149
90.0992 5.39465 0.00885864
90.0992 5.45812 0.0208307
90.0992 5.52159 0.0327189
90.0992 5.58505 0.0444753
90.0992 5.64852 0.0560527
90.0992 5.71199 0.0674044
90.0992 5.77545 0.0784847
90.0992 5.83892 0.089249
90.0992 5.90239 0.0996537
90.0992 5.96585 0.109657
90.0992 6.02932 0.119219
90.0992 6.09279 0.128301
90.0992 6.15625 0.136867
90.0992 6.21972 0.144881
90.0992 6.28319 0.152312
91.1002 0 -0.335345
91.1002 0.0634665 -0.339404
91.1002 0.126933 -0.342096
91.1002 0.1904 -0.34341
91.1002 0.253866 -0.343342
91.1002 0.317333 -0.341892
91.1002 0.380799 -0.339064
91.1002 0.444266 -0.334872
91.1002 0.507732 -0.329331
91.1002 0.571199 -0.322464
91.1002 0.634665 -0.314298
91.1002 0.698132 -0.304867
91.1002 0.761598 -0.294209
91.1002 0.825065 -0.282365
91.1002 0.888531 -0.269385
91.1002 0.951998 -0.255319
91.1002 1.01546 -0.240227
91.1002 1.07893 -0.224166
91.1002 1.1424 -0.207203
91.1002 1.20586 -0.189406
91.1002 1.26933 -0.170846
91.1002 1.3328 -0.151598
91.1002 1.39626 -0.131739
91.1002 1.45973 -0.11135
91.1002 1.5232 -0.0905128
91.1002 1.58666 -0.0693111
91.1002 1.65013 -0.0478303
91.1002 1.7136 -0.0261569
91.1002 1.77706 -0.00437802
91.1002 1.84053 0.0174184
91.1002 1.904 0.0391446
91.1002 1.96746 0.0607132
91.1002 2.03093 0.0820374
91.1002 2.0944 0.103031
91.1002 2.15786 0.12361
91.1002 2.22133 0.143691
91.1002 2.28479 0.163194
91.1002 2.34826 0.18204
91.1002 2.41173 0.200152
91.1002 2.47519 0.217459
91.1002 2.53866 0.233889
91.1002 2.60213 0.249378
91.1002 2.66559 0.263864
91.1002 2.72906 0.277286
91.1002 2.79253 0.289592
91.1002 2.85599 0.300732
91.1002 2.91946 0.310661
91.1002 2.98293 0.319339
91.1002 3.04639 0.326731
91.1002 3.10986 0.332807
91.1002 3.17333 0.337544
91.1002 3.23679 0.340921
91.1002 3.30026 0.342926
91.1002 3.36373 0.343549
91.1002 3.42719 0.342789
91.1002 3.49066 0.34065
91.1002 3.55413 0.337138
91.1002 3.61759 0.332269
91.1002 3.68106 0.326061
91.1002 3.74452 0.318542
91.1002 3.80799 0.309738
91.1002 3.87146 0.299689
91.1002 3.93492 0.288432
91.1002 3.99839 0.276014
91.1002 4.06186 0.262484
91.1002 4.12532 0.247898
91.1002 4.18879 0.232314
91.1002 4.25226 0.215793
91.1002 4.31572 0.198404
91.1002 4.37919 0.180216
91.1002 4.44266 0.161303
91.1002 4.50612 0.14174
91.1002 4.56959 0.121606
91.1002 4.63306 0.100982
91.1002 4.69652 0.0799523
91.1002 4.75999 0.0586002
91.1002 4.82346 0.0370122
91.1002 4.88692 0.0152752
91.1002 4.95039 -0.00652345
91.1002 5.01385 -0.0282957
91.1002 5.07732 -0.0499541
91.1002 5.14079 -0.0714113
91.1002 5.20425 -0.092581
91.1002 5.26772 -0.113378
91.1002 5.33119 -0.133718
91.1002 5.39465 -0.15352
91.1002 5.45812 -0.172704
91.1002 5.52159 -0.191192
91.1002 5.58505 -0.20891
91.1002 5.64852 -0.225788
91.1002 5.71199 -0.241756
91.1002 5.77545 -0.25675
91.1002 5.83892 -0.270711
91.1002 5.90239 -0.283582
91.1002 5.96585 -0.295311
91.1002 6.02932 -0.30585
91.1002 6.09279 -0.315159
91.1002 6.15625 -0.323198
91.1002 6.21972 -0.329935
91.1002 6.28319 -0.335345
92.1012 0 0.212595
92.1012 0.0634665 0.223806
92.1012 0.126933 0.234116
92.1012 0.1904 0.243483
92.1012 0.253866 0.25187
92.1012 0.317333 0.259242
92.1012 0.380799 0.265571
92.1012 0.444266 0.27083
92.1012 0.507732 0.274999
92.1012 0.571199 0.27806
92.1012 0.634665 0.280001
92.1012 0.698132 0.280816
92.1012 0.761598 0.280499
92.1012 0.825065 0.279053
92.1012 0.888531 0.276484
92.1012 0.951998 0.272801
92.1012 1.01546 0.26802
92.1012 1.07893 0.262159
92.1012 1.1424 0.255243
92.1012 1.20586 0.247298
92.1012 1.26933 0.238359
92.1012 1.3328 0.228459
92.1012 1.39626 0.21764
92.1012 1.45973 0.205944
92.1012 1.5232 0.193419
92.1012 1.58666 0.180115
92.1012 1.65013 0.166085
92.1012 1.7136 0.151387
92.1012 1.77706 0.13608
92.1012 1.84053 0.120224
92.1012 1.904 0.103885
92.1012 1.96746 0.0871268
92.1012 2.03093 0.0700178
92.1012 2.0944 0.0526271
92.1012 2.15786 0.0350245
92.1012 2.22133 0.017281
92.1012 2.28479 -0.000532318
92.1012 2.34826 -0.0183433
92.1012 2.41173 -0.0360805
92.1012 2.47519 -0.0536725
92.1012 2.53866 -0.0710484
92.1012 2.60213 -0.088138
92.1012 2.66559 -0.104873
92.1012 2.72906 -0.121185
92.1012 2.79253 -0.13701
92.1012 2.85599 -0.152283
92.1012 2.91946 -0.166943
92.1012 2.98293 -0.18093
92.1012 3.04639 -0.194189
92.1012 3.10986 -0.206666
92.1012 3.17333 -0.218311
92.1012 3.23679 -0.229077
92.1012 3.30026 -0.23892
92.1012 3.36373 -0.247801
92.1012 3.42719 -0.255685
92.1012 3.49066 -0.262539
92.1012 3.55413 -0.268336
92.1012 3.61759 -0.273052
92.1012 3.68106 -0.276669
92.1012 3.74452 -0.279171
92.1012 3.80799 -0.28055
92.1012 3.87146 -0.280799
92.1012 3.93492 -0.279917
92.1012 3.99839 -0.277908
92.1012 4.06186 -0.27478
92.1012 4.12532 -0.270546
92.1012 4.18879 -0.265223
92.1012 4.25226 -0.258831
92.1012 4.31572 -0.251397
92.1012 4.37919 -0.242951
92.1012 4.44266 -0.233527
92.1012 4.50612 -0.223162
92.1012 4.56959 -0.211898
92.1012 4.63306 -0.199782
92.1012 4.69652 -0.186861
92.1012 4.75999 -0.173187
92.1012 4.82346 -0.158816
92.1012 4.88692 -0.143806
92.1012 4.95039 -0.128217
92.1012 5.01385 -0.112111
92.1012 5.07732 -0.0955537
92.1012 5.14079 -0.0786119
92.1012 5.20425 -0.0613536
92.1012 5.26772 -0.0438479
92.1012 5.33119 -0.0261659
92.1012 5.39465 -0.00837848
92.1012 5.45812 0.00944236
92.1012 5.52159 0.0272256
92.1012 5.58505 0.0448991
92.1012 5.64852 0.0623917
92.1012 5.71199 0.0796334
92.1012 5.77545 0.0965541
92.1012 5.83892 0.113086
92.1012 5.90239 0.129163
92.1012 5.96585 0.144719
92.1012 6.02932 0.159693
92.1012 6.09279 0.174024
92.1012 6.15625 0.187654
92.1012 6.21972 0.200528
92.1012 6.28319 0.212595
93.1022 0 0.053197
93.1022 0.0634665 0.0656582
93.1022 0.126933 0.0778552
93.1022 0.1904 0.0897387
93.1022 0.253866 0.101261
93.1022 0.317333 0.112375
93.1022 0.380799 0.123037
93.1022 0.444266 0.133204
93.1022 0.507732 0.142834
93.1022 0.571199 0.151889
93.1022 0.634665 0.160332
93.1022 0.698132 0.16813
93.1022 0.761598 0.175251
93.1022 0.825065 0.181666
93.1022 0.888531 0.187349
93.1022 0.951998 0.192279
93.1022 1.01546 0.196434
93.1022 1.07893 0.199797
93.1022 1.1424 0.202357
93.1022 1.20586 0.204102
93.1022 1.26933 0.205025
93.1022 1.3328 0.205122
93.1022 1.39626 0.204393
93.1022 1.45973 0.202841
93.1022 1.5232 0.200473
93.1022 1.58666 0.197297
93.1022 1.65013 0.193327
93.1022 1.7136 0.188578
93.1022 1.77706 0.18307
93.1022 1.84053 0.176825
93.1022 1.904 0.169868
93.1022 1.96746 0.162227
93.1022 2.03093 0.153932
93.1022 2.0944 0.145018
93.1022 2.15786 0.13552
93.1022 2.22133 0.125476
93.1022 2.28479 0.114927
93.1022 2.34826 0.103915
93.1022 2.41173 0.0924852
93.1022 2.47519 0.0806825
93.1022 2.53866 0.0685549
93.1022 2.60213 0.0561512
93.1022 2.66559 0.0435216
93.1022 2.72906 0.0307167
93.1022 2.79253 0.0177879
93.1022 2.85599 0.00478772
93.1022 2.91946 -0.00823181
93.1022 2.98293 -0.0212183
93.1022 3.04639 -0.0341192
93.1022 3.10986 -0.0468827
93.1022 3.17333 -0.0594576
93.1022 3.23679 -0.071793
93.1022 3.30026 -0.0838391
93.1022 3.36373 -0.0955479
93.1022 3.42719 -0.106872
93.1022 3.49066 -0.117766
93.1022 3.55413 -0.128185
93.1022 3.61759 -0.138088
93.1022 3.68106 -0.147436
93.1022 3.74452 -0.156189
93.1022 3.80799 -0.164314
93.1022 3.87146 -0.171777
93.1022 3.93492 -0.178548
93.1022 3.99839 -0.1846
93.1022 4.06186 -0.18991
93.1022 4.12532 -0.194454
93.1022 4.18879 -0.198215
93.1022 4.25226 -0.201178
93.1022 4.31572 -0.203332
93.1022 4.37919 -0.204666
93.1022 4.44266 -0.205176
93.1022 4.50612 -0.20486
93.1022 4.56959 -0.20372
93.1022 4.63306 -0.201759
93.1022 4.69652 -0.198985
93.1022 4.75999 -0.19541
93.1022 4.82346 -0.191049
93.1022 4.88692 -0.185918
93.1022 4.95039 -0.180038
93.1022 5.01385 -0.173434
93.1022 5.07732 -0.166131
93.1022 5.14079 -0.158159
93.1022 5.20425 -0.149551
93.1022 5.26772 -0.14034
93.1022 5.33119 -0.130564
93.1022 5.39465 -0.120262
93.1022 5.45812 -0.109477
93.1022 5.52159 -0.0982497
93.1022 5.58505 -0.0866275
93.1022 5.64852 -0.0746563
93.1022 5.71199 -0.0623845
93.1022 5.77545 -0.0498616
93.1022 5.83892 -0.0371378
93.1022 5.90239 -0.0242645
93.1022 5.96585 -0.0112934
93.1022 6.02932 0.00172291
93.1022 6.09279 0.0147324
93.1022 6.15625 0.0276827
93.1022 6.21972 0.0405214
93.1022 6.28319 0.0531971
94.1031 0 -0.0583543
94.1031 0.0634665 -0.0498207
94.1031 0.126933 -0.0410866
94.1031 0.1904 -0.032187
94.1031 0.253866 -0.0231576
94.1031 0.317333 -0.0140352
94.1031 0.380799 -0.00485617
94.1031 0.444266 0.00434234
94.1031 0.507732 0.0135234
94.1031 0.571199 0.0226502
94.1031 0.634665 0.0316855
94.1031 0.698132 0.0405933
94.1031 0.761598 0.0493377
94.1031 0.825065 0.0578834
94.1031 0.888531 0.066196
94.1031 0.951998 0.0742421
94.1031 1.01546 0.0819893
94.1031 1.07893 0.0894063
94.1031 1.1424 0.0964632
94.1031 1.20586 0.103132
94.1031 1.26933 0.109385
94.1031 1.3328 0.115198
94.1031 1.39626 0.120547
94.1031 1.45973 0.12541
94.1031 1.5232 0.129769
94.1031 1.58666 0.133605
94.1031 1.65013 0.136903
94.1031 1.7136 0.13965
94.1031 1.77706 0.141834
94.1031 1.84053 0.143448
94.1031 1.904 0.144484
94.1031 1.96746 0.144938
94.1031 2.03093 0.144808
94.1031 2.0944 0.144095
94.1031 2.15786 0.142802
94.1031 2.22133 0.140934
94.1031 2.28479 0.138499
94.1031 2.34826 0.135506
94.1031 2.41173 0.131967
94.1031 2.47519 0.127897
94.1031 2.53866 0.123312
94.1031 2.60213 0.11823
94.1031 2.66559 0.112672
94.1031 2.72906 0.106661
94.1031 2.79253 0.10022
94.1031 2.85599 0.0933754
94.1031 2.91946 0.0861549
94.1031 2.98293 0.0785876
94.1031 3.04639 0.0707037
94.1031 3.10986 0.0625351
94.1031 3.17333 0.0541149
94.1031 3.23679 0.0454765
94.1031 3.30026 0.0366552
94.1031 3.36373 0.0276863
94.1031 3.42719 0.0186059
94.1031 3.49066 0.00945038
94.1031 3.55413 0.000256971
94.1031 3.61759 -0.00893738
94.1031 3.68106 -0.0180959
94.1031 3.74452 -0.0271814
94.1031 3.80799 -0.0361577
94.1031 3.87146 -0.0449882
94.1031 3.93492 -0.0536375
94.1031 3.99839 -0.062071
94.1031 4.06186 -0.0702546
94.1031 4.12532 -0.0781551
94.1031 4.18879 -0.085741
94.1031 4.25226 -0.0929815
94.1031 4.31572 -0.0998479
94.1031 4.37919 -0.106312
94.1031 4.44266 -0.112348
94.1031 4.50612 -0.117932
94.1031 4.56959 -0.123041
94.1031 4.63306 -0.127654
94.1031 4.69652 -0.131753
94.1031 4.75999 -0.135322
94.1031 4.82346 -0.138346
94.1031 4.88692 -0.140813
94.1031 4.95039 -0.142713
94.1031 5.01385 -0.144038
94.1031 5.07732 -0.144784
94.1031 5.14079 -0.144946
94.1031 5.20425 -0.144524
94.1031 5.26772 -0.143521
94.1031 5.33119 -0.14194
94.1031 5.39465 -0.139787
94.1031 5.45812 -0.137071
94.1031 5.52159 -0.133804
94.1031 5.58505 -0.129997
94.1031 5.64852 -0.125668
94.1031 5.71199 -0.120832
94.1031 5.77545 -0.115509
94.1031 5.83892 -0.109722
94.1031 5.90239 -0.103492
94.1031 5.96585 -0.0968464
94.1031 6.02932 -0.0898103
94.1031 6.09279 -0.0824127
94.1031 6.15625 -0.0746831
94.1031 6.21972 -0.066653
94.1031 6.28319 -0.0583544
95.1041 0 0.207973
95.1041 0.0634665 0.205783
95.1041 0.126933 0.202765
95.1041 0.1904 0.198931
95.1041 0.253866 0.194295
95.1041 0.317333 0.188877
95.1041 0.380799 0.182699
95.1041 0.444266 0.175785
95.1041 0.507732 0.168163
95.1041 0.571199 0.159864
95.1041 0.634665 0.150921
95.1041 0.698132 0.14137
95.1041 0.761598 0.13125
95.1041 0.825065 0.120602
95.1041 0.888531 0.109468
95.1041 0.951998 0.0978935
95.1041 1.01546 0.0859247
95.1041 1.07893 0.0736098
95.1041 1.1424 0.0609985
95.1041 1.20586 0.0481416
95.1041 1.26933 0.0350909
95.1041 1.3328 0.0218988
95.1041 1.39626 0.00861868
95.1041 1.45973 -0.00469623
95.1041 1.5232 -0.0179924
95.1041 1.58666 -0.0312158
95.1041 1.65013 -0.0443138
95.1041 1.7136 -0.057233
95.1041 1.77706 -0.0699222
95.1041 1.84053 -0.0823295
95.1041 1.904 -0.0944054
95.1041 1.96746 -0.106101
95.1041 2.03093 -0.11737
95.1041 2.0944 -0.128166
95.1041 2.15786 -0.138446
95.1041 2.22133 -0.148168
95.1041 2.28479 -0.157294
95.1041 2.34826 -0.165786
95.1041 2.41173 -0.173611
95.1041 2.47519 -0.180737
95.1041 2.53866 -0.187134
95.1041 2.60213 -0.192779
95.1041 2.66559 -0.197647
95.1041 2.72906 -0.20172
95.1041 2.79253 -0.20498
95.1041 2.85599 -0.207415
95.1041 2.91946 -0.209014
95.1041 2.98293 -0.209772
95.1041 3.04639 -0.209685
95.1041 3.10986 -0.208754
95.1041 3.17333 -0.206982
95.1041 3.23679 -0.204377
95.1041 3.30026 -0.200949
95.1041 3.36373 -0.196712
95.1041 3.42719 -0.191683
95.1041 3.49066 -0.185882
95.1041 3.55413 -0.179332
95.1041 3.61759 -0.17206
95.1041 3.68106 -0.164096
95.1041 3.74452 -0.155471
95.1041 3.80799 -0.146219
95.1041 3.87146 -0.136379
95.1041 3.93492 -0.12599
95.1041 3.99839 -0.115093
95.1041 4.06186 -0.103733
95.1041 4.12532 -0.0919553
95.1041 4.18879 -0.0798073
95.1041 4.25226 -0.067338
95.1041 4.31572 -0.0545975
95.1041 4.37919 -0.0416371
95.1041 4.44266 -0.0285092
95.1041 4.50612 -0.0152665
95.1041 4.56959 -0.00196217
95.1041 4.63306 0.0113499
95.1041 4.69652 0.0246164
95.1041 4.75999 0.0377838
95.1041 4.82346 0.050799
95.1041 4.88692 0.0636095
95.1041 4.95039 0.0761642
95.1041 5.01385 0.0884119
95.1041 5.07732 0.100304
95.1041 5.14079 0.111792
95.1041 5.20425 0.12283
95.1041 5.26772 0.133373
95.1041 5.33119 0.143379
95.1041 5.39465 0.152808
95.1041 5.45812 0.161621
95.1041 5.52159 0.169784
95.1041 5.58505 0.177263
95.1041 5.64852 0.184028
95.1041 5.71199 0.190053
95.1041 5.77545 0.195312
95.1041 5.83892 0.199784
95.1041 5.90239 0.203452
95.1041 5.96585 0.206301
95.1041 6.02932 0.208319
95.1041 6.09279 0.209499
95.1041 6.15625 0.209834
95.1041 6.21972 0.209325
95.1041 6.28319 0.207973
96.1051 0 -0.257215
96.1051 0.0634665 -0.243767
96.1051 0.126933 -0.229337
96.1051 0.1904 -0.213984
96.1051 0.253866 -0.197769
96.1051 0.317333 -0.180758
96.1051 0.380799 -0.163019
96.1051 0.444266 -0.144624
96.1051 0.507732 -0.125646
96.1051 0.571199 -0.106163
96.1051 0.634665 -0.0862514
96.1051 0.698132 -0.065993
96.1051 0.761598 -0.0454688
96.1051 0.825065 -0.0247616
96.1051 0.888531 -0.00395456
96.1051 0.951998 0.0168682
96.1051 1.01546 0.0376232
96.1051 1.07893 0.0582267
96.1051 1.1424 0.0785957
96.1051 1.20586 0.0986483
96.1051 1.26933 0.118304
96.1051 1.3328 0.137482
96.1051 1.39626 0.156108
96.1051 1.45973 0.174105
96.1051 1.5232 0.1914
96.1051 1.58666 0.207925
96.1051 1.65013 0.223613
96.1051 1.7136 0.238401
96.1051 1.77706 0.252228
96.1051 1.84053 0.26504
96.1051 1.904 0.276784
96.1051 1.96746 0.287414
96.1051 2.03093 0.296887
96.1051 2.0944 0.305164
96.1051 2.15786 0.312213
96.1051 2.22133 0.318004
96.1051 2.28479 0.322515
96.1051 2.34826 0.325727
96.1051 2.41173 0.327627
96.1051 2.47519 0.328209
96.1051 2.53866 0.327469
96.1051 2.60213 0.32541
96.1051 2.66559 0.322041
96.1051 2.72906 0.317375
96.1051 2.79253 0.311431
96.1051 2.85599 0.304233
96.1051 2.91946 0.29581
96.1051 2.98293 0.286196
96.1051 3.04639 0.27543
96.1051 3.10986 0.263554
96.1051 3.17333 0.250617
96.1051 3.23679 0.236671
96.1051 3.30026 0.221772
96.1051 3.36373 0.205981
96.1051 3.42719 0.189359
96.1051 3.49066 0.171975
96.1051 3.55413 0.153899
96.1051 3.61759 0.135203
96.1051 3.68106 0.115963
96.1051 3.74452 0.0962555
96.1051 3.80799 0.0761606
96.1051 3.87146 0.0557591
96.1051 3.93492 0.0351329
96.1051 3.99839 0.0143654
96.1051 4.06186 -0.00646005
96.1051 4.12532 -0.0272595
96.1051 4.18879 -0.0479491
96.1051 4.25226 -0.0684457
96.1051 4.31572 -0.0886666
96.1051 4.37919 -0.108531
96.1051 4.44266 -0.127957
96.1051 4.50612 -0.146869
96.1051 4.56959 -0.165189
96.1051 4.63306 -0.182845
96.1051 4.69652 -0.199763
96.1051 4.75999 -0.215878
96.1051 4.82346 -0.231123
96.1051 4.88692 -0.245438
96.1051 4.95039 -0.258764
96.1051 5.01385 -0.271048
96.1051 5.07732 -0.282241
96.1051 5.14079 -0.292298
96.1051 5.20425 -0.301177
96.1051 5.26772 -0.308844
96.1051 5.33119 -0.315267
96.1051 5.39465 -0.320421
96.1051 5.45812 -0.324284
96.1051 5.52159 -0.326842
96.1051 5.58505 -0.328083
96.1051 5.64852 -0.328004
96.1051 5.71199 -0.326604
96.1051 5.77545 -0.323888
96.1051 5.83892 -0.319869
96.1051 5.90239 -0.314561
96.1051 5.96585 -0.307987
96.1051 6.02932 -0.300173
96.1051 6.09279 -0.291149
96.1051 6.15625 -0.280954
96.1051 6.21972 -0.269627
96.1051 6.28319 -0.257215
97.1061 0 -0.0419775
97.1061 0.0634665 -0.0326396
97.1061 0.126933 -0.0231705
97.1061 0.1904 -0.013608
97.1061 0.253866 -0.00399082
97.1061 0.317333 0.00564268
97.1061 0.380799 0.015253
97.1061 0.444266 0.0248025
97.1061 0.507732 0.0342518
97.1061 0.571199 0.0435633
97.1061 0.634665 0.0526992
97.1061 0.698132 0.0616233
97.1061 0.761598 0.0702986
97.1061 0.825065 0.0786912
97.1061 0.888531 0.0867671
97.1061 0.951998 0.0944933
97.1061 1.01546 0.101839
97.1061 1.07893 0.108775
97.1061 1.1424 0.115273
97.1061 1.20586 0.121306
97.1061 1.26933 0.126852
97.1061 1.3328 0.131886
97.1061 1.39626 0.136389
97.1061 1.45973 0.140344
97.1061 1.5232 0.143732
97.1061 1.58666 0.146543
97.1061 1.65013 0.148763
97.1061 1.7136 0.150384
97.1061 1.77706 0.1514
97.1061 1.84053 0.151806
97.1061 1.904 0.151601
97.1061 1.96746 0.150785
97.1061 2.03093 0.149362
97.1061 2.0944 0.147338
97.1061 2.15786 0.14472
97.1061 2.22133 0.14152
97.1061 2.28479 0.13775
97.1061 2.34826 0.133425
97.1061 2.41173 0.128563
97.1061 2.47519 0.123183
97.1061 2.53866 0.117307
97.1061 2.60213 0.110959
97.1061 2.66559 0.104164
97.1061 2.72906 0.0969499
97.1061 2.79253 0.089345
97.1061 2.85599 0.0813806
97.1061 2.91946 0.0730884
97.1061 2.98293 0.0645018
97.1061 3.04639 0.0556555
97.1061 3.10986 0.0465853
97.1061 3.17333 0.0373276
97.1061 3.23679 0.0279191
97.1061 3.30026 0.0183985
97.1061 3.36373 0.0088038
97.1061 3.42719 -0.000826407
97.1061 3.49066 -0.0104531
97.1061 3.55413 -0.0200379
97.1061 3.61759 -0.0295417
97.1061 3.68106 -0.0389271
97.1061 3.74452 -0.0481555
97.1061 3.80799 -0.0571898
97.1061 3.87146 -0.0659942
97.1061 3.93492 -0.0745325
97.1061 3.99839 -0.0827709
97.1061 4.06186 -0.0906759
97.1061 4.12532 -0.0982157
97.1061 4.18879 -0.10536
97.1061 4.25226 -0.11208
97.1061 4.31572 -0.118349
97.1061 4.37919 -0.124141
97.1061 4.44266 -0.129434
97.1061 4.50612 -0.134205
97.1061 4.56959 -0.138436
97.1061 4.63306 -0.14211
97.1061 4.69652 -0.145211
97.1061 4.75999 -0.147727
97.1061 4.82346 -0.149649
97.1061 4.88692 -0.150968
97.1061 4.95039 -0.151679
97.1061 5.01385 -0.15178
97.1061 5.07732 -0.151269
97.1061 5.14079 -0.150149
97.1061 5.20425 -0.148424
97.1061 5.26772 -0.146103
97.1061 5.33119 -0.143192
97.1061 5.39465 -0.139705
97.1061 5.45812 -0.135655
97.1061 5.52159 -0.13106
97.1061 5.58505 -0.125936
97.1061 5.64852 -0.120306
97.1061 5.71199 -0.114191
97.1061 5.77545 -0.107616
97.1061 5.83892 -0.100607
97.1061 5.90239 -0.0931944
97.1061 5.96585 -0.0854057
97.1061 6.02932 -0.0772734
97.1061 6.09279 -0.0688298
97.1061 6.15625 -0.060109
97.1061 6.21972 -0.0511462
97.1061 6.28319 -0.0419776
98.1071 0 -0.255326
98.1071 0.0634665 -0.271366
98.1071 0.126933 -0.286314
98.1071 0.1904 -0.300109
98.1071 0.253866 -0.312696
98.1071 0.317333 -0.324023
98.1071 0.380799 -0.334045
98.1071 0.444266 -0.342723
98.1071 0.507732 -0.35002
98.1071 0.571199 -0.355908
98.1071 0.634665 -0.360363
98.1071 0.698132 -0.363367
98.1071 0.761598 -0.364908
98.1071 0.825065 -0.364979
98.1071 0.888531 -0.363581
98.1071 0.951998 -0.360719
98.1071 1.01546 -0.356404
98.1071 1.07893 -0.350654
98.1071 1.1424 -0.343492
98.1071 1.20586 -0.334947
98.1071 1.26933 -0.325054
98.1071 1.3328 -0.313851
98.1071 1.39626 -0.301385
98.1071 1.45973 -0.287705
98.1071 1.5232 -0.272866
98.1071 1.58666 -0.256929
98.1071 1.65013 -0.239958
98.1071 1.7136 -0.22202
98.1071 1.77706 -0.203188
98.1071 1.84053 -0.183538
98.1071 1.904 -0.163149
98.1071 1.96746 -0.142103
98.1071 2.03093 -0.120484
98.1071 2.0944 -0.098381
98.1071 2.15786 -0.0758815
98.1071 2.22133 -0.0530764
98.1071 2.28479 -0.0300577
98.1071 2.34826 -0.0069179
98.1071 2.41173 0.0162498
98.1071 2.47519 0.0393522
98.1071 2.53866 0.0622959
98.1071 2.60213 0.0849889
98.1071 2.66559 0.10734
98.1071 2.72906 0.129258
98.1071 2.79253 0.150656
98.1071 2.85599 0.171448
98.1071 2.91946 0.191549
98.1071 2.98293 0.210878
98.1071 3.04639 0.229359
98.1071 3.10986 0.246916
98.1071 3.17333 0.263479
98.1071 3.23679 0.278981
98.1071 3.30026 0.293359
98.1071 3.36373 0.306556
98.1071 3.42719 0.318519
98.1071 3.49066 0.3292
98.1071 3.55413 0.338554
98.1071 3.61759 0.346546
98.1071 3.68106 0.353142
98.1071 3.74452 0.358316
98.1071 3.80799 0.362048
98.1071 3.87146 0.364321
98.1071 3.93492 0.365127
98.1071 3.99839 0.364464
98.1071 4.06186 0.362332
98.1071 4.12532 0.358742
98.1071 4.18879 0.353707
98.1071 4.25226 0.347248
98.1071 4.31572 0.339391
98.1071 4.37919 0.330167
98.1071 4.44266 0.319613
98.1071 4.50612 0.307773
98.1071 4.56959 0.294693
98.1071 4.63306 0.280427
98.1071 4.69652 0.265031
98.1071 4.75999 0.248569
98.1071 4.82346 0.231105
98.1071 4.88692 0.212711
98.1071 4.95039 0.19346
98.1071 5.01385 0.17343
98.1071 5.07732 0.152703
98.1071 5.14079 0.13136
98.1071 5.20425 0.109488
98.1071 5.26772 0.0871752
98.1071 5.33119 0.0645113
98.1071 5.39465 0.041588
98.1071 5.45812 0.0184971
98.1071 5.52159 -0.00466836
98.1071 5.58505 -0.027815
98.1071 5.64852 -0.0508496
98.1071 5.71199 -0.0736795
98.1071 5.77545 -0.0962128
98.1071 5.83892 -0.118359
98.1071 5.90239 -0.140028
98.1071 5.96585 -0.161133
98.1071 6.02932 -0.18159
98.1071 6.09279 -0.201315
98.1071 6.15625 -0.22023
98.1071 6.21972 -0.238258
98.1071 6.28319 -0.255326
99.1081 0 -0.0829416
99.1081 0.0634665 -0.0737955
99.1081 0.126933 -0.064352
99.1081 0.1904 -0.0546496
99.1081 0.253866 -0.0447271
99.1081 0.317333 -0.0346244
99.1081 0.380799 -0.0243824
99.1081 0.444266 -0.0140422
99.1081 0.507732 -0.00364553
99.1081 0.571199 0.00676574
99.1081 0.634665 0.01715
99.1081 0.698132 0.0274654
99.1081 0.761598 0.0376695
99.1081 0.825065 0.0477224
99.1081 0.888531 0.0575832
99.1081 0.951998 0.067212
99.1081 1.01546 0.0765704
99.1081 1.07893 0.0856202
99.1081 1.1424 0.0943256
99.1081 1.20586 0.102651
99.1081 1.26933 0.110563
99.1081 1.3328 0.118029
99.1081 1.39626 0.125021
99.1081 1.45973 0.131509
99.1081 1.5232 0.137468
99.1081 1.58666 0.142873
99.1081 1.65013 0.147702
99.1081 1.7136 0.151937
99.1081 1.77706 0.15556
99.1081 1.84053 0.158557
99.1081 1.904 0.160915
99.1081 1.96746 0.162626
99.1081 2.03093 0.163681
99.1081 2.0944 0.164078
99.1081 2.15786 0.163814
99.1081 2.22133 0.16289
99.1081 2.28479 0.16131
99.1081 2.34826 0.159081
99.1081 2.41173 0.156211
99.1081 2.47519 0.152712
99.1081 2.53866 0.148598
99.1081 2.60213 0.143886
99.1081 2.66559 0.138595
99.1081 2.72906 0.132745
99.1081 2.79253 0.126361
99.1081 2.85599 0.119468
99.1081 2.91946 0.112094
99.1081 2.98293 0.104269
99.1081 3.04639 0.0960235
99.1081 3.10986 0.0873917
99.1081 3.17333 0.078408
99.1081 3.23679 0.0691086
99.1081 3.30026 0.0595311
99.1081 3.36373 0.0497133
99.1081 3.42719 0.0396959
99.1081 3.49066 0.0295183
99.1081 3.55413 0.0192222
99.1081 3.61759 0.00884853
99.1081 3.68106 -0.001561
99.1081 3.74452 -0.011964
99.1081 3.80799 -0.0223188
99.1081 3.87146 -0.0325839
99.1081 3.93492 -0.0427177
99.1081 3.99839 -0.0526795
99.1081 4.06186 -0.0624293
99.1081 4.12532 -0.0719278
99.1081 4.18879 -0.0811363
99.1081 4.25226 -0.0900183
99.1081 4.31572 -0.0985375
99.1081 4.37919 -0.10666
99.1081 4.44266 -0.114354
99.1081 4.50612 -0.121586
99.1081 4.56959 -0.12833
99.1081 4.63306 -0.134556
99.1081 4.69652 -0.140241
99.1081 4.75999 -0.14536
99.1081 4.82346 -0.149895
99.1081 4.88692 -0.153826
99.1081 4.95039 -0.157138
99.1081 5.01385 -0.159817
99.1081 5.07732 -0.161852
99.1081 5.14079 -0.163236
99.1081 5.20425 -0.163962
99.1081 5.26772 -0.164028
99.1081 5.33119 -0.163434
99.1081 5.39465 -0.162181
99.1081 5.45812 -0.160276
99.1081 5.52159 -0.157725
99.1081 5.58505 -0.154539
99.1081 5.64852 -0.150731
99.1081 5.71199 -0.146316
99.1081 5.77545 -0.141311
99.1081 5.83892 -0.135738
99.1081 5.90239 -0.129618
99.1081 5.96585 -0.122976
99.1081 6.02932 -0.115839
99.1081 6.09279 -0.108236
99.1081 6.15625 -0.100197
99.1081 6.21972 -0.0917538
99.1081 6.28319 -0.0829416
100.109 0 -0.247577
100.109 0.0634665 -0.270137
100.109 0.126933 -0.29161
100.109 0.1904 -0.311909
100.109 0.253866 -0.330951
100.109 0.317333 -0.348661
100.109 0.380799 -0.364968
100.109 0.444266 -0.379804
100.109 0.507732 -0.393111
100.109 0.571199 -0.404835
100.109 0.634665 -0.414929
100.109 0.698132 -0.423353
100.109 0.761598 -0.430071
100.109 0.825065 -0.435058
100.109 0.888531 -0.438293
100.109 0.951998 -0.439764
100.109 1.01546 -0.439463
100.109 1.07893 -0.437393
100.109 1.1424 -0.433561
100.109 1.20586 -0.427985
100.109 1.26933 -0.420684
100.109 1.3328 -0.41169
100.109 1.39626 -0.401037
100.109 1.45973 -0.388771
100.109 1.5232 -0.374938
100.109 1.58666 -0.359596
100.109 1.65013 -0.342806
100.109 1.7136 -0.324635
100.109 1.77706 -0.305158
100.109 1.84053 -0.284451
100.109 1.904 -0.262599
100.109 1.96746 -0.23969
100.109 2.03093 -0.215816
100.109 2.0944 -0.191072
100.109 2.15786 -0.16556
100.109 2.22133 -0.13938
100.109 2.28479 -0.112639
100.109 2.34826 -0.0854452
100.109 2.41173 -0.0579069
100.109 2.47519 -0.0301355
100.109 2.53866 -0.00224261
100.109 2.60213 0.0256591
100.109 2.66559 0.0534577
100.109 2.72906 0.0810409
100.109 2.79253 0.108298
100.109 2.85599 0.135119
100.109 2.91946 0.161395
100.109 2.98293 0.187022
100.109 3.04639 0.211896
100.109 3.10986 0.235917
100.109 3.17333 0.258988
100.109 3.23679 0.281015
100.109 3.30026 0.301911
100.109 3.36373 0.321592
100.109 3.42719 0.339977
100.109 3.49066 0.356994
100.109 3.55413 0.372573
100.109 3.61759 0.386652
100.109 3.68106 0.399174
100.109 3.74452 0.410089
100.109 3.80799 0.419352
100.109 3.87146 0.426927
100.109 3.93492 0.432783
100.109 3.99839 0.436896
100.109 4.06186 0.43925
100.109 4.12532 0.439835
100.109 4.18879 0.438649
100.109 4.25226 0.435697
100.109 4.31572 0.43099
100.109 4.37919 0.424548
100.109 4.44266 0.416396
100.109 4.50612 0.406568
100.109 4.56959 0.395103
100.109 4.63306 0.382046
100.109 4.69652 0.367452
100.109 4.75999 0.351378
100.109 4.82346 0.333889
100.109 4.88692 0.315055
100.109 4.95039 0.294953
100.109 5.01385 0.273663
100.109 5.07732 0.251271
100.109 5.14079 0.227868
100.109 5.20425 0.203546
100.109 5.26772 0.178406
100.109 5.33119 0.152547
100.109 5.39465 0.126073
100.109 5.45812 0.0990924
100.109 5.52159 0.0717123
100.109 5.58505 0.0440434
100.109 5.64852 0.0161972
100.109 5.71199 -0.0117141
100.109 5.77545 -0.0395783
100.109 5.83892 -0.067283
100.109 5.90239 -0.094717
100.109 5.96585 -0.12177
100.109 6.02932 -0.148332
100.109 6.09279 -0.174297
100.109 6.15625 -0.19956
100.109 6.21972 -0.224019
100.109 6.28319 -0.247577
101.11 0 -0.120223
101.11 0.0634665 -0.151296
101.11 0.126933 -0.18176
101.11 0.1904 -0.211491
101.11 0.253866 -0.240372
101.11 0.317333 -0.268284
101.11 0.380799 -0.295116
101.11 0.444266 -0.32076
101.11 0.507732 -0.345112
101.11 0.571199 -0.368074
101.11 0.634665 -0.389554
101.11 0.698132 -0.409466
101.11 0.761598 -0.42773
101.11 0.825065 -0.44427
101.11 0.888531 -0.459022
101.11 0.951998 -0.471925
101.11 1.01546 -0.482929
101.11 1.07893 -0.491987
101.11 1.1424 -0.499065
101.11 1.20586 -0.504133
101.11 1.26933 -0.507171
101.11 1.3328 -0.508166
101.11 1.39626 -0.507116
101.11 1.45973 -0.504024
101.11 1.5232 -0.498902
101.11 1.58666 -0.491771
101.11 1.65013 -0.48266
101.11 1.7136 -0.471606
101.11 1.77706 -0.458652
101.11 1.84053 -0.443852
101.11 1.904 -0.427264
101.11 1.96746 -0.408956
101.11 2.03093 -0.389002
101.11 2.0944 -0.36748
101.11 2.15786 -0.34448
101.11 2.22133 -0.320092
101.11 2.28479 -0.294415
101.11 2.34826 -0.267553
101.11 2.41173 -0.239613
101.11 2.47519 -0.210709
101.11 2.53866 -0.180955
101.11 2.60213 -0.150474
101.11 2.66559 -0.119387
101.11 2.72906 -0.0878184
101.11 2.79253 -0.0558969
101.11 2.85599 -0.0237498
101.11 2.91946 0.00849286
101.11 2.98293 0.040701
101.11 3.04639 0.0727457
101.11 3.10986 0.104497
101.11 3.17333 0.135828
101.11 3.23679 0.166611
101.11 3.30026 0.196724
101.11 3.36373 0.226045
101.11 3.42719 0.254456
101.11 3.49066 0.281842
101.11 3.55413 0.308093
101.11 3.61759 0.333103
101.11 3.68106 0.356773
101.11 3.74452 0.379005
101.11 3.80799 0.399712
101.11 3.87146 0.418809
101.11 3.93492 0.436219
101.11 3.99839 0.451874
101.11 4.06186 0.465708
101.11 4.12532 0.477667
101.11 4.18879 0.487704
101.11 4.25226 0.495776
101.11 4.31572 0.501851
101.11 4.37919 0.505906
101.11 4.44266 0.507924
101.11 4.50612 0.507897
101.11 4.56959 0.505825
101.11 4.63306 0.501715
101.11 4.69652 0.495586
101.11 4.75999 0.487461
101.11 4.82346 0.477373
101.11 4.88692 0.465363
101.11 4.95039 0.451479
101.11 5.01385 0.435777
101.11 5.07732 0.418321
101.11 5.14079 0.39918
101.11 5.20425 0.378431
101.11 5.26772 0.356159
101.11 5.33119 0.332453
101.11 5.39465 0.307408
101.11 5.45812 0.281125
101.11 5.52159 0.253711
101.11 5.58505 0.225274
101.11 5.64852 0.195931
101.11 5.71199 0.165798
101.11 5.77545 0.134998
101.11 5.83892 0.103655
101.11 5.90239 0.0718937
101.11 5.96585 0.0398431
101.11 6.02932 0.00763242
101.11 6.09279 -0.0246095
101.11 6.15625 -0.056752
101.11 6.21972 -0.0886661
101.11 6.28319 -0.120223
102.111 0 0.144915
102.111 0.0634665 0.152792
102.111 0.126933 0.160053
102.111 0.1904 0.16667
102.111 0.253866 0.172616
102.111 0.317333 0.177867
102.111 0.380799 0.182401
102.111 0.444266 0.186201
102.111 0.507732 0.189251
102.111 0.571199 0.19154
102.111 0.634665 0.193057
102.111 0.698132 0.193796
102.111 0.761598 0.193756
102.111 0.825065 0.192934
102.111 0.888531 0.191337
102.111 0.951998 0.188969
102.111 1.01546 0.185839
102.111 1.07893 0.181962
102.111 1.1424 0.177352
102.111 1.20586 0.172027
102.111 1.26933 0.166011
102.111 1.3328 0.159324
102.111 1.39626 0.151998
102.111 1.45973 0.144059
102.111 1.5232 0.135539
102.111 1.58666 0.126474
102.111 1.65013 0.1169
102.111 1.7136 0.106856
102.111 1.77706 0.0963804
102.111 1.84053 0.0855175
102.111 1.904 0.0743093
102.111 1.96746 0.0628026
102.111 2.03093 0.0510431
102.111 2.0944 0.0390777
102.111 2.15786 0.0269557
102.111 2.22133 0.0147241
102.111 2.28479 0.00243378
102.111 2.34826 -0.00986666
102.111 2.41173 -0.0221267
102.111 2.47519 -0.0342983
102.111 2.53866 -0.0463315
102.111 2.60213 -0.0581783
102.111 2.66559 -0.0697908
102.111 2.72906 -0.0811222
102.111 2.79253 -0.092127
102.111 2.85599 -0.102761
102.111 2.91946 -0.112981
102.111 2.98293 -0.122746
102.111 3.04639 -0.132017
102.111 3.10986 -0.140756
102.111 3.17333 -0.148929
102.111 3.23679 -0.156501
102.111 3.30026 -0.163444
102.111 3.36373 -0.169729
102.111 3.42719 -0.17533
102.111 3.49066 -0.180224
102.111 3.55413 -0.184394
102.111 3.61759 -0.187821
102.111 3.68106 -0.190492
102.111 3.74452 -0.192395
102.111 3.80799 -0.193524
102.111 3.87146 -0.193873
102.111 3.93492 -0.193442
102.111 3.99839 -0.192232
102.111 4.06186 -0.190248
102.111 4.12532 -0.187498
102.111 4.18879 -0.183993
102.111 4.25226 -0.179747
102.111 4.31572 -0.174777
102.111 4.37919 -0.169104
102.111 4.44266 -0.162749
102.111 4.50612 -0.15574
102.111 4.56959 -0.148103
102.111 4.63306 -0.139869
102.111 4.69652 -0.131073
102.111 4.75999 -0.121749
102.111 4.82346 -0.111935
102.111 4.88692 -0.101669
102.111 4.95039 -0.0909949
102.111 5.01385 -0.079954
102.111 5.07732 -0.0685909
102.111 5.14079 -0.0569516
102.111 5.20425 -0.0450833
102.111 5.26772 -0.0330331
102.111 5.33119 -0.0208499
102.111 5.39465 -0.00858331
102.111 5.45812 0.00371824
102.111 5.52159 0.0160048
102.111 5.58505 0.0282269
102.111 5.64852 0.0403354
102.111 5.71199 0.0522812
102.111 5.77545 0.0640166
102.111 5.83892 0.0754943
102.111 5.90239 0.0866682
102.111 5.96585 0.0974929
102.111 6.02932 0.107925
102.111 6.09279 0.117923
102.111 6.15625 0.127445
102.111 6.21972 0.136455
102.111 6.28319 0.144915
103.112 0 0.361633
103.112 0.0634665 0.360256
103.112 0.126933 0.357428
103.112 0.1904 0.35316
103.112 0.253866 0.347471
103.112 0.317333 0.340383
103.112 0.380799 0.331924
103.112 0.444266 0.322128
103.112 0.507732 0.311035
103.112 0.571199 0.29869
103.112 0.634665 0.285142
103.112 0.698132 0.270446
103.112 0.761598 0.254662
103.112 0.825065 0.237851
103.112 0.888531 0.220083
103.112 0.951998 0.201428
103.112 1.01546 0.181963
103.112 1.07893 0.161765
103.112 1.1424 0.140915
103.112 1.20586 0.119498
103.112 1.26933 0.0976003
103.112 1.3328 0.0753091
103.112 1.39626 0.0527146
103.112 1.45973 0.029908
103.112 1.5232 0.00698112
103.112 1.58666 -0.0159742
103.112 1.65013 -0.038865
103.112 1.7136 -0.0615993
103.112 1.77706 -0.0840857
103.112 1.84053 -0.106233
103.112 1.904 -0.127953
103.112 1.96746 -0.149158
103.112 2.03093 -0.169762
103.112 2.0944 -0.189683
103.112 2.15786 -0.20884
103.112 2.22133 -0.227155
103.112 2.28479 -0.244556
103.112 2.34826 -0.260973
103.112 2.41173 -0.276339
103.112 2.47519 -0.290592
103.112 2.53866 -0.303674
103.112 2.60213 -0.315534
103.112 2.66559 -0.326124
103.112 2.72906 -0.3354
103.112 2.79253 -0.343326
103.112 2.85599 -0.349869
103.112 2.91946 -0.355004
103.112 2.98293 -0.358708
103.112 3.04639 -0.360969
103.112 3.10986 -0.361776
103.112 3.17333 -0.361126
103.112 3.23679 -0.359022
103.112 3.30026 -0.355473
103.112 3.36373 -0.350492
103.112 3.42719 -0.3441
103.112 3.49066 -0.336323
103.112 3.55413 -0.32719
103.112 3.61759 -0.316741
103.112 3.68106 -0.305016
103.112 3.74452 -0.292063
103.112 3.80799 -0.277934
103.112 3.87146 -0.262686
103.112 3.93492 -0.24638
103.112 3.99839 -0.229082
103.112 4.06186 -0.210862
103.112 4.12532 -0.191792
103.112 4.18879 -0.17195
103.112 4.25226 -0.151416
103.112 4.31572 -0.130272
103.112 4.37919 -0.108604
103.112 4.44266 -0.0864981
103.112 4.50612 -0.0640441
103.112 4.56959 -0.0413322
103.112 4.63306 -0.0184538
103.112 4.69652 0.00449878
103.112 4.75999 0.0274333
103.112 4.82346 0.0502574
103.112 4.88692 0.0728792
103.112 4.95039 0.0952076
103.112 5.01385 0.117152
103.112 5.07732 0.138626
103.112 5.14079 0.159541
103.112 5.20425 0.179813
103.112 5.26772 0.199361
103.112 5.33119 0.218107
103.112 5.39465 0.235975
103.112 5.45812 0.252892
103.112 5.52159 0.268791
103.112 5.58505 0.283608
103.112 5.64852 0.297283
103.112 5.71199 0.30976
103.112 5.77545 0.32099
103.112 5.83892 0.330928
103.112 5.90239 0.339533
103.112 5.96585 0.346772
103.112 6.02932 0.352613
103.112 6.09279 0.357036
103.112 6.15625 0.36002
103.112 6.21972 0.361554
103.112 6.28319 0.361633
104.113 0 0.0395831
104.113 0.0634665 0.0419057
104.113 0.126933 0.0440597
104.113 0.1904 0.0460362
104.113 0.253866 0.0478275
104.113 0.317333 0.0494261
104.113 0.380799 0.0508256
104.113 0.444266 0.0520207
104.113 0.507732 0.0530061
104.113 0.571199 0.0537781
104.113 0.634665 0.0543337
104.113 0.698132 0.0546704
104.113 0.761598 0.0547869
104.113 0.825065 0.0546829
104.113 0.888531 0.0543587
104.113 0.951998 0.0538156
104.113 1.01546 0.0530558
104.113 1.07893 0.0520823
104.113 1.1424 0.0508992
104.113 1.20586 0.0495111
104.113 1.26933 0.0479236
104.113 1.3328 0.0461432
104.113 1.39626 0.0441768
104.113 1.45973 0.0420327
104.113 1.5232 0.0397194
104.113 1.58666 0.037246
104.113 1.65013 0.0346227
104.113 1.7136 0.03186
104.113 1.77706 0.0289691
104.113 1.84053 0.0259615
104.113 1.904 0.0228492
104.113 1.96746 0.0196449
104.113 2.03093 0.0163618
104.113 2.0944 0.0130126
104.113 2.15786 0.00961099
104.113 2.22133 0.0061708
104.113 2.28479 0.0027055
104.113 2.34826 -0.000770445
104.113 2.41173 -0.0042434
104.113 2.47519 -0.00769915
104.113 2.53866 -0.011124
104.113 2.60213 -0.0145041
104.113 2.66559 -0.0178257
104.113 2.72906 -0.0210755
104.113 2.79253 -0.0242405
104.113 2.85599 -0.027308
104.113 2.91946 -0.0302654
104.113 2.98293 -0.0331008
104.113 3.04639 -0.0358033
104.113 3.10986 -0.0383613
104.113 3.17333 -0.0407649
104.113 3.23679 -0.0430044
104.113 3.30026 -0.0450706
104.113 3.36373 -0.0469555
104.113 3.42719 -0.0486513
104.113 3.49066 -0.0501512
104.113 3.55413 -0.0514491
104.113 3.61759 -0.0525398
104.113 3.68106 -0.0534191
104.113 3.74452 -0.0540832
104.113 3.80799 -0.0545295
104.113 3.87146 -0.0547562
104.113 3.93492 -0.0547625
104.113 3.99839 -0.0545482
104.113 4.06186 -0.0541144
104.113 4.12532 -0.0534626
104.113 4.18879 -0.0525956
104.113 4.25226 -0.0515167
104.113 4.31572 -0.0502304
104.113 4.37919 -0.0487419
104.113 4.44266 -0.0470571
104.113 4.50612 -0.0451827
104.113 4.56959 -0.0431266
104.113 4.63306 -0.0408968
104.113 4.69652 -0.0385021
104.113 4.75999 -0.0359527
104.113 4.82346 -0.0332582
104.113 4.88692 -0.0304298
104.113 4.95039 -0.027479
104.113 5.01385 -0.0244175
104.113 5.07732 -0.0212579
104.113 5.14079 -0.0180123
104.113 5.20425 -0.0146946
104.113 5.26772 -0.0113174
104.113 5.33119 -0.00789477
104.113 5.39465 -0.00444028
104.113 5.45812 -0.000968065
104.113 5.52159 0.00250809
104.113 5.58505 0.0059743
104.113 5.64852 0.00941642
104.113 5.71199 0.0128205
104.113 5.77545 0.0161731
104.113 5.83892 0.0194604
104.113 5.90239 0.0226694
104.113 5.96585 0.0257872
104.113 6.02932 0.0288011
104.113 6.09279 0.0316992
104.113 6.15625 0.0344694
104.113 6.21972 0.0371009
104.113 6.28319 0.039583
105.114 0 0.0373986
105.114 0.0634665 0.0330683
105.114 0.126933 0.0286049
105.114 0.1904 0.0240262
105.114 0.253866 0.0193508
105.114 0.317333 0.0145976
105.114 0.380799 0.00978553
105.114 0.444266 0.00493398
105.114 0.507732 6.25193e-05
105.114 0.571199 -0.00480902
105.114 0.634665 -0.00966124
105.114 0.698132 -0.0144745
105.114 0.761598 -0.0192296
105.114 0.825065 -0.0239072
105.114 0.888531 -0.0284886
105.114 0.951998 -0.0329552
105.114 1.01546 -0.0372891
105.114 1.07893 -0.0414729
105.114 1.1424 -0.0454898
105.114 1.20586 -0.0493233
105.114 1.26933 -0.0529584
105.114 1.3328 -0.0563801
105.114 1.39626 -0.0595748
105.114 1.45973 -0.0625297
105.114 1.5232 -0.0652329
105.114 1.58666 -0.0676733
105.114 1.65013 -0.0698412
105.114 1.7136 -0.0717278
105.114 1.77706 -0.0733257
105.114 1.84053 -0.0746284
105.114 1.904 -0.0756304
105.114 1.96746 -0.076328
105.114 2.03093 -0.0767182
105.114 2.0944 -0.0767995
105.114 2.15786 -0.0765716
105.114 2.22133 -0.0760354
105.114 2.28479 -0.0751929
105.114 2.34826 -0.0740477
105.114 2.41173 -0.0726043
105.114 2.47519 -0.0708686
105.114 2.53866 -0.0688474
105.114 2.60213 -0.0665492
105.114 2.66559 -0.0639829
105.114 2.72906 -0.0611589
105.114 2.79253 -0.0580887
105.114 2.85599 -0.0547847
105.114 2.91946 -0.05126
105.114 2.98293 -0.0475289
105.114 3.04639 -0.0436064
105.114 3.10986 -0.0395085
105.114 3.17333 -0.0352512
105.114 3.23679 -0.0308521
105.114 3.30026 -0.0263289
105.114 3.36373 -0.0216995
105.114 3.42719 -0.0169829
105.114 3.49066 -0.0121977
105.114 3.55413 -0.00736344
105.114 3.61759 -0.00249962
105.114 3.68106 0.00237429
105.114 3.74452 0.00723872
105.114 3.80799 0.0120739
105.114 3.87146 0.0168604
105.114 3.93492 0.0215792
105.114 3.99839 0.0262111
105.114 4.06186 0.0307374
105.114 4.12532 0.0351399
105.114 4.18879 0.039401
105.114 4.25226 0.0435031
105.114 4.31572 0.0474305
105.114 4.37919 0.0511666
105.114 4.44266 0.0546968
105.114 4.50612 0.0580066
105.114 4.56959 0.0610831
105.114 4.63306 0.0639134
105.114 4.69652 0.0664866
105.114 4.75999 0.0687918
105.114 4.82346 0.0708201
105.114 4.88692 0.0725633
105.114 4.95039 0.0740142
105.114 5.01385 0.0751673
105.114 5.07732 0.0760174
105.114 5.14079 0.0765616
105.114 5.20425 0.0767975
105.114 5.26772 0.0767241
105.114 5.33119 0.0763419
105.114 5.39465 0.0756521
105.114 5.45812 0.0746579
105.114 5.52159 0.0733629
105.114 5.58505 0.0717726
105.114 5.64852 0.0698932
105.114 5.71199 0.0677324
105.114 5.77545 0.065299
105.114 5.83892 0.0626024
105.114 5.90239 0.0596539
105.114 5.96585 0.0564652
105.114 6.02932 0.053049
105.114 6.09279 0.0494193
105.114 6.15625 0.0455906
105.114 6.21972 0.0415783
105.114 6.28319 0.0373985
106.115 0 0.449401
106.115 0.0634665 0.442496
106.115 0.126933 0.433809
106.115 0.1904 0.423374
106.115 0.253866 0.411236
106.115 0.317333 0.397441
106.115 0.380799 0.382046
106.115 0.444266 0.365113
106.115 0.507732 0.34671
106.115 0.571199 0.32691
106.115 0.634665 0.305794
106.115 0.698132 0.283446
106.115 0.761598 0.259958
106.115 0.825065 0.235423
106.115 0.888531 0.209939
106.115 0.951998 0.183611
106.115 1.01546 0.156543
106.115 1.07893 0.128844
106.115 1.1424 0.100627
106.115 1.20586 0.0720049
106.115 1.26933 0.0430926
106.115 1.3328 0.0140068
106.115 1.39626 -0.0151355
106.115 1.45973 -0.0442167
106.115 1.5232 -0.0731201
106.115 1.58666 -0.101729
106.115 1.65013 -0.129928
106.115 1.7136 -0.157604
106.115 1.77706 -0.184645
106.115 1.84053 -0.210943
106.115 1.904 -0.236391
106.115 1.96746 -0.260888
106.115 2.03093 -0.284334
106.115 2.0944 -0.306636
106.115 2.15786 -0.327702
106.115 2.22133 -0.347449
106.115 2.28479 -0.365797
106.115 2.34826 -0.382672
106.115 2.41173 -0.398006
106.115 2.47519 -0.411738
106.115 2.53866 -0.423811
106.115 2.60213 -0.434178
106.115 2.66559 -0.442796
106.115 2.72906 -0.449632
106.115 2.79253 -0.454657
106.115 2.85599 -0.457852
106.115 2.91946 -0.459203
106.115 2.98293 -0.458705
106.115 3.04639 -0.456359
106.115 3.10986 -0.452176
106.115 3.17333 -0.446173
106.115 3.23679 -0.438373
106.115 3.30026 -0.428807
106.115 3.36373 -0.417515
106.115 3.42719 -0.404542
106.115 3.49066 -0.38994
106.115 3.55413 -0.373768
106.115 3.61759 -0.356091
106.115 3.68106 -0.336979
106.115 3.74452 -0.316511
106.115 3.80799 -0.294769
106.115 3.87146 -0.271839
106.115 3.93492 -0.247815
106.115 3.99839 -0.222793
106.115 4.06186 -0.196874
106.115 4.12532 -0.170162
106.115 4.18879 -0.142766
106.115 4.25226 -0.114794
106.115 4.31572 -0.0863594
106.115 4.37919 -0.0575776
106.115 4.44266 -0.0285642
106.115 4.50612 0.000564586
106.115 4.56959 0.029691
106.115 4.63306 0.0586978
106.115 4.69652 0.0874685
106.115 4.75999 0.115887
106.115 4.82346 0.143838
106.115 4.88692 0.171211
106.115 4.95039 0.197894
106.115 5.01385 0.22378
106.115 5.07732 0.248765
106.115 5.14079 0.272749
106.115 5.20425 0.295634
106.115 5.26772 0.317329
106.115 5.33119 0.337745
106.115 5.39465 0.356803
106.115 5.45812 0.374423
106.115 5.52159 0.390536
106.115 5.58505 0.405075
106.115 5.64852 0.417984
106.115 5.71199 0.42921
106.115 5.77545 0.438708
106.115 5.83892 0.446439
106.115 5.90239 0.452373
106.115 5.96585 0.456484
106.115 6.02932 0.458758
106.115 6.09279 0.459185
106.115 6.15625 0.457762
106.115 6.21972 0.454497
106.115 6.28319 0.449401
107.116 0 -0.0203554
107.116 0.0634665 -0.0113196
107.116 0.126933 -0.00223813
107.116 0.1904 0.00685235
107.116 0.253866 0.0159152
107.116 0.317333 0.024914
107.116 0.380799 0.0338124
107.116 0.444266 0.0425747
107.116 0.507732 0.0511655
107.116 0.571199 0.0595504
107.116 0.634665 0.0676956
107.116 0.698132 0.075568
107.116 0.761598 0.0831361
107.116 0.825065 0.0903695
107.116 0.888531 0.097239
107.116 0.951998 0.103717
107.116 1.01546 0.109777
107.116 1.07893 0.115396
107.116 1.1424 0.12055
107.116 1.20586 0.125218
107.116 1.26933 0.129382
107.116 1.3328 0.133025
107.116 1.39626 0.136132
107.116 1.45973 0.138692
107.116 1.5232 0.140692
107.116 1.58666 0.142126
107.116 1.65013 0.142989
107.116 1.7136 0.143275
107.116 1.77706 0.142984
107.116 1.84053 0.142118
107.116 1.904 0.140679
107.116 1.96746 0.138674
107.116 2.03093 0.13611
107.116 2.0944 0.132999
107.116 2.15786 0.129352
107.116 2.22133 0.125184
107.116 2.28479 0.120511
107.116 2.34826 0.115354
107.116 2.41173 0.109732
107.116 2.47519 0.103669
107.116 2.53866 0.0971876
107.116 2.60213 0.0903152
107.116 2.66559 0.0830791
107.116 2.72906 0.0755084
107.116 2.79253 0.0676337
107.116 2.85599 0.0594868
107.116 2.91946 0.0511001
107.116 2.98293 0.0425077
107.116 3.04639 0.0337442
107.116 3.10986 0.0248449
107.116 3.17333 0.0158455
107.116 3.23679 0.00678234
107.116 3.30026 -0.00230825
107.116 3.36373 -0.0113894
107.116 3.42719 -0.0204248
107.116 3.49066 -0.0293779
107.116 3.55413 -0.0382128
107.116 3.61759 -0.0468937
107.116 3.68106 -0.0553859
107.116 3.74452 -0.063655
107.116 3.80799 -0.0716678
107.116 3.87146 -0.079392
107.116 3.93492 -0.0867966
107.116 3.99839 -0.0938515
107.116 4.06186 -0.100529
107.116 4.12532 -0.106801
107.116 4.18879 -0.112643
107.116 4.25226 -0.118032
107.116 4.31572 -0.122945
107.116 4.37919 -0.127364
107.116 4.44266 -0.131269
107.116 4.50612 -0.134646
107.116 4.56959 -0.137481
107.116 4.63306 -0.139762
107.116 4.69652 -0.141481
107.116 4.75999 -0.142629
107.116 4.82346 -0.143204
107.116 4.88692 -0.143202
107.116 4.95039 -0.142623
107.116 5.01385 -0.14147
107.116 5.07732 -0.139747
107.116 5.14079 -0.137461
107.116 5.20425 -0.134622
107.116 5.26772 -0.131241
107.116 5.33119 -0.127332
107.116 5.39465 -0.122909
107.116 5.45812 -0.117992
107.116 5.52159 -0.1126
107.116 5.58505 -0.106754
107.116 5.64852 -0.100479
107.116 5.71199 -0.0937986
107.116 5.77545 -0.0867408
107.116 5.83892 -0.0793337
107.116 5.90239 -0.0716072
107.116 5.96585 -0.0635922
107.116 6.02932 -0.0553212
107.116 6.09279 -0.0468275
107.116 6.15625 -0.0381452
107.116 6.21972 -0.0293093
107.116 6.28319 -0.0203554
108.117 0 -0.208449
108.117 0.0634665 -0.222132
108.117 0.126933 -0.23492
108.117 0.1904 -0.246763
108.117 0.253866 -0.257613
108.117 0.317333 -0.267425
108.117 0.380799 -0.27616
108.117 0.444266 -0.283783
108.117 0.507732 -0.290263
108.117 0.571199 -0.295575
108.117 0.634665 -0.299696
108.117 0.698132 -0.302611
108.117 0.761598 -0.304307
108.117 0.825065 -0.304777
108.117 0.888531 -0.304021
108.117 0.951998 -0.302041
108.117 1.01546 -0.298844
108.117 1.07893 -0.294444
108.117 1.1424 -0.288858
108.117 1.20586 -0.282109
108.117 1.26933 -0.274224
108.117 1.3328 -0.265235
108.117 1.39626 -0.255178
108.117 1.45973 -0.244093
108.117 1.5232 -0.232026
108.117 1.58666 -0.219024
108.117 1.65013 -0.20514
108.117 1.7136 -0.190431
108.117 1.77706 -0.174954
108.117 1.84053 -0.158773
108.117 1.904 -0.141953
108.117 1.96746 -0.124561
108.117 2.03093 -0.106667
108.117 2.0944 -0.0883445
108.117 2.15786 -0.0696657
108.117 2.22133 -0.0507066
108.117 2.28479 -0.031543
108.117 2.34826 -0.0122526
108.117 2.41173 0.0070871
108.117 2.47519 0.0263984
108.117 2.53866 0.0456032
108.117 2.60213 0.0646245
108.117 2.66559 0.0833857
108.117 2.72906 0.101811
108.117 2.79253 0.119826
108.117 2.85599 0.137359
108.117 2.91946 0.154339
108.117 2.98293 0.170697
108.117 3.04639 0.186368
108.117 3.10986 0.201289
108.117 3.17333 0.215399
108.117 3.23679 0.228641
108.117 3.30026 0.240963
108.117 3.36373 0.252315
108.117 3.42719 0.262651
108.117 3.49066 0.271929
108.117 3.55413 0.280112
108.117 3.61759 0.287167
108.117 3.68106 0.293066
108.117 3.74452 0.297785
108.117 3.80799 0.301305
108.117 3.87146 0.303612
108.117 3.93492 0.304695
108.117 3.99839 0.304553
108.117 4.06186 0.303184
108.117 4.12532 0.300594
108.117 4.18879 0.296793
108.117 4.25226 0.291798
108.117 4.31572 0.285627
108.117 4.37919 0.278307
108.117 4.44266 0.269866
108.117 4.50612 0.260337
108.117 4.56959 0.249761
108.117 4.63306 0.23818
108.117 4.69652 0.225639
108.117 4.75999 0.212189
108.117 4.82346 0.197885
108.117 4.88692 0.182784
108.117 4.95039 0.166948
108.117 5.01385 0.150439
108.117 5.07732 0.133324
108.117 5.14079 0.115672
108.117 5.20425 0.0975551
108.117 5.26772 0.0790448
108.117 5.33119 0.0602164
108.117 5.39465 0.0411454
108.117 5.45812 0.021909
108.117 5.52159 0.00258412
108.117 5.58505 -0.0167511
108.117 5.64852 -0.036019
108.117 5.71199 -0.0551416
108.117 5.77545 -0.0740422
108.117 5.83892 -0.092645
108.117 5.90239 -0.110875
108.117 5.96585 -0.128658
108.117 6.02932 -0.145922
108.117 6.09279 -0.1626
108.117 6.15625 -0.178623
108.117 6.21972 -0.193926
108.117 6.28319 -0.208449
109.118 0 -0.214017
109.118 0.0634665 -0.202319
109.118 0.126933 -0.189806
109.118 0.1904 -0.17653
109.118 0.253866 -0.162542
109.118 0.317333 -0.1479
109.118 0.380799 -0.132662
109.118 0.444266 -0.11689
109.118 0.507732 -0.100648
109.118 0.571199 -0.0839999
109.118 0.634665 -0.0670139
109.118 0.698132 -0.049758
109.118 0.761598 -0.0323017
109.118 0.825065 -0.0147154
109.118 0.888531 0.00293016
109.118 0.951998 0.0205639
109.118 1.01546 0.0381148
109.118 1.07893 0.0555123
109.118 1.1424 0.0726862
109.118 1.20586 0.0895673
109.118 1.26933 0.106088
109.118 1.3328 0.122182
109.118 1.39626 0.137783
109.118 1.45973 0.15283
109.118 1.5232 0.167261
109.118 1.58666 0.181019
109.118 1.65013 0.194048
109.118 1.7136 0.206295
109.118 1.77706 0.217712
109.118 1.84053 0.228252
109.118 1.904 0.237873
109.118 1.96746 0.246536
109.118 2.03093 0.254207
109.118 2.0944 0.260854
109.118 2.15786 0.26645
109.118 2.22133 0.270974
109.118 2.28479 0.274407
109.118 2.34826 0.276734
109.118 2.41173 0.277947
109.118 2.47519 0.278041
109.118 2.53866 0.277016
109.118 2.60213 0.274876
109.118 2.66559 0.271627
109.118 2.72906 0.267286
109.118 2.79253 0.261868
109.118 2.85599 0.255396
109.118 2.91946 0.247895
109.118 2.98293 0.239396
109.118 3.04639 0.229934
109.118 3.10986 0.219545
109.118 3.17333 0.208273
109.118 3.23679 0.196161
109.118 3.30026 0.18326
109.118 3.36373 0.169621
109.118 3.42719 0.155299
109.118 3.49066 0.140352
109.118 3.55413 0.124839
109.118 3.61759 0.108824
109.118 3.68106 0.0923703
109.118 3.74452 0.075545
109.118 3.80799 0.0584154
109.118 3.87146 0.0410506
109.118 3.93492 0.0235205
109.118 3.99839 0.00589553
109.118 4.06186 -0.0117529
109.118 4.12532 -0.0293539
109.118 4.18879 -0.0468371
109.118 4.25226 -0.0641315
109.118 4.31572 -0.0811679
109.118 4.37919 -0.0978772
109.118 4.44266 -0.114192
109.118 4.50612 -0.130048
109.118 4.56959 -0.145379
109.118 4.63306 -0.160126
109.118 4.69652 -0.174227
109.118 4.75999 -0.187627
109.118 4.82346 -0.200272
109.118 4.88692 -0.21211
109.118 4.95039 -0.223094
109.118 5.01385 -0.23318
109.118 5.07732 -0.242326
109.118 5.14079 -0.250498
109.118 5.20425 -0.25766
109.118 5.26772 -0.263785
109.118 5.33119 -0.268847
109.118 5.39465 -0.272828
109.118 5.45812 -0.275709
109.118 5.52159 -0.27748
109.118 5.58505 -0.278134
109.118 5.64852 -0.277668
109.118 5.71199 -0.276085
109.118 5.77545 -0.273389
109.118 5.83892 -0.269593
109.118 5.90239 -0.26471
109.118 5.96585 -0.258762
109.118 6.02932 -0.251772
109.118 6.09279 -0.243768
109.118 6.15625 -0.234784
109.118 6.21972 -0.224853
109.118 6.28319 -0.214017
110.119 0 0.386715
110.119 0.0634665 0.381336
110.119 0.126933 0.37442
110.119 0.1904 0.365997
110.119 0.253866 0.3561
110.119 0.317333 0.344769
110.119 0.380799 0.33205
110.119 0.444266 0.317994
110.119 0.507732 0.302657
110.119 0.571199 0.286102
110.119 0.634665 0.268394
110.119 0.698132 0.249606
110.119 0.761598 0.229813
110.119 0.825065 0.209094
110.119 0.888531 0.187534
110.119 0.951998 0.165218
110.119 1.01546 0.142237
110.119 1.07893 0.118684
110.119 1.1424 0.0946523
110.119 1.20586 0.0702396
110.119 1.26933 0.0455441
110.119 1.3328 0.0206654
110.119 1.39626 -0.00429689
110.119 1.45973 -0.0292416
110.119 1.5232 -0.0540686
110.119 1.58666 -0.078678
110.119 1.65013 -0.10297
110.119 1.7136 -0.126848
110.119 1.77706 -0.150215
110.119 1.84053 -0.172978
110.119 1.904 -0.195043
110.119 1.96746 -0.216324
110.119 2.03093 -0.236733
110.119 2.0944 -0.256189
110.119 2.15786 -0.274614
110.119 2.22133 -0.291932
110.119 2.28479 -0.308075
110.119 2.34826 -0.322978
110.119 2.41173 -0.33658
110.119 2.47519 -0.348827
110.119 2.53866 -0.359669
110.119 2.60213 -0.369064
110.119 2.66559 -0.376972
110.119 2.72906 -0.383362
110.119 2.79253 -0.388208
110.119 2.85599 -0.391491
110.119 2.91946 -0.393198
110.119 2.98293 -0.393321
110.119 3.04639 -0.391861
110.119 3.10986 -0.388823
110.119 3.17333 -0.384219
110.119 3.23679 -0.378068
110.119 3.30026 -0.370395
110.119 3.36373 -0.36123
110.119 3.42719 -0.35061
110.119 3.49066 -0.33858
110.119 3.55413 -0.325185
110.119 3.61759 -0.310481
110.119 3.68106 -0.294527
110.119 3.74452 -0.277388
110.119 3.80799 -0.259131
110.119 3.87146 -0.23983
110.119 3.93492 -0.219565
110.119 3.99839 -0.198414
110.119 4.06186 -0.176465
110.119 4.12532 -0.153806
110.119 4.18879 -0.130526
110.119 4.25226 -0.106722
110.119 4.31572 -0.0824875
110.119 4.37919 -0.0579211
110.119 4.44266 -0.0331215
110.119 4.50612 -0.00818854
110.119 4.56959 0.0167775
110.119 4.63306 0.041676
110.119 4.69652 0.0664066
110.119 4.75999 0.0908699
110.119 4.82346 0.114967
110.119 4.88692 0.138602
110.119 4.95039 0.161678
110.119 5.01385 0.184103
110.119 5.07732 0.205787
110.119 5.14079 0.226643
110.119 5.20425 0.246585
110.119 5.26772 0.265535
110.119 5.33119 0.283416
110.119 5.39465 0.300155
110.119 5.45812 0.315686
110.119 5.52159 0.329945
110.119 5.58505 0.342876
110.119 5.64852 0.354427
110.119 5.71199 0.36455
110.119 5.77545 0.373205
110.119 5.83892 0.380358
110.119 5.90239 0.385979
110.119 5.96585 0.390046
110.119 6.02932 0.392542
110.119 6.09279 0.393458
110.119 6.15625 0.392789
110.119 6.21972 0.390538
110.119 6.28319 0.386716
111.12 0 -0.137343
111.12 0.0634665 -0.137737
111.12 0.126933 -0.137576
111.12 0.1904 -0.136862
111.12 0.253866 -0.135596
111.12 0.317333 -0.133784
111.12 0.380799 -0.131434
111.12 0.444266 -0.128554
111.12 0.507732 -0.125157
111.12 0.571199 -0.121256
111.12 0.634665 -0.116866
111.12 0.698132 -0.112006
111.12 0.761598 -0.106695
111.12 0.825065 -0.100955
111.12 0.888531 -0.0948073
111.12 0.951998 -0.0882784
111.12 1.01546 -0.0813939
111.12 1.07893 -0.0741817
111.12 1.1424 -0.066671
111.12 1.20586 -0.0588915
111.12 1.26933 -0.0508751
111.12 1.3328 -0.0426538
111.12 1.39626 -0.0342607
111.12 1.45973 -0.0257295
111.12 1.5232 -0.017095
111.12 1.58666 -0.00839151
111.12 1.65013 0.000345701
111.12 1.7136 0.00908147
111.12 1.77706 0.0177809
111.12 1.84053 0.0264087
111.12 1.904 0.03493
111.12 1.96746 0.0433108
111.12 2.03093 0.051517
111.12 2.0944 0.0595158
111.12 2.15786 0.0672751
111.12 2.22133 0.0747635
111.12 2.28479 0.0819507
111.12 2.34826 0.0888079
111.12 2.41173 0.0953076
111.12 2.47519 0.101424
111.12 2.53866 0.107131
111.12 2.60213 0.112407
111.12 2.66559 0.117231
111.12 2.72906 0.121582
111.12 2.79253 0.125444
111.12 2.85599 0.128801
111.12 2.91946 0.131639
111.12 2.98293 0.133947
111.12 3.04639 0.135716
111.12 3.10986 0.136938
111.12 3.17333 0.137609
111.12 3.23679 0.137726
111.12 3.30026 0.137288
111.12 3.36373 0.136297
111.12 3.42719 0.134758
111.12 3.49066 0.132676
111.12 3.55413 0.130059
111.12 3.61759 0.126919
111.12 3.68106 0.123269
111.12 3.74452 0.119121
111.12 3.80799 0.114494
111.12 3.87146 0.109406
111.12 3.93492 0.103877
111.12 3.99839 0.0979303
111.12 4.06186 0.0915889
111.12 4.12532 0.0848788
111.12 4.18879 0.077827
111.12 4.25226 0.0704617
111.12 4.31572 0.0628128
111.12 4.37919 0.0549109
111.12 4.44266 0.0467879
111.12 4.50612 0.0384766
111.12 4.56959 0.0300102
111.12 4.63306 0.0214232
111.12 4.69652 0.0127497
111.12 4.75999 0.0040249
111.12 4.82346 -0.00471617
111.12 4.88692 -0.0134381
111.12 4.95039 -0.0221059
111.12 5.01385 -0.0306845
111.12 5.07732 -0.0391399
111.12 5.14079 -0.0474378
111.12 5.20425 -0.0555443
111.12 5.26772 -0.0634274
111.12 5.33119 -0.0710551
111.12 5.39465 -0.0783966
111.12 5.45812 -0.0854221
111.12 5.52159 -0.0921041
111.12 5.58505 -0.0984152
111.12 5.64852 -0.10433
111.12 5.71199 -0.109824
111.12 5.77545 -0.114877
111.12 5.83892 -0.119467
111.12 5.90239 -0.123576
111.12 5.96585 -0.127187
111.12 6.02932 -0.130286
111.12 6.09279 -0.13286
111.12 6.15625 -0.1349
111.12 6.21972 -0.136396
111.12 6.28319 -0.137343
112.121 0 0.0238228
112.121 0.0634665 -0.000578942
112.121 0.126933 -0.0249784
112.121 0.1904 -0.0492773
112.121 0.253866 -0.0733777
112.121 0.317333 -0.0971825
112.121 0.380799 -0.120596
112.121 0.444266 -0.143524
112.121 0.507732 -0.165874
112.121 0.571199 -0.187557
112.121 0.634665 -0.208483
112.121 0.698132 -0.228571
112.121 0.761598 -0.247738
112.121 0.825065 -0.265908
112.121 0.888531 -0.283006
112.121 0.951998 -0.298966
112.121 1.01546 -0.313721
112.121 1.07893 -0.327213
112.121 1.1424 -0.339388
112.121 1.20586 -0.350196
112.121 1.26933 -0.359594
112.121 1.3328 -0.367544
112.121 1.39626 -0.374014
112.121 1.45973 -0.378978
112.121 1.5232 -0.382415
112.121 1.58666 -0.384314
112.121 1.65013 -0.384664
112.121 1.7136 -0.383466
112.121 1.77706 -0.380724
112.121 1.84053 -0.376448
112.121 1.904 -0.370657
112.121 1.96746 -0.363373
112.121 2.03093 -0.354626
112.121 2.0944 -0.344451
112.121 2.15786 -0.332889
112.121 2.22133 -0.319987
112.121 2.28479 -0.305797
112.121 2.34826 -0.290374
112.121 2.41173 -0.273783
112.121 2.47519 -0.256089
112.121 2.53866 -0.237364
112.121 2.60213 -0.217683
112.121 2.66559 -0.197126
112.121 2.72906 -0.175775
112.121 2.79253 -0.153716
112.121 2.85599 -0.131039
112.121 2.91946 -0.107833
112.121 2.98293 -0.0841935
112.121 3.04639 -0.0602149
112.121 3.10986 -0.0359937
112.121 3.17333 -0.0116276
112.121 3.23679 0.0127851
112.121 3.30026 0.0371465
112.121 3.36373 0.0613583
112.121 3.42719 0.0853231
112.121 3.49066 0.108944
112.121 3.55413 0.132127
112.121 3.61759 0.154777
112.121 3.68106 0.176804
112.121 3.74452 0.19812
112.121 3.80799 0.218637
112.121 3.87146 0.238274
112.121 3.93492 0.256952
112.121 3.99839 0.274595
112.121 4.06186 0.291133
112.121 4.12532 0.306498
112.121 4.18879 0.320629
112.121 4.25226 0.333468
112.121 4.31572 0.344965
112.121 4.37919 0.355074
112.121 4.44266 0.363752
112.121 4.50612 0.370965
112.121 4.56959 0.376685
112.121 4.63306 0.380888
112.121 4.69652 0.383558
112.121 4.75999 0.384683
112.121 4.82346 0.384259
112.121 4.88692 0.382287
112.121 4.95039 0.378776
112.121 5.01385 0.373741
112.121 5.07732 0.3672
112.121 5.14079 0.35918
112.121 5.20425 0.349715
112.121 5.26772 0.338841
112.121 5.33119 0.326602
112.121 5.39465 0.313049
112.121 5.45812 0.298235
112.121 5.52159 0.282221
112.121 5.58505 0.26507
112.121 5.64852 0.246851
112.121 5.71199 0.227638
112.121 5.77545 0.207509
112.121 5.83892 0.186545
112.121 5.90239 0.164829
112.121 5.96585 0.142449
112.121 6.02932 0.119496
112.121 6.09279 0.0960617
112.121 6.15625 0.0722405
112.121 6.21972 0.0481285
112.121 6.28319 0.0238226
113.122 0 0.538373
113.122 0.0634665 0.550921
113.122 0.126933 0.56125
113.122 0.1904 0.569319
113.122 0.253866 0.575096
113.122 0.317333 0.578557
113.122 0.380799 0.579689
113.122 0.444266 0.578485
113.122 0.507732 0.574953
113.122 0.571199 0.569106
113.122 0.634665 0.560968
113.122 0.698132 0.55057
113.122 0.761598 0.537955
113.122 0.825065 0.523174
113.122 0.888531 0.506287
113.122 0.951998 0.487361
113.122 1.01546 0.466473
113.122 1.07893 0.443706
113.122 1.1424 0.419152
113.122 1.20586 0.392911
113.122 1.26933 0.365088
113.122 1.3328 0.335795
113.122 1.39626 0.305149
113.122 1.45973 0.273275
113.122 1.5232 0.2403
113.122 1.58666 0.206358
113.122 1.65013 0.171585
113.122 1.7136 0.13612
113.122 1.77706 0.100108
113.122 1.84053 0.063693
113.122 1.904 0.0270214
113.122 1.96746 -0.00975922
113.122 2.03093 -0.0465007
113.122 2.0944 -0.0830547
113.122 2.15786 -0.119274
113.122 2.22133 -0.155013
113.122 2.28479 -0.190129
113.122 2.34826 -0.224478
113.122 2.41173 -0.257924
113.122 2.47519 -0.290331
113.122 2.53866 -0.321569
113.122 2.60213 -0.351512
113.122 2.66559 -0.38004
113.122 2.72906 -0.407037
113.122 2.79253 -0.432396
113.122 2.85599 -0.456013
113.122 2.91946 -0.477795
113.122 2.98293 -0.497652
113.122 3.04639 -0.515505
113.122 3.10986 -0.531283
113.122 3.17333 -0.544921
113.122 3.23679 -0.556365
113.122 3.30026 -0.565569
113.122 3.36373 -0.572496
113.122 3.42719 -0.577117
113.122 3.49066 -0.579415
113.122 3.55413 -0.579379
113.122 3.61759 -0.57701
113.122 3.68106 -0.572318
113.122 3.74452 -0.565322
113.122 3.80799 -0.556049
113.122 3.87146 -0.544537
113.122 3.93492 -0.530832
113.122 3.99839 -0.51499
113.122 4.06186 -0.497074
113.122 4.12532 -0.477157
113.122 4.18879 -0.455319
113.122 4.25226 -0.431646
113.122 4.31572 -0.406236
113.122 4.37919 -0.37919
113.122 4.44266 -0.350618
113.122 4.50612 -0.320633
113.122 4.56959 -0.289358
113.122 4.63306 -0.256917
113.122 4.69652 -0.223441
113.122 4.75999 -0.189067
113.122 4.82346 -0.15393
113.122 4.88692 -0.118174
113.122 4.95039 -0.0819419
113.122 5.01385 -0.0453799
113.122 5.07732 -0.00863529
113.122 5.14079 0.0281442
113.122 5.20425 0.0648104
113.122 5.26772 0.101215
113.122 5.33119 0.137213
113.122 5.39465 0.172658
113.122 5.45812 0.207408
113.122 5.52159 0.241322
113.122 5.58505 0.274265
113.122 5.64852 0.306104
113.122 5.71199 0.33671
113.122 5.77545 0.36596
113.122 5.83892 0.393737
113.122 5.90239 0.419928
113.122 5.96585 0.444428
113.122 6.02932 0.467139
113.122 6.09279 0.487969
113.122 6.15625 0.506833
113.122 6.21972 0.523658
113.122 6.28319 0.538373
114.123 0 0.0683776
114.123 0.0634665 0.0654316
114.123 0.126933 0.062222
114.123 0.1904 0.0587617
114.123 0.253866 0.0550652
114.123 0.317333 0.0511466
114.123 0.380799 0.0470223
114.123 0.444266 0.0427084
114.123 0.507732 0.0382227
114.123 0.571199 0.0335831
114.123 0.634665 0.0288082
114.123 0.698132 0.0239174
114.123 0.761598 0.0189302
114.123 0.825065 0.0138667
114.123 0.888531 0.00874742
114.123 0.951998 0.00359316
114.123 1.01546 -0.00157578
114.123 1.07893 -0.00673829
114.123 1.1424 -0.0118739
114.123 1.20586 -0.0169614
114.123 1.26933 -0.0219807
114.123 1.3328 -0.0269115
114.123 1.39626 -0.0317341
114.123 1.45973 -0.0364287
114.123 1.5232 -0.0409767
114.123 1.58666 -0.0453599
114.123 1.65013 -0.04956
114.123 1.7136 -0.0535609
114.123 1.77706 -0.0573461
114.123 1.84053 -0.0609002
114.123 1.904 -0.0642091
114.123 1.96746 -0.0672595
114.123 2.03093 -0.0700394
114.123 2.0944 -0.0725368
114.123 2.15786 -0.0747423
114.123 2.22133 -0.0766469
114.123 2.28479 -0.0782427
114.123 2.34826 -0.0795236
114.123 2.41173 -0.0804843
114.123 2.47519 -0.0811209
114.123 2.53866 -0.0814308
114.123 2.60213 -0.0814128
114.123 2.66559 -0.0810672
114.123 2.72906 -0.0803947
114.123 2.79253 -0.0793988
114.123 2.85599 -0.0780831
114.123 2.91946 -0.0764531
114.123 2.98293 -0.0745151
114.123 3.04639 -0.0722771
114.123 3.10986 -0.0697482
114.123 3.17333 -0.0669383
114.123 3.23679 -0.0638589
114.123 3.30026 -0.0605223
114.123 3.36373 -0.0569421
114.123 3.42719 -0.0531326
114.123 3.49066 -0.049109
114.123 3.55413 -0.044888
114.123 3.61759 -0.040486
114.123 3.68106 -0.035921
114.123 3.74452 -0.0312113
114.123 3.80799 -0.0263761
114.123 3.87146 -0.0214346
114.123 3.93492 -0.0164066
114.123 3.99839 -0.0113129
114.123 4.06186 -0.0061735
114.123 4.12532 -0.00100909
114.123 4.18879 0.0041592
114.123 4.25226 0.00931074
114.123 4.31572 0.0144249
114.123 4.37919 0.019481
114.123 4.44266 0.0244585
114.123 4.50612 0.0293377
114.123 4.56959 0.0340987
114.123 4.63306 0.0387223
114.123 4.69652 0.0431901
114.123 4.75999 0.0474839
114.123 4.82346 0.0515866
114.123 4.88692 0.0554813
114.123 4.95039 0.0591529
114.123 5.01385 0.0625863
114.123 5.07732 0.0657676
114.123 5.14079 0.0686841
114.123 5.20425 0.0713241
114.123 5.26772 0.0736767
114.123 5.33119 0.0757328
114.123 5.39465 0.0774839
114.123 5.45812 0.078923
114.123 5.52159 0.0800441
114.123 5.58505 0.0808432
114.123 5.64852 0.0813167
114.123 5.71199 0.0814628
114.123 5.77545 0.0812808
114.123 5.83892 0.0807715
114.123 5.90239 0.0799371
114.123 5.96585 0.0787807
114.123 6.02932 0.077307
114.123 6.09279 0.0755221
114.123 6.15625 0.073433
114.123 6.21972 0.0710484
114.123 6.28319 0.0683776
115.124 0 0.152874
115.124 0.0634665 0.152576
115.124 0.126933 0.151665
115.124 0.1904 0.150143
115.124 0.253866 0.148016
115.124 0.317333 0.145293
115.124 0.380799 0.141985
115.124 0.444266 0.138105
115.124 0.507732 0.133669
115.124 0.571199 0.128696
115.124 0.634665 0.123203
115.124 0.698132 0.117215
115.124 0.761598 0.110755
115.124 0.825065 0.103849
115.124 0.888531 0.0965242
115.124 0.951998 0.0888111
115.124 1.01546 0.0807405
115.124 1.07893 0.0723446
115.124 1.1424 0.0636575
115.124 1.20586 0.0547141
115.124 1.26933 0.0455504
115.124 1.3328 0.0362032
115.124 1.39626 0.0267103
115.124 1.45973 0.0171097
115.124 1.5232 0.00744035
115.124 1.58666 -0.00225902
115.124 1.65013 -0.0119492
115.124 1.7136 -0.0215913
115.124 1.77706 -0.0311466
115.124 1.84053 -0.0405763
115.124 1.904 -0.0498427
115.124 1.96746 -0.0589084
115.124 2.03093 -0.0677368
115.124 2.0944 -0.0762926
115.124 2.15786 -0.0845411
115.124 2.22133 -0.0924492
115.124 2.28479 -0.099985
115.124 2.34826 -0.107118
115.124 2.41173 -0.11382
115.124 2.47519 -0.120064
115.124 2.53866 -0.125824
115.124 2.60213 -0.131077
115.124 2.66559 -0.135803
115.124 2.72906 -0.139982
115.124 2.79253 -0.143597
115.124 2.85599 -0.146634
115.124 2.91946 -0.149081
115.124 2.98293 -0.150927
115.124 3.04639 -0.152166
115.124 3.10986 -0.152791
115.124 3.17333 -0.152802
115.124 3.23679 -0.152197
115.124 3.30026 -0.15098
115.124 3.36373 -0.149154
115.124 3.42719 -0.146728
115.124 3.49066 -0.143711
115.124 3.55413 -0.140116
115.124 3.61759 -0.135956
115.124 3.68106 -0.131249
115.124 3.74452 -0.126013
115.124 3.80799 -0.12027
115.124 3.87146 -0.114042
115.124 3.93492 -0.107356
115.124 3.99839 -0.100237
115.124 4.06186 -0.0927142
115.124 4.12532 -0.0848185
115.124 4.18879 -0.076581
115.124 4.25226 -0.0680353
115.124 4.31572 -0.0592155
115.124 4.37919 -0.0501574
115.124 4.44266 -0.0408974
115.124 4.50612 -0.0314725
115.124 4.56959 -0.021921
115.124 4.63306 -0.0122813
115.124 4.69652 -0.00259208
115.124 4.75999 0.00710765
115.124 4.82346 0.0167787
115.124 4.88692 0.0263823
115.124 4.95039 0.0358795
115.124 5.01385 0.0452322
115.124 5.07732 0.0544029
115.124 5.14079 0.0633544
115.124 5.20425 0.0720509
115.124 5.26772 0.0804573
115.124 5.33119 0.0885398
115.124 5.39465 0.0962657
115.124 5.45812 0.103604
115.124 5.52159 0.110525
115.124 5.58505 0.117001
115.124 5.64852 0.123006
115.124 5.71199 0.128515
115.124 5.77545 0.133508
115.124 5.83892 0.137962
115.124 5.90239 0.141861
115.124 5.96585 0.145189
115.124 6.02932 0.147932
115.124 6.09279 0.150079
115.124 6.15625 0.151623
115.124 6.21972 0.152555
115.124 6.28319 0.152874
116.125 0 0.280593
116.125 0.0634665 0.280022
116.125 0.126933 0.278323
116.125 0.1904 0.275504
116.125 0.253866 0.271575
116.125 0.317333 0.266553
116.125 0.380799 0.260457
116.125 0.444266 0.253313
116.125 0.507732 0.245148
116.125 0.571199 0.235997
116.125 0.634665 0.225895
116.125 0.698132 0.214884
116.125 0.761598 0.203007
116.125 0.825065 0.190313
116.125 0.888531 0.176853
116.125 0.951998 0.16268
116.125 1.01546 0.147853
116.125 1.07893 0.13243
116.125 1.1424 0.116474
116.125 1.20586 0.100049
116.125 1.26933 0.0832206
116.125 1.3328 0.0660575
116.125 1.39626 0.0486284
116.125 1.45973 0.0310035
116.125 1.5232 0.0132536
116.125 1.58666 -0.00454951
116.125 1.65013 -0.0223342
116.125 1.7136 -0.0400292
116.125 1.77706 -0.0575628
116.125 1.84053 -0.0748649
116.125 1.904 -0.0918652
116.125 1.96746 -0.108496
116.125 2.03093 -0.124689
116.125 2.0944 -0.140381
116.125 2.15786 -0.155507
116.125 2.22133 -0.170007
116.125 2.28479 -0.183823
116.125 2.34826 -0.196898
116.125 2.41173 -0.209181
116.125 2.47519 -0.220621
116.125 2.53866 -0.231173
116.125 2.60213 -0.240794
116.125 2.66559 -0.249446
116.125 2.72906 -0.257093
116.125 2.79253 -0.263705
116.125 2.85599 -0.269255
116.125 2.91946 -0.273721
116.125 2.98293 -0.277084
116.125 3.04639 -0.279332
116.125 3.10986 -0.280455
116.125 3.17333 -0.280449
116.125 3.23679 -0.279313
116.125 3.30026 -0.277053
116.125 3.36373 -0.273677
116.125 3.42719 -0.2692
116.125 3.49066 -0.263638
116.125 3.55413 -0.257014
116.125 3.61759 -0.249357
116.125 3.68106 -0.240694
116.125 3.74452 -0.231062
116.125 3.80799 -0.220501
116.125 3.87146 -0.209051
116.125 3.93492 -0.196759
116.125 3.99839 -0.183676
116.125 4.06186 -0.169852
116.125 4.12532 -0.155345
116.125 4.18879 -0.140212
116.125 4.25226 -0.124514
116.125 4.31572 -0.108316
116.125 4.37919 -0.0916807
116.125 4.44266 -0.0746766
116.125 4.50612 -0.0573718
116.125 4.56959 -0.039836
116.125 4.63306 -0.0221399
116.125 4.69652 -0.00435437
116.125 4.75999 0.0134487
116.125 4.82346 0.0311974
116.125 4.88692 0.0488204
116.125 4.95039 0.0662473
116.125 5.01385 0.0834069
116.125 5.07732 0.100231
116.125 5.14079 0.116652
116.125 5.20425 0.132602
116.125 5.26772 0.148019
116.125 5.33119 0.162839
116.125 5.39465 0.177004
116.125 5.45812 0.190457
116.125 5.52159 0.203142
116.125 5.58505 0.215009
116.125 5.64852 0.226011
116.125 5.71199 0.236103
116.125 5.77545 0.245243
116.125 5.83892 0.253397
116.125 5.90239 0.26053
116.125 5.96585 0.266614
116.125 6.02932 0.271624
116.125 6.09279 0.275541
116.125 6.15625 0.278348
116.125 6.21972 0.280034
116.125 6.28319 0.280593
117.126 0 -0.32147
117.126 0.0634665 -0.312711
117.126 0.126933 -0.302693
117.126 0.1904 -0.291456
117.126 0.253866 -0.279046
117.126 0.317333 -0.265512
117.126 0.380799 -0.250908
117.126 0.444266 -0.235295
117.126 0.507732 -0.218734
117.126 0.571199 -0.201292
117.126 0.634665 -0.18304
117.126 0.698132 -0.16405
117.126 0.761598 -0.1444
117.126 0.825065 -0.124168
117.126 0.888531 -0.103437
117.126 0.951998 -0.0822895
117.126 1.01546 -0.0608101
117.126 1.07893 -0.039086
117.126 1.1424 -0.0172044
117.126 1.20586 0.00474622
117.126 1.26933 0.0266779
117.126 1.3328 0.0485022
117.126 1.39626 0.0701311
117.126 1.45973 0.0914778
117.126 1.5232 0.112456
117.126 1.58666 0.132981
117.126 1.65013 0.152971
117.126 1.7136 0.172345
117.126 1.77706 0.191025
117.126 1.84053 0.208936
117.126 1.904 0.226005
117.126 1.96746 0.242165
117.126 2.03093 0.257349
117.126 2.0944 0.271497
117.126 2.15786 0.284552
117.126 2.22133 0.296461
117.126 2.28479 0.307176
117.126 2.34826 0.316655
117.126 2.41173 0.324858
117.126 2.47519 0.331753
117.126 2.53866 0.337312
117.126 2.60213 0.341514
117.126 2.66559 0.34434
117.126 2.72906 0.345779
117.126 2.79253 0.345827
117.126 2.85599 0.344481
117.126 2.91946 0.341749
117.126 2.98293 0.33764
117.126 3.04639 0.332172
117.126 3.10986 0.325367
117.126 3.17333 0.317251
117.126 3.23679 0.307858
117.126 3.30026 0.297224
117.126 3.36373 0.285394
117.126 3.42719 0.272416
117.126 3.49066 0.25834
117.126 3.55413 0.243224
117.126 3.61759 0.227129
117.126 3.68106 0.210119
117.126 3.74452 0.192262
117.126 3.80799 0.173632
117.126 3.87146 0.154303
117.126 3.93492 0.134352
117.126 3.99839 0.11386
117.126 4.06186 0.0929101
117.126 4.12532 0.0715858
117.126 4.18879 0.0499733
117.126 4.25226 0.0281593
117.126 4.31572 0.00623222
117.126 4.37919 -0.01572
117.126 4.44266 -0.0376089
117.126 4.50612 -0.0593464
117.126 4.56959 -0.0808451
117.126 4.63306 -0.102018
117.126 4.69652 -0.12278
117.126 4.75999 -0.143048
117.126 4.82346 -0.16274
117.126 4.88692 -0.181777
117.126 4.95039 -0.200081
117.126 5.01385 -0.21758
117.126 5.07732 -0.234203
117.126 5.14079 -0.249883
117.126 5.20425 -0.264556
117.126 5.26772 -0.278164
117.126 5.33119 -0.290653
117.126 5.39465 -0.301971
117.126 5.45812 -0.312073
117.126 5.52159 -0.320918
117.126 5.58505 -0.328471
117.126 5.64852 -0.334702
117.126 5.71199 -0.339584
117.126 5.77545 -0.3431
117.126 5.83892 -0.345233
117.126 5.90239 -0.345977
117.126 5.96585 -0.345328
117.126 6.02932 -0.343288
117.126 6.09279 -0.339865
117.126 6.15625 -0.335075
117.126 6.21972 -0.328935
117.126 6.28319 -0.32147
118.127 0 -0.1377
118.127 0.0634665 -0.139414
118.127 0.126933 -0.140568
118.127 0.1904 -0.141156
118.127 0.253866 -0.141175
118.127 0.317333 -0.140625
118.127 0.380799 -0.13951
118.127 0.444266 -0.137832
118.127 0.507732 -0.1356
118.127 0.571199 -0.132822
118.127 0.634665 -0.129508
118.127 0.698132 -0.125674
118.127 0.761598 -0.121333
118.127 0.825065 -0.116504
118.127 0.888531 -0.111205
118.127 0.951998 -0.105459
118.127 1.01546 -0.0992885
118.127 1.07893 -0.0927178
118.127 1.1424 -0.0857737
118.127 1.20586 -0.0784845
118.127 1.26933 -0.0708792
118.127 1.3328 -0.0629882
118.127 1.39626 -0.0548438
118.127 1.45973 -0.0464786
118.127 1.5232 -0.0379263
118.127 1.58666 -0.0292211
118.127 1.65013 -0.0203983
118.127 1.7136 -0.0114932
118.127 1.77706 -0.00254208
118.127 1.84053 0.0064191
118.127 1.904 0.015355
118.127 1.96746 0.0242289
118.127 2.03093 0.033005
118.127 2.0944 0.0416484
118.127 2.15786 0.0501241
118.127 2.22133 0.0583976
118.127 2.28479 0.0664361
118.127 2.34826 0.0742074
118.127 2.41173 0.0816796
118.127 2.47519 0.0888232
118.127 2.53866 0.0956087
118.127 2.60213 0.102009
118.127 2.66559 0.108
118.127 2.72906 0.113555
118.127 2.79253 0.118653
118.127 2.85599 0.123273
118.127 2.91946 0.127396
118.127 2.98293 0.131007
118.127 3.04639 0.13409
118.127 3.10986 0.136634
118.127 3.17333 0.138627
118.127 3.23679 0.140062
118.127 3.30026 0.140933
118.127 3.36373 0.141236
118.127 3.42719 0.140971
118.127 3.49066 0.140138
118.127 3.55413 0.138741
118.127 3.61759 0.136785
118.127 3.68106 0.134279
118.127 3.74452 0.131231
118.127 3.80799 0.127656
118.127 3.87146 0.123566
118.127 3.93492 0.118978
118.127 3.99839 0.113912
118.127 4.06186 0.108387
118.127 4.12532 0.102425
118.127 4.18879 0.0960514
118.127 4.25226 0.0892909
118.127 4.31572 0.0821705
118.127 4.37919 0.0747193
118.127 4.44266 0.0669675
118.127 4.50612 0.0589455
118.127 4.56959 0.0506868
118.127 4.63306 0.0422235
118.127 4.69652 0.0335907
118.127 4.75999 0.0248222
118.127 4.82346 0.0159538
118.127 4.88692 0.00702111
118.127 4.95039 -0.00193953
118.127 5.01385 -0.0108927
118.127 5.07732 -0.0198018
118.127 5.14079 -0.0286311
118.127 5.20425 -0.0373453
118.127 5.26772 -0.0459092
118.127 5.33119 -0.0542881
118.127 5.39465 -0.0624484
118.127 5.45812 -0.0703571
118.127 5.52159 -0.0779828
118.127 5.58505 -0.0852942
118.127 5.64852 -0.0922622
118.127 5.71199 -0.0988588
118.127 5.77545 -0.105058
118.127 5.83892 -0.110833
118.127 5.90239 -0.116162
118.127 5.96585 -0.121024
118.127 6.02932 -0.125398
118.127 6.09279 -0.129267
118.127 6.15625 -0.132616
118.127 6.21972 -0.13543
118.127 6.28319 -0.1377
119.128 0 0.360344
119.128 0.0634665 0.376159
119.128 0.126933 0.390459
119.128 0.1904 0.403188
119.128 0.253866 0.414293
119.128 0.317333 0.423729
119.128 0.380799 0.431459
119.128 0.444266 0.437452
119.128 0.507732 0.441684
119.128 0.571199 0.444137
119.128 0.634665 0.444801
119.128 0.698132 0.443675
119.128 0.761598 0.440763
119.128 0.825065 0.436074
119.128 0.888531 0.429631
119.128 0.951998 0.421457
119.128 1.01546 0.411587
119.128 1.07893 0.400059
119.128 1.1424 0.38692
119.128 1.20586 0.372223
119.128 1.26933 0.356028
119.128 1.3328 0.338398
119.128 1.39626 0.319406
119.128 1.45973 0.299128
119.128 1.5232 0.277646
119.128 1.58666 0.255045
119.128 1.65013 0.231418
119.128 1.7136 0.206858
119.128 1.77706 0.181466
119.128 1.84053 0.155343
119.128 1.904 0.128595
119.128 1.96746 0.101328
119.128 2.03093 0.0736542
119.128 2.0944 0.0456834
119.128 2.15786 0.0175284
119.128 2.22133 -0.0106968
119.128 2.28479 -0.0388791
119.128 2.34826 -0.0669049
119.128 2.41173 -0.0946613
119.128 2.47519 -0.122036
119.128 2.53866 -0.14892
119.128 2.60213 -0.175204
119.128 2.66559 -0.200783
119.128 2.72906 -0.225553
119.128 2.79253 -0.249415
119.128 2.85599 -0.272273
119.128 2.91946 -0.294034
119.128 2.98293 -0.314611
119.128 3.04639 -0.333922
119.128 3.10986 -0.351888
119.128 3.17333 -0.368437
119.128 3.23679 -0.383502
119.128 3.30026 -0.397023
119.128 3.36373 -0.408946
119.128 3.42719 -0.419222
119.128 3.49066 -0.427809
119.128 3.55413 -0.434674
119.128 3.61759 -0.43979
119.128 3.68106 -0.443134
119.128 3.74452 -0.444693
119.128 3.80799 -0.444462
119.128 3.87146 -0.442442
119.128 3.93492 -0.43864
119.128 3.99839 -0.433071
119.128 4.06186 -0.425758
119.128 4.12532 -0.416732
119.128 4.18879 -0.406027
119.128 4.25226 -0.393687
119.128 4.31572 -0.379763
119.128 4.37919 -0.364308
119.128 4.44266 -0.347388
119.128 4.50612 -0.329068
119.128 4.56959 -0.309423
119.128 4.63306 -0.288532
119.128 4.69652 -0.26648
119.128 4.75999 -0.243354
119.128 4.82346 -0.219248
119.128 4.88692 -0.19426
119.128 4.95039 -0.168489
119.128 5.01385 -0.14204
119.128 5.07732 -0.115019
119.128 5.14079 -0.0875354
119.128 5.20425 -0.0596986
119.128 5.26772 -0.0316218
119.128 5.33119 -0.00341746
119.128 5.39465 0.0248006
119.128 5.45812 0.0529187
119.128 5.52159 0.0808238
119.128 5.58505 0.108403
119.128 5.64852 0.135547
119.128 5.71199 0.162144
119.128 5.77545 0.188088
119.128 5.83892 0.213275
119.128 5.90239 0.237604
119.128 5.96585 0.260975
119.128 6.02932 0.283296
119.128 6.09279 0.304476
119.128 6.15625 0.32443
119.128 6.21972 0.343078
119.128 6.28319 0.360344
120.129 0 -0.0055357
120.129 0.0634665 -0.0140227
120.129 0.126933 -0.0224535
120.129 0.1904 -0.0307938
120.129 0.253866 -0.0390099
120.129 0.317333 -0.0470691
120.129 0.380799 -0.0549386
120.129 0.444266 -0.0625871
120.129 0.507732 -0.0699835
120.129 0.571199 -0.0770981
120.129 0.634665 -0.0839022
120.129 0.698132 -0.0903686
120.129 0.761598 -0.0964709
120.129 0.825065 -0.102185
120.129 0.888531 -0.107488
120.129 0.951998 -0.112357
120.129 1.01546 -0.116774
120.129 1.07893 -0.120721
120.129 1.1424 -0.124183
120.129 1.20586 -0.127143
120.129 1.26933 -0.129592
120.129 1.3328 -0.131519
120.129 1.39626 -0.132917
120.129 1.45973 -0.133779
120.129 1.5232 -0.134103
120.129 1.58666 -0.133887
120.129 1.65013 -0.133131
120.129 1.7136 -0.13184
120.129 1.77706 -0.130017
120.129 1.84053 -0.127671
120.129 1.904 -0.124811
120.129 1.96746 -0.121449
120.129 2.03093 -0.117597
120.129 2.0944 -0.113272
120.129 2.15786 -0.108491
120.129 2.22133 -0.103273
120.129 2.28479 -0.0976388
120.129 2.34826 -0.0916118
120.129 2.41173 -0.0852157
120.129 2.47519 -0.0784766
120.129 2.53866 -0.0714215
120.129 2.60213 -0.0640787
120.129 2.66559 -0.056478
120.129 2.72906 -0.0486499
120.129 2.79253 -0.0406259
120.129 2.85599 -0.0324382
120.129 2.91946 -0.02412
120.129 2.98293 -0.0157046
120.129 3.04639 -0.00722609
120.129 3.10986 0.0012817
120.129 3.17333 0.00978422
120.129 3.23679 0.0182472
120.129 3.30026 0.0266369
120.129 3.36373 0.0349194
120.129 3.42719 0.0430612
120.129 3.49066 0.0510296
120.129 3.55413 0.0587925
120.129 3.61759 0.0663188
120.129 3.68106 0.0735779
120.129 3.74452 0.0805407
120.129 3.80799 0.0871792
120.129 3.87146 0.0934669
120.129 3.93492 0.0993779
120.129 3.99839 0.104889
120.129 4.06186 0.109978
120.129 4.12532 0.114623
120.129 4.18879 0.118808
120.129 4.25226 0.122514
120.129 4.31572 0.125726
120.129 4.37919 0.128432
120.129 4.44266 0.130622
120.129 4.50612 0.132285
120.129 4.56959 0.133415
120.129 4.63306 0.134009
120.129 4.69652 0.134062
120.129 4.75999 0.133576
120.129 4.82346 0.132552
120.129 4.88692 0.130994
120.129 4.95039 0.128909
120.129 5.01385 0.126305
120.129 5.07732 0.123192
120.129 5.14079 0.119583
120.129 5.20425 0.115493
120.129 5.26772 0.110937
120.129 5.33119 0.105935
120.129 5.39465 0.100506
120.129 5.45812 0.0946729
120.129 5.52159 0.0884583
120.129 5.58505 0.0818874
120.129 5.64852 0.0749869
120.129 5.71199 0.0677842
120.129 5.77545 0.0603088
120.129 5.83892 0.0525905
120.129 5.90239 0.0446604
120.129 5.96585 0.0365505
120.129 6.02932 0.0282934
120.129 6.09279 0.0199224
120.129 6.15625 0.0114711
120.129 6.21972 0.00297368
120.129 6.28319 -0.0055358
121.13 0 0.20319
121.13 0.0634665 0.212672
121.13 0.126933 0.221299
121.13 0.1904 0.229034
121.13 0.253866 0.235847
121.13 0.317333 0.24171
121.13 0.380799 0.2466
121.13 0.444266 0.250497
121.13 0.507732 0.253385
121.13 0.571199 0.255253
121.13 0.634665 0.256093
121.13 0.698132 0.255902
121.13 0.761598 0.25468
121.13 0.825065 0.252433
121.13 0.888531 0.24917
121.13 0.951998 0.244903
121.13 1.01546 0.23965
121.13 1.07893 0.233432
121.13 1.1424 0.226274
121.13 1.20586 0.218205
121.13 1.26933 0.209257
121.13 1.3328 0.199467
121.13 1.39626 0.188874
121.13 1.45973 0.17752
121.13 1.5232 0.165451
121.13 1.58666 0.152716
121.13 1.65013 0.139366
121.13 1.7136 0.125455
121.13 1.77706 0.111039
121.13 1.84053 0.0961756
121.13 1.904 0.0809253
121.13 1.96746 0.0653486
121.13 2.03093 0.0495092
121.13 2.0944 0.03347
121.13 2.15786 0.0172964
121.13 2.22133 0.00105303
121.13 2.28479 -0.0151946
121.13 2.34826 -0.0313811
121.13 2.41173 -0.0474412
121.13 2.47519 -0.0633102
121.13 2.53866 -0.0789244
121.13 2.60213 -0.0942207
121.13 2.66559 -0.109138
121.13 2.72906 -0.123615
121.13 2.79253 -0.137595
121.13 2.85599 -0.15102
121.13 2.91946 -0.163838
121.13 2.98293 -0.175996
121.13 3.04639 -0.187445
121.13 3.10986 -0.198139
121.13 3.17333 -0.208036
121.13 3.23679 -0.217095
121.13 3.30026 -0.22528
121.13 3.36373 -0.232557
121.13 3.42719 -0.238898
121.13 3.49066 -0.244278
121.13 3.55413 -0.248673
121.13 3.61759 -0.252067
121.13 3.68106 -0.254447
121.13 3.74452 -0.255801
121.13 3.80799 -0.256126
121.13 3.87146 -0.255419
121.13 3.93492 -0.253684
121.13 3.99839 -0.250928
121.13 4.06186 -0.247161
121.13 4.12532 -0.242399
121.13 4.18879 -0.23666
121.13 4.25226 -0.229969
121.13 4.31572 -0.222352
121.13 4.37919 -0.213839
121.13 4.44266 -0.204465
121.13 4.50612 -0.194268
121.13 4.56959 -0.183289
121.13 4.63306 -0.171572
121.13 4.69652 -0.159164
121.13 4.75999 -0.146115
121.13 4.82346 -0.132477
121.13 4.88692 -0.118307
121.13 4.95039 -0.10366
121.13 5.01385 -0.0885951
121.13 5.07732 -0.0731737
121.13 5.14079 -0.0574578
121.13 5.20425 -0.0415104
121.13 5.26772 -0.0253959
121.13 5.33119 -0.00917922
121.13 5.39465 0.00707445
121.13 5.45812 0.0232995
121.13 5.52159 0.0394309
121.13 5.58505 0.0554036
121.13 5.64852 0.0711531
121.13 5.71199 0.0866161
121.13 5.77545 0.10173
121.13 5.83892 0.116435
121.13 5.90239 0.130671
121.13 5.96585 0.14438
121.13 6.02932 0.157509
121.13 6.09279 0.170003
121.13 6.15625 0.181812
121.13 6.21972 0.192889
121.13 6.28319 0.20319
122.131 0 0.144516
122.131 0.0634665 0.143373
122.131 0.126933 0.141654
122.131 0.1904 0.139363
122.131 0.253866 0.136511
122.131 0.317333 0.13311
122.131 0.380799 0.129173
122.131 0.444266 0.124715
122.131 0.507732 0.119756
122.131 0.571199 0.114314
122.131 0.634665 0.108412
122.131 0.698132 0.102073
122.131 0.761598 0.0953234
122.131 0.825065 0.0881898
122.131 0.888531 0.0807012
122.131 0.951998 0.0728877
122.131 1.01546 0.0647806
122.131 1.07893 0.0564127
122.131 1.1424 0.0478176
122.131 1.20586 0.03903
122.131 1.26933 0.0300852
122.131 1.3328 0.0210194
122.131 1.39626 0.0118687
122.131 1.45973 0.00267041
122.131 1.5232 -0.00653869
122.131 1.58666 -0.0157215
122.131 1.65013 -0.024841
122.131 1.7136 -0.0338604
122.131 1.77706 -0.0427435
122.131 1.84053 -0.0514545
122.131 1.904 -0.0599583
122.131 1.96746 -0.0682207
122.131 2.03093 -0.0762084
122.131 2.0944 -0.0838891
122.131 2.15786 -0.0912321
122.131 2.22133 -0.0982078
122.131 2.28479 -0.104788
122.131 2.34826 -0.110946
122.131 2.41173 -0.116658
122.131 2.47519 -0.1219
122.131 2.53866 -0.12665
122.131 2.60213 -0.130891
122.131 2.66559 -0.134605
122.131 2.72906 -0.137777
122.131 2.79253 -0.140394
122.131 2.85599 -0.142446
122.131 2.91946 -0.143924
122.131 2.98293 -0.144823
122.131 3.04639 -0.145139
122.131 3.10986 -0.14487
122.131 3.17333 -0.144017
122.131 3.23679 -0.142585
122.131 3.30026 -0.140579
122.131 3.36373 -0.138007
122.131 3.42719 -0.134879
122.131 3.49066 -0.131207
122.131 3.55413 -0.127008
122.131 3.61759 -0.122297
122.131 3.68106 -0.117094
122.131 3.74452 -0.111419
122.131 3.80799 -0.105296
122.131 3.87146 -0.0987479
122.131 3.93492 -0.0918029
122.131 3.99839 -0.0844881
122.131 4.06186 -0.0768332
122.131 4.12532 -0.0688689
122.131 4.18879 -0.0606273
122.131 4.25226 -0.0521414
122.131 4.31572 -0.0434458
122.131 4.37919 -0.0345749
122.131 4.44266 -0.0255652
122.131 4.50612 -0.0164523
122.131 4.56959 -0.00727312
122.131 4.63306 0.00193515
122.131 4.69652 0.0111356
122.131 4.75999 0.0202914
122.131 4.82346 0.0293655
122.131 4.88692 0.0383213
122.131 4.95039 0.0471227
122.131 5.01385 0.0557345
122.131 5.07732 0.0641217
122.131 5.14079 0.0722509
122.131 5.20425 0.0800891
122.131 5.26772 0.0876047
122.131 5.33119 0.0947677
122.131 5.39465 0.101549
122.131 5.45812 0.107921
122.131 5.52159 0.113859
122.131 5.58505 0.119339
122.131 5.64852 0.124338
122.131 5.71199 0.128836
122.131 5.77545 0.132815
122.131 5.83892 0.13626
122.131 5.90239 0.139156
122.131 5.96585 0.141491
122.131 6.02932 0.143257
122.131 6.09279 0.144447
122.131 6.15625 0.145054
122.131 6.21972 0.145077
122.131 6.28319 0.144516
123.132 0 0.38675
123.132 0.0634665 0.403402
123.132 0.126933 0.418431
123.132 0.1904 0.431774
123.132 0.253866 0.443378
123.132 0.317333 0.453198
123.132 0.380799 0.461192
123.132 0.444266 0.46733
123.132 0.507732 0.471585
123.132 0.571199 0.473942
123.132 0.634665 0.47439
123.132 0.698132 0.472929
123.132 0.761598 0.469562
123.132 0.825065 0.464306
123.132 0.888531 0.457179
123.132 0.951998 0.448211
123.132 1.01546 0.437439
123.132 1.07893 0.424906
123.132 1.1424 0.410661
123.132 1.20586 0.394763
123.132 1.26933 0.377275
123.132 1.3328 0.358268
123.132 1.39626 0.337819
123.132 1.45973 0.316009
123.132 1.5232 0.292927
123.132 1.58666 0.268665
123.132 1.65013 0.243322
123.132 1.7136 0.216998
123.132 1.77706 0.189801
123.132 1.84053 0.16184
123.132 1.904 0.133227
123.132 1.96746 0.104077
123.132 2.03093 0.0745087
123.132 2.0944 0.04464
123.132 2.15786 0.0145916
123.132 2.22133 -0.0155153
123.132 2.28479 -0.0455601
123.132 2.34826 -0.0754213
123.132 2.41173 -0.104979
123.132 2.47519 -0.134114
123.132 2.53866 -0.162708
123.132 2.60213 -0.190648
123.132 2.66559 -0.21782
123.132 2.72906 -0.244115
123.132 2.79253 -0.269426
123.132 2.85599 -0.293653
123.132 2.91946 -0.316698
123.132 2.98293 -0.338467
123.132 3.04639 -0.358874
123.132 3.10986 -0.377835
123.132 3.17333 -0.395275
123.132 3.23679 -0.411123
123.132 3.30026 -0.425317
123.132 3.36373 -0.437797
123.132 3.42719 -0.448514
123.132 3.49066 -0.457425
123.132 3.55413 -0.464495
123.132 3.61759 -0.469694
123.132 3.68106 -0.473001
123.132 3.74452 -0.474405
123.132 3.80799 -0.473898
123.132 3.87146 -0.471483
123.132 3.93492 -0.46717
123.132 3.99839 -0.460975
123.132 4.06186 -0.452923
123.132 4.12532 -0.443049
123.132 4.18879 -0.43139
123.132 4.25226 -0.417994
123.132 4.31572 -0.402915
123.132 4.37919 -0.386214
123.132 4.44266 -0.367957
123.132 4.50612 -0.348219
123.132 4.56959 -0.327079
123.132 4.63306 -0.304621
123.132 4.69652 -0.280937
123.132 4.75999 -0.256122
123.132 4.82346 -0.230276
123.132 4.88692 -0.203502
123.132 4.95039 -0.175909
123.132 5.01385 -0.147607
123.132 5.07732 -0.118712
123.132 5.14079 -0.0893379
123.132 5.20425 -0.0596043
123.132 5.26772 -0.0296307
123.132 5.33119 0.000462231
123.132 5.39465 0.0305533
123.132 5.45812 0.060521
123.132 5.52159 0.0902454
123.132 5.58505 0.119606
123.132 5.64852 0.148486
123.132 5.71199 0.176767
123.132 5.77545 0.204337
123.132 5.83892 0.231084
123.132 5.90239 0.2569
123.132 5.96585 0.281682
123.132 6.02932 0.30533
123.132 6.09279 0.327748
123.132 6.15625 0.348846
123.132 6.21972 0.36854
123.132 6.28319 0.38675
124.133 0 0.18682
124.133 0.0634665 0.190982
124.133 0.126933 0.194375
124.133 0.1904 0.196986
124.133 0.253866 0.198804
124.133 0.317333 0.199821
124.133 0.380799 0.200034
124.133 0.444266 0.199441
124.133 0.507732 0.198045
124.133 0.571199 0.195851
124.133 0.634665 0.192869
124.133 0.698132 0.189111
124.133 0.761598 0.18459
124.133 0.825065 0.179327
124.133 0.888531 0.173342
124.133 0.951998 0.166658
124.133 1.01546 0.159303
124.133 1.07893 0.151307
124.133 1.1424 0.142702
124.133 1.20586 0.133522
124.133 1.26933 0.123804
124.133 1.3328 0.113588
124.133 1.39626 0.102915
124.133 1.45973 0.091827
124.133 1.5232 0.0803693
124.133 1.58666 0.0685881
124.133 1.65013 0.0565306
124.133 1.7136 0.0442456
124.133 1.77706 0.0317825
124.133 1.84053 0.0191912
124.133 1.904 0.00652283
124.133 1.96746 -0.00617195
124.133 2.03093 -0.0188418
124.133 2.0944 -0.0314359
124.133 2.15786 -0.0439034
124.133 2.22133 -0.0561941
124.133 2.28479 -0.0682584
124.133 2.34826 -0.0800478
124.133 2.41173 -0.0915152
124.133 2.47519 -0.102614
124.133 2.53866 -0.113299
124.133 2.60213 -0.123529
124.133 2.66559 -0.13326
124.133 2.72906 -0.142456
124.133 2.79253 -0.151077
124.133 2.85599 -0.159091
124.133 2.91946 -0.166463
124.133 2.98293 -0.173166
124.133 3.04639 -0.179171
124.133 3.10986 -0.184455
124.133 3.17333 -0.188996
124.133 3.23679 -0.192776
124.133 3.30026 -0.195779
124.133 3.36373 -0.197995
124.133 3.42719 -0.199413
124.133 3.49066 -0.200028
124.133 3.55413 -0.199838
124.133 3.61759 -0.198843
124.133 3.68106 -0.197047
124.133 3.74452 -0.194458
124.133 3.80799 -0.191086
124.133 3.87146 -0.186945
124.133 3.93492 -0.18205
124.133 3.99839 -0.176423
124.133 4.06186 -0.170085
124.133 4.12532 -0.163063
124.133 4.18879 -0.155384
124.133 4.25226 -0.147079
124.133 4.31572 -0.138182
124.133 4.37919 -0.128728
124.133 4.44266 -0.118756
124.133 4.50612 -0.108306
124.133 4.56959 -0.09742
124.133 4.63306 -0.0861416
124.133 4.69652 -0.0745163
124.133 4.75999 -0.0625909
124.133 4.82346 -0.0504136
124.133 4.88692 -0.0380332
124.133 4.95039 -0.0254997
124.133 5.01385 -0.0128634
124.133 5.07732 -0.000175482
124.133 5.14079 0.0125132
124.133 5.20425 0.0251516
124.133 5.26772 0.0376885
124.133 5.33119 0.0500737
124.133 5.39465 0.0622575
124.133 5.45812 0.0741905
124.133 5.52159 0.0858246
124.133 5.58505 0.0971132
124.133 5.64852 0.108011
124.133 5.71199 0.118474
124.133 5.77545 0.128459
124.133 5.83892 0.137928
124.133 5.90239 0.14684
124.133 5.96585 0.155162
124.133 6.02932 0.162859
124.133 6.09279 0.1699
124.133 6.15625 0.176257
124.133 6.21972 0.181905
124.133 6.28319 0.18682
125.134 0 0.248693
125.134 0.0634665 0.252711
125.134 0.126933 0.255711
125.134 0.1904 0.257682
125.134 0.253866 0.258614
125.134 0.317333 0.258506
125.134 0.380799 0.257357
125.134 0.444266 0.255171
125.134 0.507732 0.251958
125.134 0.571199 0.247731
125.134 0.634665 0.242506
125.134 0.698132 0.236304
125.134 0.761598 0.229151
125.134 0.825065 0.221075
125.134 0.888531 0.212109
125.134 0.951998 0.202289
125.134 1.01546 0.191654
125.134 1.07893 0.180248
125.134 1.1424 0.168116
125.134 1.20586 0.155307
125.134 1.26933 0.141872
125.134 1.3328 0.127867
125.134 1.39626 0.113346
125.134 1.45973 0.0983691
125.134 1.5232 0.082996
125.134 1.58666 0.0672887
125.134 1.65013 0.0513104
125.134 1.7136 0.0351256
125.134 1.77706 0.0187993
125.134 1.84053 0.00239724
125.134 1.904 -0.0140144
125.134 1.96746 -0.0303697
125.134 2.03093 -0.0466025
125.134 2.0944 -0.0626479
125.134 2.15786 -0.078441
125.134 2.22133 -0.093918
125.134 2.28479 -0.109017
125.134 2.34826 -0.123677
125.134 2.41173 -0.137839
125.134 2.47519 -0.151446
125.134 2.53866 -0.164443
125.134 2.60213 -0.176778
125.134 2.66559 -0.188401
125.134 2.72906 -0.199266
125.134 2.79253 -0.209328
125.134 2.85599 -0.218547
125.134 2.91946 -0.226887
125.134 2.98293 -0.234312
125.134 3.04639 -0.240795
125.134 3.10986 -0.246307
125.134 3.17333 -0.250828
125.134 3.23679 -0.254339
125.134 3.30026 -0.256826
125.134 3.36373 -0.258278
125.134 3.42719 -0.258691
125.134 3.49066 -0.258061
125.134 3.55413 -0.256393
125.134 3.61759 -0.253693
125.134 3.68106 -0.24997
125.134 3.74452 -0.245242
125.134 3.80799 -0.239526
125.134 3.87146 -0.232845
125.134 3.93492 -0.225227
125.134 3.99839 -0.216701
125.134 4.06186 -0.207304
125.134 4.12532 -0.197071
125.134 4.18879 -0.186045
125.134 4.25226 -0.17427
125.134 4.31572 -0.161793
125.134 4.37919 -0.148664
125.134 4.44266 -0.134938
125.134 4.50612 -0.120667
125.134 4.56959 -0.105911
125.134 4.63306 -0.0907283
125.134 4.69652 -0.0751803
125.134 4.75999 -0.0593294
125.134 4.82346 -0.0432398
125.134 4.88692 -0.0269761
125.134 4.95039 -0.0106037
125.134 5.01385 0.00581154
125.134 5.07732 0.022203
125.134 5.14079 0.0385055
125.134 5.20425 0.0546529
125.134 5.26772 0.0705798
125.134 5.33119 0.086223
125.134 5.39465 0.101519
125.134 5.45812 0.116406
125.134 5.52159 0.130824
125.134 5.58505 0.144715
125.134 5.64852 0.158024
125.134 5.71199 0.170697
125.134 5.77545 0.182682
125.134 5.83892 0.193931
125.134 5.90239 0.2044
125.134 5.96585 0.214045
125.134 6.02932 0.222829
125.134 6.09279 0.230716
125.134 6.15625 0.237673
125.134 6.21972 0.243674
125.134 6.28319 0.248693
126.135 0 0.110403
126.135 0.0634665 0.132403
126.135 0.126933 0.153871
126.135 0.1904 0.17472
126.135 0.253866 0.194864
126.135 0.317333 0.214225
126.135 0.380799 0.232722
126.135 0.444266 0.250282
126.135 0.507732 0.266835
126.135 0.571199 0.282313
126.135 0.634665 0.296654
126.135 0.698132 0.309801
126.135 0.761598 0.321701
126.135 0.825065 0.332304
126.135 0.888531 0.341571
126.135 0.951998 0.349461
126.135 1.01546 0.355944
126.135 1.07893 0.360995
126.135 1.1424 0.364591
126.135 1.20586 0.36672
126.135 1.26933 0.367371
126.135 1.3328 0.366544
126.135 1.39626 0.364241
126.135 1.45973 0.360471
126.135 1.5232 0.355249
126.135 1.58666 0.348597
126.135 1.65013 0.340541
126.135 1.7136 0.331114
126.135 1.77706 0.320354
126.135 1.84053 0.308304
126.135 1.904 0.295012
126.135 1.96746 0.280533
126.135 2.03093 0.264923
126.135 2.0944 0.248248
126.135 2.15786 0.230572
126.135 2.22133 0.211968
126.135 2.28479 0.192511
126.135 2.34826 0.172278
126.135 2.41173 0.151352
126.135 2.47519 0.129816
126.135 2.53866 0.107758
126.135 2.60213 0.0852653
126.135 2.66559 0.0624295
126.135 2.72906 0.0393423
126.135 2.79253 0.0160972
126.135 2.85599 -0.00721339
126.135 2.91946 -0.0304947
126.135 2.98293 -0.0536532
126.135 3.04639 -0.0765957
126.135 3.10986 -0.0992295
126.135 3.17333 -0.121464
126.135 3.23679 -0.14321
126.135 3.30026 -0.164378
126.135 3.36373 -0.184885
126.135 3.42719 -0.204648
126.135 3.49066 -0.223586
126.135 3.55413 -0.241624
126.135 3.61759 -0.258689
126.135 3.68106 -0.274712
126.135 3.74452 -0.289629
126.135 3.80799 -0.303381
126.135 3.87146 -0.31591
126.135 3.93492 -0.327167
126.135 3.99839 -0.337107
126.135 4.06186 -0.34569
126.135 4.12532 -0.352881
126.135 4.18879 -0.35865
126.135 4.25226 -0.362975
126.135 4.31572 -0.365839
126.135 4.37919 -0.36723
126.135 4.44266 -0.367142
126.135 4.50612 -0.365576
126.135 4.56959 -0.362538
126.135 4.63306 -0.35804
126.135 4.69652 -0.3521
126.135 4.75999 -0.344742
126.135 4.82346 -0.335997
126.135 4.88692 -0.325898
126.135 4.95039 -0.314487
126.135 5.01385 -0.30181
126.135 5.07732 -0.287917
126.135 5.14079 -0.272865
126.135 5.20425 -0.256715
126.135 5.26772 -0.23953
126.135 5.33119 -0.221382
126.135 5.39465 -0.202341
126.135 5.45812 -0.182486
126.135 5.52159 -0.161897
126.135 5.58505 -0.140655
126.135 5.64852 -0.118847
126.135 5.71199 -0.09656
126.135 5.77545 -0.0738846
126.135 5.83892 -0.0509117
126.135 5.90239 -0.0277338
126.135 5.96585 -0.00444396
126.135 6.02932 0.0188636
126.135 6.09279 0.0420952
126.135 6.15625 0.0651573
126.135 6.21972 0.087957
126.135 6.28319 0.110403
127.136 0 0.057466
127.136 0.0634665 0.0497731
127.136 0.126933 0.0418798
127.136 0.1904 0.0338179
127.136 0.253866 0.0256197
127.136 0.317333 0.0173186
127.136 0.380799 0.00894765
127.136 0.444266 0.000540629
127.136 0.507732 -0.00786863
127.136 0.571199 -0.0162462
127.136 0.634665 -0.0245583
127.136 0.698132 -0.0327715
127.136 0.761598 -0.0408528
127.136 0.825065 -0.0487693
127.136 0.888531 -0.0564899
127.136 0.951998 -0.0639826
127.136 1.01546 -0.071218
127.136 1.07893 -0.0781665
127.136 1.1424 -0.0848002
127.136 1.20586 -0.0910922
127.136 1.26933 -0.0970179
127.136 1.3328 -0.102553
127.136 1.39626 -0.107675
127.136 1.45973 -0.112363
127.136 1.5232 -0.116599
127.136 1.58666 -0.120366
127.136 1.65013 -0.123647
127.136 1.7136 -0.126431
127.136 1.77706 -0.128706
127.136 1.84053 -0.130462
127.136 1.904 -0.131693
127.136 1.96746 -0.132394
127.136 2.03093 -0.132562
127.136 2.0944 -0.132196
127.136 2.15786 -0.131297
127.136 2.22133 -0.12987
127.136 2.28479 -0.127921
127.136 2.34826 -0.125455
127.136 2.41173 -0.122485
127.136 2.47519 -0.119022
127.136 2.53866 -0.115079
127.136 2.60213 -0.110673
127.136 2.66559 -0.105822
127.136 2.72906 -0.100544
127.136 2.79253 -0.0948611
127.136 2.85599 -0.0887965
127.136 2.91946 -0.0823743
127.136 2.98293 -0.0756202
127.136 3.04639 -0.0685619
127.136 3.10986 -0.0612275
127.136 3.17333 -0.0536464
127.136 3.23679 -0.0458496
127.136 3.30026 -0.037868
127.136 3.36373 -0.0297338
127.136 3.42719 -0.02148
127.136 3.49066 -0.0131397
127.136 3.55413 -0.00474648
127.136 3.61759 0.00366588
127.136 3.68106 0.0120635
127.136 3.74452 0.0204125
127.136 3.80799 0.0286794
127.136 3.87146 0.0368307
127.136 3.93492 0.0448336
127.136 3.99839 0.0526561
127.136 4.06186 0.0602666
127.136 4.12532 0.0676345
127.136 4.18879 0.0747299
127.136 4.25226 0.0815246
127.136 4.31572 0.0879909
127.136 4.37919 0.0941025
127.136 4.44266 0.0998359
127.136 4.50612 0.105167
127.136 4.56959 0.110074
127.136 4.63306 0.114539
127.136 4.69652 0.118542
127.136 4.75999 0.122068
127.136 4.82346 0.125102
127.136 4.88692 0.127632
127.136 4.95039 0.129649
127.136 5.01385 0.131144
127.136 5.07732 0.13211
127.136 5.14079 0.132545
127.136 5.20425 0.132446
127.136 5.26772 0.131813
127.136 5.33119 0.130649
127.136 5.39465 0.12896
127.136 5.45812 0.126752
127.136 5.52159 0.124033
127.136 5.58505 0.120815
127.136 5.64852 0.117109
127.136 5.71199 0.112933
127.136 5.77545 0.108302
127.136 5.83892 0.103235
127.136 5.90239 0.0977515
127.136 5.96585 0.0918752
127.136 6.02932 0.0856284
127.136 6.09279 0.079037
127.136 6.15625 0.0721274
127.136 6.21972 0.0649273
127.136 6.28319 0.0574659
128.137 0 -0.0143778
128.137 0.0634665 0.0121796
128.137 0.126933 0.0386876
128.137 0.1904 0.06504
128.137 0.253866 0.0911303
128.137 0.317333 0.116854
128.137 0.380799 0.142107
128.137 0.444266 0.166788
128.137 0.507732 0.190797
128.137 0.571199 0.214038
128.137 0.634665 0.236417
128.137 0.698132 0.257844
128.137 0.761598 0.278233
128.137 0.825065 0.297501
128.137 0.888531 0.315572
128.137 0.951998 0.332372
128.137 1.01546 0.347833
128.137 1.07893 0.361894
128.137 1.1424 0.374498
128.137 1.20586 0.385594
128.137 1.26933 0.395137
128.137 1.3328 0.403089
128.137 1.39626 0.409418
128.137 1.45973 0.414098
128.137 1.5232 0.417111
128.137 1.58666 0.418444
128.137 1.65013 0.418092
128.137 1.7136 0.416057
128.137 1.77706 0.412347
128.137 1.84053 0.406976
128.137 1.904 0.399966
128.137 1.96746 0.391346
128.137 2.03093 0.381151
128.137 2.0944 0.36942
128.137 2.15786 0.356202
128.137 2.22133 0.341549
128.137 2.28479 0.325522
128.137 2.34826 0.308183
128.137 2.41173 0.289604
128.137 2.47519 0.269858
128.137 2.53866 0.249026
128.137 2.60213 0.227191
128.137 2.66559 0.204441
128.137 2.72906 0.180868
128.137 2.79253 0.156567
128.137 2.85599 0.131635
128.137 2.91946 0.106174
128.137 2.98293 0.0802841
128.137 3.04639 0.0540715
128.137 3.10986 0.0276413
128.137 3.17333 0.00109965
128.137 3.23679 -0.0254464
128.137 3.30026 -0.05189
128.137 3.36373 -0.0781245
128.137 3.42719 -0.104045
128.137 3.49066 -0.129546
128.137 3.55413 -0.154525
128.137 3.61759 -0.178882
128.137 3.68106 -0.20252
128.137 3.74452 -0.225341
128.137 3.80799 -0.247255
128.137 3.87146 -0.268174
128.137 3.93492 -0.288012
128.137 3.99839 -0.306691
128.137 4.06186 -0.324135
128.137 4.12532 -0.340274
128.137 4.18879 -0.355042
128.137 4.25226 -0.368381
128.137 4.31572 -0.380237
128.137 4.37919 -0.390562
128.137 4.44266 -0.399314
128.137 4.50612 -0.406458
128.137 4.56959 -0.411965
128.137 4.63306 -0.415814
128.137 4.69652 -0.417988
128.137 4.75999 -0.418479
128.137 4.82346 -0.417285
128.137 4.88692 -0.414411
128.137 4.95039 -0.409868
128.137 5.01385 -0.403674
128.137 5.07732 -0.395856
128.137 5.14079 -0.386443
128.137 5.20425 -0.375474
128.137 5.26772 -0.362994
128.137 5.33119 -0.349051
128.137 5.39465 -0.333704
128.137 5.45812 -0.317012
128.137 5.52159 -0.299044
128.137 5.58505 -0.279872
128.137 5.64852 -0.259573
128.137 5.71199 -0.238228
128.137 5.77545 -0.215925
128.137 5.83892 -0.192752
128.137 5.90239 -0.168803
128.137 5.96585 -0.144174
128.137 6.02932 -0.118964
128.137 6.09279 -0.0932757
128.137 6.15625 -0.0672116
128.137 6.21972 -0.0408768
128.137 6.28319 -0.0143776
129.138 0 0.0101115
129.138 0.0634665 0.00967297
129.138 0.126933 0.00919525
129.138 0.1904 0.00868055
129.138 0.253866 0.00813159
129.138 0.317333 0.00754942
129.138 0.380799 0.00693631
129.138 0.444266 0.00629601
129.138 0.507732 0.00563041
129.138 0.571199 0.00494178
129.138 0.634665 0.00423352
129.138 0.698132 0.00350789
129.138 0.761598 0.00276827
129.138 0.825065 0.00201751
129.138 0.888531 0.00125861
129.138 0.951998 0.00049468
129.138 1.01546 -0.000271398
129.138 1.07893 -0.00103625
129.138 1.1424 -0.00179698
129.138 1.20586 -0.00255024
129.138 1.26933 -0.00329348
129.138 1.3328 -0.00402336
129.138 1.39626 -0.00473701
129.138 1.45973 -0.00543171
129.138 1.5232 -0.00610449
129.138 1.58666 -0.00675257
129.138 1.65013 -0.00737366
129.138 1.7136 -0.00796504
129.138 1.77706 -0.00852415
129.138 1.84053 -0.00904906
129.138 1.904 -0.00953746
129.138 1.96746 -0.00998757
129.138 2.03093 -0.0103974
129.138 2.0944 -0.0107655
129.138 2.15786 -0.0110901
129.138 2.22133 -0.01137
129.138 2.28479 -0.0116042
129.138 2.34826 -0.0117916
129.138 2.41173 -0.0119317
129.138 2.47519 -0.0120234
129.138 2.53866 -0.0120669
129.138 2.60213 -0.012062
129.138 2.66559 -0.0120084
129.138 2.72906 -0.0119063
129.138 2.79253 -0.0117563
129.138 2.85599 -0.0115593
129.138 2.91946 -0.0113155
129.138 2.98293 -0.011026
129.138 3.04639 -0.0106917
129.138 3.10986 -0.0103152
129.138 3.17333 -0.00989707
129.138 3.23679 -0.0094387
129.138 3.30026 -0.00894238
129.138 3.36373 -0.00841031
129.138 3.42719 -0.00784413
129.138 3.49066 -0.00724639
129.138 3.55413 -0.00661959
129.138 3.61759 -0.00596608
129.138 3.68106 -0.00528879
129.138 3.74452 -0.00458971
129.138 3.80799 -0.00387264
129.138 3.87146 -0.00313972
129.138 3.93492 -0.00239408
129.138 3.99839 -0.00163876
129.138 4.06186 -0.00087701
129.138 4.12532 -0.000111604
129.138 4.18879 0.000654105
129.138 4.25226 0.00141729
129.138 4.31572 0.00217474
129.138 4.37919 0.00292342
129.138 4.44266 0.00366024
129.138 4.50612 0.00438244
129.138 4.56959 0.00508697
129.138 4.63306 0.00577097
129.138 4.69652 0.00643188
129.138 4.75999 0.00706671
129.138 4.82346 0.0076732
129.138 4.88692 0.00824879
129.138 4.95039 0.00879112
129.138 5.01385 0.00929813
129.138 5.07732 0.0097676
129.138 5.14079 0.0101977
129.138 5.20425 0.0105867
129.138 5.26772 0.0109332
129.138 5.33119 0.0112357
129.138 5.39465 0.0114929
129.138 5.45812 0.0117038
129.138 5.52159 0.0118678
129.138 5.58505 0.0119838
129.138 5.64852 0.0120514
129.138 5.71199 0.0120708
129.138 5.77545 0.0120413
129.138 5.83892 0.0119635
129.138 5.90239 0.0118378
129.138 5.96585 0.0116637
129.138 6.02932 0.0114427
129.138 6.09279 0.0111764
129.138 6.15625 0.0108644
129.138 6.21972 0.0105094
129.138 6.28319 0.0101113
130.139 0 0.301312
130.139 0.0634665 0.278091
130.139 0.126933 0.25375
130.139 0.1904 0.228387
130.139 0.253866 0.202105
130.139 0.317333 0.175008
130.139 0.380799 0.147208
130.139 0.444266 0.118814
130.139 0.507732 0.089942
130.139 0.571199 0.0607078
130.139 0.634665 0.0312291
130.139 0.698132 0.00162482
130.139 0.761598 -0.0279862
130.139 0.825065 -0.0574844
130.139 0.888531 -0.0867512
130.139 0.951998 -0.115669
130.139 1.01546 -0.144121
130.139 1.07893 -0.171992
130.139 1.1424 -0.199171
130.139 1.20586 -0.225547
130.139 1.26933 -0.251016
130.139 1.3328 -0.275474
130.139 1.39626 -0.298823
130.139 1.45973 -0.320969
130.139 1.5232 -0.341821
130.139 1.58666 -0.361298
130.139 1.65013 -0.37932
130.139 1.7136 -0.395814
130.139 1.77706 -0.410714
130.139 1.84053 -0.423961
130.139 1.904 -0.435501
130.139 1.96746 -0.445287
130.139 2.03093 -0.45328
130.139 2.0944 -0.459447
130.139 2.15786 -0.463766
130.139 2.22133 -0.466216
130.139 2.28479 -0.466789
130.139 2.34826 -0.465482
130.139 2.41173 -0.462302
130.139 2.47519 -0.45726
130.139 2.53866 -0.450375
130.139 2.60213 -0.441679
130.139 2.66559 -0.431203
130.139 2.72906 -0.418991
130.139 2.79253 -0.405092
130.139 2.85599 -0.389562
130.139 2.91946 -0.372464
130.139 2.98293 -0.353865
130.139 3.04639 -0.333841
130.139 3.10986 -0.312474
130.139 3.17333 -0.289847
130.139 3.23679 -0.266054
130.139 3.30026 -0.24119
130.139 3.36373 -0.215354
130.139 3.42719 -0.188652
130.139 3.49066 -0.161189
130.139 3.55413 -0.133078
130.139 3.61759 -0.104431
130.139 3.68106 -0.0753627
130.139 3.74452 -0.0459917
130.139 3.80799 -0.0164354
130.139 3.87146 0.0131873
130.139 3.93492 0.0427568
130.139 3.99839 0.0721542
130.139 4.06186 0.101261
130.139 4.12532 0.12996
130.139 4.18879 0.158136
130.139 4.25226 0.185675
130.139 4.31572 0.212466
130.139 4.37919 0.238402
130.139 4.44266 0.263378
130.139 4.50612 0.287293
130.139 4.56959 0.310052
130.139 4.63306 0.331561
130.139 4.69652 0.351737
130.139 4.75999 0.370495
130.139 4.82346 0.387762
130.139 4.88692 0.403467
130.139 4.95039 0.417548
130.139 5.01385 0.429947
130.139 5.07732 0.440615
130.139 5.14079 0.44951
130.139 5.20425 0.456594
130.139 5.26772 0.461839
130.139 5.33119 0.465225
130.139 5.39465 0.466738
130.139 5.45812 0.466371
130.139 5.52159 0.464126
130.139 5.58505 0.460012
130.139 5.64852 0.454046
130.139 5.71199 0.446252
130.139 5.77545 0.436661
130.139 5.83892 0.425311
130.139 5.90239 0.412249
130.139 5.96585 0.397527
130.139 6.02932 0.381204
130.139 6.09279 0.363347
130.139 6.15625 0.344026
130.139 6.21972 0.32332
130.139 6.28319 0.301312
131.14 0 -0.221401
131.14 0.0634665 -0.228101
131.14 0.126933 -0.233882
131.14 0.1904 -0.238722
131.14 0.253866 -0.242601
131.14 0.317333 -0.245503
131.14 0.380799 -0.247416
131.14 0.444266 -0.248333
131.14 0.507732 -0.24825
131.14 0.571199 -0.247167
131.14 0.634665 -0.245089
131.14 0.698132 -0.242025
131.14 0.761598 -0.237985
131.14 0.825065 -0.232987
131.14 0.888531 -0.227052
131.14 0.951998 -0.220202
131.14 1.01546 -0.212465
131.14 1.07893 -0.203873
131.14 1.1424 -0.19446
131.14 1.20586 -0.184264
131.14 1.26933 -0.173326
131.14 1.3328 -0.16169
131.14 1.39626 -0.149403
131.14 1.45973 -0.136514
131.14 1.5232 -0.123075
131.14 1.58666 -0.109142
131.14 1.65013 -0.0947679
131.14 1.7136 -0.0800132
131.14 1.77706 -0.0649356
131.14 1.84053 -0.0495969
131.14 1.904 -0.0340584
131.14 1.96746 -0.018383
131.14 2.03093 -0.00263343
131.14 2.0944 0.0131266
131.14 2.15786 0.028834
131.14 2.22133 0.0444251
131.14 2.28479 0.0598375
131.14 2.34826 0.075009
131.14 2.41173 0.0898784
131.14 2.47519 0.104386
131.14 2.53866 0.118473
131.14 2.60213 0.132083
131.14 2.66559 0.145161
131.14 2.72906 0.157655
131.14 2.79253 0.169514
131.14 2.85599 0.18069
131.14 2.91946 0.191139
131.14 2.98293 0.200818
131.14 3.04639 0.209688
131.14 3.10986 0.217715
131.14 3.17333 0.224864
131.14 3.23679 0.231108
131.14 3.30026 0.236421
131.14 3.36373 0.240783
131.14 3.42719 0.244175
131.14 3.49066 0.246583
131.14 3.55413 0.247999
131.14 3.61759 0.248416
131.14 3.68106 0.247833
131.14 3.74452 0.246252
131.14 3.80799 0.24368
131.14 3.87146 0.240126
131.14 3.93492 0.235605
131.14 3.99839 0.230136
131.14 4.06186 0.22374
131.14 4.12532 0.216442
131.14 4.18879 0.208274
131.14 4.25226 0.199267
131.14 4.31572 0.189457
131.14 4.37919 0.178885
131.14 4.44266 0.167592
131.14 4.50612 0.155624
131.14 4.56959 0.14303
131.14 4.63306 0.12986
131.14 4.69652 0.116167
131.14 4.75999 0.102006
131.14 4.82346 0.0874346
131.14 4.88692 0.0725107
131.14 4.95039 0.0572952
131.14 5.01385 0.041849
131.14 5.07732 0.0262339
131.14 5.14079 0.0105134
131.14 5.20425 -0.00524937
131.14 5.26772 -0.020991
131.14 5.33119 -0.0366479
131.14 5.39465 -0.0521578
131.14 5.45812 -0.0674571
131.14 5.52159 -0.0824852
131.14 5.58505 -0.0971809
131.14 5.64852 -0.111485
131.14 5.71199 -0.125341
131.14 5.77545 -0.138692
131.14 5.83892 -0.151484
131.14 5.90239 -0.163667
131.14 5.96585 -0.17519
131.14 6.02932 -0.186008
131.14 6.09279 -0.196077
131.14 6.15625 -0.205357
131.14 6.21972 -0.213809
131.14 6.28319 -0.221401
132.141 0 -0.355043
132.141 0.0634665 -0.356776
132.141 0.126933 -0.357073
132.141 0.1904 -0.355932
132.141 0.253866 -0.353357
132.141 0.317333 -0.34936
132.141 0.380799 -0.343956
132.141 0.444266 -0.337167
132.141 0.507732 -0.329021
132.141 0.571199 -0.319549
132.141 0.634665 -0.308791
132.141 0.698132 -0.29679
132.141 0.761598 -0.283593
132.141 0.825065 -0.269255
132.141 0.888531 -0.253832
132.141 0.951998 -0.237387
132.141 1.01546 -0.219986
132.141 1.07893 -0.2017
132.141 1.1424 -0.182601
132.141 1.20586 -0.162767
132.141 1.26933 -0.142278
132.141 1.3328 -0.121215
132.141 1.39626 -0.0996652
132.141 1.45973 -0.0777135
132.141 1.5232 -0.0554489
132.141 1.58666 -0.032961
132.141 1.65013 -0.0103405
132.141 1.7136 0.0123217
132.141 1.77706 0.0349343
132.141 1.84053 0.0574062
132.141 1.904 0.0796471
132.141 1.96746 0.101567
132.141 2.03093 0.123078
132.141 2.0944 0.144094
132.141 2.15786 0.164529
132.141 2.22133 0.184302
132.141 2.28479 0.203332
132.141 2.34826 0.221544
132.141 2.41173 0.238864
132.141 2.47519 0.255222
132.141 2.53866 0.270552
132.141 2.60213 0.284793
132.141 2.66559 0.297888
132.141 2.72906 0.309782
132.141 2.79253 0.32043
132.141 2.85599 0.329786
132.141 2.91946 0.337816
132.141 2.98293 0.344485
132.141 3.04639 0.349766
132.141 3.10986 0.35364
132.141 3.17333 0.356089
132.141 3.23679 0.357104
132.141 3.30026 0.356682
132.141 3.36373 0.354823
132.141 3.42719 0.351536
132.141 3.49066 0.346833
132.141 3.55413 0.340733
132.141 3.61759 0.333262
132.141 3.68106 0.324448
132.141 3.74452 0.314328
132.141 3.80799 0.302943
132.141 3.87146 0.290338
132.141 3.93492 0.276563
132.141 3.99839 0.261675
132.141 4.06186 0.245733
132.141 4.12532 0.228802
132.141 4.18879 0.210949
132.141 4.25226 0.192247
132.141 4.31572 0.172771
132.141 4.37919 0.152599
132.141 4.44266 0.131813
132.141 4.50612 0.110496
132.141 4.56959 0.088734
132.141 4.63306 0.0666149
132.141 4.69652 0.0442273
132.141 4.75999 0.0216615
132.141 4.82346 -0.000991144
132.141 4.88692 -0.02364
132.141 4.95039 -0.0461936
132.141 5.01385 -0.0685612
132.141 5.07732 -0.0906528
132.141 5.14079 -0.112379
132.141 5.20425 -0.133653
132.141 5.26772 -0.154389
132.141 5.33119 -0.174503
132.141 5.39465 -0.193915
132.141 5.45812 -0.212545
132.141 5.52159 -0.23032
132.141 5.58505 -0.247168
132.141 5.64852 -0.26302
132.141 5.71199 -0.277813
132.141 5.77545 -0.291487
132.141 5.83892 -0.303988
132.141 5.90239 -0.315265
132.141 5.96585 -0.325272
132.141 6.02932 -0.333969
132.141 6.09279 -0.341322
132.141 6.15625 -0.3473
132.141 6.21972 -0.35188
132.141 6.28319 -0.355043
133.142 0 0.054293
133.142 0.0634665 0.0233
133.142 0.126933 -0.00778681
133.142 0.1904 -0.0388422
133.142 0.253866 -0.0697412
133.142 0.317333 -0.10036
133.142 0.380799 -0.130574
133.142 0.444266 -0.160262
133.142 0.507732 -0.189305
133.142 0.571199 -0.217586
133.142 0.634665 -0.24499
133.142 0.698132 -0.271408
133.142 0.761598 -0.296734
133.142 0.825065 -0.320864
133.142 0.888531 -0.343702
133.142 0.951998 -0.365157
133.142 1.01546 -0.385141
133.142 1.07893 -0.403574
133.142 1.1424 -0.420383
133.142 1.20586 -0.435498
133.142 1.26933 -0.44886
133.142 1.3328 -0.460414
133.142 1.39626 -0.470115
133.142 1.45973 -0.477922
133.142 1.5232 -0.483806
133.142 1.58666 -0.48774
133.142 1.65013 -0.489711
133.142 1.7136 -0.489711
133.142 1.77706 -0.487738
133.142 1.84053 -0.483801
133.142 1.904 -0.477917
133.142 1.96746 -0.470107
133.142 2.03093 -0.460405
133.142 2.0944 -0.448849
133.142 2.15786 -0.435486
133.142 2.22133 -0.420369
133.142 2.28479 -0.403559
133.142 2.34826 -0.385125
133.142 2.41173 -0.365139
133.142 2.47519 -0.343684
133.142 2.53866 -0.320844
133.142 2.60213 -0.296713
133.142 2.66559 -0.271387
133.142 2.72906 -0.244967
133.142 2.79253 -0.217562
133.142 2.85599 -0.189281
133.142 2.91946 -0.160237
133.142 2.98293 -0.130548
133.142 3.04639 -0.100334
133.142 3.10986 -0.0697151
133.142 3.17333 -0.0388161
133.142 3.23679 -0.0077605
133.142 3.30026 0.0233262
133.142 3.36373 0.054319
133.142 3.42719 0.0850932
133.142 3.49066 0.115525
133.142 3.55413 0.145491
133.142 3.61759 0.174871
133.142 3.68106 0.203548
133.142 3.74452 0.231405
133.142 3.80799 0.258329
133.142 3.87146 0.284214
133.142 3.93492 0.308954
133.142 3.99839 0.33245
133.142 4.06186 0.354608
133.142 4.12532 0.375338
133.142 4.18879 0.394556
133.142 4.25226 0.412186
133.142 4.31572 0.428156
133.142 4.37919 0.442402
133.142 4.44266 0.454866
133.142 4.50612 0.465499
133.142 4.56959 0.474257
133.142 4.63306 0.481106
133.142 4.69652 0.486018
133.142 4.75999 0.488972
133.142 4.82346 0.489958
133.142 4.88692 0.48897
133.142 4.95039 0.486015
133.142 5.01385 0.481101
133.142 5.07732 0.474251
133.142 5.14079 0.465491
133.142 5.20425 0.454856
133.142 5.26772 0.44239
133.142 5.33119 0.428143
133.142 5.39465 0.412172
133.142 5.45812 0.394541
133.142 5.52159 0.375321
133.142 5.58505 0.35459
133.142 5.64852 0.332432
133.142 5.71199 0.308934
133.142 5.77545 0.284192
133.142 5.83892 0.258307
133.142 5.90239 0.231381
133.142 5.96585 0.203524
133.142 6.02932 0.174847
133.142 6.09279 0.145466
133.142 6.15625 0.115499
133.142 6.21972 0.0850673
133.142 6.28319 0.0542929
134.143 0 0.20785
134.143 0.0634665 0.195439
134.143 0.126933 0.182241
134.143 0.1904 0.168308
134.143 0.253866 0.153699
134.143 0.317333 0.13847
134.143 0.380799 0.122684
134.143 0.444266 0.106403
134.143 0.507732 0.0896945
134.143 0.571199 0.0726247
134.143 0.634665 0.0552622
134.143 0.698132 0.0376774
134.143 0.761598 0.0199408
134.143 0.825065 0.00212389
134.143 0.888531 -0.0157016
134.143 0.951998 -0.0334635
134.143 1.01546 -0.0510912
134.143 1.07893 -0.0685129
134.143 1.1424 -0.0856587
134.143 1.20586 -0.10246
134.143 1.26933 -0.118848
134.143 1.3328 -0.134758
134.143 1.39626 -0.150125
134.143 1.45973 -0.164888
134.143 1.5232 -0.178986
134.143 1.58666 -0.192364
134.143 1.65013 -0.204968
134.143 1.7136 -0.216746
134.143 1.77706 -0.227651
134.143 1.84053 -0.23764
134.143 1.904 -0.246672
134.143 1.96746 -0.25471
134.143 2.03093 -0.261723
134.143 2.0944 -0.267682
134.143 2.15786 -0.272563
134.143 2.22133 -0.276347
134.143 2.28479 -0.279018
134.143 2.34826 -0.280566
134.143 2.41173 -0.280983
134.143 2.47519 -0.280269
134.143 2.53866 -0.278427
134.143 2.60213 -0.275463
134.143 2.66559 -0.271391
134.143 2.72906 -0.266225
134.143 2.79253 -0.259988
134.143 2.85599 -0.252704
134.143 2.91946 -0.244402
134.143 2.98293 -0.235116
134.143 3.04639 -0.224883
134.143 3.10986 -0.213745
134.143 3.17333 -0.201746
134.143 3.23679 -0.188935
134.143 3.30026 -0.175363
134.143 3.36373 -0.161085
134.143 3.42719 -0.146158
134.143 3.49066 -0.130642
134.143 3.55413 -0.114601
134.143 3.61759 -0.0980982
134.143 3.68106 -0.0812003
134.143 3.74452 -0.0639757
134.143 3.80799 -0.0464934
134.143 3.87146 -0.0288235
134.143 3.93492 -0.0110378
134.143 3.99839 0.00679223
134.143 4.06186 0.024595
134.143 4.12532 0.0422987
134.143 4.18879 0.0598321
134.143 4.25226 0.0771248
134.143 4.31572 0.0941067
134.143 4.37919 0.11071
134.143 4.44266 0.126867
134.143 4.50612 0.142513
134.143 4.56959 0.157586
134.143 4.63306 0.172024
134.143 4.69652 0.185769
134.143 4.75999 0.198766
134.143 4.82346 0.210963
134.143 4.88692 0.222311
134.143 4.95039 0.232763
134.143 5.01385 0.242278
134.143 5.07732 0.250817
134.143 5.14079 0.258347
134.143 5.20425 0.264836
134.143 5.26772 0.270259
134.143 5.33119 0.274594
134.143 5.39465 0.277822
134.143 5.45812 0.279932
134.143 5.52159 0.280915
134.143 5.58505 0.280768
134.143 5.64852 0.279489
134.143 5.71199 0.277085
134.143 5.77545 0.273565
134.143 5.83892 0.268944
134.143 5.90239 0.263239
134.143 5.96585 0.256475
134.143 6.02932 0.248678
134.143 6.09279 0.23988
134.143 6.15625 0.230115
134.143 6.21972 0.219424
134.143 6.28319 0.20785
135.144 0 -0.204344
135.144 0.0634665 -0.201882
135.144 0.126933 -0.198608
135.144 0.1904 -0.194533
135.144 0.253866 -0.189676
135.144 0.317333 -0.184054
135.144 0.380799 -0.177692
135.144 0.444266 -0.170613
135.144 0.507732 -0.162849
135.144 0.571199 -0.154428
135.144 0.634665 -0.145385
135.144 0.698132 -0.135757
135.144 0.761598 -0.125583
135.144 0.825065 -0.114902
135.144 0.888531 -0.103759
135.144 0.951998 -0.0921987
135.144 1.01546 -0.0802665
135.144 1.07893 -0.0680112
135.144 1.1424 -0.0554822
135.144 1.20586 -0.0427297
135.144 1.26933 -0.029805
135.144 1.3328 -0.0167606
135.144 1.39626 -0.00364848
135.144 1.45973 0.00947828
135.144 1.5232 0.022567
135.144 1.58666 0.0355647
135.144 1.65013 0.0484192
135.144 1.7136 0.0610787
135.144 1.77706 0.0734922
135.144 1.84053 0.0856101
135.144 1.904 0.097383
135.144 1.96746 0.108764
135.144 2.03093 0.119707
135.144 2.0944 0.130168
135.144 2.15786 0.140104
135.144 2.22133 0.149477
135.144 2.28479 0.158248
135.144 2.34826 0.166381
135.144 2.41173 0.173845
135.144 2.47519 0.180608
135.144 2.53866 0.186644
135.144 2.60213 0.191929
135.144 2.66559 0.196441
135.144 2.72906 0.200162
135.144 2.79253 0.203077
135.144 2.85599 0.205174
135.144 2.91946 0.206445
135.144 2.98293 0.206885
135.144 3.04639 0.206491
135.144 3.10986 0.205267
135.144 3.17333 0.203215
135.144 3.23679 0.200346
135.144 3.30026 0.196669
135.144 3.36373 0.192201
135.144 3.42719 0.186959
135.144 3.49066 0.180964
135.144 3.55413 0.17424
135.144 3.61759 0.166815
135.144 3.68106 0.158718
135.144 3.74452 0.149982
135.144 3.80799 0.140642
135.144 3.87146 0.130736
135.144 3.93492 0.120303
135.144 3.99839 0.109386
135.144 4.06186 0.098028
135.144 4.12532 0.086276
135.144 4.18879 0.0741761
135.144 4.25226 0.0617778
135.144 4.31572 0.0491306
135.144 4.37919 0.0362857
135.144 4.44266 0.0232946
135.144 4.50612 0.0102097
135.144 4.56959 -0.00291634
135.144 4.63306 -0.0160306
135.144 4.69652 -0.0290804
135.144 4.75999 -0.042013
135.144 4.82346 -0.0547765
135.144 4.88692 -0.0673195
135.144 4.95039 -0.0795912
135.144 5.01385 -0.0915426
135.144 5.07732 -0.103125
135.144 5.14079 -0.114293
135.144 5.20425 -0.125
135.144 5.26772 -0.135204
135.144 5.33119 -0.144864
135.144 5.39465 -0.15394
135.144 5.45812 -0.162396
135.144 5.52159 -0.170198
135.144 5.58505 -0.177316
135.144 5.64852 -0.183719
135.144 5.71199 -0.189382
135.144 5.77545 -0.194283
135.144 5.83892 -0.198401
135.144 5.90239 -0.201721
135.144 5.96585 -0.204228
135.144 6.02932 -0.205913
135.144 6.09279 -0.206769
135.144 6.15625 -0.206792
135.144 6.21972 -0.205983
135.144 6.28319 -0.204344
136.145 0 -0.309729
136.145 0.0634665 -0.322985
136.145 0.126933 -0.334941
136.145 0.1904 -0.345547
136.145 0.253866 -0.354763
136.145 0.317333 -0.36255
136.145 0.380799 -0.368877
136.145 0.444266 -0.373718
136.145 0.507732 -0.377055
136.145 0.571199 -0.378874
136.145 0.634665 -0.379167
136.145 0.698132 -0.377933
136.145 0.761598 -0.375178
136.145 0.825065 -0.370911
136.145 0.888531 -0.365152
136.145 0.951998 -0.357921
136.145 1.01546 -0.34925
136.145 1.07893 -0.339173
136.145 1.1424 -0.327729
136.145 1.20586 -0.314966
136.145 1.26933 -0.300935
136.145 1.3328 -0.285692
136.145 1.39626 -0.269298
136.145 1.45973 -0.251821
136.145 1.5232 -0.233329
136.145 1.58666 -0.213898
136.145 1.65013 -0.193605
136.145 1.7136 -0.172533
136.145 1.77706 -0.150766
136.145 1.84053 -0.128392
136.145 1.904 -0.105501
136.145 1.96746 -0.0821849
136.145 2.03093 -0.0585382
136.145 2.0944 -0.0346558
136.145 2.15786 -0.0106337
136.145 2.22133 0.013431
136.145 2.28479 0.0374417
136.145 2.34826 0.0613015
136.145 2.41173 0.0849149
136.145 2.47519 0.108186
136.145 2.53866 0.131022
136.145 2.60213 0.15333
136.145 2.66559 0.17502
136.145 2.72906 0.196006
136.145 2.79253 0.216203
136.145 2.85599 0.235528
136.145 2.91946 0.253906
136.145 2.98293 0.271262
136.145 3.04639 0.287525
136.145 3.10986 0.30263
136.145 3.17333 0.316516
136.145 3.23679 0.329128
136.145 3.30026 0.340415
136.145 3.36373 0.350332
136.145 3.42719 0.358837
136.145 3.49066 0.365897
136.145 3.55413 0.371485
136.145 3.61759 0.375576
136.145 3.68106 0.378155
136.145 3.74452 0.379212
136.145 3.80799 0.378741
136.145 3.87146 0.376745
136.145 3.93492 0.373233
136.145 3.99839 0.368217
136.145 4.06186 0.361719
136.145 4.12532 0.353764
136.145 4.18879 0.344385
136.145 4.25226 0.333619
136.145 4.31572 0.32151
136.145 4.37919 0.308106
136.145 4.44266 0.293461
136.145 4.50612 0.277635
136.145 4.56959 0.260691
136.145 4.63306 0.242697
136.145 4.69652 0.223726
136.145 4.75999 0.203854
136.145 4.82346 0.183161
136.145 4.88692 0.161731
136.145 4.95039 0.139649
136.145 5.01385 0.117005
136.145 5.07732 0.0938901
136.145 5.14079 0.070397
136.145 5.20425 0.0466204
136.145 5.26772 0.0226562
136.145 5.33119 -0.00139955
136.145 5.39465 -0.0254492
136.145 5.45812 -0.0493966
136.145 5.52159 -0.0731451
136.145 5.58505 -0.0965992
136.145 5.64852 -0.119664
136.145 5.71199 -0.142247
136.145 5.77545 -0.164258
136.145 5.83892 -0.185607
136.145 5.90239 -0.206208
136.145 5.96585 -0.22598
136.145 6.02932 -0.244841
136.145 6.09279 -0.262716
136.145 6.15625 -0.279534
136.145 6.21972 -0.295226
136.145 6.28319 -0.309729
137.146 0 0.442464
137.146 0.0634665 0.439296
137.146 0.126933 0.434358
137.146 0.1904 0.427672
137.146 0.253866 0.419264
137.146 0.317333 0.409168
137.146 0.380799 0.397424
137.146 0.444266 0.38408
137.146 0.507732 0.369189
137.146 0.571199 0.352811
137.146 0.634665 0.335013
137.146 0.698132 0.315866
137.146 0.761598 0.295447
137.146 0.825065 0.273839
137.146 0.888531 0.251128
137.146 0.951998 0.227405
137.146 1.01546 0.202767
137.146 1.07893 0.177312
137.146 1.1424 0.151143
137.146 1.20586 0.124366
137.146 1.26933 0.0970884
137.146 1.3328 0.0694197
137.146 1.39626 0.0414712
137.146 1.45973 0.0133558
137.146 1.5232 -0.0148136
137.146 1.58666 -0.042923
137.146 1.65013 -0.0708597
137.146 1.7136 -0.0985111
137.146 1.77706 -0.125766
137.146 1.84053 -0.152514
137.146 1.904 -0.178648
137.146 1.96746 -0.204063
137.146 2.03093 -0.228656
137.146 2.0944 -0.252329
137.146 2.15786 -0.274985
137.146 2.22133 -0.296534
137.146 2.28479 -0.316889
137.146 2.34826 -0.335968
137.146 2.41173 -0.353695
137.146 2.47519 -0.369997
137.146 2.53866 -0.384809
137.146 2.60213 -0.398072
137.146 2.66559 -0.409731
137.146 2.72906 -0.419741
137.146 2.79253 -0.428061
137.146 2.85599 -0.434657
137.146 2.91946 -0.439503
137.146 2.98293 -0.442579
137.146 3.04639 -0.443874
137.146 3.10986 -0.443381
137.146 3.17333 -0.441102
137.146 3.23679 -0.437047
137.146 3.30026 -0.431233
137.146 3.36373 -0.423682
137.146 3.42719 -0.414425
137.146 3.49066 -0.403499
137.146 3.55413 -0.390948
137.146 3.61759 -0.376824
137.146 3.68106 -0.361182
137.146 3.74452 -0.344086
137.146 3.80799 -0.325604
137.146 3.87146 -0.305811
137.146 3.93492 -0.284786
137.146 3.99839 -0.262615
137.146 4.06186 -0.239387
137.146 4.12532 -0.215194
137.146 4.18879 -0.190135
137.146 4.25226 -0.164311
137.146 4.31572 -0.137824
137.146 4.37919 -0.110783
137.146 4.44266 -0.0832962
137.146 4.50612 -0.0554733
137.146 4.56959 -0.0274272
137.146 4.63306 0.000729179
137.146 4.69652 0.0288828
137.146 4.75999 0.05692
137.146 4.82346 0.084728
137.146 4.88692 0.112195
137.146 4.95039 0.13921
137.146 5.01385 0.165665
137.146 5.07732 0.191452
137.146 5.14079 0.216469
137.146 5.20425 0.240614
137.146 5.26772 0.26379
137.146 5.33119 0.285904
137.146 5.39465 0.306866
137.146 5.45812 0.326593
137.146 5.52159 0.345005
137.146 5.58505 0.362028
137.146 5.64852 0.377593
137.146 5.71199 0.391637
137.146 5.77545 0.404105
137.146 5.83892 0.414945
137.146 5.90239 0.424114
137.146 5.96585 0.431577
137.146 6.02932 0.437301
137.146 6.09279 0.441263
137.146 6.15625 0.44345
137.146 6.21972 0.443851
137.146 6.28319 0.442464
138.147 0 -0.0640596
138.147 0.0634665 -0.0839361
138.147 0.126933 -0.103475
138.147 0.1904 -0.122597
138.147 0.253866 -0.141225
138.147 0.317333 -0.159285
138.147 0.380799 -0.176703
138.147 0.444266 -0.19341
138.147 0.507732 -0.209338
138.147 0.571199 -0.224422
138.147 0.634665 -0.238604
138.147 0.698132 -0.251824
138.147 0.761598 -0.264031
138.147 0.825065 -0.275175
138.147 0.888531 -0.28521
138.147 0.951998 -0.294097
138.147 1.01546 -0.3018
138.147 1.07893 -0.308287
138.147 1.1424 -0.313533
138.147 1.20586 -0.317517
138.147 1.26933 -0.320222
138.147 1.3328 -0.321638
138.147 1.39626 -0.321758
138.147 1.45973 -0.320583
138.147 1.5232 -0.318117
138.147 1.58666 -0.31437
138.147 1.65013 -0.309357
138.147 1.7136 -0.303099
138.147 1.77706 -0.29562
138.147 1.84053 -0.286951
138.147 1.904 -0.277126
138.147 1.96746 -0.266186
138.147 2.03093 -0.254173
138.147 2.0944 -0.241137
138.147 2.15786 -0.22713
138.147 2.22133 -0.212209
138.147 2.28479 -0.196433
138.147 2.34826 -0.179866
138.147 2.41173 -0.162575
138.147 2.47519 -0.144629
138.147 2.53866 -0.126101
138.147 2.60213 -0.107065
138.147 2.66559 -0.0875982
138.147 2.72906 -0.0677784
138.147 2.79253 -0.0476858
138.147 2.85599 -0.0274011
138.147 2.91946 -0.00700604
138.147 2.98293 0.0134171
138.147 3.04639 0.0337864
138.147 3.10986 0.0540194
138.147 3.17333 0.0740353
138.147 3.23679 0.0937526
138.147 3.30026 0.113093
138.147 3.36373 0.131977
138.147 3.42719 0.15033
138.147 3.49066 0.168078
138.147 3.55413 0.18515
138.147 3.61759 0.201475
138.147 3.68106 0.216989
138.147 3.74452 0.23163
138.147 3.80799 0.245338
138.147 3.87146 0.258058
138.147 3.93492 0.269739
138.147 3.99839 0.280333
138.147 4.06186 0.289799
138.147 4.12532 0.298098
138.147 4.18879 0.305197
138.147 4.25226 0.311067
138.147 4.31572 0.315684
138.147 4.37919 0.31903
138.147 4.44266 0.321091
138.147 4.50612 0.32186
138.147 4.56959 0.321332
138.147 4.63306 0.319511
138.147 4.69652 0.316403
138.147 4.75999 0.312021
138.147 4.82346 0.306382
138.147 4.88692 0.29951
138.147 4.95039 0.291432
138.147 5.01385 0.282181
138.147 5.07732 0.271793
138.147 5.14079 0.26031
138.147 5.20425 0.24778
138.147 5.26772 0.234252
138.147 5.33119 0.21978
138.147 5.39465 0.204424
138.147 5.45812 0.188244
138.147 5.52159 0.171307
138.147 5.58505 0.15368
138.147 5.64852 0.135433
138.147 5.71199 0.116642
138.147 5.77545 0.0973808
138.147 5.83892 0.0777275
138.147 5.90239 0.0577611
138.147 5.96585 0.0375623
138.147 6.02932 0.0172121
138.147 6.09279 -0.00320717
138.147 6.15625 -0.0236137
138.147 6.21972 -0.0439251
138.147 6.28319 -0.0640596
139.148 0 0.169183
139.148 0.0634665 0.155849
139.148 0.126933 0.141888
139.148 0.1904 0.127355
139.148 0.253866 0.11231
139.148 0.317333 0.0968122
139.148 0.380799 0.0809247
139.148 0.444266 0.0647113
139.148 0.507732 0.0482374
139.148 0.571199 0.0315692
139.148 0.634665 0.014774
139.148 0.698132 -0.00208071
139.148 0.761598 -0.0189271
139.148 0.825065 -0.0356973
139.148 0.888531 -0.0523237
139.148 0.951998 -0.0687394
139.148 1.01546 -0.0848783
139.148 1.07893 -0.100675
139.148 1.1424 -0.116067
139.148 1.20586 -0.130992
139.148 1.26933 -0.145389
139.148 1.3328 -0.1592
139.148 1.39626 -0.172371
139.148 1.45973 -0.184847
139.148 1.5232 -0.196579
139.148 1.58666 -0.20752
139.148 1.65013 -0.217625
139.148 1.7136 -0.226853
139.148 1.77706 -0.235169
139.148 1.84053 -0.242537
139.148 1.904 -0.248928
139.148 1.96746 -0.254318
139.148 2.03093 -0.258683
139.148 2.0944 -0.262007
139.148 2.15786 -0.264275
139.148 2.22133 -0.265479
139.148 2.28479 -0.265615
139.148 2.34826 -0.264681
139.148 2.41173 -0.262681
139.148 2.47519 -0.259623
139.148 2.53866 -0.255521
139.148 2.60213 -0.250389
139.148 2.66559 -0.244249
139.148 2.72906 -0.237125
139.148 2.79253 -0.229046
139.148 2.85599 -0.220046
139.148 2.91946 -0.210159
139.148 2.98293 -0.199426
139.148 3.04639 -0.18789
139.148 3.10986 -0.175598
139.148 3.17333 -0.162598
139.148 3.23679 -0.148943
139.148 3.30026 -0.134689
139.148 3.36373 -0.119893
139.148 3.42719 -0.104613
139.148 3.49066 -0.0889131
139.148 3.55413 -0.0728546
139.148 3.61759 -0.0565027
139.148 3.68106 -0.0399234
139.148 3.74452 -0.0231834
139.148 3.80799 -0.00634987
139.148 3.87146 0.0105093
139.148 3.93492 0.0273261
139.148 3.99839 0.0440326
139.148 4.06186 0.0605621
139.148 4.12532 0.0768477
139.148 4.18879 0.0928238
139.148 4.25226 0.108426
139.148 4.31572 0.123592
139.148 4.37919 0.13826
139.148 4.44266 0.152371
139.148 4.50612 0.165869
139.148 4.56959 0.178699
139.148 4.63306 0.190809
139.148 4.69652 0.202151
139.148 4.75999 0.212679
139.148 4.82346 0.222351
139.148 4.88692 0.231127
139.148 4.95039 0.238973
139.148 5.01385 0.245856
139.148 5.07732 0.25175
139.148 5.14079 0.256629
139.148 5.20425 0.260476
139.148 5.26772 0.263273
139.148 5.33119 0.265011
139.148 5.39465 0.265681
139.148 5.45812 0.265282
139.148 5.52159 0.263814
139.148 5.58505 0.261284
139.148 5.64852 0.257702
139.148 5.71199 0.253082
139.148 5.77545 0.247443
139.148 5.83892 0.240808
139.148 5.90239 0.233203
139.148 5.96585 0.224659
139.148 6.02932 0.215211
139.148 6.09279 0.204896
139.148 6.15625 0.193756
139.148 6.21972 0.181835
139.148 6.28319 0.169183
140.149 0 0.0605705
140.149 0.0634665 0.0387375
140.149 0.126933 0.0167488
140.149 0.1904 -0.0053075
140.149 0.253866 -0.0273426
140.149 0.317333 -0.0492672
140.149 0.380799 -0.0709938
140.149 0.444266 -0.0924343
140.149 0.507732 -0.113503
140.149 0.571199 -0.134114
140.149 0.634665 -0.154185
140.149 0.698132 -0.173636
140.149 0.761598 -0.192387
140.149 0.825065 -0.210364
140.149 0.888531 -0.227493
140.149 0.951998 -0.243706
140.149 1.01546 -0.258939
140.149 1.07893 -0.273128
140.149 1.1424 -0.286218
140.149 1.20586 -0.298155
140.149 1.26933 -0.308892
140.149 1.3328 -0.318385
140.149 1.39626 -0.326596
140.149 1.45973 -0.333492
140.149 1.5232 -0.339045
140.149 1.58666 -0.343232
140.149 1.65013 -0.346038
140.149 1.7136 -0.34745
140.149 1.77706 -0.347463
140.149 1.84053 -0.346077
140.149 1.904 -0.343298
140.149 1.96746 -0.339136
140.149 2.03093 -0.333609
140.149 2.0944 -0.326738
140.149 2.15786 -0.318552
140.149 2.22133 -0.309083
140.149 2.28479 -0.298369
140.149 2.34826 -0.286454
140.149 2.41173 -0.273386
140.149 2.47519 -0.259216
140.149 2.53866 -0.244003
140.149 2.60213 -0.227808
140.149 2.66559 -0.210695
140.149 2.72906 -0.192733
140.149 2.79253 -0.173996
140.149 2.85599 -0.154558
140.149 2.91946 -0.134498
140.149 2.98293 -0.113896
140.149 3.04639 -0.0928351
140.149 3.10986 -0.0714008
140.149 3.17333 -0.049679
140.149 3.23679 -0.0277572
140.149 3.30026 -0.00572342
140.149 3.36373 0.0163332
140.149 3.42719 0.0383242
140.149 3.49066 0.0601608
140.149 3.55413 0.0817551
140.149 3.61759 0.10302
140.149 3.68106 0.123871
140.149 3.74452 0.144222
140.149 3.80799 0.163993
140.149 3.87146 0.183104
140.149 3.93492 0.201477
140.149 3.99839 0.219039
140.149 4.06186 0.235719
140.149 4.12532 0.25145
140.149 4.18879 0.266168
140.149 4.25226 0.279814
140.149 4.31572 0.292334
140.149 4.37919 0.303677
140.149 4.44266 0.313796
140.149 4.50612 0.322653
140.149 4.56959 0.33021
140.149 4.63306 0.336437
140.149 4.69652 0.34131
140.149 4.75999 0.344809
140.149 4.82346 0.346919
140.149 4.88692 0.347632
140.149 4.95039 0.346945
140.149 5.01385 0.344861
140.149 5.07732 0.341389
140.149 5.14079 0.336542
140.149 5.20425 0.33034
140.149 5.26772 0.322807
140.149 5.33119 0.313975
140.149 5.39465 0.303879
140.149 5.45812 0.292559
140.149 5.52159 0.280061
140.149 5.58505 0.266435
140.149 5.64852 0.251737
140.149 5.71199 0.236024
140.149 5.77545 0.219362
140.149 5.83892 0.201816
140.149 5.90239 0.183457
140.149 5.96585 0.16436
140.149 6.02932 0.144601
140.149 6.09279 0.124259
140.149 6.15625 0.103418
140.149 6.21972 0.0821594
140.149 6.28319 0.0605704
141.15 0 0.0301682
141.15 0.0634665 0.00914711
141.15 0.126933 -0.0119107
141.15 0.1904 -0.0329206
141.15 0.253866 -0.0537978
141.15 0.317333 -0.0744587
141.15 0.380799 -0.0948196
141.15 0.444266 -0.114799
141.15 0.507732 -0.134316
141.15 0.571199 -0.153291
141.15 0.634665 -0.17165
141.15 0.698132 -0.189318
141.15 0.761598 -0.206223
141.15 0.825065 -0.222298
141.15 0.888531 -0.237478
141.15 0.951998 -0.251701
141.15 1.01546 -0.264911
141.15 1.07893 -0.277055
141.15 1.1424 -0.288082
141.15 1.20586 -0.29795
141.15 1.26933 -0.306618
141.15 1.3328 -0.314052
141.15 1.39626 -0.32022
141.15 1.45973 -0.325099
141.15 1.5232 -0.328669
141.15 1.58666 -0.330917
141.15 1.65013 -0.331831
141.15 1.7136 -0.331409
141.15 1.77706 -0.329653
141.15 1.84053 -0.326569
141.15 1.904 -0.322171
141.15 1.96746 -0.316475
141.15 2.03093 -0.309504
141.15 2.0944 -0.301288
141.15 2.15786 -0.291858
141.15 2.22133 -0.281253
141.15 2.28479 -0.269516
141.15 2.34826 -0.256693
141.15 2.41173 -0.242837
141.15 2.47519 -0.228003
141.15 2.53866 -0.212251
141.15 2.60213 -0.195644
141.15 2.66559 -0.178249
141.15 2.72906 -0.160137
141.15 2.79253 -0.14138
141.15 2.85599 -0.122053
141.15 2.91946 -0.102235
141.15 2.98293 -0.0820055
141.15 3.04639 -0.0614458
141.15 3.10986 -0.0406384
141.15 3.17333 -0.0196678
141.15 3.23679 0.00138246
141.15 3.30026 0.0224266
141.15 3.36373 0.0433811
141.15 3.42719 0.0641606
141.15 3.49066 0.0846816
141.15 3.55413 0.104862
141.15 3.61759 0.12462
141.15 3.68106 0.143876
141.15 3.74452 0.162553
141.15 3.80799 0.180575
141.15 3.87146 0.19787
141.15 3.93492 0.214369
141.15 3.99839 0.230004
141.15 4.06186 0.244713
141.15 4.12532 0.258436
141.15 4.18879 0.27112
141.15 4.25226 0.282711
141.15 4.31572 0.293164
141.15 4.37919 0.302437
141.15 4.44266 0.310491
141.15 4.50612 0.317296
141.15 4.56959 0.322822
141.15 4.63306 0.327049
141.15 4.69652 0.32996
141.15 4.75999 0.331541
141.15 4.82346 0.331787
141.15 4.88692 0.330697
141.15 4.95039 0.328276
141.15 5.01385 0.324533
141.15 5.07732 0.319483
141.15 5.14079 0.313147
141.15 5.20425 0.30555
141.15 5.26772 0.296722
141.15 5.33119 0.2867
141.15 5.39465 0.275523
141.15 5.45812 0.263237
141.15 5.52159 0.249891
141.15 5.58505 0.235538
141.15 5.64852 0.220238
141.15 5.71199 0.20405
141.15 5.77545 0.187041
141.15 5.83892 0.169278
141.15 5.90239 0.150834
141.15 5.96585 0.131783
141.15 6.02932 0.112201
141.15 6.09279 0.0921666
141.15 6.15625 0.0717617
141.15 6.21972 0.0510677
141.15 6.28319 0.0301681
142.151 0 0.0222444
142.151 0.0634665 0.0230037
142.151 0.126933 0.0236706
142.151 0.1904 0.0242418
142.151 0.253866 0.0247156
142.151 0.317333 0.02509
142.151 0.380799 0.0253633
142.151 0.444266 0.0255343
142.151 0.507732 0.0256026
142.151 0.571199 0.0255679
142.151 0.634665 0.0254301
142.151 0.698132 0.0251901
142.151 0.761598 0.0248484
142.151 0.825065 0.0244066
142.151 0.888531 0.0238667
142.151 0.951998 0.0232309
142.151 1.01546 0.0225013
142.151 1.07893 0.0216811
142.151 1.1424 0.0207737
142.151 1.20586 0.0197826
142.151 1.26933 0.0187118
142.151 1.3328 0.0175656
142.151 1.39626 0.0163489
142.151 1.45973 0.0150662
142.151 1.5232 0.0137228
142.151 1.58666 0.0123243
142.151 1.65013 0.010876
142.151 1.7136 0.00938404
142.151 1.77706 0.00785419
142.151 1.84053 0.00629274
142.151 1.904 0.00470603
142.151 1.96746 0.00310038
142.151 2.03093 0.00148203
142.151 2.0944 -0.000142084
142.151 2.15786 -0.00176555
142.151 2.22133 -0.00338214
142.151 2.28479 -0.0049851
142.151 2.34826 -0.00656783
142.151 2.41173 -0.00812409
142.151 2.47519 -0.00964807
142.151 2.53866 -0.0111328
142.151 2.60213 -0.0125726
142.151 2.66559 -0.0139621
142.151 2.72906 -0.0152948
142.151 2.79253 -0.0165664
142.151 2.85599 -0.0177712
142.151 2.91946 -0.0189046
142.151 2.98293 -0.0199616
142.151 3.04639 -0.0209384
142.151 3.10986 -0.0218309
142.151 3.17333 -0.0226355
142.151 3.23679 -0.0233485
142.151 3.30026 -0.0239684
142.151 3.36373 -0.0244909
142.151 3.42719 -0.0249154
142.151 3.49066 -0.0252394
142.151 3.55413 -0.0254616
142.151 3.61759 -0.0255812
142.151 3.68106 -0.0255981
142.151 3.74452 -0.0255117
142.151 3.80799 -0.0253229
142.151 3.87146 -0.0250318
142.151 3.93492 -0.0246397
142.151 3.99839 -0.0241489
142.151 4.06186 -0.0235607
142.151 4.12532 -0.0228774
142.151 4.18879 -0.0221024
142.151 4.25226 -0.0212382
142.151 4.31572 -0.0202883
142.151 4.37919 -0.0192568
142.151 4.44266 -0.0181479
142.151 4.50612 -0.0169658
142.151 4.56959 -0.0157154
142.151 4.63306 -0.0144017
142.151 4.69652 -0.01303
142.151 4.75999 -0.0116061
142.151 4.82346 -0.0101351
142.151 4.88692 -0.00862339
142.151 4.95039 -0.007077
142.151 5.01385 -0.0055022
142.151 5.07732 -0.0039052
142.151 5.14079 -0.00229247
142.151 5.20425 -0.000670276
142.151 5.26772 0.0009544
142.151 5.33119 0.00257524
142.151 5.39465 0.00418577
142.151 5.45812 0.00577929
142.151 5.52159 0.00734978
142.151 5.58505 0.00889045
142.151 5.64852 0.0103954
142.151 5.71199 0.0118585
142.151 5.77545 0.013274
142.151 5.83892 0.0146357
142.151 5.90239 0.0159385
142.151 5.96585 0.0171776
142.151 6.02932 0.0183472
142.151 6.09279 0.0194429
142.151 6.15625 0.0204606
142.151 6.21972 0.0213956
142.151 6.28319 0.0222443
143.152 0 -0.0557208
143.152 0.0634665 -0.0412487
143.152 0.126933 -0.0266107
143.152 0.1904 -0.0118653
143.152 0.253866 0.0029278
143.152 0.317333 0.0177091
143.152 0.380799 0.0324189
143.152 0.444266 0.0469983
143.152 0.507732 0.0613885
143.152 0.571199 0.0755315
143.152 0.634665 0.0893704
143.152 0.698132 0.102849
143.152 0.761598 0.115914
143.152 0.825065 0.128512
143.152 0.888531 0.140593
143.152 0.951998 0.152107
143.152 1.01546 0.163009
143.152 1.07893 0.173255
143.152 1.1424 0.182803
143.152 1.20586 0.191615
143.152 1.26933 0.199655
143.152 1.3328 0.206892
143.152 1.39626 0.213295
143.152 1.45973 0.21884
143.152 1.5232 0.223503
143.152 1.58666 0.227266
143.152 1.65013 0.230114
143.152 1.7136 0.232036
143.152 1.77706 0.233023
143.152 1.84053 0.233072
143.152 1.904 0.232183
143.152 1.96746 0.230358
143.152 2.03093 0.227606
143.152 2.0944 0.223938
143.152 2.15786 0.219368
143.152 2.22133 0.213914
143.152 2.28479 0.207599
143.152 2.34826 0.200448
143.152 2.41173 0.19249
143.152 2.47519 0.183757
143.152 2.53866 0.174284
143.152 2.60213 0.164109
143.152 2.66559 0.153274
143.152 2.72906 0.141821
143.152 2.79253 0.129797
143.152 2.85599 0.117251
143.152 2.91946 0.104232
143.152 2.98293 0.090794
143.152 3.04639 0.0769901
143.152 3.10986 0.0628763
143.152 3.17333 0.0485093
143.152 3.23679 0.033947
143.152 3.30026 0.0192478
143.152 3.36373 0.00447112
143.152 3.42719 -0.0103235
143.152 3.49066 -0.0250766
143.152 3.55413 -0.0397286
143.152 3.61759 -0.0542208
143.152 3.68106 -0.0684946
143.152 3.74452 -0.0824925
143.152 3.80799 -0.0961581
143.152 3.87146 -0.109437
143.152 3.93492 -0.122275
143.152 3.99839 -0.13462
143.152 4.06186 -0.146424
143.152 4.12532 -0.157638
143.152 4.18879 -0.168217
143.152 4.25226 -0.178119
143.152 4.31572 -0.187303
143.152 4.37919 -0.195734
143.152 4.44266 -0.203376
143.152 4.50612 -0.210199
143.152 4.56959 -0.216176
143.152 4.63306 -0.221282
143.152 4.69652 -0.225498
143.152 4.75999 -0.228806
143.152 4.82346 -0.231192
143.152 4.88692 -0.232647
143.152 4.95039 -0.233165
143.152 5.01385 -0.232744
143.152 5.07732 -0.231387
143.152 5.14079 -0.229097
143.152 5.20425 -0.225886
143.152 5.26772 -0.221764
143.152 5.33119 -0.21675
143.152 5.39465 -0.210863
143.152 5.45812 -0.204127
143.152 5.52159 -0.196568
143.152 5.58505 -0.188218
143.152 5.64852 -0.179111
143.152 5.71199 -0.169282
143.152 5.77545 -0.158772
143.152 5.83892 -0.147622
143.152 5.90239 -0.135878
143.152 5.96585 -0.123586
143.152 6.02932 -0.110798
143.152 6.09279 -0.0975622
143.152 6.15625 -0.0839343
143.152 6.21972 -0.0699683
143.152 6.28319 -0.0557207
144.153 0 0.259581
144.153 0.0634665 0.237961
144.153 0.126933 0.215384
144.153 0.1904 0.191939
144.153 0.253866 0.167721
144.153 0.317333 0.142827
144.153 0.380799 0.117359
144.153 0.444266 0.0914179
144.153 0.507732 0.0651089
144.153 0.571199 0.0385376
144.153 0.634665 0.0118111
144.153 0.698132 -0.0149628
144.153 0.761598 -0.0416767
144.153 0.825065 -0.0682225
144.153 0.888531 -0.0944938
144.153 0.951998 -0.120385
144.153 1.01546 -0.145791
144.153 1.07893 -0.170609
144.153 1.1424 -0.194742
144.153 1.20586 -0.218089
144.153 1.26933 -0.240559
144.153 1.3328 -0.26206
144.153 1.39626 -0.282506
144.153 1.45973 -0.301814
144.153 1.5232 -0.319907
144.153 1.58666 -0.336712
144.153 1.65013 -0.352161
144.153 1.7136 -0.366192
144.153 1.77706 -0.378748
144.153 1.84053 -0.389779
144.153 1.904 -0.399241
144.153 1.96746 -0.407095
144.153 2.03093 -0.41331
144.153 2.0944 -0.417861
144.153 2.15786 -0.420729
144.153 2.22133 -0.421903
144.153 2.28479 -0.421378
144.153 2.34826 -0.419157
144.153 2.41173 -0.415247
144.153 2.47519 -0.409666
144.153 2.53866 -0.402435
144.153 2.60213 -0.393583
144.153 2.66559 -0.383147
144.153 2.72906 -0.371168
144.153 2.79253 -0.357695
144.153 2.85599 -0.34278
144.153 2.91946 -0.326486
144.153 2.98293 -0.308877
144.153 3.04639 -0.290025
144.153 3.10986 -0.270004
144.153 3.17333 -0.248897
144.153 3.23679 -0.226787
144.153 3.30026 -0.203764
144.153 3.36373 -0.17992
144.153 3.42719 -0.155352
144.153 3.49066 -0.130159
144.153 3.55413 -0.104441
144.153 3.61759 -0.0783028
144.153 3.68106 -0.0518492
144.153 3.74452 -0.0251871
144.153 3.80799 0.00157661
144.153 3.87146 0.028334
144.153 3.93492 0.0549773
144.153 3.99839 0.0813991
144.153 4.06186 0.107493
144.153 4.12532 0.133155
144.153 4.18879 0.15828
144.153 4.25226 0.182767
144.153 4.31572 0.206519
144.153 4.37919 0.22944
144.153 4.44266 0.251436
144.153 4.50612 0.27242
144.153 4.56959 0.292307
144.153 4.63306 0.311017
144.153 4.69652 0.328475
144.153 4.75999 0.34461
144.153 4.82346 0.359357
144.153 4.88692 0.372657
144.153 4.95039 0.384457
144.153 5.01385 0.394709
144.153 5.07732 0.403371
144.153 5.14079 0.410409
144.153 5.20425 0.415795
144.153 5.26772 0.419506
144.153 5.33119 0.421528
144.153 5.39465 0.421853
144.153 5.45812 0.420479
144.153 5.52159 0.417412
144.153 5.58505 0.412665
144.153 5.64852 0.406255
144.153 5.71199 0.39821
144.153 5.77545 0.388561
144.153 5.83892 0.377348
144.153 5.90239 0.364615
144.153 5.96585 0.350414
144.153 6.02932 0.334802
144.153 6.09279 0.317842
144.153 6.15625 0.299602
144.153 6.21972 0.280156
144.153 6.28319 0.259581
145.154 0 -0.0293318
145.154 0.0634665 -0.0225538
145.154 0.126933 -0.0156847
145.154 0.1904 -0.0087523
145.154 0.253866 -0.00178465
145.154 0.317333 0.00518976
145.154 0.380799 0.0121436
145.154 0.444266 0.0190487
145.154 0.507732 0.0258768
145.154 0.571199 0.0326008
145.154 0.634665 0.0391937
145.154 0.698132 0.0456284
145.154 0.761598 0.0518797
145.154 0.825065 0.0579221
145.154 0.888531 0.0637311
145.154 0.951998 0.0692835
145.154 1.01546 0.074557
145.154 1.07893 0.0795302
145.154 1.1424 0.0841832
145.154 1.20586 0.0884973
145.154 1.26933 0.0924549
145.154 1.3328 0.0960404
145.154 1.39626 0.0992391
145.154 1.45973 0.102038
145.154 1.5232 0.104426
145.154 1.58666 0.106394
145.154 1.65013 0.107933
145.154 1.7136 0.109038
145.154 1.77706 0.109704
145.154 1.84053 0.109928
145.154 1.904 0.109709
145.154 1.96746 0.109048
145.154 2.03093 0.107949
145.154 2.0944 0.106414
145.154 2.15786 0.104452
145.154 2.22133 0.102068
145.154 2.28479 0.0992736
145.154 2.34826 0.0960799
145.154 2.41173 0.092499
145.154 2.47519 0.0885455
145.154 2.53866 0.0842354
145.154 2.60213 0.0795865
145.154 2.66559 0.0746171
145.154 2.72906 0.0693468
145.154 2.79253 0.0637975
145.154 2.85599 0.0579909
145.154 2.91946 0.0519517
145.154 2.98293 0.0457029
145.154 3.04639 0.0392694
145.154 3.10986 0.0326784
145.154 3.17333 0.025956
145.154 3.23679 0.0191289
145.154 3.30026 0.0122248
145.154 3.36373 0.00527153
145.154 3.42719 -0.00170324
145.154 3.49066 -0.0086712
145.154 3.55413 -0.0156039
145.154 3.61759 -0.022474
145.154 3.68106 -0.0292536
145.154 3.74452 -0.0359154
145.154 3.80799 -0.0424324
145.154 3.87146 -0.0487786
145.154 3.93492 -0.0549284
145.154 3.99839 -0.0608571
145.154 4.06186 -0.0665408
145.154 4.12532 -0.0719565
145.154 4.18879 -0.0770824
145.154 4.25226 -0.081898
145.154 4.31572 -0.0863837
145.154 4.37919 -0.0905216
145.154 4.44266 -0.0942951
145.154 4.50612 -0.0976889
145.154 4.56959 -0.100689
145.154 4.63306 -0.103284
145.154 4.69652 -0.105463
145.154 4.75999 -0.107218
145.154 4.82346 -0.10854
145.154 4.88692 -0.109426
145.154 4.95039 -0.109871
145.154 5.01385 -0.109874
145.154 5.07732 -0.109434
145.154 5.14079 -0.108553
145.154 5.20425 -0.107236
145.154 5.26772 -0.105486
145.154 5.33119 -0.103312
145.154 5.39465 -0.100722
145.154 5.45812 -0.0977266
145.154 5.52159 -0.0943367
145.154 5.58505 -0.0905676
145.154 5.64852 -0.0864342
145.154 5.71199 -0.0819523
145.154 5.77545 -0.0771402
145.154 5.83892 -0.072018
145.154 5.90239 -0.0666056
145.154 5.96585 -0.0609247
145.154 6.02932 -0.054999
145.154 6.09279 -0.0488519
145.154 6.15625 -0.0425076
145.154 6.21972 -0.0359923
145.154 6.28319 -0.0293318
146.155 0 0.502215
146.155 0.0634665 0.50085
146.155 0.126933 0.497469
146.155 0.1904 0.492085
146.155 0.253866 0.484718
146.155 0.317333 0.475401
146.155 0.380799 0.464169
146.155 0.444266 0.451068
146.155 0.507732 0.436151
146.155 0.571199 0.419477
146.155 0.634665 0.401114
146.155 0.698132 0.381137
146.155 0.761598 0.359624
146.155 0.825065 0.336664
146.155 0.888531 0.312348
146.155 0.951998 0.286774
146.155 1.01546 0.260045
146.155 1.07893 0.23227
146.155 1.1424 0.203559
146.155 1.20586 0.174028
146.155 1.26933 0.143797
146.155 1.3328 0.112986
146.155 1.39626 0.0817207
146.155 1.45973 0.0501264
146.155 1.5232 0.0183301
146.155 1.58666 -0.0135401
146.155 1.65013 -0.0453555
146.155 1.7136 -0.0769885
146.155 1.77706 -0.108311
146.155 1.84053 -0.139198
146.155 1.904 -0.169525
146.155 1.96746 -0.199168
146.155 2.03093 -0.22801
146.155 2.0944 -0.255934
146.155 2.15786 -0.282827
146.155 2.22133 -0.30858
146.155 2.28479 -0.333092
146.155 2.34826 -0.356263
146.155 2.41173 -0.377998
146.155 2.47519 -0.398212
146.155 2.53866 -0.416823
146.155 2.60213 -0.433754
146.155 2.66559 -0.44894
146.155 2.72906 -0.462317
146.155 2.79253 -0.473833
146.155 2.85599 -0.483442
146.155 2.91946 -0.491102
146.155 2.98293 -0.496787
146.155 3.04639 -0.500471
146.155 3.10986 -0.502139
146.155 3.17333 -0.501785
146.155 3.23679 -0.499411
146.155 3.30026 -0.495026
146.155 3.36373 -0.488647
146.155 3.42719 -0.480302
146.155 3.49066 -0.470021
146.155 3.55413 -0.457849
146.155 3.61759 -0.443833
146.155 3.68106 -0.428029
146.155 3.74452 -0.410502
146.155 3.80799 -0.391323
146.155 3.87146 -0.370567
146.155 3.93492 -0.348319
146.155 3.99839 -0.324669
146.155 4.06186 -0.299712
146.155 4.12532 -0.273547
146.155 4.18879 -0.246281
146.155 4.25226 -0.218024
146.155 4.31572 -0.188888
146.155 4.37919 -0.158992
146.155 4.44266 -0.128456
146.155 4.50612 -0.0974025
146.155 4.56959 -0.0659569
146.155 4.63306 -0.0342456
146.155 4.69652 -0.00239625
146.155 4.75999 0.0294626
146.155 4.82346 0.0612028
146.155 4.88692 0.0926966
146.155 4.95039 0.123817
146.155 5.01385 0.154439
146.155 5.07732 0.184439
146.155 5.14079 0.213697
146.155 5.20425 0.242093
146.155 5.26772 0.269516
146.155 5.33119 0.295852
146.155 5.39465 0.320998
146.155 5.45812 0.344851
146.155 5.52159 0.367315
146.155 5.58505 0.388301
146.155 5.64852 0.407723
146.155 5.71199 0.425502
146.155 5.77545 0.441569
146.155 5.83892 0.455858
146.155 5.90239 0.468311
146.155 5.96585 0.478879
146.155 6.02932 0.487517
146.155 6.09279 0.494194
146.155 6.15625 0.49888
146.155 6.21972 0.501557
146.155 6.28319 0.502215
147.156 0 0.0100139
147.156 0.0634665 0.0294849
147.156 0.126933 0.0488374
147.156 0.1904 0.0679932
147.156 0.253866 0.0868752
147.156 0.317333 0.105407
147.156 0.380799 0.123515
147.156 0.444266 0.141126
147.156 0.507732 0.158168
147.156 0.571199 0.174573
147.156 0.634665 0.190275
147.156 0.698132 0.205211
147.156 0.761598 0.219321
147.156 0.825065 0.232548
147.156 0.888531 0.244838
147.156 0.951998 0.256143
147.156 1.01546 0.266416
147.156 1.07893 0.275616
147.156 1.1424 0.283706
147.156 1.20586 0.290655
147.156 1.26933 0.296432
147.156 1.3328 0.301017
147.156 1.39626 0.304388
147.156 1.45973 0.306535
147.156 1.5232 0.307447
147.156 1.58666 0.307121
147.156 1.65013 0.305558
147.156 1.7136 0.302765
147.156 1.77706 0.298753
147.156 1.84053 0.293538
147.156 1.904 0.287141
147.156 1.96746 0.279588
147.156 2.03093 0.270909
147.156 2.0944 0.261139
147.156 2.15786 0.250317
147.156 2.22133 0.238488
147.156 2.28479 0.225698
147.156 2.34826 0.212
147.156 2.41173 0.197448
147.156 2.47519 0.1821
147.156 2.53866 0.16602
147.156 2.60213 0.149271
147.156 2.66559 0.131921
147.156 2.72906 0.11404
147.156 2.79253 0.0956993
147.156 2.85599 0.0769735
147.156 2.91946 0.0579378
147.156 2.98293 0.0386687
147.156 3.04639 0.0192441
147.156 3.10986 -0.000258019
147.156 3.17333 -0.0197593
147.156 3.23679 -0.0391808
147.156 3.30026 -0.0584447
147.156 3.36373 -0.0774733
147.156 3.42719 -0.0961897
147.156 3.49066 -0.114519
147.156 3.55413 -0.132387
147.156 3.61759 -0.149722
147.156 3.68106 -0.166454
147.156 3.74452 -0.182516
147.156 3.80799 -0.197843
147.156 3.87146 -0.212373
147.156 3.93492 -0.226048
147.156 3.99839 -0.238813
147.156 4.06186 -0.250617
147.156 4.12532 -0.261411
147.156 4.18879 -0.271152
147.156 4.25226 -0.279802
147.156 4.31572 -0.287325
147.156 4.37919 -0.293691
147.156 4.44266 -0.298875
147.156 4.50612 -0.302855
147.156 4.56959 -0.305615
147.156 4.63306 -0.307145
147.156 4.69652 -0.307439
147.156 4.75999 -0.306494
147.156 4.82346 -0.304315
147.156 4.88692 -0.300911
147.156 4.95039 -0.296295
147.156 5.01385 -0.290486
147.156 5.07732 -0.283507
147.156 5.14079 -0.275387
147.156 5.20425 -0.266158
147.156 5.26772 -0.255857
147.156 5.33119 -0.244526
147.156 5.39465 -0.23221
147.156 5.45812 -0.218959
147.156 5.52159 -0.204827
147.156 5.58505 -0.18987
147.156 5.64852 -0.174148
147.156 5.71199 -0.157725
147.156 5.77545 -0.140667
147.156 5.83892 -0.123042
147.156 5.90239 -0.104922
147.156 5.96585 -0.08638
147.156 6.02932 -0.0674897
147.156 6.09279 -0.0483277
147.156 6.15625 -0.0289711
147.156 6.21972 -0.00949768
147.156 6.28319 0.0100139
148.157 0 -0.0733766
148.157 0.0634665 -0.071921
148.157 0.126933 -0.0701761
148.157 0.1904 -0.0681483
148.157 0.253866 -0.0658462
148.157 0.317333 -0.063279
148.157 0.380799 -0.0604567
148.157 0.444266 -0.0573915
148.157 0.507732 -0.0540949
148.157 0.571199 -0.0505804
148.157 0.634665 -0.0468623
148.157 0.698132 -0.0429554
148.157 0.761598 -0.0388757
148.157 0.825065 -0.0346395
148.157 0.888531 -0.0302639
148.157 0.951998 -0.0257661
148.157 1.01546 -0.0211648
148.157 1.07893 -0.0164782
148.157 1.1424 -0.0117252
148.157 1.20586 -0.00692501
148.157 1.26933 -0.00209706
148.157 1.3328 0.00273957
148.157 1.39626 0.00756493
148.157 1.45973 0.01236
148.157 1.5232 0.0171051
148.157 1.58666 0.0217815
148.157 1.65013 0.0263701
148.157 1.7136 0.0308526
148.157 1.77706 0.0352109
148.157 1.84053 0.0394273
148.157 1.904 0.043485
148.157 1.96746 0.0473675
148.157 2.03093 0.0510594
148.157 2.0944 0.0545457
148.157 2.15786 0.0578123
148.157 2.22133 0.0608462
148.157 2.28479 0.063635
148.157 2.34826 0.0661676
148.157 2.41173 0.0684338
148.157 2.47519 0.0704244
148.157 2.53866 0.0721315
148.157 2.60213 0.073548
148.157 2.66559 0.0746683
148.157 2.72906 0.0754881
148.157 2.79253 0.0760038
148.157 2.85599 0.0762135
148.157 2.91946 0.0761166
148.157 2.98293 0.0757129
148.157 3.04639 0.0750045
148.157 3.10986 0.073994
148.157 3.17333 0.0726853
148.157 3.23679 0.0710843
148.157 3.30026 0.0691969
148.157 3.36373 0.0670308
148.157 3.42719 0.0645951
148.157 3.49066 0.0618991
148.157 3.55413 0.0589538
148.157 3.61759 0.0557711
148.157 3.68106 0.0523638
148.157 3.74452 0.0487461
148.157 3.80799 0.0449315
148.157 3.87146 0.0409364
148.157 3.93492 0.0367762
148.157 3.99839 0.032468
148.157 4.06186 0.028029
148.157 4.12532 0.0234773
148.157 4.18879 0.0188308
148.157 4.25226 0.0141087
148.157 4.31572 0.00932974
148.157 4.37919 0.00451328
148.157 4.44266 -0.00032154
148.157 4.50612 -0.00515483
148.157 4.56959 -0.00996737
148.157 4.63306 -0.01474
148.157 4.69652 -0.0194532
148.157 4.75999 -0.024088
148.157 4.82346 -0.0286259
148.157 4.88692 -0.0330484
148.157 4.95039 -0.0373379
148.157 5.01385 -0.041477
148.157 5.07732 -0.0454491
148.157 5.14079 -0.0492383
148.157 5.20425 -0.0528292
148.157 5.26772 -0.0562073
148.157 5.33119 -0.0593592
148.157 5.39465 -0.062272
148.157 5.45812 -0.0649339
148.157 5.52159 -0.0673345
148.157 5.58505 -0.069464
148.157 5.64852 -0.0713137
148.157 5.71199 -0.0728763
148.157 5.77545 -0.0741455
148.157 5.83892 -0.075116
148.157 5.90239 -0.0757842
148.157 5.96585 -0.0761471
148.157 6.02932 -0.0762034
148.157 6.09279 -0.0759531
148.157 6.15625 -0.0753966
148.157 6.21972 -0.0745367
148.157 6.28319 -0.0733766
149.158 0 0.086082
149.158 0.0634665 0.0861976
149.158 0.126933 0.0859659
149.158 0.1904 0.0853882
149.158 0.253866 0.0844665
149.158 0.317333 0.0832048
149.158 0.380799 0.081608
149.158 0.444266 0.0796827
149.158 0.507732 0.0774365
149.158 0.571199 0.0748785
149.158 0.634665 0.0720189
149.158 0.698132 0.0688695
149.158 0.761598 0.0654426
149.158 0.825065 0.0617523
149.158 0.888531 0.0578132
149.158 0.951998 0.0536414
149.158 1.01546 0.0492536
149.158 1.07893 0.0446675
149.158 1.1424 0.0399015
149.158 1.20586 0.0349749
149.158 1.26933 0.0299074
149.158 1.3328 0.0247195
149.158 1.39626 0.0194321
149.158 1.45973 0.0140665
149.158 1.5232 0.00864398
149.158 1.58666 0.00318699
149.158 1.65013 -0.00228317
149.158 1.7136 -0.0077439
149.158 1.77706 -0.0131734
149.158 1.84053 -0.01855
149.158 1.904 -0.0238519
149.158 1.96746 -0.0290577
149.158 2.03093 -0.0341465
149.158 2.0944 -0.0390978
149.158 2.15786 -0.0438916
149.158 2.22133 -0.0485088
149.158 2.28479 -0.0529307
149.158 2.34826 -0.0571393
149.158 2.41173 -0.0611179
149.158 2.47519 -0.0648504
149.158 2.53866 -0.0683217
149.158 2.60213 -0.071518
149.158 2.66559 -0.0744264
149.158 2.72906 -0.077035
149.158 2.79253 -0.0793334
149.158 2.85599 -0.0813123
149.158 2.91946 -0.0829639
149.158 2.98293 -0.0842814
149.158 3.04639 -0.0852594
149.158 3.10986 -0.0858943
149.158 3.17333 -0.0861832
149.158 3.23679 -0.086125
149.158 3.30026 -0.0857202
149.158 3.36373 -0.08497
149.158 3.42719 -0.083878
149.158 3.49066 -0.0824479
149.158 3.55413 -0.080686
149.158 3.61759 -0.0785991
149.158 3.68106 -0.0761959
149.158 3.74452 -0.0734857
149.158 3.80799 -0.0704797
149.158 3.87146 -0.0671898
149.158 3.93492 -0.0636294
149.158 3.99839 -0.0598129
149.158 4.06186 -0.0557554
149.158 4.12532 -0.0514734
149.158 4.18879 -0.0469842
149.158 4.25226 -0.0423058
149.158 4.31572 -0.037457
149.158 4.37919 -0.0324574
149.158 4.44266 -0.0273272
149.158 4.50612 -0.0220869
149.158 4.56959 -0.0167577
149.158 4.63306 -0.0113607
149.158 4.69652 -0.0059185
149.158 4.75999 -0.000452093
149.158 4.82346 0.00501605
149.158 4.88692 0.010464
149.158 4.95039 0.0158698
149.158 5.01385 0.0212117
149.158 5.07732 0.026468
149.158 5.14079 0.031618
149.158 5.20425 0.0366406
149.158 5.26772 0.0415156
149.158 5.33119 0.0462235
149.158 5.39465 0.0507453
149.158 5.45812 0.0550628
149.158 5.52159 0.0591585
149.158 5.58505 0.0630158
149.158 5.64852 0.0666196
149.158 5.71199 0.0699552
149.158 5.77545 0.0730091
149.158 5.83892 0.0757688
149.158 5.90239 0.0782235
149.158 5.96585 0.0803632
149.158 6.02932 0.0821795
149.158 6.09279 0.0836648
149.158 6.15625 0.0848132
149.158 6.21972 0.0856199
149.158 6.28319 0.086082
150.159 0 0.315534
150.159 0.0634665 0.332184
150.159 0.126933 0.347496
150.159 0.1904 0.361409
150.159 0.253866 0.373867
150.159 0.317333 0.384819
150.159 0.380799 0.394222
150.159 0.444266 0.402037
150.159 0.507732 0.408234
150.159 0.571199 0.412786
150.159 0.634665 0.415677
150.159 0.698132 0.416893
150.159 0.761598 0.416431
150.159 0.825065 0.414293
150.159 0.888531 0.410486
150.159 0.951998 0.405026
150.159 1.01546 0.397935
150.159 1.07893 0.389242
150.159 1.1424 0.378982
150.159 1.20586 0.367195
150.159 1.26933 0.35393
150.159 1.3328 0.33924
150.159 1.39626 0.323184
150.159 1.45973 0.305826
150.159 1.5232 0.287237
150.159 1.58666 0.267492
150.159 1.65013 0.246669
150.159 1.7136 0.224853
150.159 1.77706 0.202132
150.159 1.84053 0.178596
150.159 1.904 0.154342
150.159 1.96746 0.129466
150.159 2.03093 0.104069
150.159 2.0944 0.0782526
150.159 2.15786 0.0521213
150.159 2.22133 0.0257802
150.159 2.28479 -0.000664792
150.159 2.34826 -0.0271072
150.159 2.41173 -0.0534402
150.159 2.47519 -0.0795584
150.159 2.53866 -0.105356
150.159 2.60213 -0.130729
150.159 2.66559 -0.155576
150.159 2.72906 -0.179797
150.159 2.79253 -0.203293
150.159 2.85599 -0.225972
150.159 2.91946 -0.24774
150.159 2.98293 -0.26851
150.159 3.04639 -0.288199
150.159 3.10986 -0.306729
150.159 3.17333 -0.324022
150.159 3.23679 -0.340011
150.159 3.30026 -0.354631
150.159 3.36373 -0.367823
150.159 3.42719 -0.379534
150.159 3.49066 -0.389716
150.159 3.55413 -0.39833
150.159 3.61759 -0.405339
150.159 3.68106 -0.410717
150.159 3.74452 -0.41444
150.159 3.80799 -0.416495
150.159 3.87146 -0.416872
150.159 3.93492 -0.415571
150.159 3.99839 -0.412597
150.159 4.06186 -0.407961
150.159 4.12532 -0.401683
150.159 4.18879 -0.393787
150.159 4.25226 -0.384305
150.159 4.31572 -0.373276
150.159 4.37919 -0.360744
150.159 4.44266 -0.34676
150.159 4.50612 -0.331379
150.159 4.56959 -0.314663
150.159 4.63306 -0.296681
150.159 4.69652 -0.277504
150.159 4.75999 -0.25721
150.159 4.82346 -0.23588
150.159 4.88692 -0.2136
150.159 4.95039 -0.19046
150.159 5.01385 -0.166553
150.159 5.07732 -0.141975
150.159 5.14079 -0.116826
150.159 5.20425 -0.0912067
150.159 5.26772 -0.0652198
150.159 5.33119 -0.0389703
150.159 5.39465 -0.0125639
150.159 5.45812 0.0138929
150.159 5.52159 0.040294
150.159 5.58505 0.0665328
150.159 5.64852 0.0925038
150.159 5.71199 0.118102
150.159 5.77545 0.143225
150.159 5.83892 0.167771
150.159 5.90239 0.191642
150.159 5.96585 0.214741
150.159 6.02932 0.236975
150.159 6.09279 0.258255
150.159 6.15625 0.278495
150.159 6.21972 0.297614
150.159 6.28319 0.315534
151.16 0 -0.108001
151.16 0.0634665 -0.107899
151.16 0.126933 -0.107363
151.16 0.1904 -0.106394
151.16 0.253866 -0.104997
151.16 0.317333 -0.103177
151.16 0.380799 -0.100941
151.16 0.444266 -0.0982994
151.16 0.507732 -0.0952618
151.16 0.571199 -0.0918407
151.16 0.634665 -0.0880496
151.16 0.698132 -0.083904
151.16 0.761598 -0.0794204
151.16 0.825065 -0.0746172
151.16 0.888531 -0.0695136
151.16 0.951998 -0.0641294
151.16 1.01546 -0.0584881
151.16 1.07893 -0.0526106
151.16 1.1424 -0.0465213
151.16 1.20586 -0.0402447
151.16 1.26933 -0.0338063
151.16 1.3328 -0.0272313
151.16 1.39626 -0.0205469
151.16 1.45973 -0.0137799
151.16 1.5232 -0.00695749
151.16 1.58666 -0.000106756
151.16 1.65013 0.00674431
151.16 1.7136 0.0135683
151.16 1.77706 0.0203376
151.16 1.84053 0.0270248
151.16 1.904 0.0336034
151.16 1.96746 0.0400467
151.16 2.03093 0.0463286
151.16 2.0944 0.052424
151.16 2.15786 0.0583083
151.16 2.22133 0.0639579
151.16 2.28479 0.0693499
151.16 2.34826 0.0744627
151.16 2.41173 0.0792756
151.16 2.47519 0.0837693
151.16 2.53866 0.0879257
151.16 2.60213 0.0917281
151.16 2.66559 0.0951611
151.16 2.72906 0.0982108
151.16 2.79253 0.100865
151.16 2.85599 0.103113
151.16 2.91946 0.104946
151.16 2.98293 0.106357
151.16 3.04639 0.107339
151.16 3.10986 0.107889
151.16 3.17333 0.108004
151.16 3.23679 0.107686
151.16 3.30026 0.106932
151.16 3.36373 0.105749
151.16 3.42719 0.104139
151.16 3.49066 0.10211
151.16 3.55413 0.0996705
151.16 3.61759 0.0968294
151.16 3.68106 0.0935983
151.16 3.74452 0.0899903
151.16 3.80799 0.08602
151.16 3.87146 0.0817034
151.16 3.93492 0.0770574
151.16 3.99839 0.0721015
151.16 4.06186 0.0668552
151.16 4.12532 0.0613396
151.16 4.18879 0.055577
151.16 4.25226 0.0495907
151.16 4.31572 0.0434049
151.16 4.37919 0.0370441
151.16 4.44266 0.0305343
151.16 4.50612 0.0239014
151.16 4.56959 0.0171721
151.16 4.63306 0.0103738
151.16 4.69652 0.00353372
151.16 4.75999 -0.00332018
151.16 4.82346 -0.0101613
151.16 4.88692 -0.0169613
151.16 4.95039 -0.0236931
151.16 5.01385 -0.0303294
151.16 5.07732 -0.0368436
151.16 5.14079 -0.0432094
151.16 5.20425 -0.0494011
151.16 5.26772 -0.0553941
151.16 5.33119 -0.0611639
151.16 5.39465 -0.0666874
151.16 5.45812 -0.0719425
151.16 5.52159 -0.0769078
151.16 5.58505 -0.0815634
151.16 5.64852 -0.0858907
151.16 5.71199 -0.0898722
151.16 5.77545 -0.0934915
151.16 5.83892 -0.0967347
151.16 5.90239 -0.0995882
151.16 5.96585 -0.102041
151.16 6.02932 -0.104082
151.16 6.09279 -0.105705
151.16 6.15625 -0.106902
151.16 6.21972 -0.107668
151.16 6.28319 -0.108001
152.161 0 0.185544
152.161 0.0634665 0.208417
152.161 0.126933 0.230451
152.161 0.1904 0.251557
152.161 0.253866 0.27165
152.161 0.317333 0.290649
152.161 0.380799 0.308477
152.161 0.444266 0.325065
152.161 0.507732 0.340342
152.161 0.571199 0.35425
152.161 0.634665 0.36673
152.161 0.698132 0.377734
152.161 0.761598 0.387218
152.161 0.825065 0.395142
152.161 0.888531 0.401475
152.161 0.951998 0.406191
152.161 1.01546 0.409272
152.161 1.07893 0.410705
152.161 1.1424 0.410483
152.161 1.20586 0.40861
152.161 1.26933 0.40509
152.161 1.3328 0.39994
152.161 1.39626 0.393179
152.161 1.45973 0.384835
152.161 1.5232 0.374942
152.161 1.58666 0.363538
152.161 1.65013 0.350671
152.161 1.7136 0.336392
152.161 1.77706 0.320758
152.161 1.84053 0.303833
152.161 1.904 0.285684
152.161 1.96746 0.266385
152.161 2.03093 0.246013
152.161 2.0944 0.224651
152.161 2.15786 0.202384
152.161 2.22133 0.179302
152.161 2.28479 0.155498
152.161 2.34826 0.131068
152.161 2.41173 0.10611
152.161 2.47519 0.0807254
152.161 2.53866 0.0550153
152.161 2.60213 0.0290837
152.161 2.66559 0.00303496
152.161 2.72906 -0.023026
152.161 2.79253 -0.0489942
152.161 2.85599 -0.074765
152.161 2.91946 -0.100235
152.161 2.98293 -0.125301
152.161 3.04639 -0.149863
152.161 3.10986 -0.173821
152.161 3.17333 -0.19708
152.161 3.23679 -0.219544
152.161 3.30026 -0.241125
152.161 3.36373 -0.261735
152.161 3.42719 -0.281291
152.161 3.49066 -0.299714
152.161 3.55413 -0.316931
152.161 3.61759 -0.332871
152.161 3.68106 -0.347471
152.161 3.74452 -0.360672
152.161 3.80799 -0.37242
152.161 3.87146 -0.382669
152.161 3.93492 -0.391377
152.161 3.99839 -0.398509
152.161 4.06186 -0.404036
152.161 4.12532 -0.407937
152.161 4.18879 -0.410195
152.161 4.25226 -0.410801
152.161 4.31572 -0.409753
152.161 4.37919 -0.407055
152.161 4.44266 -0.402718
152.161 4.50612 -0.396759
152.161 4.56959 -0.389203
152.161 4.63306 -0.38008
152.161 4.69652 -0.369426
152.161 4.75999 -0.357285
152.161 4.82346 -0.343705
152.161 4.88692 -0.32874
152.161 4.95039 -0.312453
152.161 5.01385 -0.294907
152.161 5.07732 -0.276173
152.161 5.14079 -0.256328
152.161 5.20425 -0.23545
152.161 5.26772 -0.213625
152.161 5.33119 -0.190939
152.161 5.39465 -0.167484
152.161 5.45812 -0.143355
152.161 5.52159 -0.118649
152.161 5.58505 -0.093465
152.161 5.64852 -0.0679046
152.161 5.71199 -0.0420707
152.161 5.77545 -0.0160675
152.161 5.83892 0.0100005
152.161 5.90239 0.0360281
152.161 5.96585 0.0619108
152.161 6.02932 0.0875442
152.161 6.09279 0.112825
152.161 6.15625 0.137651
152.161 6.21972 0.161924
152.161 6.28319 0.185544
153.162 0 -0.188173
153.162 0.0634665 -0.172744
153.162 0.126933 -0.15662
153.162 0.1904 -0.139864
153.162 0.253866 -0.122546
153.162 0.317333 -0.104734
153.162 0.380799 -0.0865007
153.162 0.444266 -0.0679188
153.162 0.507732 -0.0490637
153.162 0.571199 -0.0300107
153.162 0.634665 -0.010837
153.162 0.698132 0.00838037
153.162 0.761598 0.027564
153.162 0.825065 0.0466367
153.162 0.888531 0.0655215
153.162 0.951998 0.0841426
153.162 1.01546 0.102425
153.162 1.07893 0.120294
153.162 1.1424 0.13768
153.162 1.20586 0.154511
153.162 1.26933 0.17072
153.162 1.3328 0.186241
153.162 1.39626 0.201013
153.162 1.45973 0.214975
153.162 1.5232 0.228071
153.162 1.58666 0.240249
153.162 1.65013 0.25146
153.162 1.7136 0.261658
153.162 1.77706 0.270803
153.162 1.84053 0.278857
153.162 1.904 0.285788
153.162 1.96746 0.291569
153.162 2.03093 0.296175
153.162 2.0944 0.299589
153.162 2.15786 0.301796
153.162 2.22133 0.302788
153.162 2.28479 0.302562
153.162 2.34826 0.301117
153.162 2.41173 0.298459
153.162 2.47519 0.294599
153.162 2.53866 0.289554
153.162 2.60213 0.283342
153.162 2.66559 0.275989
153.162 2.72906 0.267525
153.162 2.79253 0.257984
153.162 2.85599 0.247404
153.162 2.91946 0.235828
153.162 2.98293 0.223302
153.162 3.04639 0.209877
153.162 3.10986 0.195607
153.162 3.17333 0.180549
153.162 3.23679 0.164765
153.162 3.30026 0.148317
153.162 3.36373 0.131271
153.162 3.42719 0.113697
153.162 3.49066 0.0956657
153.162 3.55413 0.0772487
153.162 3.61759 0.0585207
153.162 3.68106 0.0395571
153.162 3.74452 0.0204341
153.162 3.80799 0.0012289
153.162 3.87146 -0.0179813
153.162 3.93492 -0.037119
153.162 3.99839 -0.0561074
153.162 4.06186 -0.0748698
153.162 4.12532 -0.0933307
153.162 4.18879 -0.111416
153.162 4.25226 -0.129052
153.162 4.31572 -0.146169
153.162 4.37919 -0.162697
153.162 4.44266 -0.17857
153.162 4.50612 -0.193724
153.162 4.56959 -0.208098
153.162 4.63306 -0.221634
153.162 4.69652 -0.234278
153.162 4.75999 -0.245978
153.162 4.82346 -0.256688
153.162 4.88692 -0.266364
153.162 4.95039 -0.274968
153.162 5.01385 -0.282465
153.162 5.07732 -0.288824
153.162 5.14079 -0.29402
153.162 5.20425 -0.298032
153.162 5.26772 -0.300844
153.162 5.33119 -0.302445
153.162 5.39465 -0.302828
153.162 5.45812 -0.301991
153.162 5.52159 -0.299938
153.162 5.58505 -0.296678
153.162 5.64852 -0.292223
153.162 5.71199 -0.286592
153.162 5.77545 -0.279806
153.162 5.83892 -0.271894
153.162 5.90239 -0.262887
153.162 5.96585 -0.252821
153.162 6.02932 -0.241738
153.162 6.09279 -0.229681
153.162 6.15625 -0.216699
153.162 6.21972 -0.202844
153.162 6.28319 -0.188173
154.163 0 -0.174683
154.163 0.0634665 -0.163006
154.163 0.126933 -0.150673
154.163 0.1904 -0.137733
154.163 0.253866 -0.124239
154.163 0.317333 -0.110244
154.163 0.380799 -0.0958056
154.163 0.444266 -0.0809813
154.163 0.507732 -0.0658307
154.163 0.571199 -0.0504153
154.163 0.634665 -0.0347967
154.163 0.698132 -0.0190381
154.163 0.761598 -0.00320275
154.163 0.825065 0.0126455
154.163 0.888531 0.0284428
154.163 0.951998 0.0441256
154.163 1.01546 0.0596307
154.163 1.07893 0.0748957
154.163 1.1424 0.089859
154.163 1.20586 0.104461
154.163 1.26933 0.118641
154.163 1.3328 0.132345
154.163 1.39626 0.145515
154.163 1.45973 0.158099
154.163 1.5232 0.170047
154.163 1.58666 0.18131
154.163 1.65013 0.191843
154.163 1.7136 0.201604
154.163 1.77706 0.210552
154.163 1.84053 0.218653
154.163 1.904 0.225874
154.163 1.96746 0.232185
154.163 2.03093 0.237561
154.163 2.0944 0.24198
154.163 2.15786 0.245425
154.163 2.22133 0.247882
154.163 2.28479 0.249341
154.163 2.34826 0.249795
154.163 2.41173 0.249244
154.163 2.47519 0.247689
154.163 2.53866 0.245137
154.163 2.60213 0.241598
154.163 2.66559 0.237086
154.163 2.72906 0.231619
154.163 2.79253 0.22522
154.163 2.85599 0.217914
154.163 2.91946 0.20973
154.163 2.98293 0.200702
154.163 3.04639 0.190865
154.163 3.10986 0.18026
154.163 3.17333 0.16893
154.163 3.23679 0.156919
154.163 3.30026 0.144276
154.163 3.36373 0.131052
154.163 3.42719 0.117301
154.163 3.49066 0.103077
154.163 3.55413 0.0884379
154.163 3.61759 0.0734429
154.163 3.68106 0.0581523
154.163 3.74452 0.0426274
154.163 3.80799 0.026931
154.163 3.87146 0.011126
154.163 3.93492 -0.00472375
154.163 3.99839 -0.0205545
154.163 4.06186 -0.0363025
154.163 4.12532 -0.0519042
154.163 4.18879 -0.067297
154.163 4.25226 -0.0824188
154.163 4.31572 -0.0972087
154.163 4.37919 -0.111607
154.163 4.44266 -0.125556
154.163 4.50612 -0.139
154.163 4.56959 -0.151884
154.163 4.63306 -0.164156
154.163 4.69652 -0.175767
154.163 4.75999 -0.186671
154.163 4.82346 -0.196823
154.163 4.88692 -0.206182
154.163 4.95039 -0.214711
154.163 5.01385 -0.222375
154.163 5.07732 -0.229144
154.163 5.14079 -0.234991
154.163 5.20425 -0.239891
154.163 5.26772 -0.243825
154.163 5.33119 -0.246778
154.163 5.39465 -0.248737
154.163 5.45812 -0.249693
154.163 5.52159 -0.249645
154.163 5.58505 -0.248592
154.163 5.64852 -0.246537
154.163 5.71199 -0.24349
154.163 5.77545 -0.239462
154.163 5.83892 -0.234471
154.163 5.90239 -0.228535
154.163 5.96585 -0.221678
154.163 6.02932 -0.21393
154.163 6.09279 -0.205319
154.163 6.15625 -0.195882
154.163 6.21972 -0.185656
154.163 6.28319 -0.174683
155.164 0 0.0789261
155.164 0.0634665 0.0796106
155.164 0.126933 0.0799738
155.164 0.1904 0.0800151
155.164 0.253866 0.079734
155.164 0.317333 0.0791321
155.164 0.380799 0.0782115
155.164 0.444266 0.0769761
155.164 0.507732 0.0754305
155.164 0.571199 0.0735815
155.164 0.634665 0.071436
155.164 0.698132 0.0690028
155.164 0.761598 0.0662918
155.164 0.825065 0.0633139
155.164 0.888531 0.0600811
155.164 0.951998 0.0566064
155.164 1.01546 0.0529036
155.164 1.07893 0.048988
155.164 1.1424 0.044875
155.164 1.20586 0.0405812
155.164 1.26933 0.0361242
155.164 1.3328 0.0315216
155.164 1.39626 0.0267921
155.164 1.45973 0.0219548
155.164 1.5232 0.0170291
155.164 1.58666 0.0120348
155.164 1.65013 0.00699202
155.164 1.7136 0.00192104
155.164 1.77706 -0.00315779
155.164 1.84053 -0.00822358
155.164 1.904 -0.0132567
155.164 1.96746 -0.018236
155.164 2.03093 -0.0231421
155.164 2.0944 -0.0279548
155.164 2.15786 -0.032655
155.164 2.22133 -0.037224
155.164 2.28479 -0.041643
155.164 2.34826 -0.045894
155.164 2.41173 -0.0499606
155.164 2.47519 -0.0538259
155.164 2.53866 -0.0574746
155.164 2.60213 -0.0608913
155.164 2.66559 -0.0640631
155.164 2.72906 -0.0669771
155.164 2.79253 -0.0696216
155.164 2.85599 -0.0719852
155.164 2.91946 -0.0740594
155.164 2.98293 -0.0758353
155.164 3.04639 -0.0773057
155.164 3.10986 -0.0784649
155.164 3.17333 -0.0793082
155.164 3.23679 -0.0798322
155.164 3.30026 -0.0800344
155.164 3.36373 -0.0799147
155.164 3.42719 -0.0794733
155.164 3.49066 -0.0787115
155.164 3.55413 -0.0776327
155.164 3.61759 -0.0762418
155.164 3.68106 -0.0745436
155.164 3.74452 -0.0725453
155.164 3.80799 -0.0702547
155.164 3.87146 -0.0676815
155.164 3.93492 -0.0648355
155.164 3.99839 -0.0617286
155.164 4.06186 -0.058373
155.164 4.12532 -0.0547826
155.164 4.18879 -0.0509714
155.164 4.25226 -0.0469551
155.164 4.31572 -0.0427497
155.164 4.37919 -0.038372
155.164 4.44266 -0.03384
155.164 4.50612 -0.0291715
155.164 4.56959 -0.0243857
155.164 4.63306 -0.0195018
155.164 4.69652 -0.0145393
155.164 4.75999 -0.00951816
155.164 4.82346 -0.00445874
155.164 4.88692 0.000618737
155.164 4.95039 0.00569348
155.164 5.01385 0.0107457
155.164 5.07732 0.0157541
155.164 5.14079 0.0206994
155.164 5.20425 0.0255613
155.164 5.26772 0.0303203
155.164 5.33119 0.0349573
155.164 5.39465 0.0394533
155.164 5.45812 0.0437905
155.164 5.52159 0.0479516
155.164 5.58505 0.0519194
155.164 5.64852 0.0556781
155.164 5.71199 0.0592125
155.164 5.77545 0.0625089
155.164 5.83892 0.0655532
155.164 5.90239 0.0683339
155.164 5.96585 0.0708391
155.164 6.02932 0.0730591
155.164 6.09279 0.0749853
155.164 6.15625 0.0766091
155.164 6.21972 0.0779245
155.164 6.28319 0.0789262
156.165 0 -0.44804
156.165 0.0634665 -0.459952
156.165 0.126933 -0.470012
156.165 0.1904 -0.47818
156.165 0.253866 -0.484422
156.165 0.317333 -0.488715
156.165 0.380799 -0.491038
156.165 0.444266 -0.491384
156.165 0.507732 -0.489752
156.165 0.571199 -0.486148
156.165 0.634665 -0.480586
156.165 0.698132 -0.473089
156.165 0.761598 -0.463688
156.165 0.825065 -0.452419
156.165 0.888531 -0.439328
156.165 0.951998 -0.424468
156.165 1.01546 -0.407899
156.165 1.07893 -0.389688
156.165 1.1424 -0.369908
156.165 1.20586 -0.348637
156.165 1.26933 -0.325964
156.165 1.3328 -0.301977
156.165 1.39626 -0.276775
156.165 1.45973 -0.250459
156.165 1.5232 -0.223133
156.165 1.58666 -0.194909
156.165 1.65013 -0.165901
156.165 1.7136 -0.136224
156.165 1.77706 -0.105999
156.165 1.84053 -0.0753469
156.165 1.904 -0.0443917
156.165 1.96746 -0.0132575
156.165 2.03093 0.01793
156.165 2.0944 0.0490453
156.165 2.15786 0.0799631
156.165 2.22133 0.110559
156.165 2.28479 0.140709
156.165 2.34826 0.170294
156.165 2.41173 0.199192
156.165 2.47519 0.227288
156.165 2.53866 0.254469
156.165 2.60213 0.280626
156.165 2.66559 0.305652
156.165 2.72906 0.329448
156.165 2.79253 0.351917
156.165 2.85599 0.372969
156.165 2.91946 0.392519
156.165 2.98293 0.410489
156.165 3.04639 0.426805
156.165 3.10986 0.441404
156.165 3.17333 0.454225
156.165 3.23679 0.465216
156.165 3.30026 0.474335
156.165 3.36373 0.481544
156.165 3.42719 0.486813
156.165 3.49066 0.490122
156.165 3.55413 0.491458
156.165 3.61759 0.490815
156.165 3.68106 0.488196
156.165 3.74452 0.483611
156.165 3.80799 0.477078
156.165 3.87146 0.468625
156.165 3.93492 0.458283
156.165 3.99839 0.446098
156.165 4.06186 0.432116
156.165 4.12532 0.416393
156.165 4.18879 0.398994
156.165 4.25226 0.379989
156.165 4.31572 0.359453
156.165 4.37919 0.337471
156.165 4.44266 0.314129
156.165 4.50612 0.289522
156.165 4.56959 0.26375
156.165 4.63306 0.236915
156.165 4.69652 0.209127
156.165 4.75999 0.180496
156.165 4.82346 0.151138
156.165 4.88692 0.121173
156.165 4.95039 0.0907186
156.165 5.01385 0.0598996
156.165 5.07732 0.028839
156.165 5.14079 -0.00233752
156.165 5.20425 -0.0335046
156.165 5.26772 -0.0645367
156.165 5.33119 -0.0953091
156.165 5.39465 -0.125698
156.165 5.45812 -0.15558
156.165 5.52159 -0.184836
156.165 5.58505 -0.213347
156.165 5.64852 -0.241
156.165 5.71199 -0.267682
156.165 5.77545 -0.293287
156.165 5.83892 -0.31771
156.165 5.90239 -0.340854
156.165 5.96585 -0.362625
156.165 6.02932 -0.382937
156.165 6.09279 -0.401706
156.165 6.15625 -0.418858
156.165 6.21972 -0.434324
156.165 6.28319 -0.44804
157.166 0 0.199391
157.166 0.0634665 0.21113
157.166 0.126933 0.222019
157.166 0.1904 0.232014
157.166 0.253866 0.241074
157.166 0.317333 0.249165
157.166 0.380799 0.256251
157.166 0.444266 0.262306
157.166 0.507732 0.267305
157.166 0.571199 0.271227
157.166 0.634665 0.274057
157.166 0.698132 0.275784
157.166 0.761598 0.2764
157.166 0.825065 0.275903
157.166 0.888531 0.274296
157.166 0.951998 0.271583
157.166 1.01546 0.267777
157.166 1.07893 0.262893
157.166 1.1424 0.256951
157.166 1.20586 0.249973
157.166 1.26933 0.241989
157.166 1.3328 0.233031
157.166 1.39626 0.223135
157.166 1.45973 0.212339
157.166 1.5232 0.200689
157.166 1.58666 0.188231
157.166 1.65013 0.175015
157.166 1.7136 0.161094
157.166 1.77706 0.146525
157.166 1.84053 0.131365
157.166 1.904 0.115677
157.166 1.96746 0.0995222
157.166 2.03093 0.0829672
157.166 2.0944 0.0660781
157.166 2.15786 0.0489229
157.166 2.22133 0.0315708
157.166 2.28479 0.0140915
157.166 2.34826 -0.00344455
157.166 2.41173 -0.0209667
157.166 2.47519 -0.0384045
157.166 2.53866 -0.0556876
157.166 2.60213 -0.0727466
157.166 2.66559 -0.0895124
157.166 2.72906 -0.105918
157.166 2.79253 -0.121897
157.166 2.85599 -0.137385
157.166 2.91946 -0.15232
157.166 2.98293 -0.166642
157.166 3.04639 -0.180292
157.166 3.10986 -0.193217
157.166 3.17333 -0.205363
157.166 3.23679 -0.216683
157.166 3.30026 -0.22713
157.166 3.36373 -0.236663
157.166 3.42719 -0.245243
157.166 3.49066 -0.252835
157.166 3.55413 -0.259409
157.166 3.61759 -0.264939
157.166 3.68106 -0.269401
157.166 3.74452 -0.272779
157.166 3.80799 -0.275059
157.166 3.87146 -0.276231
157.166 3.93492 -0.27629
157.166 3.99839 -0.275238
157.166 4.06186 -0.273077
157.166 4.12532 -0.269816
157.166 4.18879 -0.265469
157.166 4.25226 -0.260053
157.166 4.31572 -0.253589
157.166 4.37919 -0.246105
157.166 4.44266 -0.23763
157.166 4.50612 -0.228198
157.166 4.56959 -0.217847
157.166 4.63306 -0.206618
157.166 4.69652 -0.194558
157.166 4.75999 -0.181714
157.166 4.82346 -0.168139
157.166 4.88692 -0.153887
157.166 4.95039 -0.139015
157.166 5.01385 -0.123583
157.166 5.07732 -0.107653
157.166 5.14079 -0.0912906
157.166 5.20425 -0.0745601
157.166 5.26772 -0.0575293
157.166 5.33119 -0.0402671
157.166 5.39465 -0.0228426
157.166 5.45812 -0.00532619
157.166 5.52159 0.0122117
157.166 5.58505 0.0297005
157.166 5.64852 0.0470697
157.166 5.71199 0.0642493
157.166 5.77545 0.0811703
157.166 5.83892 0.0977644
157.166 5.90239 0.113965
157.166 5.96585 0.129706
157.166 6.02932 0.144925
157.166 6.09279 0.159561
157.166 6.15625 0.173555
157.166 6.21972 0.186849
157.166 6.28319 0.199391
158.167 0 -0.133122
158.167 0.0634665 -0.141085
158.167 0.126933 -0.148481
158.167 0.1904 -0.155279
158.167 0.253866 -0.161451
158.167 0.317333 -0.166974
158.167 0.380799 -0.171824
158.167 0.444266 -0.175982
158.167 0.507732 -0.179432
158.167 0.571199 -0.182159
158.167 0.634665 -0.184152
158.167 0.698132 -0.185404
158.167 0.761598 -0.18591
158.167 0.825065 -0.185667
158.167 0.888531 -0.184676
158.167 0.951998 -0.182942
158.167 1.01546 -0.180471
158.167 1.07893 -0.177273
158.167 1.1424 -0.173362
158.167 1.20586 -0.168752
158.167 1.26933 -0.163463
158.167 1.3328 -0.157516
158.167 1.39626 -0.150934
158.167 1.45973 -0.143745
158.167 1.5232 -0.135977
158.167 1.58666 -0.127661
158.167 1.65013 -0.118832
158.167 1.7136 -0.109524
158.167 1.77706 -0.0997743
158.167 1.84053 -0.0896234
158.167 1.904 -0.0791115
158.167 1.96746 -0.0682813
158.167 2.03093 -0.057176
158.167 2.0944 -0.0458404
158.167 2.15786 -0.0343202
158.167 2.22133 -0.022662
158.167 2.28479 -0.0109126
158.167 2.34826 0.000880953
158.167 2.41173 0.012671
158.167 2.47519 0.0244099
158.167 2.53866 0.0360505
158.167 2.60213 0.0475461
158.167 2.66559 0.05885
158.167 2.72906 0.0699171
158.167 2.79253 0.0807026
158.167 2.85599 0.0911632
158.167 2.91946 0.101257
158.167 2.98293 0.110942
158.167 3.04639 0.120181
158.167 3.10986 0.128937
158.167 3.17333 0.137173
158.167 3.23679 0.144856
158.167 3.30026 0.151956
158.167 3.36373 0.158445
158.167 3.42719 0.164295
158.167 3.49066 0.169484
158.167 3.55413 0.17399
158.167 3.61759 0.177796
158.167 3.68106 0.180886
158.167 3.74452 0.183248
158.167 3.80799 0.184871
158.167 3.87146 0.185751
158.167 3.93492 0.185882
158.167 3.99839 0.185264
158.167 4.06186 0.183902
158.167 4.12532 0.181798
158.167 4.18879 0.178962
158.167 4.25226 0.175406
158.167 4.31572 0.171143
158.167 4.37919 0.166191
158.167 4.44266 0.16057
158.167 4.50612 0.154302
158.167 4.56959 0.147414
158.167 4.63306 0.139931
158.167 4.69652 0.131886
158.167 4.75999 0.123308
158.167 4.82346 0.114235
158.167 4.88692 0.104702
158.167 4.95039 0.0947467
158.167 5.01385 0.0844101
158.167 5.07732 0.0737335
158.167 5.14079 0.0627602
158.167 5.20425 0.0515343
158.167 5.26772 0.0401006
158.167 5.33119 0.0285055
158.167 5.39465 0.0167956
158.167 5.45812 0.00501834
158.167 5.52159 -0.00677944
158.167 5.58505 -0.0185498
158.167 5.64852 -0.0302456
158.167 5.71199 -0.0418193
158.167 5.77545 -0.0532249
158.167 5.83892 -0.064416
158.167 5.90239 -0.0753478
158.167 5.96585 -0.0859762
158.167 6.02932 -0.0962584
158.167 6.09279 -0.106153
158.167 6.15625 -0.11562
158.167 6.21972 -0.124622
158.167 6.28319 -0.133122
159.168 0 0.0458945
159.168 0.0634665 0.0422379
159.168 0.126933 0.0384112
159.168 0.1904 0.0344299
159.168 0.253866 0.0303099
159.168 0.317333 0.0260678
159.168 0.380799 0.0217209
159.168 0.444266 0.0172864
159.168 0.507732 0.0127823
159.168 0.571199 0.00822682
159.168 0.634665 0.00363814
159.168 0.698132 -0.00096507
159.168 0.761598 -0.00556456
159.168 0.825065 -0.0101416
159.168 0.888531 -0.0146778
159.168 0.951998 -0.0191548
159.168 1.01546 -0.0235548
159.168 1.07893 -0.0278598
159.168 1.1424 -0.0320528
159.168 1.20586 -0.0361166
159.168 1.26933 -0.040035
159.168 1.3328 -0.0437922
159.168 1.39626 -0.0473731
159.168 1.45973 -0.0507633
159.168 1.5232 -0.053949
159.168 1.58666 -0.0569175
159.168 1.65013 -0.0596568
159.168 1.7136 -0.0621559
159.168 1.77706 -0.0644047
159.168 1.84053 -0.0663941
159.168 1.904 -0.0681162
159.168 1.96746 -0.0695641
159.168 2.03093 -0.0707318
159.168 2.0944 -0.0716148
159.168 2.15786 -0.0722092
159.168 2.22133 -0.0725132
159.168 2.28479 -0.0725249
159.168 2.34826 -0.0722446
159.168 2.41173 -0.0716735
159.168 2.47519 -0.0708138
159.168 2.53866 -0.0696689
159.168 2.60213 -0.0682436
159.168 2.66559 -0.0665433
159.168 2.72906 -0.0645751
159.168 2.79253 -0.062347
159.168 2.85599 -0.0598678
159.168 2.91946 -0.0571475
159.168 2.98293 -0.054197
159.168 3.04639 -0.0510285
159.168 3.10986 -0.0476544
159.168 3.17333 -0.0440883
159.168 3.23679 -0.0403449
159.168 3.30026 -0.0364389
159.168 3.36373 -0.0323861
159.168 3.42719 -0.0282031
159.168 3.49066 -0.0239064
159.168 3.55413 -0.0195134
159.168 3.61759 -0.015042
159.168 3.68106 -0.0105098
159.168 3.74452 -0.00593549
159.168 3.80799 -0.00133722
159.168 3.87146 0.00326654
159.168 3.93492 0.00785705
159.168 3.99839 0.0124158
159.168 4.06186 0.0169249
159.168 4.12532 0.0213655
159.168 4.18879 0.0257203
159.168 4.25226 0.0299715
159.168 4.31572 0.0341019
159.168 4.37919 0.0380951
159.168 4.44266 0.0419347
159.168 4.50612 0.0456057
159.168 4.56959 0.049093
159.168 4.63306 0.0523825
159.168 4.69652 0.0554611
159.168 4.75999 0.0583165
159.168 4.82346 0.0609369
159.168 4.88692 0.0633121
159.168 4.95039 0.0654324
159.168 5.01385 0.0672892
159.168 5.07732 0.0688748
159.168 5.14079 0.0701833
159.168 5.20425 0.0712093
159.168 5.26772 0.0719483
159.168 5.33119 0.0723976
159.168 5.39465 0.0725556
159.168 5.45812 0.0724213
159.168 5.52159 0.0719952
159.168 5.58505 0.0712796
159.168 5.64852 0.0702768
159.168 5.71199 0.0689909
159.168 5.77545 0.0674273
159.168 5.83892 0.0655923
159.168 5.90239 0.0634931
159.168 5.96585 0.0611381
159.168 6.02932 0.0585371
159.168 6.09279 0.0557002
159.168 6.15625 0.0526393
159.168 6.21972 0.0493663
159.168 6.28319 0.0458945
160.169 0 0.144571
160.169 0.0634665 0.139713
160.169 0.126933 0.134292
160.169 0.1904 0.128331
160.169 0.253866 0.121853
160.169 0.317333 0.114884
160.169 0.380799 0.107452
160.169 0.444266 0.0995879
160.169 0.507732 0.0913226
160.169 0.571199 0.0826897
160.169 0.634665 0.0737239
160.169 0.698132 0.0644611
160.169 0.761598 0.0549387
160.169 0.825065 0.0451952
160.169 0.888531 0.0352696
160.169 0.951998 0.0252021
160.169 1.01546 0.015033
160.169 1.07893 0.00480342
160.169 1.1424 -0.00544557
160.169 1.20586 -0.0156723
160.169 1.26933 -0.0258362
160.169 1.3328 -0.035896
160.169 1.39626 -0.0458113
160.169 1.45973 -0.0555423
160.169 1.5232 -0.0650494
160.169 1.58666 -0.0742947
160.169 1.65013 -0.0832406
160.169 1.7136 -0.0918516
160.169 1.77706 -0.100093
160.169 1.84053 -0.107931
160.169 1.904 -0.115334
160.169 1.96746 -0.122273
160.169 2.03093 -0.12872
160.169 2.0944 -0.134648
160.169 2.15786 -0.140035
160.169 2.22133 -0.144857
160.169 2.28479 -0.149096
160.169 2.34826 -0.152734
160.169 2.41173 -0.155758
160.169 2.47519 -0.158154
160.169 2.53866 -0.159914
160.169 2.60213 -0.16103
160.169 2.66559 -0.161497
160.169 2.72906 -0.161314
160.169 2.79253 -0.160481
160.169 2.85599 -0.159003
160.169 2.91946 -0.156884
160.169 2.98293 -0.154133
160.169 3.04639 -0.150762
160.169 3.10986 -0.146783
160.169 3.17333 -0.142214
160.169 3.23679 -0.137072
160.169 3.30026 -0.131378
160.169 3.36373 -0.125155
160.169 3.42719 -0.118428
160.169 3.49066 -0.111224
160.169 3.55413 -0.103572
160.169 3.61759 -0.0955034
160.169 3.68106 -0.0870499
160.169 3.74452 -0.0782462
160.169 3.80799 -0.0691273
160.169 3.87146 -0.05973
160.169 3.93492 -0.0500922
160.169 3.99839 -0.0402527
160.169 4.06186 -0.030251
160.169 4.12532 -0.0201277
160.169 4.18879 -0.00992326
160.169 4.25226 0.000321029
160.169 4.31572 0.0105642
160.169 4.37919 0.0207648
160.169 4.44266 0.0308817
160.169 4.50612 0.0408744
160.169 4.56959 0.0507024
160.169 4.63306 0.0603261
160.169 4.69652 0.069707
160.169 4.75999 0.0788073
160.169 4.82346 0.0875902
160.169 4.88692 0.0960205
160.169 4.95039 0.104064
160.169 5.01385 0.111689
160.169 5.07732 0.118863
160.169 5.14079 0.12556
160.169 5.20425 0.13175
160.169 5.26772 0.137411
160.169 5.33119 0.142517
160.169 5.39465 0.14705
160.169 5.45812 0.150991
160.169 5.52159 0.154324
160.169 5.58505 0.157035
160.169 5.64852 0.159114
160.169 5.71199 0.160553
160.169 5.77545 0.161345
160.169 5.83892 0.161487
160.169 5.90239 0.160979
160.169 5.96585 0.159823
160.169 6.02932 0.158023
160.169 6.09279 0.155587
160.169 6.15625 0.152524
160.169 6.21972 0.148847
160.169 6.28319 0.144572
161.17 0 -0.147941
161.17 0.0634665 -0.145988
161.17 0.126933 -0.143447
161.17 0.1904 -0.140328
161.17 0.253866 -0.136645
161.17 0.317333 -0.132411
161.17 0.380799 -0.127644
161.17 0.444266 -0.122363
161.17 0.507732 -0.116589
161.17 0.571199 -0.110346
161.17 0.634665 -0.103658
161.17 0.698132 -0.096553
161.17 0.761598 -0.0890592
161.17 0.825065 -0.0812068
161.17 0.888531 -0.0730275
161.17 0.951998 -0.0645542
161.17 1.01546 -0.0558206
161.17 1.07893 -0.0468625
161.17 1.1424 -0.0377157
161.17 1.20586 -0.028417
161.17 1.26933 -0.019004
161.17 1.3328 -0.00951438
161.17 1.39626 1.3655e-05
161.17 1.45973 0.0095414
161.17 1.5232 0.0190309
161.17 1.58666 0.0284436
161.17 1.65013 0.0377423
161.17 1.7136 0.0468884
161.17 1.77706 0.0558459
161.17 1.84053 0.0645787
161.17 1.904 0.0730512
161.17 1.96746 0.0812296
161.17 2.03093 0.0890812
161.17 2.0944 0.0965738
161.17 2.15786 0.103678
161.17 2.22133 0.110364
161.17 2.28479 0.116606
161.17 2.34826 0.122378
161.17 2.41173 0.127658
161.17 2.47519 0.132424
161.17 2.53866 0.136656
161.17 2.60213 0.140338
161.17 2.66559 0.143455
161.17 2.72906 0.145995
161.17 2.79253 0.147946
161.17 2.85599 0.149302
161.17 2.91946 0.150056
161.17 2.98293 0.150207
161.17 3.04639 0.149752
161.17 3.10986 0.148695
161.17 3.17333 0.147039
161.17 3.23679 0.14479
161.17 3.30026 0.141959
161.17 3.36373 0.138556
161.17 3.42719 0.134595
161.17 3.49066 0.130093
161.17 3.55413 0.125066
161.17 3.61759 0.119536
161.17 3.68106 0.113524
161.17 3.74452 0.107056
161.17 3.80799 0.100156
161.17 3.87146 0.0928527
161.17 3.93492 0.0851758
161.17 3.99839 0.0771561
161.17 4.06186 0.0688253
161.17 4.12532 0.0602178
161.17 4.18879 0.0513676
161.17 4.25226 0.0423104
161.17 4.31572 0.0330831
161.17 4.37919 0.0237224
161.17 4.44266 0.0142665
161.17 4.50612 0.0047529
161.17 4.56959 -0.00478011
161.17 4.63306 -0.0142933
161.17 4.69652 -0.0237494
161.17 4.75999 -0.0331096
161.17 4.82346 -0.0423366
161.17 4.88692 -0.051393
161.17 4.95039 -0.0602426
161.17 5.01385 -0.0688496
161.17 5.07732 -0.0771793
161.17 5.14079 -0.0851984
161.17 5.20425 -0.0928743
161.17 5.26772 -0.100176
161.17 5.33119 -0.107075
161.17 5.39465 -0.113542
161.17 5.45812 -0.119552
161.17 5.52159 -0.125081
161.17 5.58505 -0.130106
161.17 5.64852 -0.134608
161.17 5.71199 -0.138567
161.17 5.77545 -0.141968
161.17 5.83892 -0.144798
161.17 5.90239 -0.147044
161.17 5.96585 -0.148699
161.17 6.02932 -0.149754
161.17 6.09279 -0.150207
161.17 6.15625 -0.150055
161.17 6.21972 -0.149299
161.17 6.28319 -0.147941
162.171 0 -0.18078
162.171 0.0634665 -0.186501
162.171 0.126933 -0.191472
162.171 0.1904 -0.195671
162.171 0.253866 -0.199082
162.171 0.317333 -0.201692
162.171 0.380799 -0.203489
162.171 0.444266 -0.204467
162.171 0.507732 -0.204622
162.171 0.571199 -0.203953
162.171 0.634665 -0.202463
162.171 0.698132 -0.200157
162.171 0.761598 -0.197046
162.171 0.825065 -0.193141
162.171 0.888531 -0.188458
162.171 0.951998 -0.183017
162.171 1.01546 -0.176838
162.171 1.07893 -0.169948
162.171 1.1424 -0.162373
162.171 1.20586 -0.154144
162.171 1.26933 -0.145295
162.171 1.3328 -0.13586
162.171 1.39626 -0.125879
162.171 1.45973 -0.115391
162.171 1.5232 -0.104438
162.171 1.58666 -0.0930642
162.171 1.65013 -0.081316
162.171 1.7136 -0.0692402
162.171 1.77706 -0.0568858
162.171 1.84053 -0.0443021
162.171 1.904 -0.0315402
162.171 1.96746 -0.0186513
162.171 2.03093 -0.00568715
162.171 2.0944 0.00729973
162.171 2.15786 0.0202572
162.171 2.22133 0.0331332
162.171 2.28479 0.0458758
162.171 2.34826 0.0584335
162.171 2.41173 0.0707561
162.171 2.47519 0.0827938
162.171 2.53866 0.0944981
162.171 2.60213 0.105822
162.171 2.66559 0.116719
162.171 2.72906 0.127147
162.171 2.79253 0.137063
162.171 2.85599 0.146426
162.171 2.91946 0.155201
162.171 2.98293 0.16335
162.171 3.04639 0.170841
162.171 3.10986 0.177645
162.171 3.17333 0.183733
162.171 3.23679 0.189082
162.171 3.30026 0.193669
162.171 3.36373 0.197476
162.171 3.42719 0.200488
162.171 3.49066 0.202693
162.171 3.55413 0.204081
162.171 3.61759 0.204648
162.171 3.68106 0.204391
162.171 3.74452 0.203311
162.171 3.80799 0.201412
162.171 3.87146 0.198702
162.171 3.93492 0.195192
162.171 3.99839 0.190896
162.171 4.06186 0.185831
162.171 4.12532 0.180018
162.171 4.18879 0.173481
162.171 4.25226 0.166244
162.171 4.31572 0.158338
162.171 4.37919 0.149795
162.171 4.44266 0.140648
162.171 4.50612 0.130936
162.171 4.56959 0.120696
162.171 4.63306 0.10997
162.171 4.69652 0.0988007
162.171 4.75999 0.0872339
162.171 4.82346 0.0753161
162.171 4.88692 0.0630947
162.171 4.95039 0.0506194
162.171 5.01385 0.0379402
162.171 5.07732 0.0251084
162.171 5.14079 0.0121755
162.171 5.20425 -0.000806629
162.171 5.26772 -0.0137854
162.171 5.33119 -0.0267087
162.171 5.39465 -0.0395244
162.171 5.45812 -0.0521809
162.171 5.52159 -0.0646274
162.171 5.58505 -0.0768136
162.171 5.64852 -0.0886905
162.171 5.71199 -0.10021
162.171 5.77545 -0.111327
162.171 5.83892 -0.121995
162.171 5.90239 -0.132171
162.171 5.96585 -0.141816
162.171 6.02932 -0.150889
162.171 6.09279 -0.159356
162.171 6.15625 -0.16718
162.171 6.21972 -0.174331
162.171 6.28319 -0.18078
163.172 0 -0.251117
163.172 0.0634665 -0.256317
163.172 0.126933 -0.260485
163.172 0.1904 -0.263604
163.172 0.253866 -0.265661
163.172 0.317333 -0.266649
163.172 0.380799 -0.266563
163.172 0.444266 -0.265404
163.172 0.507732 -0.263176
163.172 0.571199 -0.259888
163.172 0.634665 -0.255554
163.172 0.698132 -0.250191
163.172 0.761598 -0.24382
163.172 0.825065 -0.236468
163.172 0.888531 -0.228163
163.172 0.951998 -0.21894
163.172 1.01546 -0.208835
163.172 1.07893 -0.197889
163.172 1.1424 -0.186147
163.172 1.20586 -0.173655
163.172 1.26933 -0.160463
163.172 1.3328 -0.146626
163.172 1.39626 -0.132198
163.172 1.45973 -0.117238
163.172 1.5232 -0.101806
163.172 1.58666 -0.0859633
163.172 1.65013 -0.0697749
163.172 1.7136 -0.0533055
163.172 1.77706 -0.0366215
163.172 1.84053 -0.0197901
163.172 1.904 -0.00287895
163.172 1.96746 0.0140438
163.172 2.03093 0.03091
163.172 2.0944 0.0476518
163.172 2.15786 0.0642015
163.172 2.22133 0.0804929
163.172 2.28479 0.0964601
163.172 2.34826 0.112039
163.172 2.41173 0.127167
163.172 2.47519 0.141782
163.172 2.53866 0.155827
163.172 2.60213 0.169244
163.172 2.66559 0.18198
163.172 2.72906 0.193983
163.172 2.79253 0.205205
163.172 2.85599 0.2156
163.172 2.91946 0.225128
163.172 2.98293 0.233749
163.172 3.04639 0.241429
163.172 3.10986 0.248136
163.172 3.17333 0.253844
163.172 3.23679 0.258531
163.172 3.30026 0.262176
163.172 3.36373 0.264766
163.172 3.42719 0.266289
163.172 3.49066 0.26674
163.172 3.55413 0.266117
163.172 3.61759 0.264423
163.172 3.68106 0.261664
163.172 3.74452 0.257851
163.172 3.80799 0.253
163.172 3.87146 0.24713
163.172 3.93492 0.240265
163.172 3.99839 0.232433
163.172 4.06186 0.223664
163.172 4.12532 0.213996
163.172 4.18879 0.203465
163.172 4.25226 0.192115
163.172 4.31572 0.179992
163.172 4.37919 0.167143
163.172 4.44266 0.153622
163.172 4.50612 0.139482
163.172 4.56959 0.124781
163.172 4.63306 0.109577
163.172 4.69652 0.0939317
163.172 4.75999 0.0779084
163.172 4.82346 0.0615713
163.172 4.88692 0.0449862
163.172 4.95039 0.02822
163.172 5.01385 0.0113403
163.172 5.07732 -0.00558521
163.172 5.14079 -0.0224882
163.172 5.20425 -0.0393007
163.172 5.26772 -0.0559549
163.172 5.33119 -0.0723836
163.172 5.39465 -0.0885211
163.172 5.45812 -0.104302
163.172 5.52159 -0.119663
163.172 5.58505 -0.134542
163.172 5.64852 -0.148879
163.172 5.71199 -0.162617
163.172 5.77545 -0.1757
163.172 5.83892 -0.188076
163.172 5.90239 -0.199694
163.172 5.96585 -0.210508
163.172 6.02932 -0.220475
163.172 6.09279 -0.229554
163.172 6.15625 -0.237708
163.172 6.21972 -0.244905
163.172 6.28319 -0.251117
164.173 0 0.0318465
164.173 0.0634665 0.0252849
164.173 0.126933 0.0186216
164.173 0.1904 0.0118834
164.173 0.253866 0.00509727
164.173 0.317333 -0.00170941
164.173 0.380799 -0.0085091
164.173 0.444266 -0.0152745
164.173 0.507732 -0.0219786
164.173 0.571199 -0.028594
164.173 0.634665 -0.0350945
164.173 0.698132 -0.0414535
164.173 0.761598 -0.0476456
164.173 0.825065 -0.0536459
164.173 0.888531 -0.0594301
164.173 0.951998 -0.064975
164.173 1.01546 -0.0702584
164.173 1.07893 -0.0752587
164.173 1.1424 -0.0799562
164.173 1.20586 -0.0843316
164.173 1.26933 -0.0883675
164.173 1.3328 -0.0920476
164.173 1.39626 -0.0953568
164.173 1.45973 -0.0982823
164.173 1.5232 -0.100812
164.173 1.58666 -0.102936
164.173 1.65013 -0.104645
164.173 1.7136 -0.105933
164.173 1.77706 -0.106794
164.173 1.84053 -0.107225
164.173 1.904 -0.107225
164.173 1.96746 -0.106793
164.173 2.03093 -0.105931
164.173 2.0944 -0.104642
164.173 2.15786 -0.102932
164.173 2.22133 -0.100807
164.173 2.28479 -0.0982765
164.173 2.34826 -0.0953502
164.173 2.41173 -0.09204
164.173 2.47519 -0.0883593
164.173 2.53866 -0.0843227
164.173 2.60213 -0.0799465
164.173 2.66559 -0.0752485
164.173 2.72906 -0.0702474
164.173 2.79253 -0.0649635
164.173 2.85599 -0.059418
164.173 2.91946 -0.0536333
164.173 2.98293 -0.0476325
164.173 3.04639 -0.0414401
164.173 3.10986 -0.0350807
164.173 3.17333 -0.02858
164.173 3.23679 -0.0219644
164.173 3.30026 -0.0152602
164.173 3.36373 -0.00849466
164.173 3.42719 -0.00169483
164.173 3.49066 0.00511184
164.173 3.55413 0.011898
164.173 3.61759 0.018636
164.173 3.68106 0.0252991
164.173 3.74452 0.0318603
164.173 3.80799 0.0382932
164.173 3.87146 0.044572
164.173 3.93492 0.0506713
164.173 3.99839 0.0565664
164.173 4.06186 0.062234
164.173 4.12532 0.0676508
164.173 4.18879 0.0727952
164.173 4.25226 0.0776467
164.173 4.31572 0.0821853
164.173 4.37919 0.0863931
164.173 4.44266 0.0902529
164.173 4.50612 0.0937494
164.173 4.56959 0.0968682
164.173 4.63306 0.0995972
164.173 4.69652 0.101925
164.173 4.75999 0.103843
164.173 4.82346 0.105342
164.173 4.88692 0.106417
164.173 4.95039 0.107064
164.173 5.01385 0.107279
164.173 5.07732 0.107063
164.173 5.14079 0.106415
164.173 5.20425 0.105339
164.173 5.26772 0.103839
164.173 5.33119 0.101921
164.173 5.39465 0.0995919
164.173 5.45812 0.0968621
164.173 5.52159 0.0937422
164.173 5.58505 0.090245
164.173 5.64852 0.0863844
164.173 5.71199 0.0821759
164.173 5.77545 0.0776365
164.173 5.83892 0.0727846
164.173 5.90239 0.0676394
164.173 5.96585 0.0622221
164.173 6.02932 0.0565542
164.173 6.09279 0.0506584
164.173 6.15625 0.0445587
164.173 6.21972 0.0382796
164.173 6.28319 0.0318465
165.174 0 -0.0304062
165.174 0.0634665 -0.0256733
165.174 0.126933 -0.0208372
165.174 0.1904 -0.0159172
165.174 0.253866 -0.0109331
165.174 0.317333 -0.00590482
165.174 0.380799 -0.000852922
165.174 0.444266 0.00420241
165.174 0.507732 0.0092409
165.174 0.571199 0.0142421
165.174 0.634665 0.0191863
165.174 0.698132 0.0240528
165.174 0.761598 0.0288227
165.174 0.825065 0.0334764
165.174 0.888531 0.0379953
165.174 0.951998 0.0423612
165.174 1.01546 0.0465566
165.174 1.07893 0.0505644
165.174 1.1424 0.0543689
165.174 1.20586 0.0579542
165.174 1.26933 0.0613063
165.174 1.3328 0.0644114
165.174 1.39626 0.0672572
165.174 1.45973 0.0698321
165.174 1.5232 0.072126
165.174 1.58666 0.0741294
165.174 1.65013 0.0758342
165.174 1.7136 0.0772338
165.174 1.77706 0.0783223
165.174 1.84053 0.0790954
165.174 1.904 0.0795501
165.174 1.96746 0.0796844
165.174 2.03093 0.0794979
165.174 2.0944 0.0789912
165.174 2.15786 0.0781666
165.174 2.22133 0.0770271
165.174 2.28479 0.0755775
165.174 2.34826 0.0738236
165.174 2.41173 0.0717723
165.174 2.47519 0.0694321
165.174 2.53866 0.0668124
165.174 2.60213 0.0639236
165.174 2.66559 0.0607773
165.174 2.72906 0.0573864
165.174 2.79253 0.0537644
165.174 2.85599 0.0499259
165.174 2.91946 0.0458864
165.174 2.98293 0.041662
165.174 3.04639 0.03727
165.174 3.10986 0.0327279
165.174 3.17333 0.028054
165.174 3.23679 0.023267
165.174 3.30026 0.0183864
165.174 3.36373 0.0134319
165.174 3.42719 0.00842337
165.174 3.49066 0.00338054
165.174 3.55413 -0.00167562
165.174 3.61759 -0.00672515
165.174 3.68106 -0.0117475
165.174 3.74452 -0.0167226
165.174 3.80799 -0.0216303
165.174 3.87146 -0.0264511
165.174 3.93492 -0.0311652
165.174 3.99839 -0.0357538
165.174 4.06186 -0.0401984
165.174 4.12532 -0.0444813
165.174 4.18879 -0.048585
165.174 4.25226 -0.052493
165.174 4.31572 -0.0561898
165.174 4.37919 -0.0596602
165.174 4.44266 -0.0628904
165.174 4.50612 -0.0658674
165.174 4.56959 -0.0685792
165.174 4.63306 -0.0710148
165.174 4.69652 -0.0731644
165.174 4.75999 -0.0750196
165.174 4.82346 -0.0765725
165.174 4.88692 -0.0778171
165.174 4.95039 -0.0787485
165.174 5.01385 -0.0793627
165.174 5.07732 -0.0796573
165.174 5.14079 -0.0796312
165.174 5.20425 -0.0792844
165.174 5.26772 -0.0786185
165.174 5.33119 -0.077636
165.174 5.39465 -0.0763407
165.174 5.45812 -0.0747381
165.174 5.52159 -0.0728346
165.174 5.58505 -0.0706378
165.174 5.64852 -0.0681566
165.174 5.71199 -0.0654009
165.174 5.77545 -0.0623819
165.174 5.83892 -0.0591116
165.174 5.90239 -0.0556035
165.174 5.96585 -0.0518712
165.174 6.02932 -0.0479303
165.174 6.09279 -0.0437963
165.174 6.15625 -0.039486
165.174 6.21972 -0.0350167
165.174 6.28319 -0.0304063
166.174 0 -0.167477
166.174 0.0634665 -0.164546
166.174 0.126933 -0.160952
166.174 0.1904 -0.15671
166.174 0.253866 -0.151836
166.174 0.317333 -0.146352
166.174 0.380799 -0.140278
166.174 0.444266 -0.133639
166.174 0.507732 -0.126463
166.174 0.571199 -0.118777
166.174 0.634665 -0.110612
166.174 0.698132 -0.102002
166.174 0.761598 -0.0929822
166.174 0.825065 -0.0835874
166.174 0.888531 -0.0738559
166.174 0.951998 -0.0638271
166.174 1.01546 -0.0535413
166.174 1.07893 -0.0430398
166.174 1.1424 -0.0323651
166.174 1.20586 -0.0215603
166.174 1.26933 -0.0106684
166.174 1.3328 0.000266521
166.174 1.39626 0.0112002
166.174 1.45973 0.0220889
166.174 1.5232 0.0328885
166.174 1.58666 0.0435558
166.174 1.65013 0.0540475
166.174 1.7136 0.0643218
166.174 1.77706 0.0743371
166.174 1.84053 0.084053
166.174 1.904 0.0934304
166.174 1.96746 0.102432
166.174 2.03093 0.11102
166.174 2.0944 0.119162
166.174 2.15786 0.126824
166.174 2.22133 0.133975
166.174 2.28479 0.140587
166.174 2.34826 0.146633
166.174 2.41173 0.152088
166.174 2.47519 0.156931
166.174 2.53866 0.161142
166.174 2.60213 0.164704
166.174 2.66559 0.167603
166.174 2.72906 0.169827
166.174 2.79253 0.171367
166.174 2.85599 0.172217
166.174 2.91946 0.172374
166.174 2.98293 0.171836
166.174 3.04639 0.170607
166.174 3.10986 0.168691
166.174 3.17333 0.166095
166.174 3.23679 0.162831
166.174 3.30026 0.158911
166.174 3.36373 0.154351
166.174 3.42719 0.149169
166.174 3.49066 0.143387
166.174 3.55413 0.137028
166.174 3.61759 0.130117
166.174 3.68106 0.122681
166.174 3.74452 0.114752
166.174 3.80799 0.106361
166.174 3.87146 0.0975415
166.174 3.93492 0.0883293
166.174 3.99839 0.0787612
166.174 4.06186 0.0688762
166.174 4.12532 0.0587137
166.174 4.18879 0.0483149
166.174 4.25226 0.0377214
166.174 4.31572 0.0269762
166.174 4.37919 0.0161222
166.174 4.44266 0.00520369
166.174 4.50612 -0.0057362
166.174 4.56959 -0.0166529
166.174 4.63306 -0.0275024
166.174 4.69652 -0.0382414
166.174 4.75999 -0.0488261
166.174 4.82346 -0.0592146
166.174 4.88692 -0.0693645
166.174 4.95039 -0.0792349
166.174 5.01385 -0.0887864
166.174 5.07732 -0.0979805
166.174 5.14079 -0.10678
166.174 5.20425 -0.115149
166.174 5.26772 -0.123055
166.174 5.33119 -0.130465
166.174 5.39465 -0.13735
166.174 5.45812 -0.143682
166.174 5.52159 -0.149436
166.174 5.58505 -0.154587
166.174 5.64852 -0.159116
166.174 5.71199 -0.163005
166.174 5.77545 -0.166237
166.174 5.83892 -0.1688
166.174 5.90239 -0.170683
166.174 5.96585 -0.171878
166.174 6.02932 -0.172382
166.174 6.09279 -0.172192
166.174 6.15625 -0.171308
166.174 6.21972 -0.169734
166.174 6.28319 -0.167477
167.175 0 -0.31984
167.175 0.0634665 -0.318322
167.175 0.126933 -0.315523
167.175 0.1904 -0.311453
167.175 0.253866 -0.306129
167.175 0.317333 -0.299572
167.175 0.380799 -0.291809
167.175 0.444266 -0.28287
167.175 0.507732 -0.272794
167.175 0.571199 -0.261618
167.175 0.634665 -0.249389
167.175 0.698132 -0.236156
167.175 0.761598 -0.221972
167.175 0.825065 -0.206894
167.175 0.888531 -0.190982
167.175 0.951998 -0.174303
167.175 1.01546 -0.156921
167.175 1.07893 -0.138907
167.175 1.1424 -0.120334
167.175 1.20586 -0.101276
167.175 1.26933 -0.081811
167.175 1.3328 -0.062016
167.175 1.39626 -0.0419715
167.175 1.45973 -0.0217579
167.175 1.5232 -0.00145673
167.175 1.58666 0.0188504
167.175 1.65013 0.0390814
167.175 1.7136 0.0591553
167.175 1.77706 0.0789908
167.175 1.84053 0.0985083
167.175 1.904 0.117629
167.175 1.96746 0.136276
167.175 2.03093 0.154375
167.175 2.0944 0.171852
167.175 2.15786 0.188637
167.175 2.22133 0.204662
167.175 2.28479 0.219863
167.175 2.34826 0.234179
167.175 2.41173 0.247552
167.175 2.47519 0.259928
167.175 2.53866 0.271257
167.175 2.60213 0.281495
167.175 2.66559 0.290598
167.175 2.72906 0.298532
167.175 2.79253 0.305264
167.175 2.85599 0.310766
167.175 2.91946 0.315017
167.175 2.98293 0.317999
167.175 3.04639 0.319701
167.175 3.10986 0.320116
167.175 3.17333 0.319242
167.175 3.23679 0.317082
167.175 3.30026 0.313645
167.175 3.36373 0.308946
167.175 3.42719 0.303003
167.175 3.49066 0.295839
167.175 3.55413 0.287484
167.175 3.61759 0.277972
167.175 3.68106 0.26734
167.175 3.74452 0.255632
167.175 3.80799 0.242895
167.175 3.87146 0.229179
167.175 3.93492 0.214541
167.175 3.99839 0.199038
167.175 4.06186 0.182735
167.175 4.12532 0.165695
167.175 4.18879 0.147988
167.175 4.25226 0.129686
167.175 4.31572 0.110861
167.175 4.37919 0.0915898
167.175 4.44266 0.0719497
167.175 4.50612 0.0520201
167.175 4.56959 0.0318808
167.175 4.63306 0.0116133
167.175 4.69652 -0.0087011
167.175 4.75999 -0.0289805
167.175 4.82346 -0.0491431
167.175 4.88692 -0.0691078
167.175 4.95039 -0.0887943
167.175 5.01385 -0.108123
167.175 5.07732 -0.127017
167.175 5.14079 -0.145399
167.175 5.20425 -0.163195
167.175 5.26772 -0.180335
167.175 5.33119 -0.196748
167.175 5.39465 -0.212369
167.175 5.45812 -0.227135
167.175 5.52159 -0.240987
167.175 5.58505 -0.253868
167.175 5.64852 -0.265726
167.175 5.71199 -0.276515
167.175 5.77545 -0.286191
167.175 5.83892 -0.294713
167.175 5.90239 -0.30205
167.175 5.96585 -0.30817
167.175 6.02932 -0.313049
167.175 6.09279 -0.316667
167.175 6.15625 -0.319011
167.175 6.21972 -0.32007
167.175 6.28319 -0.31984
168.176 0 -0.565228
168.176 0.0634665 -0.563143
168.176 0.126933 -0.558791
168.176 0.1904 -0.552188
168.176 0.253866 -0.543362
168.176 0.317333 -0.532349
168.176 0.380799 -0.519191
168.176 0.444266 -0.503943
168.176 0.507732 -0.486665
168.176 0.571199 -0.467429
168.176 0.634665 -0.44631
168.176 0.698132 -0.423394
168.176 0.761598 -0.398772
168.176 0.825065 -0.372546
168.176 0.888531 -0.344819
168.176 0.951998 -0.315704
168.176 1.01546 -0.285317
168.176 1.07893 -0.253782
168.176 1.1424 -0.221225
168.176 1.20586 -0.187776
168.176 1.26933 -0.153572
168.176 1.3328 -0.11875
168.176 1.39626 -0.083449
168.176 1.45973 -0.0478122
168.176 1.5232 -0.011983
168.176 1.58666 0.0238947
168.176 1.65013 0.0596758
168.176 1.7136 0.0952169
168.176 1.77706 0.130375
168.176 1.84053 0.165007
168.176 1.904 0.198975
168.176 1.96746 0.232143
168.176 2.03093 0.264375
168.176 2.0944 0.295543
168.176 2.15786 0.32552
168.176 2.22133 0.354187
168.176 2.28479 0.381428
168.176 2.34826 0.407132
168.176 2.41173 0.431198
168.176 2.47519 0.453527
168.176 2.53866 0.47403
168.176 2.60213 0.492625
168.176 2.66559 0.509235
168.176 2.72906 0.523795
168.176 2.79253 0.536246
168.176 2.85599 0.546538
168.176 2.91946 0.554629
168.176 2.98293 0.560487
168.176 3.04639 0.564087
168.176 3.10986 0.565417
168.176 3.17333 0.564469
168.176 3.23679 0.561249
168.176 3.30026 0.555769
168.176 3.36373 0.548051
168.176 3.42719 0.538126
168.176 3.49066 0.526035
168.176 3.55413 0.511825
168.176 3.61759 0.495554
168.176 3.68106 0.477288
168.176 3.74452 0.457099
168.176 3.80799 0.435071
168.176 3.87146 0.41129
168.176 3.93492 0.385854
168.176 3.99839 0.358863
168.176 4.06186 0.330428
168.176 4.12532 0.300662
168.176 4.18879 0.269685
168.176 4.25226 0.237623
168.176 4.31572 0.204603
168.176 4.37919 0.17076
168.176 4.44266 0.13623
168.176 4.50612 0.10115
168.176 4.56959 0.0656638
168.176 4.63306 0.0299126
168.176 4.69652 -0.00595873
168.176 4.75999 -0.0418062
168.176 4.82346 -0.0774854
168.176 4.88692 -0.112853
168.176 4.95039 -0.147765
168.176 5.01385 -0.182083
168.176 5.07732 -0.215668
168.176 5.14079 -0.248384
168.176 5.20425 -0.2801
168.176 5.26772 -0.310688
168.176 5.33119 -0.340025
168.176 5.39465 -0.367993
168.176 5.45812 -0.394479
168.176 5.52159 -0.419377
168.176 5.58505 -0.442585
168.176 5.64852 -0.464012
168.176 5.71199 -0.483571
168.176 5.77545 -0.501182
168.176 5.83892 -0.516775
168.176 5.90239 -0.530288
168.176 5.96585 -0.541664
168.176 6.02932 -0.550861
168.176 6.09279 -0.557839
168.176 6.15625 -0.56257
168.176 6.21972 -0.565036
168.176 6.28319 -0.565228
169.177 0 -0.348389
169.177 0.0634665 -0.319874
169.177 0.126933 -0.29007
169.177 0.1904 -0.259099
169.177 0.253866 -0.227085
169.177 0.317333 -0.194156
169.177 0.380799 -0.160445
169.177 0.444266 -0.126088
169.177 0.507732 -0.0912238
169.177 0.571199 -0.0559923
169.177 0.634665 -0.0205347
169.177 0.698132 0.0150052
169.177 0.761598 0.0504852
169.177 0.825065 0.0857608
169.177 0.888531 0.120692
169.177 0.951998 0.155137
169.177 1.01546 0.188957
169.177 1.07893 0.222016
169.177 1.1424 0.254182
169.177 1.20586 0.285324
169.177 1.26933 0.315317
169.177 1.3328 0.34404
169.177 1.39626 0.371378
169.177 1.45973 0.39722
169.177 1.5232 0.421464
169.177 1.58666 0.44401
169.177 1.65013 0.464768
169.177 1.7136 0.483654
169.177 1.77706 0.500594
169.177 1.84053 0.515517
169.177 1.904 0.528365
169.177 1.96746 0.539085
169.177 2.03093 0.547634
169.177 2.0944 0.553979
169.177 2.15786 0.558093
169.177 2.22133 0.559959
169.177 2.28479 0.559571
169.177 2.34826 0.556929
169.177 2.41173 0.552045
169.177 2.47519 0.544938
169.177 2.53866 0.535637
169.177 2.60213 0.524178
169.177 2.66559 0.51061
169.177 2.72906 0.494985
169.177 2.79253 0.477367
169.177 2.85599 0.457827
169.177 2.91946 0.436443
169.177 2.98293 0.413302
169.177 3.04639 0.388497
169.177 3.10986 0.362127
169.177 3.17333 0.334299
169.177 3.23679 0.305126
169.177 3.30026 0.274723
169.177 3.36373 0.243214
169.177 3.42719 0.210726
169.177 3.49066 0.17739
169.177 3.55413 0.143339
169.177 3.61759 0.108711
169.177 3.68106 0.073645
169.177 3.74452 0.0382828
169.177 3.80799 0.00276641
169.177 3.87146 -0.0327616
169.177 3.93492 -0.0681567
169.177 3.99839 -0.103278
169.177 4.06186 -0.137984
169.177 4.12532 -0.172134
169.177 4.18879 -0.20559
169.177 4.25226 -0.238219
169.177 4.31572 -0.269889
169.177 4.37919 -0.300471
169.177 4.44266 -0.329844
169.177 4.50612 -0.357889
169.177 4.56959 -0.384493
169.177 4.63306 -0.409548
169.177 4.69652 -0.432954
169.177 4.75999 -0.454618
169.177 4.82346 -0.47445
169.177 4.88692 -0.492371
169.177 4.95039 -0.508311
169.177 5.01385 -0.522204
169.177 5.07732 -0.533994
169.177 5.14079 -0.543634
169.177 5.20425 -0.551084
169.177 5.26772 -0.556316
169.177 5.33119 -0.559307
169.177 5.39465 -0.560047
169.177 5.45812 -0.558531
169.177 5.52159 -0.554766
169.177 5.58505 -0.548768
169.177 5.64852 -0.54056
169.177 5.71199 -0.530174
169.177 5.77545 -0.517654
169.177 5.83892 -0.50305
169.177 5.90239 -0.486421
169.177 5.96585 -0.467832
169.177 6.02932 -0.44736
169.177 6.09279 -0.425086
169.177 6.15625 -0.401101
169.177 6.21972 -0.375501
169.177 6.28319 -0.348389
170.178 0 0.159913
170.178 0.0634665 0.160007
170.178 0.126933 0.159458
170.178 0.1904 0.158265
170.178 0.253866 0.156436
170.178 0.317333 0.153978
170.178 0.380799 0.150899
170.178 0.444266 0.147212
170.178 0.507732 0.142933
170.178 0.571199 0.138078
170.178 0.634665 0.132668
170.178 0.698132 0.126723
170.178 0.761598 0.120268
170.178 0.825065 0.113328
170.178 0.888531 0.105932
170.178 0.951998 0.0981095
170.178 1.01546 0.089892
170.178 1.07893 0.081313
170.178 1.1424 0.0724056
170.178 1.20586 0.0632078
170.178 1.26933 0.0537544
170.178 1.3328 0.0440852
170.178 1.39626 0.0342385
170.178 1.45973 0.024253
170.178 1.5232 0.0141709
170.178 1.58666 0.00403166
170.178 1.65013 -0.00612393
170.178 1.7136 -0.0162549
170.178 1.77706 -0.0263207
170.178 1.84053 -0.0362802
170.178 1.904 -0.0460938
170.178 1.96746 -0.0557217
170.178 2.03093 -0.0651252
170.178 2.0944 -0.0742665
170.178 2.15786 -0.0831088
170.178 2.22133 -0.0916164
170.178 2.28479 -0.0997551
170.178 2.34826 -0.107492
170.178 2.41173 -0.114796
170.178 2.47519 -0.121638
170.178 2.53866 -0.12799
170.178 2.60213 -0.133827
170.178 2.66559 -0.139125
170.178 2.72906 -0.143863
170.178 2.79253 -0.148021
170.178 2.85599 -0.151583
170.178 2.91946 -0.154536
170.178 2.98293 -0.156865
170.178 3.04639 -0.158563
170.178 3.10986 -0.159623
170.178 3.17333 -0.16004
170.178 3.23679 -0.159812
170.178 3.30026 -0.158941
170.178 3.36373 -0.15743
170.178 3.42719 -0.155285
170.178 3.49066 -0.152515
170.178 3.55413 -0.149131
170.178 3.61759 -0.145146
170.178 3.68106 -0.140576
170.178 3.74452 -0.135441
170.178 3.80799 -0.129761
170.178 3.87146 -0.123558
170.178 3.93492 -0.116856
170.178 3.99839 -0.109685
170.178 4.06186 -0.102073
170.178 4.12532 -0.0940483
170.178 4.18879 -0.0856454
170.178 4.25226 -0.0768978
170.178 4.31572 -0.0678407
170.178 4.37919 -0.0585104
170.178 4.44266 -0.0489445
170.178 4.50612 -0.0391814
170.178 4.56959 -0.0292607
170.178 4.63306 -0.0192221
170.178 4.69652 -0.00910579
170.178 4.75999 0.00104655
170.178 4.82346 0.0111952
170.178 4.88692 0.0212988
170.178 4.95039 0.0313163
170.178 5.01385 0.0412078
170.178 5.07732 0.0509334
170.178 5.14079 0.0604539
170.178 5.20425 0.069731
170.178 5.26772 0.0787272
170.178 5.33119 0.0874067
170.178 5.39465 0.095734
170.178 5.45812 0.103676
170.178 5.52159 0.1112
170.178 5.58505 0.118277
170.178 5.64852 0.124877
170.178 5.71199 0.130975
170.178 5.77545 0.136545
170.178 5.83892 0.141565
170.178 5.90239 0.146016
170.178 5.96585 0.149878
170.178 6.02932 0.153136
170.178 6.09279 0.155779
170.178 6.15625 0.157794
170.178 6.21972 0.159173
170.178 6.28319 0.159912
171.179 0 0.263295
171.179 0.0634665 0.200881
171.179 0.126933 0.137658
171.179 0.1904 0.0738818
171.179 0.253866 0.00980749
171.179 0.317333 -0.0543061
171.179 0.380799 -0.118201
171.179 0.444266 -0.18162
171.179 0.507732 -0.244308
171.179 0.571199 -0.306012
171.179 0.634665 -0.366484
171.179 0.698132 -0.42548
171.179 0.761598 -0.482762
171.179 0.825065 -0.538102
171.179 0.888531 -0.591274
171.179 0.951998 -0.642065
171.179 1.01546 -0.690271
171.179 1.07893 -0.735698
171.179 1.1424 -0.778162
171.179 1.20586 -0.817492
171.179 1.26933 -0.853532
171.179 1.3328 -0.886134
171.179 1.39626 -0.915167
171.179 1.45973 -0.940516
171.179 1.5232 -0.962079
171.179 1.58666 -0.979766
171.179 1.65013 -0.993509
171.179 1.7136 -1.00325
171.179 1.77706 -1.00895
171.179 1.84053 -1.01059
171.179 1.904 -1.00816
171.179 1.96746 -1.00167
171.179 2.03093 -0.991152
171.179 2.0944 -0.976638
171.179 2.15786 -0.958191
171.179 2.22133 -0.935887
171.179 2.28479 -0.909815
171.179 2.34826 -0.880078
171.179 2.41173 -0.846798
171.179 2.47519 -0.810108
171.179 2.53866 -0.770156
171.179 2.60213 -0.727103
171.179 2.66559 -0.681122
171.179 2.72906 -0.632399
171.179 2.79253 -0.581129
171.179 2.85599 -0.527519
171.179 2.91946 -0.471785
171.179 2.98293 -0.414151
171.179 3.04639 -0.35485
171.179 3.10986 -0.294119
171.179 3.17333 -0.232204
171.179 3.23679 -0.169355
171.179 3.30026 -0.105823
171.179 3.36373 -0.0418657
171.179 3.42719 0.0222605
171.179 3.49066 0.0862971
171.179 3.55413 0.149986
171.179 3.61759 0.213071
171.179 3.68106 0.275299
171.179 3.74452 0.336417
171.179 3.80799 0.396181
171.179 3.87146 0.45435
171.179 3.93492 0.510689
171.179 3.99839 0.564972
171.179 4.06186 0.61698
171.179 4.12532 0.666504
171.179 4.18879 0.713344
171.179 4.25226 0.757311
171.179 4.31572 0.798229
171.179 4.37919 0.835933
171.179 4.44266 0.870271
171.179 4.50612 0.901104
171.179 4.56959 0.928309
171.179 4.63306 0.951776
171.179 4.69652 0.971411
171.179 4.75999 0.987134
171.179 4.82346 0.998882
171.179 4.88692 1.00661
171.179 4.95039 1.01028
171.179 5.01385 1.00989
171.179 5.07732 1.00543
171.179 5.14079 0.996914
171.179 5.20425 0.98439
171.179 5.26772 0.967903
171.179 5.33119 0.947517
171.179 5.39465 0.923316
171.179 5.45812 0.895398
171.179 5.52159 0.863873
171.179 5.58505 0.82887
171.179 5.64852 0.79053
171.179 5.71199 0.749007
171.179 5.77545 0.704468
171.179 5.83892 0.657091
171.179 5.90239 0.607069
171.179 5.96585 0.554603
171.179 6.02932 0.499903
171.179 6.09279 0.443191
171.179 6.15625 0.384694
171.179 6.21972 0.324648
171.179 6.28319 0.263294
172.18 0 0.0770981
172.18 0.0634665 0.0916424
172.18 0.126933 0.105818
172.18 0.1904 0.119567
172.18 0.253866 0.132835
172.18 0.317333 0.145568
172.18 0.380799 0.157715
172.18 0.444266 0.169227
172.18 0.507732 0.180057
172.18 0.571199 0.190162
172.18 0.634665 0.199502
172.18 0.698132 0.208038
172.18 0.761598 0.215737
172.18 0.825065 0.222567
172.18 0.888531 0.228501
172.18 0.951998 0.233514
172.18 1.01546 0.237587
172.18 1.07893 0.240704
172.18 1.1424 0.242852
172.18 1.20586 0.244021
172.18 1.26933 0.244208
172.18 1.3328 0.243411
172.18 1.39626 0.241636
172.18 1.45973 0.238885
172.18 1.5232 0.235174
172.18 1.58666 0.230516
172.18 1.65013 0.224929
172.18 1.7136 0.218437
172.18 1.77706 0.211065
172.18 1.84053 0.202844
172.18 1.904 0.193805
172.18 1.96746 0.183986
172.18 2.03093 0.173426
172.18 2.0944 0.162168
172.18 2.15786 0.150257
172.18 2.22133 0.137741
172.18 2.28479 0.12467
172.18 2.34826 0.111098
172.18 2.41173 0.0970773
172.18 2.47519 0.0826665
172.18 2.53866 0.0679229
172.18 2.60213 0.0529054
172.18 2.66559 0.0376748
172.18 2.72906 0.0222926
172.18 2.79253 0.00682084
172.18 2.85599 -0.00867827
172.18 2.91946 -0.0241426
172.18 2.98293 -0.0395097
172.18 3.04639 -0.0547181
172.18 3.10986 -0.0697056
172.18 3.17333 -0.0844127
172.18 3.23679 -0.09878
172.18 3.30026 -0.112749
172.18 3.36373 -0.126265
172.18 3.42719 -0.139272
172.18 3.49066 -0.151718
172.18 3.55413 -0.163553
172.18 3.61759 -0.17473
172.18 3.68106 -0.185203
172.18 3.74452 -0.19493
172.18 3.80799 -0.203873
172.18 3.87146 -0.211994
172.18 3.93492 -0.219262
172.18 3.99839 -0.225648
172.18 4.06186 -0.231124
172.18 4.12532 -0.235669
172.18 4.18879 -0.239266
172.18 4.25226 -0.2419
172.18 4.31572 -0.243559
172.18 4.37919 -0.244238
172.18 4.44266 -0.243933
172.18 4.50612 -0.242646
172.18 4.56959 -0.240382
172.18 4.63306 -0.237149
172.18 4.69652 -0.232963
172.18 4.75999 -0.227837
172.18 4.82346 -0.221795
172.18 4.88692 -0.214859
172.18 4.95039 -0.207059
172.18 5.01385 -0.198424
172.18 5.07732 -0.188991
172.18 5.14079 -0.178796
172.18 5.20425 -0.167882
172.18 5.26772 -0.156291
172.18 5.33119 -0.144072
172.18 5.39465 -0.131272
172.18 5.45812 -0.117943
172.18 5.52159 -0.10414
172.18 5.58505 -0.0899174
172.18 5.64852 -0.0753325
172.18 5.71199 -0.0604444
172.18 5.77545 -0.0453133
172.18 5.83892 -0.0299994
172.18 5.90239 -0.0145645
172.18 5.96585 0.000929038
172.18 6.02932 0.0164187
172.18 6.09279 0.0318421
172.18 6.15625 0.0471377
172.18 6.21972 0.0622432
172.18 6.28319 0.0770982
173.181 0 0.0185949
173.181 0.0634665 0.0178764
173.181 0.126933 0.0170861
173.181 0.1904 0.0162269
173.181 0.253866 0.0153023
173.181 0.317333 0.0143162
173.181 0.380799 0.0132724
173.181 0.444266 0.0121752
173.181 0.507732 0.0110289
173.181 0.571199 0.00983822
173.181 0.634665 0.00860795
173.181 0.698132 0.00734302
173.181 0.761598 0.00604848
173.181 0.825065 0.00472964
173.181 0.888531 0.00339176
173.181 0.951998 0.00204013
173.181 1.01546 0.000680261
173.181 1.07893 -0.000682232
173.181 1.1424 -0.00204199
173.181 1.20586 -0.00339353
173.181 1.26933 -0.00473132
173.181 1.3328 -0.00605014
173.181 1.39626 -0.00734464
173.181 1.45973 -0.00860961
173.181 1.5232 -0.00983993
173.181 1.58666 -0.0110305
173.181 1.65013 -0.0121767
173.181 1.7136 -0.0132739
173.181 1.77706 -0.0143174
173.181 1.84053 -0.0153035
173.181 1.904 -0.016228
173.181 1.96746 -0.0170872
173.181 2.03093 -0.0178775
173.181 2.0944 -0.0185959
173.181 2.15786 -0.0192393
173.181 2.22133 -0.0198051
173.181 2.28479 -0.0202913
173.181 2.34826 -0.0206959
173.181 2.41173 -0.0210171
173.181 2.47519 -0.0212535
173.181 2.53866 -0.0214045
173.181 2.60213 -0.0214693
173.181 2.66559 -0.0214476
173.181 2.72906 -0.0213396
173.181 2.79253 -0.0211455
173.181 2.85599 -0.0208666
173.181 2.91946 -0.0205034
173.181 2.98293 -0.0200577
173.181 3.04639 -0.0195313
173.181 3.10986 -0.0189261
173.181 3.17333 -0.0182447
173.181 3.23679 -0.0174899
173.181 3.30026 -0.0166649
173.181 3.36373 -0.0157725
173.181 3.42719 -0.0148166
173.181 3.49066 -0.0138012
173.181 3.55413 -0.0127301
173.181 3.61759 -0.0116078
173.181 3.68106 -0.0104388
173.181 3.74452 -0.00922782
173.181 3.80799 -0.00797944
173.181 3.87146 -0.00669912
173.181 3.93492 -0.00539173
173.181 3.99839 -0.00406275
173.181 4.06186 -0.00271732
173.181 4.12532 -0.00136092
173.181 4.18879 9.0173e-07
173.181 4.25226 0.00136273
173.181 4.31572 0.00271904
173.181 4.37919 0.00406454
173.181 4.44266 0.00539365
173.181 4.50612 0.00670077
173.181 4.56959 0.00798128
173.181 4.63306 0.0092293
173.181 4.69652 0.0104404
173.181 4.75999 0.0116094
173.181 4.82346 0.0127316
173.181 4.88692 0.0138026
173.181 4.95039 0.014818
173.181 5.01385 0.0157737
173.181 5.07732 0.0166659
173.181 5.14079 0.0174909
173.181 5.20425 0.0182458
173.181 5.26772 0.018927
173.181 5.33119 0.0195319
173.181 5.39465 0.0200584
173.181 5.45812 0.0205038
173.181 5.52159 0.0208668
173.181 5.58505 0.0211459
173.181 5.64852 0.0213398
173.181 5.71199 0.0214479
173.181 5.77545 0.0214692
173.181 5.83892 0.0214043
173.181 5.90239 0.0212532
173.181 5.96585 0.0210166
173.181 6.02932 0.0206953
173.181 6.09279 0.0202908
173.181 6.15625 0.0198045
173.181 6.21972 0.0192383
173.181 6.28319 0.0185949
174.182 0 0.211656
174.182 0.0634665 0.212834
174.182 0.126933 0.213154
174.182 0.1904 0.212617
174.182 0.253866 0.211223
174.182 0.317333 0.208978
174.182 0.380799 0.205893
174.182 0.444266 0.201978
174.182 0.507732 0.197249
174.182 0.571199 0.191727
174.182 0.634665 0.185432
174.182 0.698132 0.178391
174.182 0.761598 0.170632
174.182 0.825065 0.162185
174.182 0.888531 0.153086
174.182 0.951998 0.14337
174.182 1.01546 0.133076
174.182 1.07893 0.122247
174.182 1.1424 0.110925
174.182 1.20586 0.0991573
174.182 1.26933 0.0869899
174.182 1.3328 0.0744723
174.182 1.39626 0.0616548
174.182 1.45973 0.048589
174.182 1.5232 0.0353275
174.182 1.58666 0.0219239
174.182 1.65013 0.00843184
174.182 1.7136 -0.00509402
174.182 1.77706 -0.0185994
174.182 1.84053 -0.03203
174.182 1.904 -0.0453316
174.182 1.96746 -0.0584505
174.182 2.03093 -0.0713342
174.182 2.0944 -0.0839307
174.182 2.15786 -0.0961891
174.182 2.22133 -0.10806
174.182 2.28479 -0.119496
174.182 2.34826 -0.130451
174.182 2.41173 -0.140881
174.182 2.47519 -0.150743
174.182 2.53866 -0.159998
174.182 2.60213 -0.168609
174.182 2.66559 -0.176541
174.182 2.72906 -0.183763
174.182 2.79253 -0.190244
174.182 2.85599 -0.195959
174.182 2.91946 -0.200885
174.182 2.98293 -0.205002
174.182 3.04639 -0.208294
174.182 3.10986 -0.210747
174.182 3.17333 -0.212352
174.182 3.23679 -0.213102
174.182 3.30026 -0.212993
174.182 3.36373 -0.212027
174.182 3.42719 -0.210207
174.182 3.49066 -0.20754
174.182 3.55413 -0.204038
174.182 3.61759 -0.199714
174.182 3.68106 -0.194586
174.182 3.74452 -0.188675
174.182 3.80799 -0.182003
174.182 3.87146 -0.174599
174.182 3.93492 -0.166492
174.182 3.99839 -0.157715
174.182 4.06186 -0.148302
174.182 4.12532 -0.138293
174.182 4.18879 -0.127726
174.182 4.25226 -0.116645
174.182 4.31572 -0.105094
174.182 4.37919 -0.0931204
174.182 4.44266 -0.0807719
174.182 4.50612 -0.0680979
174.182 4.56959 -0.0551497
174.182 4.63306 -0.0419795
174.182 4.69652 -0.0286401
174.182 4.75999 -0.0151855
174.182 4.82346 -0.00166982
174.182 4.88692 0.0118527
174.182 4.95039 0.0253275
174.182 5.01385 0.0387002
174.182 5.07732 0.0519172
174.182 5.14079 0.0649249
174.182 5.20425 0.0776716
174.182 5.26772 0.0901053
174.182 5.33119 0.102176
174.182 5.39465 0.113836
174.182 5.45812 0.125037
174.182 5.52159 0.135734
174.182 5.58505 0.145885
174.182 5.64852 0.155449
174.182 5.71199 0.164387
174.182 5.77545 0.172662
174.182 5.83892 0.180243
174.182 5.90239 0.187098
174.182 5.96585 0.193199
174.182 6.02932 0.198522
174.182 6.09279 0.203046
174.182 6.15625 0.206753
174.182 6.21972 0.209627
174.182 6.28319 0.211656
175.183 0 0.247039
175.183 0.0634665 0.242127
175.183 0.126933 0.23624
175.183 0.1904 0.229402
175.183 0.253866 0.22164
175.183 0.317333 0.212985
175.183 0.380799 0.203473
175.183 0.444266 0.193142
175.183 0.507732 0.182032
175.183 0.571199 0.17019
175.183 0.634665 0.157663
175.183 0.698132 0.1445
175.183 0.761598 0.130756
175.183 0.825065 0.116485
175.183 0.888531 0.101746
175.183 0.951998 0.0865965
175.183 1.01546 0.0710983
175.183 1.07893 0.0553139
175.183 1.1424 0.0393068
175.183 1.20586 0.0231414
175.183 1.26933 0.00688274
175.183 1.3328 -0.00940354
175.183 1.39626 -0.025652
175.183 1.45973 -0.041797
175.183 1.5232 -0.0577739
175.183 1.58666 -0.0735182
175.183 1.65013 -0.0889663
175.183 1.7136 -0.104056
175.183 1.77706 -0.118727
175.183 1.84053 -0.13292
175.183 1.904 -0.146578
175.183 1.96746 -0.159645
175.183 2.03093 -0.17207
175.183 2.0944 -0.183801
175.183 2.15786 -0.194793
175.183 2.22133 -0.205
175.183 2.28479 -0.214382
175.183 2.34826 -0.222901
175.183 2.41173 -0.230522
175.183 2.47519 -0.237214
175.183 2.53866 -0.242952
175.183 2.60213 -0.247712
175.183 2.66559 -0.251473
175.183 2.72906 -0.254223
175.183 2.79253 -0.255948
175.183 2.85599 -0.256643
175.183 2.91946 -0.256305
175.183 2.98293 -0.254934
175.183 3.04639 -0.252537
175.183 3.10986 -0.249123
175.183 3.17333 -0.244706
175.183 3.23679 -0.239304
175.183 3.30026 -0.232938
175.183 3.36373 -0.225634
175.183 3.42719 -0.217422
175.183 3.49066 -0.208334
175.183 3.55413 -0.198407
175.183 3.61759 -0.187681
175.183 3.68106 -0.1762
175.183 3.74452 -0.164009
175.183 3.80799 -0.151158
175.183 3.87146 -0.137698
175.183 3.93492 -0.123683
175.183 3.99839 -0.109171
175.183 4.06186 -0.0942185
175.183 4.12532 -0.0788871
175.183 4.18879 -0.0632379
175.183 4.25226 -0.0473341
175.183 4.31572 -0.0312397
175.183 4.37919 -0.0150195
175.183 4.44266 0.00126093
175.183 4.50612 0.0175365
175.183 4.56959 0.0337414
175.183 4.63306 0.0498106
175.183 4.69652 0.065679
175.183 4.75999 0.0812831
175.183 4.82346 0.0965598
175.183 4.88692 0.111448
175.183 4.95039 0.125887
175.183 5.01385 0.139819
175.183 5.07732 0.153189
175.183 5.14079 0.165941
175.183 5.20425 0.178025
175.183 5.26772 0.189392
175.183 5.33119 0.199997
175.183 5.39465 0.209797
175.183 5.45812 0.218752
175.183 5.52159 0.226826
175.183 5.58505 0.233986
175.183 5.64852 0.240204
175.183 5.71199 0.245456
175.183 5.77545 0.249718
175.183 5.83892 0.252975
175.183 5.90239 0.255214
175.183 5.96585 0.256425
175.183 6.02932 0.256603
175.183 6.09279 0.255748
175.183 6.15625 0.253864
175.183 6.21972 0.250957
175.183 6.28319 0.247039
176.184 0 -0.127321
176.184 0.0634665 -0.144644
176.184 0.126933 -0.161386
176.184 0.1904 -0.177478
176.184 0.253866 -0.192855
176.184 0.317333 -0.207455
176.184 0.380799 -0.22122
176.184 0.444266 -0.234094
176.184 0.507732 -0.246026
176.184 0.571199 -0.256966
176.184 0.634665 -0.266873
176.184 0.698132 -0.275705
176.184 0.761598 -0.283426
176.184 0.825065 -0.290006
176.184 0.888531 -0.295419
176.184 0.951998 -0.299642
176.184 1.01546 -0.302658
176.184 1.07893 -0.304456
176.184 1.1424 -0.305028
176.184 1.20586 -0.304371
176.184 1.26933 -0.302489
176.184 1.3328 -0.299389
176.184 1.39626 -0.295083
176.184 1.45973 -0.28959
176.184 1.5232 -0.28293
176.184 1.58666 -0.27513
176.184 1.65013 -0.266224
176.184 1.7136 -0.256245
176.184 1.77706 -0.245234
176.184 1.84053 -0.233236
176.184 1.904 -0.220298
176.184 1.96746 -0.206473
176.184 2.03093 -0.191817
176.184 2.0944 -0.176389
176.184 2.15786 -0.160251
176.184 2.22133 -0.143467
176.184 2.28479 -0.126106
176.184 2.34826 -0.108236
176.184 2.41173 -0.0899311
176.184 2.47519 -0.0712638
176.184 2.53866 -0.0523097
176.184 2.60213 -0.0331448
176.184 2.66559 -0.0138465
176.184 2.72906 0.00550745
176.184 2.79253 0.0248393
176.184 2.85599 0.0440711
176.184 2.91946 0.0631256
176.184 2.98293 0.0819258
176.184 3.04639 0.100396
176.184 3.10986 0.118462
176.184 3.17333 0.136051
176.184 3.23679 0.153092
176.184 3.30026 0.169517
176.184 3.36373 0.185259
176.184 3.42719 0.200256
176.184 3.49066 0.214445
176.184 3.55413 0.227772
176.184 3.61759 0.240181
176.184 3.68106 0.251623
176.184 3.74452 0.262052
176.184 3.80799 0.271425
176.184 3.87146 0.279706
176.184 3.93492 0.286861
176.184 3.99839 0.29286
176.184 4.06186 0.297681
176.184 4.12532 0.301302
176.184 4.18879 0.30371
176.184 4.25226 0.304895
176.184 4.31572 0.304853
176.184 4.37919 0.303583
176.184 4.44266 0.301091
176.184 4.50612 0.297386
176.184 4.56959 0.292484
176.184 4.63306 0.286404
176.184 4.69652 0.279171
176.184 4.75999 0.270813
176.184 4.82346 0.261366
176.184 4.88692 0.250866
176.184 4.95039 0.239355
176.184 5.01385 0.226881
176.184 5.07732 0.213493
176.184 5.14079 0.199246
176.184 5.20425 0.184196
176.184 5.26772 0.168405
176.184 5.33119 0.151935
176.184 5.39465 0.134854
176.184 5.45812 0.11723
176.184 5.52159 0.0991336
176.184 5.58505 0.080638
176.184 5.64852 0.061818
176.184 5.71199 0.0427489
176.184 5.77545 0.0235076
176.184 5.83892 0.00417168
176.184 5.90239 -0.015181
176.184 5.96585 -0.0344726
176.184 6.02932 -0.0536253
176.184 6.09279 -0.0725622
176.184 6.15625 -0.0912067
176.184 6.21972 -0.109484
176.184 6.28319 -0.127321
177.185 0 0.328648
177.185 0.0634665 0.320758
177.185 0.126933 0.311578
177.185 0.1904 0.301142
177.185 0.253866 0.289494
177.185 0.317333 0.276681
177.185 0.380799 0.262753
177.185 0.444266 0.247767
177.185 0.507732 0.231783
177.185 0.571199 0.214866
177.185 0.634665 0.197084
177.185 0.698132 0.178508
177.185 0.761598 0.159214
177.185 0.825065 0.139279
177.185 0.888531 0.118782
177.185 0.951998 0.0978076
177.185 1.01546 0.0764391
177.185 1.07893 0.0547628
177.185 1.1424 0.0328661
177.185 1.20586 0.0108369
177.185 1.26933 -0.0112358
177.185 1.3328 -0.0332635
177.185 1.39626 -0.0551569
177.185 1.45973 -0.0768285
177.185 1.5232 -0.0981906
177.185 1.58666 -0.119157
177.185 1.65013 -0.139644
177.185 1.7136 -0.159569
177.185 1.77706 -0.178851
177.185 1.84053 -0.197413
177.185 1.904 -0.21518
177.185 1.96746 -0.23208
177.185 2.03093 -0.248047
177.185 2.0944 -0.263014
177.185 2.15786 -0.276922
177.185 2.22133 -0.289715
177.185 2.28479 -0.301342
177.185 2.34826 -0.311755
177.185 2.41173 -0.320913
177.185 2.47519 -0.328779
177.185 2.53866 -0.33532
177.185 2.60213 -0.340512
177.185 2.66559 -0.344332
177.185 2.72906 -0.346766
177.185 2.79253 -0.347804
177.185 2.85599 -0.347441
177.185 2.91946 -0.345679
177.185 2.98293 -0.342525
177.185 3.04639 -0.337992
177.185 3.10986 -0.332098
177.185 3.17333 -0.324867
177.185 3.23679 -0.316327
177.185 3.30026 -0.306514
177.185 3.36373 -0.295467
177.185 3.42719 -0.28323
177.185 3.49066 -0.269852
177.185 3.55413 -0.255388
177.185 3.61759 -0.239896
177.185 3.68106 -0.223437
177.185 3.74452 -0.206079
177.185 3.80799 -0.187891
177.185 3.87146 -0.168947
177.185 3.93492 -0.149321
177.185 3.99839 -0.129095
177.185 4.06186 -0.108349
177.185 4.12532 -0.0871672
177.185 4.18879 -0.0656339
177.185 4.25226 -0.0438365
177.185 4.31572 -0.0218625
177.185 4.37919 0.000199669
177.185 4.44266 0.0222608
177.185 4.50612 0.0442324
177.185 4.56959 0.066026
177.185 4.63306 0.0875536
177.185 4.69652 0.108729
177.185 4.75999 0.129466
177.185 4.82346 0.149682
177.185 4.88692 0.169295
177.185 4.95039 0.188227
177.185 5.01385 0.2064
177.185 5.07732 0.223743
177.185 5.14079 0.240185
177.185 5.20425 0.255659
177.185 5.26772 0.270104
177.185 5.33119 0.283462
177.185 5.39465 0.295677
177.185 5.45812 0.306703
177.185 5.52159 0.316493
177.185 5.58505 0.325009
177.185 5.64852 0.332216
177.185 5.71199 0.338086
177.185 5.77545 0.342595
177.185 5.83892 0.345723
177.185 5.90239 0.34746
177.185 5.96585 0.347797
177.185 6.02932 0.346735
177.185 6.09279 0.344276
177.185 6.15625 0.34043
177.185 6.21972 0.335214
177.185 6.28319 0.328648
178.186 0 0.0654748
178.186 0.0634665 0.0686311
178.186 0.126933 0.0715112
178.186 0.1904 0.0741032
178.186 0.253866 0.0763969
178.186 0.317333 0.078383
178.186 0.380799 0.0800534
178.186 0.444266 0.0814015
178.186 0.507732 0.0824218
178.186 0.571199 0.0831103
178.186 0.634665 0.083464
178.186 0.698132 0.0834816
178.186 0.761598 0.0831634
178.186 0.825065 0.0825099
178.186 0.888531 0.0815245
178.186 0.951998 0.0802107
178.186 1.01546 0.078574
178.186 1.07893 0.0766205
178.186 1.1424 0.0743589
178.186 1.20586 0.0717977
178.186 1.26933 0.0689475
178.186 1.3328 0.0658198
178.186 1.39626 0.0624267
178.186 1.45973 0.0587825
178.186 1.5232 0.0549015
178.186 1.58666 0.0507995
178.186 1.65013 0.0464927
178.186 1.7136 0.0419989
178.186 1.77706 0.0373362
178.186 1.84053 0.0325229
178.186 1.904 0.0275787
178.186 1.96746 0.0225234
178.186 2.03093 0.0173776
178.186 2.0944 0.0121615
178.186 2.15786 0.00689664
178.186 2.22133 0.00160402
178.186 2.28479 -0.00369512
178.186 2.34826 -0.00897934
178.186 2.41173 -0.0142274
178.186 2.47519 -0.0194184
178.186 2.53866 -0.0245309
178.186 2.60213 -0.0295448
178.186 2.66559 -0.0344396
178.186 2.72906 -0.0391958
178.186 2.79253 -0.0437942
178.186 2.85599 -0.0482161
178.186 2.91946 -0.052444
178.186 2.98293 -0.0564607
178.186 3.04639 -0.0602502
178.186 3.10986 -0.0637968
178.186 3.17333 -0.0670867
178.186 3.23679 -0.0701063
178.186 3.30026 -0.0728438
178.186 3.36373 -0.0752879
178.186 3.42719 -0.0774288
178.186 3.49066 -0.0792581
178.186 3.55413 -0.0807683
178.186 3.61759 -0.081953
178.186 3.68106 -0.0828078
178.186 3.74452 -0.0833292
178.186 3.80799 -0.0835151
178.186 3.87146 -0.0833644
178.186 3.93492 -0.0828783
178.186 3.99839 -0.0820584
178.186 4.06186 -0.0809081
178.186 4.12532 -0.0794322
178.186 4.18879 -0.0776361
178.186 4.25226 -0.0755278
178.186 4.31572 -0.0731152
178.186 4.37919 -0.0704081
178.186 4.44266 -0.0674177
178.186 4.50612 -0.0641556
178.186 4.56959 -0.0606352
178.186 4.63306 -0.0568704
178.186 4.69652 -0.052877
178.186 4.75999 -0.0486706
178.186 4.82346 -0.0442681
178.186 4.88692 -0.0396875
178.186 4.95039 -0.0349471
178.186 5.01385 -0.0300659
178.186 5.07732 -0.0250635
178.186 5.14079 -0.0199605
178.186 5.20425 -0.0147769
178.186 5.26772 -0.00953384
178.186 5.33119 -0.00425246
178.186 5.39465 0.00104614
178.186 5.45812 0.00634055
178.186 5.52159 0.0116092
178.186 5.58505 0.0168313
178.186 5.64852 0.0219857
178.186 5.71199 0.0270515
178.186 5.77545 0.0320083
178.186 5.83892 0.0368363
178.186 5.90239 0.0415159
178.186 5.96585 0.0460284
178.186 6.02932 0.0503554
178.186 6.09279 0.0544799
178.186 6.15625 0.0583848
178.186 6.21972 0.0620547
178.186 6.28319 0.0654748
179.187 0 -0.382809
179.187 0.0634665 -0.380682
179.187 0.126933 -0.377022
179.187 0.1904 -0.371844
179.187 0.253866 -0.365169
179.187 0.317333 -0.357024
179.187 0.380799 -0.34744
179.187 0.444266 -0.336458
179.187 0.507732 -0.324121
179.187 0.571199 -0.310478
179.187 0.634665 -0.295586
179.187 0.698132 -0.279504
179.187 0.761598 -0.262296
179.187 0.825065 -0.244031
179.187 0.888531 -0.224784
179.187 0.951998 -0.204633
179.187 1.01546 -0.183657
179.187 1.07893 -0.161941
179.187 1.1424 -0.139573
179.187 1.20586 -0.116644
179.187 1.26933 -0.0932443
179.187 1.3328 -0.0694695
179.187 1.39626 -0.0454154
179.187 1.45973 -0.0211778
179.187 1.5232 0.00314468
179.187 1.58666 0.0274547
179.187 1.65013 0.051654
179.187 1.7136 0.0756454
179.187 1.77706 0.0993322
179.187 1.84053 0.122619
179.187 1.904 0.145412
179.187 1.96746 0.16762
179.187 2.03093 0.189152
179.187 2.0944 0.209923
179.187 2.15786 0.229849
179.187 2.22133 0.248849
179.187 2.28479 0.266847
179.187 2.34826 0.283771
179.187 2.41173 0.299552
179.187 2.47519 0.314126
179.187 2.53866 0.327437
179.187 2.60213 0.339428
179.187 2.66559 0.350052
179.187 2.72906 0.359268
179.187 2.79253 0.367036
179.187 2.85599 0.373327
179.187 2.91946 0.378114
179.187 2.98293 0.381379
179.187 3.04639 0.383108
179.187 3.10986 0.383295
179.187 3.17333 0.381938
179.187 3.23679 0.379043
179.187 3.30026 0.374622
179.187 3.36373 0.368692
179.187 3.42719 0.361278
179.187 3.49066 0.352409
179.187 3.55413 0.342121
179.187 3.61759 0.330456
179.187 3.68106 0.317459
179.187 3.74452 0.303185
179.187 3.80799 0.28769
179.187 3.87146 0.271036
179.187 3.93492 0.253291
179.187 3.99839 0.234526
179.187 4.06186 0.214816
179.187 4.12532 0.194242
179.187 4.18879 0.172886
179.187 4.25226 0.150833
179.187 4.31572 0.128173
179.187 4.37919 0.104997
179.187 4.44266 0.0813983
179.187 4.50612 0.0574714
179.187 4.56959 0.0333136
179.187 4.63306 0.00902114
179.187 4.69652 -0.0153074
179.187 4.75999 -0.0395741
179.187 4.82346 -0.0636818
179.187 4.88692 -0.0875328
179.187 4.95039 -0.111032
179.187 5.01385 -0.134083
179.187 5.07732 -0.156595
179.187 5.14079 -0.178476
179.187 5.20425 -0.199638
179.187 5.26772 -0.219997
179.187 5.33119 -0.23947
179.187 5.39465 -0.257978
179.187 5.45812 -0.275448
179.187 5.52159 -0.291808
179.187 5.58505 -0.306994
179.187 5.64852 -0.320943
179.187 5.71199 -0.3336
179.187 5.77545 -0.344914
179.187 5.83892 -0.354839
179.187 5.90239 -0.363335
179.187 5.96585 -0.370368
179.187 6.02932 -0.375909
179.187 6.09279 -0.379938
179.187 6.15625 -0.382436
179.187 6.21972 -0.383394
179.187 6.28319 -0.382809
180.188 0 -0.153327
180.188 0.0634665 -0.150452
180.188 0.126933 -0.146972
180.188 0.1904 -0.1429
180.188 0.253866 -0.138253
180.188 0.317333 -0.133049
180.188 0.380799 -0.127309
180.188 0.444266 -0.121057
180.188 0.507732 -0.114317
180.188 0.571199 -0.107117
180.188 0.634665 -0.0994851
180.188 0.698132 -0.0914531
180.188 0.761598 -0.0830526
180.188 0.825065 -0.074318
180.188 0.888531 -0.065284
180.188 0.951998 -0.055987
180.188 1.01546 -0.0464646
180.188 1.07893 -0.0367553
180.188 1.1424 -0.0268978
180.188 1.20586 -0.0169322
180.188 1.26933 -0.0068982
180.188 1.3328 0.00316353
180.188 1.39626 0.0132125
180.188 1.45973 0.0232083
180.188 1.5232 0.0331107
180.188 1.58666 0.0428796
180.188 1.65013 0.0524758
180.188 1.7136 0.0618609
180.188 1.77706 0.070997
180.188 1.84053 0.079847
180.188 1.904 0.0883754
180.188 1.96746 0.0965481
180.188 2.03093 0.104332
180.188 2.0944 0.111696
180.188 2.15786 0.11861
180.188 2.22133 0.125046
180.188 2.28479 0.130979
180.188 2.34826 0.136385
180.188 2.41173 0.141241
180.188 2.47519 0.145529
180.188 2.53866 0.149231
180.188 2.60213 0.152331
180.188 2.66559 0.154818
180.188 2.72906 0.156683
180.188 2.79253 0.157915
180.188 2.85599 0.158512
180.188 2.91946 0.158472
180.188 2.98293 0.157792
180.188 3.04639 0.156478
180.188 3.10986 0.154533
180.188 3.17333 0.151966
180.188 3.23679 0.148787
180.188 3.30026 0.145009
180.188 3.36373 0.140647
180.188 3.42719 0.135719
180.188 3.49066 0.130245
180.188 3.55413 0.124246
180.188 3.61759 0.117746
180.188 3.68106 0.110773
180.188 3.74452 0.103353
180.188 3.80799 0.0955173
180.188 3.87146 0.0872967
180.188 3.93492 0.0787249
180.188 3.99839 0.069836
180.188 4.06186 0.060666
180.188 4.12532 0.0512517
180.188 4.18879 0.0416309
180.188 4.25226 0.0318426
180.188 4.31572 0.0219259
180.188 4.37919 0.0119211
180.188 4.44266 0.00186834
180.188 4.50612 -0.0081921
180.188 4.56959 -0.0182195
180.188 4.63306 -0.0281734
180.188 4.69652 -0.0380143
180.188 4.75999 -0.0477017
180.188 4.82346 -0.0571973
180.188 4.88692 -0.0664622
180.188 4.95039 -0.0754599
180.188 5.01385 -0.0841536
180.188 5.07732 -0.0925083
180.188 5.14079 -0.100491
180.188 5.20425 -0.108069
180.188 5.26772 -0.115211
180.188 5.33119 -0.121889
180.188 5.39465 -0.128077
180.188 5.45812 -0.133749
180.188 5.52159 -0.138883
180.188 5.58505 -0.143457
180.188 5.64852 -0.147454
180.188 5.71199 -0.150857
180.188 5.77545 -0.153652
180.188 5.83892 -0.155829
180.188 5.90239 -0.157378
180.188 5.96585 -0.158294
180.188 6.02932 -0.158572
180.188 6.09279 -0.158211
180.188 6.15625 -0.157214
180.188 6.21972 -0.155584
180.188 6.28319 -0.153327
181.189 0 0.138173
181.189 0.0634665 0.137184
181.189 0.126933 0.135644
181.189 0.1904 0.133557
181.189 0.253866 0.130932
181.189 0.317333 0.127781
181.189 0.380799 0.124114
181.189 0.444266 0.119948
181.189 0.507732 0.115299
181.189 0.571199 0.110186
181.189 0.634665 0.104629
181.189 0.698132 0.0986508
181.189 0.761598 0.0922753
181.189 0.825065 0.0855283
181.189 0.888531 0.0784368
181.189 0.951998 0.0710296
181.189 1.01546 0.0633362
181.189 1.07893 0.0553879
181.189 1.1424 0.0472166
181.189 1.20586 0.038855
181.189 1.26933 0.0303371
181.189 1.3328 0.0216969
181.189 1.39626 0.0129696
181.189 1.45973 0.00418974
181.189 1.5232 -0.00460677
181.189 1.58666 -0.0133849
181.189 1.65013 -0.0221089
181.189 1.7136 -0.030744
181.189 1.77706 -0.0392553
181.189 1.84053 -0.0476086
181.189 1.904 -0.05577
181.189 1.96746 -0.0637071
181.189 2.03093 -0.0713875
181.189 2.0944 -0.0787804
181.189 2.15786 -0.0858561
181.189 2.22133 -0.0925861
181.189 2.28479 -0.0989436
181.189 2.34826 -0.104902
181.189 2.41173 -0.110439
181.189 2.47519 -0.11553
181.189 2.53866 -0.120157
181.189 2.60213 -0.1243
181.189 2.66559 -0.127942
181.189 2.72906 -0.131069
181.189 2.79253 -0.133668
181.189 2.85599 -0.135729
181.189 2.91946 -0.137244
181.189 2.98293 -0.138205
181.189 3.04639 -0.138611
181.189 3.10986 -0.138458
181.189 3.17333 -0.137748
181.189 3.23679 -0.136483
181.189 3.30026 -0.134668
181.189 3.36373 -0.132311
181.189 3.42719 -0.129422
181.189 3.49066 -0.126011
181.189 3.55413 -0.122093
181.189 3.61759 -0.117683
181.189 3.68106 -0.1128
181.189 3.74452 -0.107462
181.189 3.80799 -0.101691
181.189 3.87146 -0.0955113
181.189 3.93492 -0.0889467
181.189 3.99839 -0.0820239
181.189 4.06186 -0.0747709
181.189 4.12532 -0.0672168
181.189 4.18879 -0.059392
181.189 4.25226 -0.051328
181.189 4.31572 -0.0430574
181.189 4.37919 -0.0346135
181.189 4.44266 -0.0260302
181.189 4.50612 -0.017342
181.189 4.56959 -0.00858392
181.189 4.63306 0.000208687
181.189 4.69652 0.00900034
181.189 4.75999 0.0177559
181.189 4.82346 0.0264397
181.189 4.88692 0.0350174
181.189 4.95039 0.0434539
181.189 5.01385 0.0517154
181.189 5.07732 0.0597687
181.189 5.14079 0.0675813
181.189 5.20425 0.0751218
181.189 5.26772 0.0823598
181.189 5.33119 0.0892662
181.189 5.39465 0.0958133
181.189 5.45812 0.101974
181.189 5.52159 0.107725
181.189 5.58505 0.113042
181.189 5.64852 0.117903
181.189 5.71199 0.12229
181.189 5.77545 0.126184
181.189 5.83892 0.129571
181.189 5.90239 0.132435
181.189 5.96585 0.134767
181.189 6.02932 0.136555
181.189 6.09279 0.137794
181.189 6.15625 0.138478
181.189 6.21972 0.138604
181.189 6.28319 0.138173
182.19 0 -0.34848
182.19 0.0634665 -0.322571
182.19 0.126933 -0.295364
182.19 0.1904 -0.266967
182.19 0.253866 -0.237496
182.19 0.317333 -0.207068
182.19 0.380799 -0.175806
182.19 0.444266 -0.143837
182.19 0.507732 -0.111288
182.19 0.571199 -0.0782908
182.19 0.634665 -0.0449786
182.19 0.698132 -0.0114854
182.19 0.761598 0.0220542
182.19 0.825065 0.0555048
182.19 0.888531 0.0887321
182.19 0.951998 0.121602
182.19 1.01546 0.153982
182.19 1.07893 0.185743
182.19 1.1424 0.216754
182.19 1.20586 0.246895
182.19 1.26933 0.27604
182.19 1.3328 0.304074
182.19 1.39626 0.330883
182.19 1.45973 0.35636
182.19 1.5232 0.380402
182.19 1.58666 0.402913
182.19 1.65013 0.423801
182.19 1.7136 0.442982
182.19 1.77706 0.46038
182.19 1.84053 0.475924
182.19 1.904 0.489552
182.19 1.96746 0.501208
182.19 2.03093 0.510847
182.19 2.0944 0.518428
182.19 2.15786 0.523921
182.19 2.22133 0.527306
182.19 2.28479 0.528566
182.19 2.34826 0.527698
182.19 2.41173 0.524706
182.19 2.47519 0.519601
182.19 2.53866 0.512404
182.19 2.60213 0.503143
182.19 2.66559 0.491856
182.19 2.72906 0.478588
182.19 2.79253 0.463394
182.19 2.85599 0.446334
182.19 2.91946 0.427476
182.19 2.98293 0.406897
182.19 3.04639 0.38468
182.19 3.10986 0.360914
182.19 3.17333 0.335694
182.19 3.23679 0.309123
182.19 3.30026 0.281307
182.19 3.36373 0.252358
182.19 3.42719 0.222394
182.19 3.49066 0.191533
182.19 3.55413 0.159902
182.19 3.61759 0.127626
182.19 3.68106 0.0948368
182.19 3.74452 0.0616658
182.19 3.80799 0.0282462
182.19 3.87146 -0.00528705
182.19 3.93492 -0.0387991
182.19 3.99839 -0.072155
182.19 4.06186 -0.10522
182.19 4.12532 -0.137862
182.19 4.18879 -0.169948
182.19 4.25226 -0.20135
182.19 4.31572 -0.231942
182.19 4.37919 -0.261599
182.19 4.44266 -0.290202
182.19 4.50612 -0.317638
182.19 4.56959 -0.343795
182.19 4.63306 -0.368567
182.19 4.69652 -0.391855
182.19 4.75999 -0.413565
182.19 4.82346 -0.43361
182.19 4.88692 -0.451909
182.19 4.95039 -0.468388
182.19 5.01385 -0.482982
182.19 5.07732 -0.495629
182.19 5.14079 -0.506282
182.19 5.20425 -0.514896
182.19 5.26772 -0.521437
182.19 5.33119 -0.525878
182.19 5.39465 -0.528201
182.19 5.45812 -0.528398
182.19 5.52159 -0.526467
182.19 5.58505 -0.522417
182.19 5.64852 -0.516262
182.19 5.71199 -0.508029
182.19 5.77545 -0.49775
182.19 5.83892 -0.485467
182.19 5.90239 -0.471229
182.19 5.96585 -0.455093
182.19 6.02932 -0.437125
182.19 6.09279 -0.417397
182.19 6.15625 -0.395988
182.19 6.21972 -0.372985
182.19 6.28319 -0.34848
183.191 0 -0.0831294
183.191 0.0634665 -0.0953622
183.191 0.126933 -0.107211
183.191 0.1904 -0.118628
183.191 0.253866 -0.129567
183.191 0.317333 -0.139985
183.191 0.380799 -0.149839
183.191 0.444266 -0.159089
183.191 0.507732 -0.167699
183.191 0.571199 -0.175634
183.191 0.634665 -0.182862
183.191 0.698132 -0.189353
183.191 0.761598 -0.195082
183.191 0.825065 -0.200025
183.191 0.888531 -0.204163
183.191 0.951998 -0.207478
183.191 1.01546 -0.209959
183.191 1.07893 -0.211593
183.191 1.1424 -0.212376
183.191 1.20586 -0.212304
183.191 1.26933 -0.211377
183.191 1.3328 -0.209599
183.191 1.39626 -0.206976
183.191 1.45973 -0.20352
183.191 1.5232 -0.199245
183.191 1.58666 -0.194167
183.191 1.65013 -0.188308
183.191 1.7136 -0.18169
183.191 1.77706 -0.174341
183.191 1.84053 -0.16629
183.191 1.904 -0.157569
183.191 1.96746 -0.148214
183.191 2.03093 -0.138262
183.191 2.0944 -0.127753
183.191 2.15786 -0.116729
183.191 2.22133 -0.105236
183.191 2.28479 -0.0933192
183.191 2.34826 -0.0810265
183.191 2.41173 -0.0684073
183.191 2.47519 -0.0555128
183.191 2.53866 -0.0423946
183.191 2.60213 -0.0291058
183.191 2.66559 -0.0156999
183.191 2.72906 -0.00223074
183.191 2.79253 0.0112474
183.191 2.85599 0.0246803
183.191 2.91946 0.038014
183.191 2.98293 0.0511942
183.191 3.04639 0.0641685
183.191 3.10986 0.0768845
183.191 3.17333 0.0892908
183.191 3.23679 0.101337
183.191 3.30026 0.112976
183.191 3.36373 0.12416
183.191 3.42719 0.134844
183.191 3.49066 0.144985
183.191 3.55413 0.154542
183.191 3.61759 0.163477
183.191 3.68106 0.171753
183.191 3.74452 0.179338
183.191 3.80799 0.186201
183.191 3.87146 0.192314
183.191 3.93492 0.197653
183.191 3.99839 0.202196
183.191 4.06186 0.205924
183.191 4.12532 0.208824
183.191 4.18879 0.210882
183.191 4.25226 0.212092
183.191 4.31572 0.212447
183.191 4.37919 0.211947
183.191 4.44266 0.210594
183.191 4.50612 0.208392
183.191 4.56959 0.205352
183.191 4.63306 0.201484
183.191 4.69652 0.196805
183.191 4.75999 0.191334
183.191 4.82346 0.185093
183.191 4.88692 0.178106
183.191 4.95039 0.170401
183.191 5.01385 0.162011
183.191 5.07732 0.152968
183.191 5.14079 0.14331
183.191 5.20425 0.133074
183.191 5.26772 0.122303
183.191 5.33119 0.111039
183.191 5.39465 0.0993276
183.191 5.45812 0.0872168
183.191 5.52159 0.0747546
183.191 5.58505 0.0619913
183.191 5.64852 0.0489784
183.191 5.71199 0.0357683
183.191 5.77545 0.0224141
183.191 5.83892 0.0089698
183.191 5.90239 -0.00451065
183.191 5.96585 -0.0179729
183.191 6.02932 -0.0313629
183.191 6.09279 -0.0446265
183.191 6.15625 -0.0577104
183.191 6.21972 -0.070562
183.191 6.28319 -0.0831295
184.192 0 0.159029
184.192 0.0634665 0.155677
184.192 0.126933 0.151698
184.192 0.1904 0.147108
184.192 0.253866 0.141926
184.192 0.317333 0.136172
184.192 0.380799 0.129871
184.192 0.444266 0.123046
184.192 0.507732 0.115725
184.192 0.571199 0.107939
184.192 0.634665 0.0997181
184.192 0.698132 0.0910956
184.192 0.761598 0.0821064
184.192 0.825065 0.0727866
184.192 0.888531 0.0631735
184.192 0.951998 0.0533062
184.192 1.01546 0.0432242
184.192 1.07893 0.0329681
184.192 1.1424 0.0225794
184.192 1.20586 0.0120996
184.192 1.26933 0.00157124
184.192 1.3328 -0.00896342
184.192 1.39626 -0.0194623
184.192 1.45973 -0.0298826
184.192 1.5232 -0.0401825
184.192 1.58666 -0.0503207
184.192 1.65013 -0.0602564
184.192 1.7136 -0.069949
184.192 1.77706 -0.0793603
184.192 1.84053 -0.0884519
184.192 1.904 -0.0971878
184.192 1.96746 -0.105532
184.192 2.03093 -0.113451
184.192 2.0944 -0.120913
184.192 2.15786 -0.127889
184.192 2.22133 -0.13435
184.192 2.28479 -0.140269
184.192 2.34826 -0.145624
184.192 2.41173 -0.150393
184.192 2.47519 -0.154555
184.192 2.53866 -0.158096
184.192 2.60213 -0.161
184.192 2.66559 -0.163255
184.192 2.72906 -0.164854
184.192 2.79253 -0.165788
184.192 2.85599 -0.166055
184.192 2.91946 -0.165653
184.192 2.98293 -0.164584
184.192 3.04639 -0.162853
184.192 3.10986 -0.160465
184.192 3.17333 -0.157432
184.192 3.23679 -0.153765
184.192 3.30026 -0.149478
184.192 3.36373 -0.14459
184.192 3.42719 -0.139119
184.192 3.49066 -0.133088
184.192 3.55413 -0.126522
184.192 3.61759 -0.119446
184.192 3.68106 -0.111889
184.192 3.74452 -0.103881
184.192 3.80799 -0.0954549
184.192 3.87146 -0.0866446
184.192 3.93492 -0.0774853
184.192 3.99839 -0.0680143
184.192 4.06186 -0.0582692
184.192 4.12532 -0.0482893
184.192 4.18879 -0.0381153
184.192 4.25226 -0.0277878
184.192 4.31572 -0.0173482
184.192 4.37919 -0.00683876
184.192 4.44266 0.00369809
184.192 4.50612 0.0142201
184.192 4.56959 0.0246849
184.192 4.63306 0.0350502
184.192 4.69652 0.0452744
184.192 4.75999 0.0553163
184.192 4.82346 0.0651355
184.192 4.88692 0.0746926
184.192 4.95039 0.0839486
184.192 5.01385 0.0928666
184.192 5.07732 0.101411
184.192 5.14079 0.109547
184.192 5.20425 0.117242
184.192 5.26772 0.124464
184.192 5.33119 0.131185
184.192 5.39465 0.137379
184.192 5.45812 0.143019
184.192 5.52159 0.148083
184.192 5.58505 0.152551
184.192 5.64852 0.156404
184.192 5.71199 0.159628
184.192 5.77545 0.162209
184.192 5.83892 0.164137
184.192 5.90239 0.165404
184.192 5.96585 0.166005
184.192 6.02932 0.165937
184.192 6.09279 0.165202
184.192 6.15625 0.163801
184.192 6.21972 0.161741
184.192 6.28319 0.159029
185.193 0 0.449153
185.193 0.0634665 0.44011
185.193 0.126933 0.429294
185.193 0.1904 0.416749
185.193 0.253866 0.402527
185.193 0.317333 0.386683
185.193 0.380799 0.369282
185.193 0.444266 0.350395
185.193 0.507732 0.330096
185.193 0.571199 0.308469
185.193 0.634665 0.285599
185.193 0.698132 0.261579
185.193 0.761598 0.236506
185.193 0.825065 0.210481
185.193 0.888531 0.183608
185.193 0.951998 0.155996
185.193 1.01546 0.127756
185.193 1.07893 0.0990008
185.193 1.1424 0.0698475
185.193 1.20586 0.0404128
185.193 1.26933 0.0108154
185.193 1.3328 -0.0188257
185.193 1.39626 -0.0483906
185.193 1.45973 -0.0777609
185.193 1.5232 -0.106818
185.193 1.58666 -0.135445
185.193 1.65013 -0.163527
185.193 1.7136 -0.19095
185.193 1.77706 -0.217604
185.193 1.84053 -0.243382
185.193 1.904 -0.268181
185.193 1.96746 -0.291899
185.193 2.03093 -0.314441
185.193 2.0944 -0.335718
185.193 2.15786 -0.355643
185.193 2.22133 -0.374136
185.193 2.28479 -0.391122
185.193 2.34826 -0.406534
185.193 2.41173 -0.420308
185.193 2.47519 -0.43239
185.193 2.53866 -0.442731
185.193 2.60213 -0.451289
185.193 2.66559 -0.45803
185.193 2.72906 -0.462927
185.193 2.79253 -0.46596
185.193 2.85599 -0.467116
185.193 2.91946 -0.466391
185.193 2.98293 -0.463788
185.193 3.04639 -0.459319
185.193 3.10986 -0.452999
185.193 3.17333 -0.444856
185.193 3.23679 -0.434921
185.193 3.30026 -0.423235
185.193 3.36373 -0.409844
185.193 3.42719 -0.394803
185.193 3.49066 -0.378173
185.193 3.55413 -0.36002
185.193 3.61759 -0.340417
185.193 3.68106 -0.319443
185.193 3.74452 -0.297184
185.193 3.80799 -0.273727
185.193 3.87146 -0.249168
185.193 3.93492 -0.223606
185.193 3.99839 -0.197144
185.193 4.06186 -0.169888
185.193 4.12532 -0.141947
185.193 4.18879 -0.113435
185.193 4.25226 -0.0844666
185.193 4.31572 -0.0551578
185.193 4.37919 -0.0256269
185.193 4.44266 0.0040071
185.193 4.50612 0.033625
185.193 4.56959 0.0631076
185.193 4.63306 0.092336
185.193 4.69652 0.121193
185.193 4.75999 0.149561
185.193 4.82346 0.177328
185.193 4.88692 0.20438
185.193 4.95039 0.230609
185.193 5.01385 0.25591
185.193 5.07732 0.280181
185.193 5.14079 0.303323
185.193 5.20425 0.325244
185.193 5.26772 0.345855
185.193 5.33119 0.365073
185.193 5.39465 0.382822
185.193 5.45812 0.399029
185.193 5.52159 0.413629
185.193 5.58505 0.426564
185.193 5.64852 0.437781
185.193 5.71199 0.447235
185.193 5.77545 0.454889
185.193 5.83892 0.46071
185.193 5.90239 0.464677
185.193 5.96585 0.466773
185.193 6.02932 0.466989
185.193 6.09279 0.465324
185.193 6.15625 0.461786
185.193 6.21972 0.456389
185.193 6.28319 0.449153
186.194 0 -0.191341
186.194 0.0634665 -0.192277
186.194 0.126933 -0.192438
186.194 0.1904 -0.191825
186.194 0.253866 -0.19044
186.194 0.317333 -0.188287
186.194 0.380799 -0.185376
186.194 0.444266 -0.181719
186.194 0.507732 -0.17733
186.194 0.571199 -0.172228
186.194 0.634665 -0.166431
186.194 0.698132 -0.159965
186.194 0.761598 -0.152855
186.194 0.825065 -0.145128
186.194 0.888531 -0.136818
186.194 0.951998 -0.127956
186.194 1.01546 -0.11858
186.194 1.07893 -0.108726
186.194 1.1424 -0.0984338
186.194 1.20586 -0.0877456
186.194 1.26933 -0.0767039
186.194 1.3328 -0.0653535
186.194 1.39626 -0.05374
186.194 1.45973 -0.04191
186.194 1.5232 -0.029911
186.194 1.58666 -0.017792
186.194 1.65013 -0.0056011
186.194 1.7136 0.00661227
186.194 1.77706 0.0187991
186.194 1.84053 0.0309101
186.194 1.904 0.0428967
186.194 1.96746 0.0547106
186.194 2.03093 0.0663041
186.194 2.0944 0.0776307
186.194 2.15786 0.0886447
186.194 2.22133 0.0993017
186.194 2.28479 0.109559
186.194 2.34826 0.119375
186.194 2.41173 0.12871
186.194 2.47519 0.137527
186.194 2.53866 0.145791
186.194 2.60213 0.153467
186.194 2.66559 0.160526
186.194 2.72906 0.166937
186.194 2.79253 0.172677
186.194 2.85599 0.177721
186.194 2.91946 0.18205
186.194 2.98293 0.185646
186.194 3.04639 0.188494
186.194 3.10986 0.190583
186.194 3.17333 0.191905
186.194 3.23679 0.192455
186.194 3.30026 0.192228
186.194 3.36373 0.191228
186.194 3.42719 0.189459
186.194 3.49066 0.186926
186.194 3.55413 0.18364
186.194 3.61759 0.179616
186.194 3.68106 0.174867
186.194 3.74452 0.169415
186.194 3.80799 0.163281
186.194 3.87146 0.156488
186.194 3.93492 0.149066
186.194 3.99839 0.141044
186.194 4.06186 0.132454
186.194 4.12532 0.12333
186.194 4.18879 0.11371
186.194 4.25226 0.103632
186.194 4.31572 0.0931369
186.194 4.37919 0.0822662
186.194 4.44266 0.0710646
186.194 4.50612 0.0595768
186.194 4.56959 0.047849
186.194 4.63306 0.0359287
186.194 4.69652 0.0238635
186.194 4.75999 0.0117025
186.194 4.82346 -0.000505778
186.194 4.88692 -0.012712
186.194 4.95039 -0.0248671
186.194 5.01385 -0.036922
186.194 5.07732 -0.0488283
186.194 5.14079 -0.0605378
186.194 5.20425 -0.0720038
186.194 5.26772 -0.0831795
186.194 5.33119 -0.0940205
186.194 5.39465 -0.104483
186.194 5.45812 -0.114525
186.194 5.52159 -0.124105
186.194 5.58505 -0.133186
186.194 5.64852 -0.141731
186.194 5.71199 -0.149704
186.194 5.77545 -0.157075
186.194 5.83892 -0.163813
186.194 5.90239 -0.169893
186.194 5.96585 -0.175287
186.194 6.02932 -0.179976
186.194 6.09279 -0.183941
186.194 6.15625 -0.187164
186.194 6.21972 -0.189635
186.194 6.28319 -0.191341
187.195 0 0.0452209
187.195 0.0634665 0.0765142
187.195 0.126933 0.107499
187.195 0.1904 0.138052
187.195 0.253866 0.168048
187.195 0.317333 0.197367
187.195 0.380799 0.225892
187.195 0.444266 0.253508
187.195 0.507732 0.280102
187.195 0.571199 0.305569
187.195 0.634665 0.329805
187.195 0.698132 0.352713
187.195 0.761598 0.374201
187.195 0.825065 0.394183
187.195 0.888531 0.412576
187.195 0.951998 0.429309
187.195 1.01546 0.444313
187.195 1.07893 0.457528
187.195 1.1424 0.468901
187.195 1.20586 0.478385
187.195 1.26933 0.485943
187.195 1.3328 0.491545
187.195 1.39626 0.495167
187.195 1.45973 0.496795
187.195 1.5232 0.496423
187.195 1.58666 0.494053
187.195 1.65013 0.489692
187.195 1.7136 0.48336
187.195 1.77706 0.475082
187.195 1.84053 0.46489
187.195 1.904 0.452826
187.195 1.96746 0.43894
187.195 2.03093 0.423285
187.195 2.0944 0.405926
187.195 2.15786 0.386933
187.195 2.22133 0.366382
187.195 2.28479 0.344355
187.195 2.34826 0.320943
187.195 2.41173 0.296237
187.195 2.47519 0.270339
187.195 2.53866 0.243352
187.195 2.60213 0.215385
187.195 2.66559 0.186551
187.195 2.72906 0.156966
187.195 2.79253 0.126749
187.195 2.85599 0.0960208
187.195 2.91946 0.064907
187.195 2.98293 0.033531
187.195 3.04639 0.00202033
187.195 3.10986 -0.0294982
187.195 3.17333 -0.0608983
187.195 3.23679 -0.0920529
187.195 3.30026 -0.122837
187.195 3.36373 -0.153127
187.195 3.42719 -0.182799
187.195 3.49066 -0.211736
187.195 3.55413 -0.239821
187.195 3.61759 -0.266939
187.195 3.68106 -0.292983
187.195 3.74452 -0.317847
187.195 3.80799 -0.341431
187.195 3.87146 -0.36364
187.195 3.93492 -0.384385
187.195 3.99839 -0.403583
187.195 4.06186 -0.421155
187.195 4.12532 -0.437031
187.195 4.18879 -0.451147
187.195 4.25226 -0.463448
187.195 4.31572 -0.473881
187.195 4.37919 -0.482407
187.195 4.44266 -0.48899
187.195 4.50612 -0.493604
187.195 4.56959 -0.496232
187.195 4.63306 -0.49686
187.195 4.69652 -0.495487
187.195 4.75999 -0.49212
187.195 4.82346 -0.486771
187.195 4.88692 -0.479462
187.195 4.95039 -0.470222
187.195 5.01385 -0.45909
187.195 5.07732 -0.446108
187.195 5.14079 -0.43133
187.195 5.20425 -0.414815
187.195 5.26772 -0.39663
187.195 5.33119 -0.376847
187.195 5.39465 -0.355549
187.195 5.45812 -0.332816
187.195 5.52159 -0.308745
187.195 5.58505 -0.283431
187.195 5.64852 -0.256975
187.195 5.71199 -0.229484
187.195 5.77545 -0.201069
187.195 5.83892 -0.171845
187.195 5.90239 -0.141928
187.195 5.96585 -0.111441
187.195 6.02932 -0.0805046
187.195 6.09279 -0.0492437
187.195 6.15625 -0.0177846
187.195 6.21972 0.0137458
187.195 6.28319 0.045221
188.196 0 -0.158576
188.196 0.0634665 -0.137596
188.196 0.126933 -0.116062
188.196 0.1904 -0.0940613
188.196 0.253866 -0.0716812
188.196 0.317333 -0.0490129
188.196 0.380799 -0.026147
188.196 0.444266 -0.00317563
188.196 0.507732 0.0198084
188.196 0.571199 0.0427124
188.196 0.634665 0.0654448
188.196 0.698132 0.0879133
188.196 0.761598 0.110028
188.196 0.825065 0.1317
188.196 0.888531 0.152841
188.196 0.951998 0.173367
188.196 1.01546 0.193195
188.196 1.07893 0.212245
188.196 1.1424 0.23044
188.196 1.20586 0.247707
188.196 1.26933 0.263977
188.196 1.3328 0.279184
188.196 1.39626 0.293267
188.196 1.45973 0.306169
188.196 1.5232 0.317838
188.196 1.58666 0.328227
188.196 1.65013 0.337295
188.196 1.7136 0.345005
188.196 1.77706 0.351325
188.196 1.84053 0.35623
188.196 1.904 0.359702
188.196 1.96746 0.361724
188.196 2.03093 0.36229
188.196 2.0944 0.361398
188.196 2.15786 0.35905
188.196 2.22133 0.355257
188.196 2.28479 0.350032
188.196 2.34826 0.343399
188.196 2.41173 0.335383
188.196 2.47519 0.326016
188.196 2.53866 0.315336
188.196 2.60213 0.303387
188.196 2.66559 0.290217
188.196 2.72906 0.275877
188.196 2.79253 0.260427
188.196 2.85599 0.243928
188.196 2.91946 0.226447
188.196 2.98293 0.208053
188.196 3.04639 0.188822
188.196 3.10986 0.168832
188.196 3.17333 0.148161
188.196 3.23679 0.126893
188.196 3.30026 0.105115
188.196 3.36373 0.0829129
188.196 3.42719 0.0603773
188.196 3.49066 0.0375987
188.196 3.55413 0.0146687
188.196 3.61759 -0.0083205
188.196 3.68106 -0.0312761
188.196 3.74452 -0.0541059
188.196 3.80799 -0.0767177
188.196 3.87146 -0.0990207
188.196 3.93492 -0.120925
188.196 3.99839 -0.142342
188.196 4.06186 -0.163186
188.196 4.12532 -0.183373
188.196 4.18879 -0.202822
188.196 4.25226 -0.221454
188.196 4.31572 -0.239195
188.196 4.37919 -0.255971
188.196 4.44266 -0.271718
188.196 4.50612 -0.28637
188.196 4.56959 -0.299869
188.196 4.63306 -0.312161
188.196 4.69652 -0.323196
188.196 4.75999 -0.332929
188.196 4.82346 -0.341321
188.196 4.88692 -0.34834
188.196 4.95039 -0.353956
188.196 5.01385 -0.358146
188.196 5.07732 -0.360895
188.196 5.14079 -0.36219
188.196 5.20425 -0.362026
188.196 5.26772 -0.360405
188.196 5.33119 -0.357333
188.196 5.39465 -0.352822
188.196 5.45812 -0.34689
188.196 5.52159 -0.339562
188.196 5.58505 -0.330866
188.196 5.64852 -0.320838
188.196 5.71199 -0.309518
188.196 5.77545 -0.296951
188.196 5.83892 -0.283189
188.196 5.90239 -0.268287
188.196 5.96585 -0.252304
188.196 6.02932 -0.235305
188.196 6.09279 -0.217359
188.196 6.15625 -0.198538
188.196 6.21972 -0.178917
188.196 6.28319 -0.158576
189.197 0 0.394744
189.197 0.0634665 0.42066
189.197 0.126933 0.444883
189.197 0.1904 0.467314
189.197 0.253866 0.487864
189.197 0.317333 0.506448
189.197 0.380799 0.522994
189.197 0.444266 0.537433
189.197 0.507732 0.549709
189.197 0.571199 0.559772
189.197 0.634665 0.56758
189.197 0.698132 0.573102
189.197 0.761598 0.576317
189.197 0.825065 0.577211
189.197 0.888531 0.575781
189.197 0.951998 0.572033
189.197 1.01546 0.565982
189.197 1.07893 0.55765
189.197 1.1424 0.547075
189.197 1.20586 0.534296
189.197 1.26933 0.519365
189.197 1.3328 0.502344
189.197 1.39626 0.483299
189.197 1.45973 0.462308
189.197 1.5232 0.439456
189.197 1.58666 0.414834
189.197 1.65013 0.388543
189.197 1.7136 0.360686
189.197 1.77706 0.331377
189.197 1.84053 0.300734
189.197 1.904 0.268879
189.197 1.96746 0.235942
189.197 2.03093 0.202055
189.197 2.0944 0.167355
189.197 2.15786 0.13198
189.197 2.22133 0.0960746
189.197 2.28479 0.0597818
189.197 2.34826 0.0232482
189.197 2.41173 -0.0133788
189.197 2.47519 -0.0499521
189.197 2.53866 -0.0863242
189.197 2.60213 -0.122349
189.197 2.66559 -0.157881
189.197 2.72906 -0.192776
189.197 2.79253 -0.226897
189.197 2.85599 -0.260103
189.197 2.91946 -0.292262
189.197 2.98293 -0.323243
189.197 3.04639 -0.352924
189.197 3.10986 -0.381183
189.197 3.17333 -0.407908
189.197 3.23679 -0.43299
189.197 3.30026 -0.456328
189.197 3.36373 -0.47783
189.197 3.42719 -0.497406
189.197 3.49066 -0.514981
189.197 3.55413 -0.53048
189.197 3.61759 -0.543845
189.197 3.68106 -0.55502
189.197 3.74452 -0.563959
189.197 3.80799 -0.570628
189.197 3.87146 -0.574999
189.197 3.93492 -0.577055
189.197 3.99839 -0.576787
189.197 4.06186 -0.574196
189.197 4.12532 -0.569294
189.197 4.18879 -0.562099
189.197 4.25226 -0.552641
189.197 4.31572 -0.540958
189.197 4.37919 -0.527096
189.197 4.44266 -0.511111
189.197 4.50612 -0.493069
189.197 4.56959 -0.473042
189.197 4.63306 -0.45111
189.197 4.69652 -0.427361
189.197 4.75999 -0.401891
189.197 4.82346 -0.374803
189.197 4.88692 -0.346206
189.197 4.95039 -0.316214
189.197 5.01385 -0.28495
189.197 5.07732 -0.252538
189.197 5.14079 -0.219109
189.197 5.20425 -0.184798
189.197 5.26772 -0.149743
189.197 5.33119 -0.114085
189.197 5.39465 -0.0779671
189.197 5.45812 -0.0415359
189.197 5.52159 -0.0049372
189.197 5.58505 0.0316815
189.197 5.64852 0.0681725
189.197 5.71199 0.104389
189.197 5.77545 0.140185
189.197 5.83892 0.175417
189.197 5.90239 0.209943
189.197 5.96585 0.243622
189.197 6.02932 0.276321
189.197 6.09279 0.307908
189.197 6.15625 0.338254
189.197 6.21972 0.367239
189.197 6.28319 0.394744
190.198 0 0.105019
190.198 0.0634665 0.117865
190.198 0.126933 0.130236
190.198 0.1904 0.142084
190.198 0.253866 0.153359
190.198 0.317333 0.164016
190.198 0.380799 0.174013
190.198 0.444266 0.183309
190.198 0.507732 0.191867
190.198 0.571199 0.199653
190.198 0.634665 0.206634
190.198 0.698132 0.212784
190.198 0.761598 0.218077
190.198 0.825065 0.222492
190.198 0.888531 0.22601
190.198 0.951998 0.228619
190.198 1.01546 0.230307
190.198 1.07893 0.231068
190.198 1.1424 0.230898
190.198 1.20586 0.229799
190.198 1.26933 0.227774
190.198 1.3328 0.224832
190.198 1.39626 0.220985
190.198 1.45973 0.216248
190.198 1.5232 0.21064
190.198 1.58666 0.204184
190.198 1.65013 0.196906
190.198 1.7136 0.188835
190.198 1.77706 0.180004
190.198 1.84053 0.170448
190.198 1.904 0.160205
190.198 1.96746 0.149318
190.198 2.03093 0.137829
190.198 2.0944 0.125785
190.198 2.15786 0.113235
190.198 2.22133 0.100228
190.198 2.28479 0.0868184
190.198 2.34826 0.073059
190.198 2.41173 0.059005
190.198 2.47519 0.044714
190.198 2.53866 0.0302428
190.198 2.60213 0.0156497
190.198 2.66559 0.000993663
190.198 2.72906 -0.0136667
190.198 2.79253 -0.0282715
190.198 2.85599 -0.0427629
190.198 2.91946 -0.0570818
190.198 2.98293 -0.0711709
190.198 3.04639 -0.0849737
190.198 3.10986 -0.0984341
190.198 3.17333 -0.111498
190.198 3.23679 -0.124113
190.198 3.30026 -0.136228
190.198 3.36373 -0.147795
190.198 3.42719 -0.158767
190.198 3.49066 -0.1691
190.198 3.55413 -0.178751
190.198 3.61759 -0.187683
190.198 3.68106 -0.195859
190.198 3.74452 -0.203246
190.198 3.80799 -0.209815
190.198 3.87146 -0.215539
190.198 3.93492 -0.220395
190.198 3.99839 -0.224364
190.198 4.06186 -0.227429
190.198 4.12532 -0.229579
190.198 4.18879 -0.230804
190.198 4.25226 -0.2311
190.198 4.31572 -0.230465
190.198 4.37919 -0.228902
190.198 4.44266 -0.226417
190.198 4.50612 -0.223021
190.198 4.56959 -0.218727
190.198 4.63306 -0.213552
190.198 4.69652 -0.207517
190.198 4.75999 -0.200647
190.198 4.82346 -0.192968
190.198 4.88692 -0.184512
190.198 4.95039 -0.175314
190.198 5.01385 -0.16541
190.198 5.07732 -0.154839
190.198 5.14079 -0.143645
190.198 5.20425 -0.131873
190.198 5.26772 -0.11957
190.198 5.33119 -0.106785
190.198 5.39465 -0.0935703
190.198 5.45812 -0.0799789
190.198 5.52159 -0.0660653
190.198 5.58505 -0.051886
190.198 5.64852 -0.0374974
190.198 5.71199 -0.0229577
190.198 5.77545 -0.00832583
190.198 5.83892 0.00633971
190.198 5.90239 0.0209797
190.198 5.96585 0.0355351
190.198 6.02932 0.0499477
190.198 6.09279 0.0641589
190.198 6.15625 0.0781117
190.198 6.21972 0.0917499
190.198 6.28319 0.105019
191.199 0 -0.424666
191.199 0.0634665 -0.428643
191.199 0.126933 -0.430893
191.199 0.1904 -0.431409
191.199 0.253866 -0.430187
191.199 0.317333 -0.427233
191.199 0.380799 -0.422558
191.199 0.444266 -0.416183
191.199 0.507732 -0.408131
191.199 0.571199 -0.398436
191.199 0.634665 -0.387137
191.199 0.698132 -0.374278
191.199 0.761598 -0.359913
191.199 0.825065 -0.344098
191.199 0.888531 -0.326898
191.199 0.951998 -0.308382
191.199 1.01546 -0.288624
191.199 1.07893 -0.267703
191.199 1.1424 -0.245705
191.199 1.20586 -0.222717
191.199 1.26933 -0.198833
191.199 1.3328 -0.174148
191.199 1.39626 -0.148761
191.199 1.45973 -0.122776
191.199 1.5232 -0.0962961
191.199 1.58666 -0.0694284
191.199 1.65013 -0.0422816
191.199 1.7136 -0.0149642
191.199 1.77706 0.0124135
191.199 1.84053 0.0397409
191.199 1.904 0.0669086
191.199 1.96746 0.0938067
191.199 2.03093 0.120327
191.199 2.0944 0.146363
191.199 2.15786 0.17181
191.199 2.22133 0.196564
191.199 2.28479 0.220527
191.199 2.34826 0.243603
191.199 2.41173 0.265697
191.199 2.47519 0.286721
191.199 2.53866 0.306592
191.199 2.60213 0.325227
191.199 2.66559 0.342553
191.199 2.72906 0.358499
191.199 2.79253 0.373002
191.199 2.85599 0.386003
191.199 2.91946 0.39745
191.199 2.98293 0.407296
191.199 3.04639 0.415503
191.199 3.10986 0.422036
191.199 3.17333 0.42687
191.199 3.23679 0.429985
191.199 3.30026 0.431368
191.199 3.36373 0.431015
191.199 3.42719 0.428926
191.199 3.49066 0.42511
191.199 3.55413 0.419582
191.199 3.61759 0.412365
191.199 3.68106 0.403486
191.199 3.74452 0.392984
191.199 3.80799 0.380899
191.199 3.87146 0.367281
191.199 3.93492 0.352183
191.199 3.99839 0.335667
191.199 4.06186 0.3178
191.199 4.12532 0.298653
191.199 4.18879 0.278303
191.199 4.25226 0.256833
191.199 4.31572 0.234329
191.199 4.37919 0.210881
191.199 4.44266 0.186584
191.199 4.50612 0.161536
191.199 4.56959 0.135837
191.199 4.63306 0.109591
191.199 4.69652 0.0829041
191.199 4.75999 0.0558831
191.199 4.82346 0.0286374
191.199 4.88692 0.001276
191.199 4.95039 -0.0260904
191.199 5.01385 -0.0533517
191.199 5.07732 -0.0803981
191.199 5.14079 -0.107121
191.199 5.20425 -0.133412
191.199 5.26772 -0.159166
191.199 5.33119 -0.18428
191.199 5.39465 -0.208651
191.199 5.45812 -0.232182
191.199 5.52159 -0.254778
191.199 5.58505 -0.276348
191.199 5.64852 -0.296806
191.199 5.71199 -0.316068
191.199 5.77545 -0.334058
191.199 5.83892 -0.350702
191.199 5.90239 -0.365935
191.199 5.96585 -0.379694
191.199 6.02932 -0.391924
191.199 6.09279 -0.402575
191.199 6.15625 -0.411607
191.199 6.21972 -0.41898
191.199 6.28319 -0.424666
192.2 0 -0.0821834
192.2 0.0634665 -0.0706671
192.2 0.126933 -0.0588662
192.2 0.1904 -0.0468284
192.2 0.253866 -0.034602
192.2 0.317333 -0.0222363
192.2 0.380799 -0.00978104
192.2 0.444266 0.00271375
192.2 0.507732 0.0151974
192.2 0.571199 0.0276198
192.2 0.634665 0.0399313
192.2 0.698132 0.0520817
192.2 0.761598 0.0640226
192.2 0.825065 0.0757056
192.2 0.888531 0.0870837
192.2 0.951998 0.0981114
192.2 1.01546 0.108744
192.2 1.07893 0.118938
192.2 1.1424 0.128654
192.2 1.20586 0.137852
192.2 1.26933 0.146494
192.2 1.3328 0.154547
192.2 1.39626 0.161977
192.2 1.45973 0.168756
192.2 1.5232 0.174854
192.2 1.58666 0.180248
192.2 1.65013 0.184917
192.2 1.7136 0.188841
192.2 1.77706 0.192005
192.2 1.84053 0.194396
192.2 1.904 0.196004
192.2 1.96746 0.196822
192.2 2.03093 0.196848
192.2 2.0944 0.196082
192.2 2.15786 0.194526
192.2 2.22133 0.192186
192.2 2.28479 0.189073
192.2 2.34826 0.185198
192.2 2.41173 0.180578
192.2 2.47519 0.175231
192.2 2.53866 0.169178
192.2 2.60213 0.162443
192.2 2.66559 0.155055
192.2 2.72906 0.147042
192.2 2.79253 0.138438
192.2 2.85599 0.129275
192.2 2.91946 0.119592
192.2 2.98293 0.109428
192.2 3.04639 0.0988232
192.2 3.10986 0.0878203
192.2 3.17333 0.0764638
192.2 3.23679 0.0647993
192.2 3.30026 0.052874
192.2 3.36373 0.0407358
192.2 3.42719 0.0284335
192.2 3.49066 0.0160167
192.2 3.55413 0.0035355
192.2 3.61759 -0.00896014
192.2 3.68106 -0.0214196
192.2 3.74452 -0.0337927
192.2 3.80799 -0.0460297
192.2 3.87146 -0.0580815
192.2 3.93492 -0.0698994
192.2 3.99839 -0.0814358
192.2 4.06186 -0.0926442
192.2 4.12532 -0.10348
192.2 4.18879 -0.113898
192.2 4.25226 -0.123859
192.2 4.31572 -0.13332
192.2 4.37919 -0.142245
192.2 4.44266 -0.150596
192.2 4.50612 -0.158342
192.2 4.56959 -0.16545
192.2 4.63306 -0.171891
192.2 4.69652 -0.177641
192.2 4.75999 -0.182675
192.2 4.82346 -0.186974
192.2 4.88692 -0.190519
192.2 4.95039 -0.193298
192.2 5.01385 -0.195298
192.2 5.07732 -0.196512
192.2 5.14079 -0.196935
192.2 5.20425 -0.196564
192.2 5.26772 -0.195402
192.2 5.33119 -0.193453
192.2 5.39465 -0.190726
192.2 5.45812 -0.18723
192.2 5.52159 -0.182981
192.2 5.58505 -0.177994
192.2 5.64852 -0.172291
192.2 5.71199 -0.165894
192.2 5.77545 -0.158829
192.2 5.83892 -0.151125
192.2 5.90239 -0.142812
192.2 5.96585 -0.133924
192.2 6.02932 -0.124497
192.2 6.09279 -0.114568
192.2 6.15625 -0.104178
192.2 6.21972 -0.0933687
192.2 6.28319 -0.0821833
193.201 0 0.0197904
193.201 0.0634665 0.0322016
193.201 0.126933 0.0444833
193.201 0.1904 0.0565857
193.201 0.253866 0.0684602
193.201 0.317333 0.0800591
193.201 0.380799 0.0913357
193.201 0.444266 0.102244
193.201 0.507732 0.112741
193.201 0.571199 0.122785
193.201 0.634665 0.132333
193.201 0.698132 0.141349
193.201 0.761598 0.149796
193.201 0.825065 0.157639
193.201 0.888531 0.164848
193.201 0.951998 0.171393
193.201 1.01546 0.177247
193.201 1.07893 0.182388
193.201 1.1424 0.186795
193.201 1.20586 0.19045
193.201 1.26933 0.193338
193.201 1.3328 0.195446
193.201 1.39626 0.196769
193.201 1.45973 0.197299
193.201 1.5232 0.197034
193.201 1.58666 0.195976
193.201 1.65013 0.194129
193.201 1.7136 0.1915
193.201 1.77706 0.1881
193.201 1.84053 0.183943
193.201 1.904 0.179045
193.201 1.96746 0.173426
193.201 2.03093 0.167108
193.201 2.0944 0.160118
193.201 2.15786 0.152483
193.201 2.22133 0.144235
193.201 2.28479 0.135405
193.201 2.34826 0.12603
193.201 2.41173 0.116147
193.201 2.47519 0.105797
193.201 2.53866 0.0950212
193.201 2.60213 0.0838626
193.201 2.66559 0.0723661
193.201 2.72906 0.0605784
193.201 2.79253 0.0485466
193.201 2.85599 0.0363193
193.201 2.91946 0.023946
193.201 2.98293 0.0114762
193.201 3.04639 -0.00103995
193.201 3.10986 -0.0135519
193.201 3.17333 -0.026009
193.201 3.23679 -0.0383616
193.201 3.30026 -0.0505599
193.201 3.36373 -0.0625542
193.201 3.42719 -0.0742971
193.201 3.49066 -0.0857405
193.201 3.55413 -0.096839
193.201 3.61759 -0.107547
193.201 3.68106 -0.117822
193.201 3.74452 -0.127623
193.201 3.80799 -0.13691
193.201 3.87146 -0.145646
193.201 3.93492 -0.153795
193.201 3.99839 -0.161325
193.201 4.06186 -0.168205
193.201 4.12532 -0.174408
193.201 4.18879 -0.179909
193.201 4.25226 -0.184685
193.201 4.31572 -0.188718
193.201 4.37919 -0.191991
193.201 4.44266 -0.19449
193.201 4.50612 -0.196206
193.201 4.56959 -0.197133
193.201 4.63306 -0.197266
193.201 4.69652 -0.196604
193.201 4.75999 -0.195151
193.201 4.82346 -0.192911
193.201 4.88692 -0.189895
193.201 4.95039 -0.186115
193.201 5.01385 -0.181585
193.201 5.07732 -0.176324
193.201 5.14079 -0.170353
193.201 5.20425 -0.163696
193.201 5.26772 -0.15638
193.201 5.33119 -0.148434
193.201 5.39465 -0.13989
193.201 5.45812 -0.130783
193.201 5.52159 -0.12115
193.201 5.58505 -0.111028
193.201 5.64852 -0.10046
193.201 5.71199 -0.0894871
193.201 5.77545 -0.0781538
193.201 5.83892 -0.0665057
193.201 5.90239 -0.05459
193.201 5.96585 -0.0424544
193.201 6.02932 -0.0301479
193.201 6.09279 -0.0177199
193.201 6.15625 -0.0052208
193.201 6.21972 0.00729967
193.201 6.28319 0.0197904
194.202 0 0.256279
194.202 0.0634665 0.239047
194.202 0.126933 0.220851
194.202 0.1904 0.201766
194.202 0.253866 0.181869
194.202 0.317333 0.16124
194.202 0.380799 0.139961
194.202 0.444266 0.118118
194.202 0.507732 0.0958005
194.202 0.571199 0.0730967
194.202 0.634665 0.0500986
194.202 0.698132 0.0268989
194.202 0.761598 0.00359074
194.202 0.825065 -0.0197319
194.202 0.888531 -0.042975
194.202 0.951998 -0.0660451
194.202 1.01546 -0.0888491
194.202 1.07893 -0.111295
194.202 1.1424 -0.133294
194.202 1.20586 -0.154755
194.202 1.26933 -0.175593
194.202 1.3328 -0.195725
194.202 1.39626 -0.215068
194.202 1.45973 -0.233545
194.202 1.5232 -0.251082
194.202 1.58666 -0.267607
194.202 1.65013 -0.283056
194.202 1.7136 -0.297365
194.202 1.77706 -0.310475
194.202 1.84053 -0.322336
194.202 1.904 -0.332899
194.202 1.96746 -0.342122
194.202 2.03093 -0.349966
194.202 2.0944 -0.356402
194.202 2.15786 -0.361403
194.202 2.22133 -0.364948
194.202 2.28479 -0.367024
194.202 2.34826 -0.367622
194.202 2.41173 -0.366739
194.202 2.47519 -0.364381
194.202 2.53866 -0.360554
194.202 2.60213 -0.355276
194.202 2.66559 -0.348567
194.202 2.72906 -0.340455
194.202 2.79253 -0.330972
194.202 2.85599 -0.320156
194.202 2.91946 -0.308051
194.202 2.98293 -0.294706
194.202 3.04639 -0.280173
194.202 3.10986 -0.264513
194.202 3.17333 -0.247788
194.202 3.23679 -0.230065
194.202 3.30026 -0.211415
194.202 3.36373 -0.191914
194.202 3.42719 -0.171641
194.202 3.49066 -0.150676
194.202 3.55413 -0.129105
194.202 3.61759 -0.107013
194.202 3.68106 -0.0844911
194.202 3.74452 -0.0616289
194.202 3.80799 -0.0385182
194.202 3.87146 -0.0152524
194.202 3.93492 0.00807458
194.202 3.99839 0.0313692
194.202 4.06186 0.0545375
194.202 4.12532 0.0774862
194.202 4.18879 0.100123
194.202 4.25226 0.122356
194.202 4.31572 0.144097
194.202 4.37919 0.165258
194.202 4.44266 0.185753
194.202 4.50612 0.2055
194.202 4.56959 0.22442
194.202 4.63306 0.242436
194.202 4.69652 0.259475
194.202 4.75999 0.275471
194.202 4.82346 0.290356
194.202 4.88692 0.304073
194.202 4.95039 0.316565
194.202 5.01385 0.327783
194.202 5.07732 0.33768
194.202 5.14079 0.346218
194.202 5.20425 0.353362
194.202 5.26772 0.359083
194.202 5.33119 0.363358
194.202 5.39465 0.36617
194.202 5.45812 0.367508
194.202 5.52159 0.367366
194.202 5.58505 0.365744
194.202 5.64852 0.36265
194.202 5.71199 0.358095
194.202 5.77545 0.352099
194.202 5.83892 0.344684
194.202 5.90239 0.335882
194.202 5.96585 0.325728
194.202 6.02932 0.314262
194.202 6.09279 0.30153
194.202 6.15625 0.287584
194.202 6.21972 0.27248
194.202 6.28319 0.256279
195.203 0 -0.130752
195.203 0.0634665 -0.114928
195.203 0.126933 -0.0986423
195.203 0.1904 -0.081959
195.203 0.253866 -0.064946
195.203 0.317333 -0.0476713
195.203 0.380799 -0.0302047
195.203 0.444266 -0.0126162
195.203 0.507732 0.00502284
195.203 0.571199 0.0226418
195.203 0.634665 0.0401692
195.203 0.698132 0.0575353
195.203 0.761598 0.0746696
195.203 0.825065 0.0915032
195.203 0.888531 0.107968
195.203 0.951998 0.123999
195.203 1.01546 0.13953
195.203 1.07893 0.154499
195.203 1.1424 0.168846
195.203 1.20586 0.182513
195.203 1.26933 0.195446
195.203 1.3328 0.207591
195.203 1.39626 0.218901
195.203 1.45973 0.229329
195.203 1.5232 0.238833
195.203 1.58666 0.247376
195.203 1.65013 0.254923
195.203 1.7136 0.261443
195.203 1.77706 0.266911
195.203 1.84053 0.271304
195.203 1.904 0.274604
195.203 1.96746 0.276799
195.203 2.03093 0.277879
195.203 2.0944 0.27784
195.203 2.15786 0.276683
195.203 2.22133 0.274411
195.203 2.28479 0.271034
195.203 2.34826 0.266566
195.203 2.41173 0.261025
195.203 2.47519 0.254432
195.203 2.53866 0.246815
195.203 2.60213 0.238204
195.203 2.66559 0.228634
195.203 2.72906 0.218144
195.203 2.79253 0.206775
195.203 2.85599 0.194573
195.203 2.91946 0.181588
195.203 2.98293 0.167872
195.203 3.04639 0.15348
195.203 3.10986 0.13847
195.203 3.17333 0.122902
195.203 3.23679 0.106839
195.203 3.30026 0.0903462
195.203 3.36373 0.0734895
195.203 3.42719 0.0563369
195.203 3.49066 0.0389576
195.203 3.55413 0.0214212
195.203 3.61759 0.00379864
195.203 3.68106 -0.0138392
195.203 3.74452 -0.0314212
195.203 3.80799 -0.0488769
195.203 3.87146 -0.0661356
195.203 3.93492 -0.0831281
195.203 3.99839 -0.099786
195.203 4.06186 -0.116042
195.203 4.12532 -0.131831
195.203 4.18879 -0.147089
195.203 4.25226 -0.161754
195.203 4.31572 -0.175768
195.203 4.37919 -0.189075
195.203 4.44266 -0.20162
195.203 4.50612 -0.213353
195.203 4.56959 -0.224228
195.203 4.63306 -0.234199
195.203 4.69652 -0.243227
195.203 4.75999 -0.251276
195.203 4.82346 -0.258313
195.203 4.88692 -0.26431
195.203 4.95039 -0.269243
195.203 5.01385 -0.273091
195.203 5.07732 -0.27584
195.203 5.14079 -0.277479
195.203 5.20425 -0.277999
195.203 5.26772 -0.277401
195.203 5.33119 -0.275685
195.203 5.39465 -0.27286
195.203 5.45812 -0.268936
195.203 5.52159 -0.263928
195.203 5.58505 -0.257858
195.203 5.64852 -0.25075
195.203 5.71199 -0.242632
195.203 5.77545 -0.233537
195.203 5.83892 -0.223502
195.203 5.90239 -0.212567
195.203 5.96585 -0.200776
195.203 6.02932 -0.188176
195.203 6.09279 -0.174818
195.203 6.15625 -0.160757
195.203 6.21972 -0.146048
195.203 6.28319 -0.130752
196.204 0 0.167487
196.204 0.0634665 0.189158
196.204 0.126933 0.210069
196.204 0.1904 0.230132
196.204 0.253866 0.24927
196.204 0.317333 0.267404
196.204 0.380799 0.28446
196.204 0.444266 0.300371
196.204 0.507732 0.315073
196.204 0.571199 0.328506
196.204 0.634665 0.340617
196.204 0.698132 0.351356
196.204 0.761598 0.36068
196.204 0.825065 0.368552
196.204 0.888531 0.37494
196.204 0.951998 0.379818
196.204 1.01546 0.383166
196.204 1.07893 0.384972
196.204 1.1424 0.385227
196.204 1.20586 0.383932
196.204 1.26933 0.381091
196.204 1.3328 0.376714
196.204 1.39626 0.370822
196.204 1.45973 0.363435
196.204 1.5232 0.354586
196.204 1.58666 0.344308
196.204 1.65013 0.332645
196.204 1.7136 0.319641
196.204 1.77706 0.305351
196.204 1.84053 0.289831
196.204 1.904 0.273144
196.204 1.96746 0.255358
196.204 2.03093 0.236543
196.204 2.0944 0.216775
196.204 2.15786 0.196135
196.204 2.22133 0.174705
196.204 2.28479 0.152571
196.204 2.34826 0.129823
196.204 2.41173 0.106553
196.204 2.47519 0.0828531
196.204 2.53866 0.0588197
196.204 2.60213 0.0345496
196.204 2.66559 0.0101402
196.204 2.72906 -0.0143097
196.204 2.79253 -0.0387024
196.204 2.85599 -0.062939
196.204 2.91946 -0.0869223
196.204 2.98293 -0.110556
196.204 3.04639 -0.133744
196.204 3.10986 -0.156393
196.204 3.17333 -0.178413
196.204 3.23679 -0.199714
196.204 3.30026 -0.220212
196.204 3.36373 -0.239822
196.204 3.42719 -0.258467
196.204 3.49066 -0.276071
196.204 3.55413 -0.292563
196.204 3.61759 -0.307878
196.204 3.68106 -0.321953
196.204 3.74452 -0.33473
196.204 3.80799 -0.346161
196.204 3.87146 -0.356197
196.204 3.93492 -0.3648
196.204 3.99839 -0.371933
196.204 4.06186 -0.377569
196.204 4.12532 -0.381684
196.204 4.18879 -0.384263
196.204 4.25226 -0.385294
196.204 4.31572 -0.384773
196.204 4.37919 -0.382704
196.204 4.44266 -0.379093
196.204 4.50612 -0.373956
196.204 4.56959 -0.367313
196.204 4.63306 -0.359191
196.204 4.69652 -0.349623
196.204 4.75999 -0.338647
196.204 4.82346 -0.326307
196.204 4.88692 -0.312654
196.204 4.95039 -0.297741
196.204 5.01385 -0.28163
196.204 5.07732 -0.264384
196.204 5.14079 -0.246074
196.204 5.20425 -0.226773
196.204 5.26772 -0.206559
196.204 5.33119 -0.185513
196.204 5.39465 -0.163721
196.204 5.45812 -0.141269
196.204 5.52159 -0.118248
196.204 5.58505 -0.0947507
196.204 5.64852 -0.0708722
196.204 5.71199 -0.0467082
196.204 5.77545 -0.0223562
196.204 5.83892 0.00208583
196.204 5.90239 0.0265194
196.204 5.96585 0.0508463
196.204 6.02932 0.0749684
196.204 6.09279 0.0987885
196.204 6.15625 0.122211
196.204 6.21972 0.145141
196.204 6.28319 0.167487
197.205 0 -0.0573812
197.205 0.0634665 -0.0701334
197.205 0.126933 -0.0826033
197.205 0.1904 -0.0947406
197.205 0.253866 -0.106496
197.205 0.317333 -0.117823
197.205 0.380799 -0.128676
197.205 0.444266 -0.13901
197.205 0.507732 -0.148785
197.205 0.571199 -0.15796
197.205 0.634665 -0.1665
197.205 0.698132 -0.174369
197.205 0.761598 -0.181536
197.205 0.825065 -0.187972
197.205 0.888531 -0.193651
197.205 0.951998 -0.19855
197.205 1.01546 -0.20265
197.205 1.07893 -0.205933
197.205 1.1424 -0.208388
197.205 1.20586 -0.210003
197.205 1.26933 -0.210773
197.205 1.3328 -0.210694
197.205 1.39626 -0.209767
197.205 1.45973 -0.207995
197.205 1.5232 -0.205386
197.205 1.58666 -0.201949
197.205 1.65013 -0.1977
197.205 1.7136 -0.192654
197.205 1.77706 -0.186833
197.205 1.84053 -0.180259
197.205 1.904 -0.172959
197.205 1.96746 -0.164963
197.205 2.03093 -0.156303
197.205 2.0944 -0.147013
197.205 2.15786 -0.137131
197.205 2.22133 -0.126698
197.205 2.28479 -0.115754
197.205 2.34826 -0.104344
197.205 2.41173 -0.0925135
197.205 2.47519 -0.0803108
197.205 2.53866 -0.0677846
197.205 2.60213 -0.0549854
197.205 2.66559 -0.0419649
197.205 2.72906 -0.0287757
197.205 2.79253 -0.0154703
197.205 2.85599 -0.00210246
197.205 2.91946 0.0112736
197.205 2.98293 0.0246042
197.205 3.04639 0.0378359
197.205 3.10986 0.0509151
197.205 3.17333 0.0637894
197.205 3.23679 0.0764067
197.205 3.30026 0.0887165
197.205 3.36373 0.100669
197.205 3.42719 0.112216
197.205 3.49066 0.123312
197.205 3.55413 0.13391
197.205 3.61759 0.14397
197.205 3.68106 0.15345
197.205 3.74452 0.162312
197.205 3.80799 0.17052
197.205 3.87146 0.178042
197.205 3.93492 0.184847
197.205 3.99839 0.190907
197.205 4.06186 0.196199
197.205 4.12532 0.200701
197.205 4.18879 0.204395
197.205 4.25226 0.207265
197.205 4.31572 0.209301
197.205 4.37919 0.210494
197.205 4.44266 0.21084
197.205 4.50612 0.210337
197.205 4.56959 0.208987
197.205 4.63306 0.206795
197.205 4.69652 0.20377
197.205 4.75999 0.199925
197.205 4.82346 0.195275
197.205 4.88692 0.189839
197.205 4.95039 0.183638
197.205 5.01385 0.176698
197.205 5.07732 0.169046
197.205 5.14079 0.160714
197.205 5.20425 0.151735
197.205 5.26772 0.142144
197.205 5.33119 0.131981
197.205 5.39465 0.121287
197.205 5.45812 0.110104
197.205 5.52159 0.0984783
197.205 5.58505 0.0864556
197.205 5.64852 0.074085
197.205 5.71199 0.0614162
197.205 5.77545 0.0484999
197.205 5.83892 0.0353881
197.205 5.90239 0.022134
197.205 5.96585 0.00879074
197.205 6.02932 -0.00458759
197.205 6.09279 -0.0179478
197.205 6.15625 -0.0312359
197.205 6.21972 -0.0443979
197.205 6.28319 -0.0573812
198.206 0 -0.356447
198.206 0.0634665 -0.35099
198.206 0.126933 -0.34412
198.206 0.1904 -0.335863
198.206 0.253866 -0.326254
198.206 0.317333 -0.315332
198.206 0.380799 -0.303139
198.206 0.444266 -0.289726
198.206 0.507732 -0.275147
198.206 0.571199 -0.25946
198.206 0.634665 -0.242728
198.206 0.698132 -0.225018
198.206 0.761598 -0.206402
198.206 0.825065 -0.186956
198.206 0.888531 -0.166756
198.206 0.951998 -0.145885
198.206 1.01546 -0.124427
198.206 1.07893 -0.102467
198.206 1.1424 -0.0800953
198.206 1.20586 -0.0574008
198.206 1.26933 -0.0344752
198.206 1.3328 -0.0114108
198.206 1.39626 0.0116996
198.206 1.45973 0.0347629
198.206 1.5232 0.0576861
198.206 1.58666 0.0803774
198.206 1.65013 0.102745
198.206 1.7136 0.124699
198.206 1.77706 0.146151
198.206 1.84053 0.167013
198.206 1.904 0.187204
198.206 1.96746 0.206641
198.206 2.03093 0.225245
198.206 2.0944 0.242943
198.206 2.15786 0.259663
198.206 2.22133 0.275336
198.206 2.28479 0.289902
198.206 2.34826 0.3033
198.206 2.41173 0.315476
198.206 2.47519 0.326383
198.206 2.53866 0.335975
198.206 2.60213 0.344214
198.206 2.66559 0.351067
198.206 2.72906 0.356507
198.206 2.79253 0.360511
198.206 2.85599 0.363063
198.206 2.91946 0.364153
198.206 2.98293 0.363778
198.206 3.04639 0.361937
198.206 3.10986 0.358639
198.206 3.17333 0.353897
198.206 3.23679 0.34773
198.206 3.30026 0.340162
198.206 3.36373 0.331226
198.206 3.42719 0.320954
198.206 3.49066 0.309391
198.206 3.55413 0.296583
198.206 3.61759 0.282579
198.206 3.68106 0.267438
198.206 3.74452 0.25122
198.206 3.80799 0.233991
198.206 3.87146 0.215819
198.206 3.93492 0.196778
198.206 3.99839 0.176945
198.206 4.06186 0.156399
198.206 4.12532 0.135224
198.206 4.18879 0.113504
198.206 4.25226 0.0913273
198.206 4.31572 0.0687828
198.206 4.37919 0.045961
198.206 4.44266 0.0229548
198.206 4.50612 -0.000144589
198.206 4.56959 -0.0232431
198.206 4.63306 -0.0462481
198.206 4.69652 -0.0690667
198.206 4.75999 -0.0916074
198.206 4.82346 -0.113779
198.206 4.88692 -0.135493
198.206 4.95039 -0.156661
198.206 5.01385 -0.177198
198.206 5.07732 -0.197022
198.206 5.14079 -0.216052
198.206 5.20425 -0.234213
198.206 5.26772 -0.25143
198.206 5.33119 -0.267635
198.206 5.39465 -0.282761
198.206 5.45812 -0.29675
198.206 5.52159 -0.309544
198.206 5.58505 -0.321091
198.206 5.64852 -0.331345
198.206 5.71199 -0.340266
198.206 5.77545 -0.347815
198.206 5.83892 -0.353965
198.206 5.90239 -0.35869
198.206 5.96585 -0.361969
198.206 6.02932 -0.363792
198.206 6.09279 -0.364149
198.206 6.15625 -0.36304
198.206 6.21972 -0.36047
198.206 6.28319 -0.356447
199.207 0 0.562957
199.207 0.0634665 0.575247
199.207 0.126933 0.58522
199.207 0.1904 0.592838
199.207 0.253866 0.598068
199.207 0.317333 0.60089
199.207 0.380799 0.601293
199.207 0.444266 0.599274
199.207 0.507732 0.594842
199.207 0.571199 0.588016
199.207 0.634665 0.57882
199.207 0.698132 0.567296
199.207 0.761598 0.553486
199.207 0.825065 0.537447
199.207 0.888531 0.519245
199.207 0.951998 0.498951
199.207 1.01546 0.476649
199.207 1.07893 0.452427
199.207 1.1424 0.426384
199.207 1.20586 0.398624
199.207 1.26933 0.369258
199.207 1.3328 0.338405
199.207 1.39626 0.30619
199.207 1.45973 0.272743
199.207 1.5232 0.238197
199.207 1.58666 0.202691
199.207 1.65013 0.16637
199.207 1.7136 0.129378
199.207 1.77706 0.0918659
199.207 1.84053 0.0539837
199.207 1.904 0.0158841
199.207 1.96746 -0.0222795
199.207 2.03093 -0.0603534
199.207 2.0944 -0.0981843
199.207 2.15786 -0.13562
199.207 2.22133 -0.172509
199.207 2.28479 -0.208704
199.207 2.34826 -0.244058
199.207 2.41173 -0.27843
199.207 2.47519 -0.31168
199.207 2.53866 -0.343676
199.207 2.60213 -0.374288
199.207 2.66559 -0.403392
199.207 2.72906 -0.430872
199.207 2.79253 -0.456618
199.207 2.85599 -0.480524
199.207 2.91946 -0.502496
199.207 2.98293 -0.522444
199.207 3.04639 -0.540289
199.207 3.10986 -0.555958
199.207 3.17333 -0.569388
199.207 3.23679 -0.580526
199.207 3.30026 -0.589326
199.207 3.36373 -0.595753
199.207 3.42719 -0.599781
199.207 3.49066 -0.601394
199.207 3.55413 -0.600586
199.207 3.61759 -0.597359
199.207 3.68106 -0.591728
199.207 3.74452 -0.583712
199.207 3.80799 -0.573347
199.207 3.87146 -0.560673
199.207 3.93492 -0.545741
199.207 3.99839 -0.528613
199.207 4.06186 -0.509354
199.207 4.12532 -0.488046
199.207 4.18879 -0.464772
199.207 4.25226 -0.439627
199.207 4.31572 -0.412712
199.207 4.37919 -0.384134
199.207 4.44266 -0.35401
199.207 4.50612 -0.32246
199.207 4.56959 -0.289612
199.207 4.63306 -0.255598
199.207 4.69652 -0.220555
199.207 4.75999 -0.184623
199.207 4.82346 -0.147948
199.207 4.88692 -0.110678
199.207 4.95039 -0.0729615
199.207 5.01385 -0.0349515
199.207 5.07732 0.00319941
199.207 5.14079 0.0413373
199.207 5.20425 0.0793087
199.207 5.26772 0.116961
199.207 5.33119 0.154142
199.207 5.39465 0.190702
199.207 5.45812 0.226495
199.207 5.52159 0.261375
199.207 5.58505 0.295204
199.207 5.64852 0.327843
199.207 5.71199 0.359163
199.207 5.77545 0.389036
199.207 5.83892 0.417342
199.207 5.90239 0.443969
199.207 5.96585 0.468807
199.207 6.02932 0.491757
199.207 6.09279 0.512728
199.207 6.15625 0.531634
199.207 6.21972 0.548399
199.207 6.28319 0.562957
200.208 0 0.0318705
200.208 0.0634665 0.020841
200.208 0.126933 0.00972753
200.208 0.1904 -0.00142482
200.208 0.253866 -0.0125716
200.208 0.317333 -0.0236679
200.208 0.380799 -0.0346687
200.208 0.444266 -0.0455302
200.208 0.507732 -0.056208
200.208 0.571199 -0.0666597
200.208 0.634665 -0.0768427
200.208 0.698132 -0.0867167
200.208 0.761598 -0.096241
200.208 0.825065 -0.105378
200.208 0.888531 -0.114091
200.208 0.951998 -0.122344
200.208 1.01546 -0.130105
200.208 1.07893 -0.137342
200.208 1.1424 -0.144026
200.208 1.20586 -0.15013
200.208 1.26933 -0.155629
200.208 1.3328 -0.160502
200.208 1.39626 -0.164728
200.208 1.45973 -0.168291
200.208 1.5232 -0.171177
200.208 1.58666 -0.173373
200.208 1.65013 -0.174871
200.208 1.7136 -0.175665
200.208 1.77706 -0.175751
200.208 1.84053 -0.17513
200.208 1.904 -0.173804
200.208 1.96746 -0.171778
200.208 2.03093 -0.16906
200.208 2.0944 -0.165662
200.208 2.15786 -0.161596
200.208 2.22133 -0.156879
200.208 2.28479 -0.151532
200.208 2.34826 -0.145573
200.208 2.41173 -0.139029
200.208 2.47519 -0.131925
200.208 2.53866 -0.12429
200.208 2.60213 -0.116154
200.208 2.66559 -0.10755
200.208 2.72906 -0.0985135
200.208 2.79253 -0.08908
200.208 2.85599 -0.079288
200.208 2.91946 -0.0691765
200.208 2.98293 -0.0587869
200.208 3.04639 -0.0481603
200.208 3.10986 -0.0373398
200.208 3.17333 -0.026369
200.208 3.23679 -0.0152922
200.208 3.30026 -0.0041536
200.208 3.36373 0.00700167
200.208 3.42719 0.0181288
200.208 3.49066 0.0291829
200.208 3.55413 0.0401195
200.208 3.61759 0.0508947
200.208 3.68106 0.0614648
200.208 3.74452 0.0717871
200.208 3.80799 0.0818211
200.208 3.87146 0.091525
200.208 3.93492 0.100861
200.208 3.99839 0.10979
200.208 4.06186 0.118277
200.208 4.12532 0.126288
200.208 4.18879 0.133791
200.208 4.25226 0.140755
200.208 4.31572 0.147152
200.208 4.37919 0.152956
200.208 4.44266 0.158145
200.208 4.50612 0.162697
200.208 4.56959 0.166594
200.208 4.63306 0.169819
200.208 4.69652 0.172361
200.208 4.75999 0.17421
200.208 4.82346 0.175356
200.208 4.88692 0.175797
200.208 4.95039 0.175529
200.208 5.01385 0.174555
200.208 5.07732 0.172878
200.208 5.14079 0.170505
200.208 5.20425 0.167445
200.208 5.26772 0.163711
200.208 5.33119 0.159318
200.208 5.39465 0.154283
200.208 5.45812 0.148627
200.208 5.52159 0.142373
200.208 5.58505 0.135545
200.208 5.64852 0.128172
200.208 5.71199 0.120282
200.208 5.77545 0.111908
200.208 5.83892 0.103084
200.208 5.90239 0.0938439
200.208 5.96585 0.0842264
200.208 6.02932 0.07427
200.208 6.09279 0.064014
200.208 6.15625 0.0535005
200.208 6.21972 0.0427717
200.208 6.28319 0.0318705
201.209 0 0.238993
201.209 0.0634665 0.234785
201.209 0.126933 0.229631
201.209 0.1904 0.223552
201.209 0.253866 0.216573
201.209 0.317333 0.208723
201.209 0.380799 0.200031
201.209 0.444266 0.190535
201.209 0.507732 0.180271
201.209 0.571199 0.169281
201.209 0.634665 0.15761
201.209 0.698132 0.145303
201.209 0.761598 0.132412
201.209 0.825065 0.118988
201.209 0.888531 0.105084
201.209 0.951998 0.0907579
201.209 1.01546 0.0760658
201.209 1.07893 0.0610673
201.209 1.1424 0.0458232
201.209 1.20586 0.0303944
201.209 1.26933 0.0148433
201.209 1.3328 -0.000767592
201.209 1.39626 -0.0163754
201.209 1.45973 -0.0319174
201.209 1.5232 -0.0473308
201.209 1.58666 -0.0625535
201.209 1.65013 -0.0775243
201.209 1.7136 -0.0921832
201.209 1.77706 -0.106471
201.209 1.84053 -0.12033
201.209 1.904 -0.133704
201.209 1.96746 -0.14654
201.209 2.03093 -0.158786
201.209 2.0944 -0.170392
201.209 2.15786 -0.181312
201.209 2.22133 -0.191503
201.209 2.28479 -0.200922
201.209 2.34826 -0.209532
201.209 2.41173 -0.217299
201.209 2.47519 -0.22419
201.209 2.53866 -0.230179
201.209 2.60213 -0.235241
201.209 2.66559 -0.239355
201.209 2.72906 -0.242506
201.209 2.79253 -0.244681
201.209 2.85599 -0.245869
201.209 2.91946 -0.246068
201.209 2.98293 -0.245277
201.209 3.04639 -0.243497
201.209 3.10986 -0.240738
201.209 3.17333 -0.237008
201.209 3.23679 -0.232325
201.209 3.30026 -0.226705
201.209 3.36373 -0.220174
201.209 3.42719 -0.212755
201.209 3.49066 -0.20448
201.209 3.55413 -0.195381
201.209 3.61759 -0.185496
201.209 3.68106 -0.174864
201.209 3.74452 -0.163528
201.209 3.80799 -0.151533
201.209 3.87146 -0.138928
201.209 3.93492 -0.125763
201.209 3.99839 -0.112093
201.209 4.06186 -0.0979705
201.209 4.12532 -0.0834538
201.209 4.18879 -0.0686011
201.209 4.25226 -0.0534722
201.209 4.31572 -0.038128
201.209 4.37919 -0.0226302
201.209 4.44266 -0.00704137
201.209 4.50612 0.00857582
201.209 4.56959 0.0241585
201.209 4.63306 0.0396441
201.209 4.69652 0.0549697
201.209 4.75999 0.0700742
201.209 4.82346 0.0848965
201.209 4.88692 0.0993768
201.209 4.95039 0.113457
201.209 5.01385 0.127081
201.209 5.07732 0.140192
201.209 5.14079 0.15274
201.209 5.20425 0.164672
201.209 5.26772 0.175941
201.209 5.33119 0.186501
201.209 5.39465 0.196311
201.209 5.45812 0.20533
201.209 5.52159 0.213523
201.209 5.58505 0.220855
201.209 5.64852 0.227299
201.209 5.71199 0.232827
201.209 5.77545 0.237417
201.209 5.83892 0.241052
201.209 5.90239 0.243715
201.209 5.96585 0.245398
201.209 6.02932 0.246093
201.209 6.09279 0.245796
201.209 6.15625 0.24451
201.209 6.21972 0.242239
201.209 6.28319 0.238993
202.21 0 0.0302787
202.21 0.0634665 0.0192946
202.21 0.126933 0.00823292
202.21 0.1904 -0.00286209
202.21 0.253866 -0.0139454
202.21 0.317333 -0.0249725
202.21 0.380799 -0.0358993
202.21 0.444266 -0.0466813
202.21 0.507732 -0.0572754
202.21 0.571199 -0.0676389
202.21 0.634665 -0.07773
202.21 0.698132 -0.0875083
202.21 0.761598 -0.096934
202.21 0.825065 -0.105969
202.21 0.888531 -0.114578
202.21 0.951998 -0.122726
202.21 1.01546 -0.130379
202.21 1.07893 -0.137507
202.21 1.1424 -0.144082
202.21 1.20586 -0.150076
202.21 1.26933 -0.155466
202.21 1.3328 -0.16023
202.21 1.39626 -0.164349
202.21 1.45973 -0.167806
202.21 1.5232 -0.170588
202.21 1.58666 -0.172682
202.21 1.65013 -0.174081
202.21 1.7136 -0.174779
202.21 1.77706 -0.174774
202.21 1.84053 -0.174065
202.21 1.904 -0.172654
202.21 1.96746 -0.170549
202.21 2.03093 -0.167757
202.21 2.0944 -0.164289
202.21 2.15786 -0.16016
202.21 2.22133 -0.155386
202.21 2.28479 -0.149986
202.21 2.34826 -0.143982
202.21 2.41173 -0.137399
202.21 2.47519 -0.130262
202.21 2.53866 -0.122601
202.21 2.60213 -0.114446
202.21 2.66559 -0.10583
202.21 2.72906 -0.0967881
202.21 2.79253 -0.0873567
202.21 2.85599 -0.077573
202.21 2.91946 -0.0674773
202.21 2.98293 -0.0571099
202.21 3.04639 -0.0465124
202.21 3.10986 -0.0357277
202.21 3.17333 -0.024799
202.21 3.23679 -0.0137707
202.21 3.30026 -0.00268678
202.21 3.36373 0.0084079
202.21 3.42719 0.0194688
202.21 3.49066 0.0304511
202.21 3.55413 0.041311
202.21 3.61759 0.0520047
202.21 3.68106 0.0624888
202.21 3.74452 0.0727211
202.21 3.80799 0.0826607
202.21 3.87146 0.0922675
202.21 3.93492 0.101503
202.21 3.99839 0.110329
202.21 4.06186 0.118712
202.21 4.12532 0.126616
202.21 4.18879 0.13401
202.21 4.25226 0.140866
202.21 4.31572 0.147153
202.21 4.37919 0.152848
202.21 4.44266 0.157928
202.21 4.50612 0.162371
202.21 4.56959 0.166161
202.21 4.63306 0.169282
202.21 4.69652 0.171721
202.21 4.75999 0.173469
202.21 4.82346 0.174518
202.21 4.88692 0.174865
202.21 4.95039 0.174507
202.21 5.01385 0.173447
202.21 5.07732 0.171688
202.21 5.14079 0.169238
202.21 5.20425 0.166106
202.21 5.26772 0.162306
202.21 5.33119 0.157852
202.21 5.39465 0.152763
202.21 5.45812 0.147058
202.21 5.52159 0.140761
202.21 5.58505 0.133898
202.21 5.64852 0.126495
202.21 5.71199 0.118583
202.21 5.77545 0.110193
202.21 5.83892 0.10136
202.21 5.90239 0.0921186
202.21 5.96585 0.0825063
202.21 6.02932 0.0725616
202.21 6.09279 0.0623249
202.21 6.15625 0.0518373
202.21 6.21972 0.0411407
202.21 6.28319 0.0302786
203.211 0 -0.289676
203.211 0.0634665 -0.295736
203.211 0.126933 -0.300605
203.211 0.1904 -0.304264
203.211 0.253866 -0.306697
203.211 0.317333 -0.307896
203.211 0.380799 -0.307855
203.211 0.444266 -0.306574
203.211 0.507732 -0.304058
203.211 0.571199 -0.300319
203.211 0.634665 -0.29537
203.211 0.698132 -0.289231
203.211 0.761598 -0.281928
203.211 0.825065 -0.27349
203.211 0.888531 -0.263951
203.211 0.951998 -0.253349
203.211 1.01546 -0.241726
203.211 1.07893 -0.229131
203.211 1.1424 -0.215612
203.211 1.20586 -0.201226
203.211 1.26933 -0.186029
203.211 1.3328 -0.170083
203.211 1.39626 -0.153452
203.211 1.45973 -0.136203
203.211 1.5232 -0.118406
203.211 1.58666 -0.100133
203.211 1.65013 -0.0814556
203.211 1.7136 -0.0624503
203.211 1.77706 -0.0431939
203.211 1.84053 -0.0237633
203.211 1.904 -0.0042374
203.211 1.96746 0.0153058
203.211 2.03093 0.0347875
203.211 2.0944 0.054129
203.211 2.15786 0.0732525
203.211 2.22133 0.0920811
203.211 2.28479 0.110539
203.211 2.34826 0.128552
203.211 2.41173 0.146047
203.211 2.47519 0.162953
203.211 2.53866 0.179204
203.211 2.60213 0.194734
203.211 2.66559 0.209479
203.211 2.72906 0.223381
203.211 2.79253 0.236382
203.211 2.85599 0.248433
203.211 2.91946 0.259483
203.211 2.98293 0.269488
203.211 3.04639 0.278408
203.211 3.10986 0.286207
203.211 3.17333 0.292853
203.211 3.23679 0.298321
203.211 3.30026 0.302587
203.211 3.36373 0.305634
203.211 3.42719 0.307451
203.211 3.49066 0.30803
203.211 3.55413 0.307369
203.211 3.61759 0.30547
203.211 3.68106 0.302341
203.211 3.74452 0.297994
203.211 3.80799 0.292448
203.211 3.87146 0.285724
203.211 3.93492 0.277849
203.211 3.99839 0.268856
203.211 4.06186 0.25878
203.211 4.12532 0.247662
203.211 4.18879 0.235547
203.211 4.25226 0.222483
203.211 4.31572 0.208524
203.211 4.37919 0.193724
203.211 4.44266 0.178146
203.211 4.50612 0.161849
203.211 4.56959 0.144901
203.211 4.63306 0.127369
203.211 4.69652 0.109325
203.211 4.75999 0.0908398
203.211 4.82346 0.0719892
203.211 4.88692 0.0528488
203.211 4.95039 0.0334956
203.211 5.01385 0.0140074
203.211 5.07732 -0.00553707
203.211 5.14079 -0.0250593
203.211 5.20425 -0.0444806
203.211 5.26772 -0.0637228
203.211 5.33119 -0.0827085
203.211 5.39465 -0.101361
203.211 5.45812 -0.119605
203.211 5.52159 -0.137368
203.211 5.58505 -0.154578
203.211 5.64852 -0.171165
203.211 5.71199 -0.187063
203.211 5.77545 -0.202208
203.211 5.83892 -0.216539
203.211 5.90239 -0.229997
203.211 5.96585 -0.24253
203.211 6.02932 -0.254086
203.211 6.09279 -0.264618
203.211 6.15625 -0.274086
203.211 6.21972 -0.28245
203.211 6.28319 -0.289676
204.212 0 -0.141064
204.212 0.0634665 -0.13118
204.212 0.126933 -0.120768
204.212 0.1904 -0.109869
204.212 0.253866 -0.0985274
204.212 0.317333 -0.0867893
204.212 0.380799 -0.0747021
204.212 0.444266 -0.0623138
204.212 0.507732 -0.0496745
204.212 0.571199 -0.0368354
204.212 0.634665 -0.0238478
204.212 0.698132 -0.0107642
204.212 0.761598 0.00236271
204.212 0.825065 0.0154801
204.212 0.888531 0.0285349
204.212 0.951998 0.0414753
204.212 1.01546 0.0542484
204.212 1.07893 0.0668031
204.212 1.1424 0.0790887
204.212 1.20586 0.091056
204.212 1.26933 0.102657
204.212 1.3328 0.113844
204.212 1.39626 0.124573
204.212 1.45973 0.1348
204.212 1.5232 0.144484
204.212 1.58666 0.153587
204.212 1.65013 0.162071
204.212 1.7136 0.169903
204.212 1.77706 0.17705
204.212 1.84053 0.183485
204.212 1.904 0.189181
204.212 1.96746 0.194114
204.212 2.03093 0.198267
204.212 2.0944 0.201621
204.212 2.15786 0.204163
204.212 2.22133 0.205883
204.212 2.28479 0.206774
204.212 2.34826 0.206832
204.212 2.41173 0.206058
204.212 2.47519 0.204454
204.212 2.53866 0.202026
204.212 2.60213 0.198785
204.212 2.66559 0.194744
204.212 2.72906 0.189919
204.212 2.79253 0.184328
204.212 2.85599 0.177996
204.212 2.91946 0.170946
204.212 2.98293 0.163209
204.212 3.04639 0.154814
204.212 3.10986 0.145796
204.212 3.17333 0.136191
204.212 3.23679 0.126037
204.212 3.30026 0.115376
204.212 3.36373 0.104251
204.212 3.42719 0.0927052
204.212 3.49066 0.0807864
204.212 3.55413 0.0685424
204.212 3.61759 0.0560224
204.212 3.68106 0.0432767
204.212 3.74452 0.0303569
204.212 3.80799 0.0173147
204.212 3.87146 0.00420297
204.212 3.93492 -0.00892587
204.212 3.99839 -0.0220186
204.212 4.06186 -0.0350229
204.212 4.12532 -0.047886
204.212 4.18879 -0.0605562
204.212 4.25226 -0.0729827
204.212 4.31572 -0.0851153
204.212 4.37919 -0.0969053
204.212 4.44266 -0.108305
204.212 4.50612 -0.119268
204.212 4.56959 -0.129752
204.212 4.63306 -0.139713
204.212 4.69652 -0.149111
204.212 4.75999 -0.157909
204.212 4.82346 -0.166071
204.212 4.88692 -0.173564
204.212 4.95039 -0.180358
204.212 5.01385 -0.186427
204.212 5.07732 -0.191744
204.212 5.14079 -0.196289
204.212 5.20425 -0.200044
204.212 5.26772 -0.202994
204.212 5.33119 -0.205126
204.212 5.39465 -0.206432
204.212 5.45812 -0.206907
204.212 5.52159 -0.206549
204.212 5.58505 -0.205359
204.212 5.64852 -0.203342
204.212 5.71199 -0.200507
204.212 5.77545 -0.196864
204.212 5.83892 -0.192428
204.212 5.90239 -0.187217
204.212 5.96585 -0.181253
204.212 6.02932 -0.174559
204.212 6.09279 -0.167162
204.212 6.15625 -0.159092
204.212 6.21972 -0.150381
204.212 6.28319 -0.141064
205.213 0 0.418143
205.213 0.0634665 0.419047
205.213 0.126933 0.418264
205.213 0.1904 0.415797
205.213 0.253866 0.411656
205.213 0.317333 0.405857
205.213 0.380799 0.398424
205.213 0.444266 0.389386
205.213 0.507732 0.378781
205.213 0.571199 0.36665
205.213 0.634665 0.353043
205.213 0.698132 0.338015
205.213 0.761598 0.321625
205.213 0.825065 0.30394
205.213 0.888531 0.285031
205.213 0.951998 0.264975
205.213 1.01546 0.243852
205.213 1.07893 0.221747
205.213 1.1424 0.198748
205.213 1.20586 0.17495
205.213 1.26933 0.150447
205.213 1.3328 0.125339
205.213 1.39626 0.0997253
205.213 1.45973 0.0737104
205.213 1.5232 0.0473987
205.213 1.58666 0.0208961
205.213 1.65013 -0.00569055
205.213 1.7136 -0.0322544
205.213 1.77706 -0.0586883
205.213 1.84053 -0.0848859
205.213 1.904 -0.110742
205.213 1.96746 -0.136151
205.213 2.03093 -0.161013
205.213 2.0944 -0.185226
205.213 2.15786 -0.208694
205.213 2.22133 -0.231321
205.213 2.28479 -0.253017
205.213 2.34826 -0.273694
205.213 2.41173 -0.293268
205.213 2.47519 -0.311662
205.213 2.53866 -0.328801
205.213 2.60213 -0.344616
205.213 2.66559 -0.359044
205.213 2.72906 -0.372025
205.213 2.79253 -0.383509
205.213 2.85599 -0.393448
205.213 2.91946 -0.401803
205.213 2.98293 -0.40854
205.213 3.04639 -0.413632
205.213 3.10986 -0.417059
205.213 3.17333 -0.418806
205.213 3.23679 -0.418867
205.213 3.30026 -0.417241
205.213 3.36373 -0.413935
205.213 3.42719 -0.408962
205.213 3.49066 -0.402343
205.213 3.55413 -0.394104
205.213 3.61759 -0.384277
205.213 3.68106 -0.372903
205.213 3.74452 -0.360028
205.213 3.80799 -0.345703
205.213 3.87146 -0.329986
205.213 3.93492 -0.31294
205.213 3.99839 -0.294634
205.213 4.06186 -0.275142
205.213 4.12532 -0.254541
205.213 4.18879 -0.232916
205.213 4.25226 -0.210354
205.213 4.31572 -0.186943
205.213 4.37919 -0.162781
205.213 4.44266 -0.137963
205.213 4.50612 -0.112589
205.213 4.56959 -0.0867615
205.213 4.63306 -0.0605852
205.213 4.69652 -0.0341647
205.213 4.75999 -0.00760665
205.213 4.82346 0.018982
205.213 4.88692 0.0454942
205.213 4.95039 0.0718233
205.213 5.01385 0.0978631
205.213 5.07732 0.123509
205.213 5.14079 0.148657
205.213 5.20425 0.173207
205.213 5.26772 0.197059
205.213 5.33119 0.220118
205.213 5.39465 0.242291
205.213 5.45812 0.263487
205.213 5.52159 0.283624
205.213 5.58505 0.302618
205.213 5.64852 0.320393
205.213 5.71199 0.336878
205.213 5.77545 0.352007
205.213 5.83892 0.365718
205.213 5.90239 0.377957
205.213 5.96585 0.388674
205.213 6.02932 0.397826
205.213 6.09279 0.405376
205.213 6.15625 0.411293
205.213 6.21972 0.415555
205.213 6.28319 0.418143
206.214 0 -0.0243548
206.214 0.0634665 -0.018871
206.214 0.126933 -0.0133112
206.214 0.1904 -0.00769785
206.214 0.253866 -0.00205334
206.214 0.317333 0.00359917
206.214 0.380799 0.00923736
206.214 0.444266 0.0148385
206.214 0.507732 0.0203796
206.214 0.571199 0.0258388
206.214 0.634665 0.031194
206.214 0.698132 0.0364235
206.214 0.761598 0.0415065
206.214 0.825065 0.0464223
206.214 0.888531 0.0511508
206.214 0.951998 0.0556738
206.214 1.01546 0.0599726
206.214 1.07893 0.0640296
206.214 1.1424 0.067829
206.214 1.20586 0.0713552
206.214 1.26933 0.0745941
206.214 1.3328 0.0775328
206.214 1.39626 0.0801589
206.214 1.45973 0.0824627
206.214 1.5232 0.0844341
206.214 1.58666 0.0860656
206.214 1.65013 0.0873506
206.214 1.7136 0.0882838
206.214 1.77706 0.0888615
206.214 1.84053 0.0890815
206.214 1.904 0.0889428
206.214 1.96746 0.0884459
206.214 2.03093 0.0875928
206.214 2.0944 0.0863871
206.214 2.15786 0.0848335
206.214 2.22133 0.0829383
206.214 2.28479 0.0807092
206.214 2.34826 0.0781551
206.214 2.41173 0.0752862
206.214 2.47519 0.0721142
206.214 2.53866 0.0686518
206.214 2.60213 0.064913
206.214 2.66559 0.0609128
206.214 2.72906 0.0566674
206.214 2.79253 0.0521938
206.214 2.85599 0.0475099
206.214 2.91946 0.0426348
206.214 2.98293 0.0375881
206.214 3.04639 0.0323899
206.214 3.10986 0.0270613
206.214 3.17333 0.0216238
206.214 3.23679 0.0160992
206.214 3.30026 0.0105099
206.214 3.36373 0.00487801
206.214 3.42719 -0.000773445
206.214 3.49066 -0.00642168
206.214 3.55413 -0.012044
206.214 3.61759 -0.0176179
206.214 3.68106 -0.023121
206.214 3.74452 -0.0285308
206.214 3.80799 -0.0338257
206.214 3.87146 -0.0389847
206.214 3.93492 -0.0439864
206.214 3.99839 -0.0488113
206.214 4.06186 -0.0534392
206.214 4.12532 -0.0578523
206.214 4.18879 -0.0620323
206.214 4.25226 -0.0659623
206.214 4.31572 -0.0696271
206.214 4.37919 -0.0730114
206.214 4.44266 -0.0761018
206.214 4.50612 -0.0788855
206.214 4.56959 -0.0813517
206.214 4.63306 -0.0834903
206.214 4.69652 -0.0852927
206.214 4.75999 -0.0867517
206.214 4.82346 -0.0878614
206.214 4.88692 -0.0886173
206.214 4.95039 -0.0890164
206.214 5.01385 -0.089057
206.214 5.07732 -0.088739
206.214 5.14079 -0.0880637
206.214 5.20425 -0.0870338
206.214 5.26772 -0.0856534
206.214 5.33119 -0.0839281
206.214 5.39465 -0.081865
206.214 5.45812 -0.0794721
206.214 5.52159 -0.0767594
206.214 5.58505 -0.0737373
206.214 5.64852 -0.0704185
206.214 5.71199 -0.0668161
206.214 5.77545 -0.0629447
206.214 5.83892 -0.0588197
206.214 5.90239 -0.054458
206.214 5.96585 -0.049877
206.214 6.02932 -0.0450951
206.214 6.09279 -0.0401316
206.214 6.15625 -0.0350066
206.214 6.21972 -0.0297407
206.214 6.28319 -0.0243548
207.215 0 -0.0842043
207.215 0.0634665 -0.061354
207.215 0.126933 -0.0382566
207.215 0.1904 -0.0150053
207.215 0.253866 0.00830671
207.215 0.317333 0.031585
207.215 0.380799 0.0547362
207.215 0.444266 0.077667
207.215 0.507732 0.100285
207.215 0.571199 0.122499
207.215 0.634665 0.14422
207.215 0.698132 0.165361
207.215 0.761598 0.185835
207.215 0.825065 0.205561
207.215 0.888531 0.22446
207.215 0.951998 0.242454
207.215 1.01546 0.259473
207.215 1.07893 0.275446
207.215 1.1424 0.29031
207.215 1.20586 0.304006
207.215 1.26933 0.316477
207.215 1.3328 0.327674
207.215 1.39626 0.337552
207.215 1.45973 0.34607
207.215 1.5232 0.353195
207.215 1.58666 0.358898
207.215 1.65013 0.363155
207.215 1.7136 0.36595
207.215 1.77706 0.367272
207.215 1.84053 0.367115
207.215 1.904 0.365479
207.215 1.96746 0.362372
207.215 2.03093 0.357806
207.215 2.0944 0.351798
207.215 2.15786 0.344375
207.215 2.22133 0.335564
207.215 2.28479 0.325403
207.215 2.34826 0.313931
207.215 2.41173 0.301195
207.215 2.47519 0.287247
207.215 2.53866 0.272141
207.215 2.60213 0.25594
207.215 2.66559 0.238709
207.215 2.72906 0.220516
207.215 2.79253 0.201435
207.215 2.85599 0.181543
207.215 2.91946 0.16092
207.215 2.98293 0.139649
207.215 3.04639 0.117816
207.215 3.10986 0.0955081
207.215 3.17333 0.0728158
207.215 3.23679 0.0498306
207.215 3.30026 0.0266444
207.215 3.36373 0.00335097
207.215 3.42719 -0.0199559
207.215 3.49066 -0.0431823
207.215 3.55413 -0.0662351
207.215 3.61759 -0.089021
207.215 3.68106 -0.111449
207.215 3.74452 -0.133427
207.215 3.80799 -0.154869
207.215 3.87146 -0.175686
207.215 3.93492 -0.195797
207.215 3.99839 -0.215119
207.215 4.06186 -0.233575
207.215 4.12532 -0.25109
207.215 4.18879 -0.267594
207.215 4.25226 -0.283021
207.215 4.31572 -0.297308
207.215 4.37919 -0.310398
207.215 4.44266 -0.322238
207.215 4.50612 -0.332781
207.215 4.56959 -0.341983
207.215 4.63306 -0.349808
207.215 4.69652 -0.356225
207.215 4.75999 -0.361208
207.215 4.82346 -0.364736
207.215 4.88692 -0.366796
207.215 4.95039 -0.367378
207.215 5.01385 -0.366481
207.215 5.07732 -0.364109
207.215 5.14079 -0.36027
207.215 5.20425 -0.354981
207.215 5.26772 -0.348262
207.215 5.33119 -0.340141
207.215 5.39465 -0.33065
207.215 5.45812 -0.319828
207.215 5.52159 -0.307718
207.215 5.58505 -0.294369
207.215 5.64852 -0.279835
207.215 5.71199 -0.264174
207.215 5.77545 -0.247449
207.215 5.83892 -0.229728
207.215 5.90239 -0.211081
207.215 5.96585 -0.191585
207.215 6.02932 -0.171318
207.215 6.09279 -0.15036
207.215 6.15625 -0.128797
207.215 6.21972 -0.106716
207.215 6.28319 -0.0842042
208.216 0 0.0101097
208.216 0.0634665 0.0073111
208.216 0.126933 0.00448325
208.216 0.1904 0.00163716
208.216 0.253866 -0.00121563
208.216 0.317333 -0.00406301
208.216 0.380799 -0.00689467
208.216 0.444266 -0.009698
208.216 0.507732 -0.0124624
208.216 0.571199 -0.0151771
208.216 0.634665 -0.0178304
208.216 0.698132 -0.0204115
208.216 0.761598 -0.0229109
208.216 0.825065 -0.0253181
208.216 0.888531 -0.027623
208.216 0.951998 -0.0298168
208.216 1.01546 -0.0318907
208.216 1.07893 -0.0338359
208.216 1.1424 -0.0356452
208.216 1.20586 -0.0373107
208.216 1.26933 -0.038826
208.216 1.3328 -0.040185
208.216 1.39626 -0.0413822
208.216 1.45973 -0.0424128
208.216 1.5232 -0.0432726
208.216 1.58666 -0.0439582
208.216 1.65013 -0.0444668
208.216 1.7136 -0.0447962
208.216 1.77706 -0.0449452
208.216 1.84053 -0.0449134
208.216 1.904 -0.0447007
208.216 1.96746 -0.0443079
208.216 2.03093 -0.0437369
208.216 2.0944 -0.0429896
208.216 2.15786 -0.0420692
208.216 2.22133 -0.0409794
208.216 2.28479 -0.0397246
208.216 2.34826 -0.0383098
208.216 2.41173 -0.0367408
208.216 2.47519 -0.0350242
208.216 2.53866 -0.033166
208.216 2.60213 -0.0311746
208.216 2.66559 -0.0290576
208.216 2.72906 -0.0268234
208.216 2.79253 -0.0244818
208.216 2.85599 -0.0220412
208.216 2.91946 -0.0195114
208.216 2.98293 -0.0169038
208.216 3.04639 -0.0142278
208.216 3.10986 -0.0114944
208.216 3.17333 -0.00871473
208.216 3.23679 -0.00590009
208.216 3.30026 -0.00306161
208.216 3.36373 -0.000210898
208.216 3.42719 0.00264057
208.216 3.49066 0.00548154
208.216 3.55413 0.00830059
208.216 3.61759 0.0110861
208.216 3.68106 0.0138269
208.216 3.74452 0.016512
208.216 3.80799 0.0191306
208.216 3.87146 0.0216723
208.216 3.93492 0.0241266
208.216 3.99839 0.0264839
208.216 4.06186 0.0287344
208.216 4.12532 0.0308694
208.216 4.18879 0.0328799
208.216 4.25226 0.0347582
208.216 4.31572 0.0364963
208.216 4.37919 0.0380874
208.216 4.44266 0.0395254
208.216 4.50612 0.0408042
208.216 4.56959 0.0419186
208.216 4.63306 0.0428642
208.216 4.69652 0.0436374
208.216 4.75999 0.0442347
208.216 4.82346 0.0446538
208.216 4.88692 0.0448933
208.216 4.95039 0.0449518
208.216 5.01385 0.0448297
208.216 5.07732 0.0445267
208.216 5.14079 0.0440446
208.216 5.20425 0.043385
208.216 5.26772 0.0425509
208.216 5.33119 0.0415452
208.216 5.39465 0.0403725
208.216 5.45812 0.039037
208.216 5.52159 0.0375443
208.216 5.58505 0.0359005
208.216 5.64852 0.0341124
208.216 5.71199 0.0321867
208.216 5.77545 0.0301313
208.216 5.83892 0.0279548
208.216 5.90239 0.0256655
208.216 5.96585 0.023273
208.216 6.02932 0.020787
208.216 6.09279 0.0182167
208.216 6.15625 0.0155734
208.216 6.21972 0.0128675
208.216 6.28319 0.0101097
209.217 0 0.243288
209.217 0.0634665 0.236065
209.217 0.126933 0.227891
209.217 0.1904 0.218801
209.217 0.253866 0.208828
209.217 0.317333 0.198015
209.217 0.380799 0.186405
209.217 0.444266 0.174044
209.217 0.507732 0.160982
209.217 0.571199 0.147272
209.217 0.634665 0.132969
209.217 0.698132 0.11813
209.217 0.761598 0.102816
209.217 0.825065 0.087088
209.217 0.888531 0.0710092
209.217 0.951998 0.0546445
209.217 1.01546 0.0380599
209.217 1.07893 0.0213219
209.217 1.1424 0.00449796
209.217 1.20586 -0.012344
209.217 1.26933 -0.0291362
209.217 1.3328 -0.0458112
209.217 1.39626 -0.0623016
209.217 1.45973 -0.0785413
209.217 1.5232 -0.0944647
209.217 1.58666 -0.110008
209.217 1.65013 -0.125108
209.217 1.7136 -0.139704
209.217 1.77706 -0.153738
209.217 1.84053 -0.167152
209.217 1.904 -0.179894
209.217 1.96746 -0.191911
209.217 2.03093 -0.203156
209.217 2.0944 -0.213582
209.217 2.15786 -0.223148
209.217 2.22133 -0.231816
209.217 2.28479 -0.239551
209.217 2.34826 -0.246321
209.217 2.41173 -0.252098
209.217 2.47519 -0.256861
209.217 2.53866 -0.26059
209.217 2.60213 -0.26327
209.217 2.66559 -0.264889
209.217 2.72906 -0.265441
209.217 2.79253 -0.264925
209.217 2.85599 -0.263342
209.217 2.91946 -0.260699
209.217 2.98293 -0.257006
209.217 3.04639 -0.252277
209.217 3.10986 -0.246533
209.217 3.17333 -0.239797
209.217 3.23679 -0.232095
209.217 3.30026 -0.223458
209.217 3.36373 -0.213922
209.217 3.42719 -0.203524
209.217 3.49066 -0.192307
209.217 3.55413 -0.180315
209.217 3.61759 -0.167597
209.217 3.68106 -0.154204
209.217 3.74452 -0.140191
209.217 3.80799 -0.125613
209.217 3.87146 -0.110529
209.217 3.93492 -0.0949999
209.217 3.99839 -0.0790886
209.217 4.06186 -0.0628586
209.217 4.12532 -0.0463756
209.217 4.18879 -0.0297058
209.217 4.25226 -0.0129164
209.217 4.31572 0.00392496
209.217 4.37919 0.0207507
209.217 4.44266 0.0374925
209.217 4.50612 0.0540836
209.217 4.56959 0.0704569
209.217 4.63306 0.0865465
209.217 4.69652 0.102288
209.217 4.75999 0.117617
209.217 4.82346 0.132472
209.217 4.88692 0.146795
209.217 4.95039 0.160526
209.217 5.01385 0.173611
209.217 5.07732 0.185996
209.217 5.14079 0.197633
209.217 5.20425 0.208474
209.217 5.26772 0.218475
209.217 5.33119 0.227597
209.217 5.39465 0.235802
209.217 5.45812 0.243058
209.217 5.52159 0.249335
209.217 5.58505 0.254608
209.217 5.64852 0.258856
209.217 5.71199 0.262062
209.217 5.77545 0.264212
209.217 5.83892 0.265299
209.217 5.90239 0.265317
209.217 5.96585 0.264266
209.217 6.02932 0.262152
209.217 6.09279 0.258982
209.217 6.15625 0.25477
209.217 6.21972 0.249531
209.217 6.28319 0.243288
210.218 0 0.184296
210.218 0.0634665 0.16037
210.218 0.126933 0.135799
210.218 0.1904 0.110681
210.218 0.253866 0.0851176
210.218 0.317333 0.0592112
210.218 0.380799 0.0330665
210.218 0.444266 0.00678851
210.218 0.507732 -0.0195167
210.218 0.571199 -0.0457435
210.218 0.634665 -0.0717859
210.218 0.698132 -0.0975392
210.218 0.761598 -0.1229
210.218 0.825065 -0.147765
210.218 0.888531 -0.172037
210.218 0.951998 -0.195615
210.218 1.01546 -0.218405
210.218 1.07893 -0.240316
210.218 1.1424 -0.261259
210.218 1.20586 -0.281151
210.218 1.26933 -0.29991
210.218 1.3328 -0.317461
210.218 1.39626 -0.333735
210.218 1.45973 -0.348664
210.218 1.5232 -0.36219
210.218 1.58666 -0.374256
210.218 1.65013 -0.384817
210.218 1.7136 -0.393827
210.218 1.77706 -0.401252
210.218 1.84053 -0.407061
210.218 1.904 -0.411231
210.218 1.96746 -0.413745
210.218 2.03093 -0.414593
210.218 2.0944 -0.413771
210.218 2.15786 -0.411284
210.218 2.22133 -0.407141
210.218 2.28479 -0.401358
210.218 2.34826 -0.393959
210.218 2.41173 -0.384973
210.218 2.47519 -0.374438
210.218 2.53866 -0.362394
210.218 2.60213 -0.348891
210.218 2.66559 -0.333984
210.218 2.72906 -0.317732
210.218 2.79253 -0.300201
210.218 2.85599 -0.28146
210.218 2.91946 -0.261586
210.218 2.98293 -0.240659
210.218 3.04639 -0.218763
210.218 3.10986 -0.195986
210.218 3.17333 -0.17242
210.218 3.23679 -0.148159
210.218 3.30026 -0.123302
210.218 3.36373 -0.0979488
210.218 3.42719 -0.0722008
210.218 3.49066 -0.0461619
210.218 3.55413 -0.0199375
210.218 3.61759 0.00636741
210.218 3.68106 0.0326465
210.218 3.74452 0.0587941
210.218 3.80799 0.0847053
210.218 3.87146 0.110275
210.218 3.93492 0.135401
210.218 3.99839 0.159982
210.218 4.06186 0.183918
210.218 4.12532 0.207114
210.218 4.18879 0.229476
210.218 4.25226 0.250914
210.218 4.31572 0.271341
210.218 4.37919 0.290676
210.218 4.44266 0.308841
210.218 4.50612 0.325762
210.218 4.56959 0.341371
210.218 4.63306 0.355606
210.218 4.69652 0.368409
210.218 4.75999 0.379728
210.218 4.82346 0.389518
210.218 4.88692 0.39774
210.218 4.95039 0.40436
210.218 5.01385 0.409352
210.218 5.07732 0.412695
210.218 5.14079 0.414378
210.218 5.20425 0.414391
210.218 5.26772 0.412736
210.218 5.33119 0.409419
210.218 5.39465 0.404453
210.218 5.45812 0.397859
210.218 5.52159 0.389662
210.218 5.58505 0.379897
210.218 5.64852 0.368602
210.218 5.71199 0.355822
210.218 5.77545 0.34161
210.218 5.83892 0.326022
210.218 5.90239 0.309122
210.218 5.96585 0.290977
210.218 6.02932 0.27166
210.218 6.09279 0.251249
210.218 6.15625 0.229827
210.218 6.21972 0.207479
210.218 6.28319 0.184296
211.219 0 -0.310725
211.219 0.0634665 -0.302239
211.219 0.126933 -0.292535
211.219 0.1904 -0.281654
211.219 0.253866 -0.269638
211.219 0.317333 -0.256538
211.219 0.380799 -0.242404
211.219 0.444266 -0.227293
211.219 0.507732 -0.211268
211.219 0.571199 -0.194392
211.219 0.634665 -0.176733
211.219 0.698132 -0.158362
211.219 0.761598 -0.139354
211.219 0.825065 -0.119785
211.219 0.888531 -0.0997334
211.219 0.951998 -0.0792801
211.219 1.01546 -0.0585079
211.219 1.07893 -0.0374999
211.219 1.1424 -0.0163409
211.219 1.20586 0.00488399
211.219 1.26933 0.0260893
211.219 1.3328 0.0471892
211.219 1.39626 0.0680996
211.219 1.45973 0.0887352
211.219 1.5232 0.109014
211.219 1.58666 0.128853
211.219 1.65013 0.148174
211.219 1.7136 0.166898
211.219 1.77706 0.18495
211.219 1.84053 0.202258
211.219 1.904 0.218751
211.219 1.96746 0.234363
211.219 2.03093 0.249031
211.219 2.0944 0.262697
211.219 2.15786 0.275305
211.219 2.22133 0.286804
211.219 2.28479 0.297148
211.219 2.34826 0.306296
211.219 2.41173 0.314211
211.219 2.47519 0.32086
211.219 2.53866 0.326218
211.219 2.60213 0.330261
211.219 2.66559 0.332975
211.219 2.72906 0.334349
211.219 2.79253 0.334375
211.219 2.85599 0.333056
211.219 2.91946 0.330395
211.219 2.98293 0.326404
211.219 3.04639 0.321099
211.219 3.10986 0.314501
211.219 3.17333 0.306636
211.219 3.23679 0.297537
211.219 3.30026 0.287239
211.219 3.36373 0.275785
211.219 3.42719 0.26322
211.219 3.49066 0.249596
211.219 3.55413 0.234967
211.219 3.61759 0.219391
211.219 3.68106 0.202932
211.219 3.74452 0.185656
211.219 3.80799 0.167632
211.219 3.87146 0.148933
211.219 3.93492 0.129635
211.219 3.99839 0.109814
211.219 4.06186 0.0895519
211.219 4.12532 0.0689286
211.219 4.18879 0.048028
211.219 4.25226 0.0269336
211.219 4.31572 0.00573129
211.219 4.37919 -0.0154945
211.219 4.44266 -0.0366576
211.219 4.50612 -0.0576732
211.219 4.56959 -0.0784566
211.219 4.63306 -0.0989242
211.219 4.69652 -0.118993
211.219 4.75999 -0.138583
211.219 4.82346 -0.157616
211.219 4.88692 -0.176013
211.219 4.95039 -0.193701
211.219 5.01385 -0.21061
211.219 5.07732 -0.226671
211.219 5.14079 -0.241819
211.219 5.20425 -0.255993
211.219 5.26772 -0.269136
211.219 5.33119 -0.281196
211.219 5.39465 -0.292123
211.219 5.45812 -0.301874
211.219 5.52159 -0.31041
211.219 5.58505 -0.317695
211.219 5.64852 -0.323702
211.219 5.71199 -0.328405
211.219 5.77545 -0.331786
211.219 5.83892 -0.33383
211.219 5.90239 -0.33453
211.219 5.96585 -0.333884
211.219 6.02932 -0.331893
211.219 6.09279 -0.328565
211.219 6.15625 -0.323915
211.219 6.21972 -0.31796
211.219 6.28319 -0.310725
212.22 0 -0.400535
212.22 0.0634665 -0.400474
212.22 0.126933 -0.3988
212.22 0.1904 -0.395521
212.22 0.253866 -0.390648
212.22 0.317333 -0.384204
212.22 0.380799 -0.376212
212.22 0.444266 -0.366704
212.22 0.507732 -0.355721
212.22 0.571199 -0.343305
212.22 0.634665 -0.329507
212.22 0.698132 -0.314382
212.22 0.761598 -0.297991
212.22 0.825065 -0.2804
212.22 0.888531 -0.261679
212.22 0.951998 -0.241906
212.22 1.01546 -0.221158
212.22 1.07893 -0.19952
212.22 1.1424 -0.177078
212.22 1.20586 -0.153923
212.22 1.26933 -0.130149
212.22 1.3328 -0.10585
212.22 1.39626 -0.0811259
212.22 1.45973 -0.0560743
212.22 1.5232 -0.030797
212.22 1.58666 -0.00539574
212.22 1.65013 0.0200273
212.22 1.7136 0.0453696
212.22 1.77706 0.0705292
212.22 1.84053 0.095405
212.22 1.904 0.119896
212.22 1.96746 0.143905
212.22 2.03093 0.167334
212.22 2.0944 0.19009
212.22 2.15786 0.21208
212.22 2.22133 0.233216
212.22 2.28479 0.253413
212.22 2.34826 0.27259
212.22 2.41173 0.290668
212.22 2.47519 0.307577
212.22 2.53866 0.323247
212.22 2.60213 0.337615
212.22 2.66559 0.350624
212.22 2.72906 0.362222
212.22 2.79253 0.37236
212.22 2.85599 0.381
212.22 2.91946 0.388105
212.22 2.98293 0.393647
212.22 3.04639 0.397604
212.22 3.10986 0.39996
212.22 3.17333 0.400706
212.22 3.23679 0.399838
212.22 3.30026 0.39736
212.22 3.36373 0.393283
212.22 3.42719 0.387621
212.22 3.49066 0.380399
212.22 3.55413 0.371645
212.22 3.61759 0.361395
212.22 3.68106 0.349689
212.22 3.74452 0.336576
212.22 3.80799 0.322106
212.22 3.87146 0.30634
212.22 3.93492 0.289341
212.22 3.99839 0.271176
212.22 4.06186 0.25192
212.22 4.12532 0.231649
212.22 4.18879 0.210445
212.22 4.25226 0.188394
212.22 4.31572 0.165584
212.22 4.37919 0.142108
212.22 4.44266 0.118059
212.22 4.50612 0.0935352
212.22 4.56959 0.0686346
212.22 4.63306 0.0434576
212.22 4.69652 0.0181057
212.22 4.75999 -0.00731958
212.22 4.82346 -0.0327148
212.22 4.88692 -0.0579787
212.22 4.95039 -0.0830088
212.22 5.01385 -0.107705
212.22 5.07732 -0.131967
212.22 5.14079 -0.155698
212.22 5.20425 -0.178802
212.22 5.26772 -0.201186
212.22 5.33119 -0.22276
212.22 5.39465 -0.243437
212.22 5.45812 -0.263134
212.22 5.52159 -0.281771
212.22 5.58505 -0.299273
212.22 5.64852 -0.315571
212.22 5.71199 -0.330597
212.22 5.77545 -0.344294
212.22 5.83892 -0.356603
212.22 5.90239 -0.367476
212.22 5.96585 -0.376869
212.22 6.02932 -0.384745
212.22 6.09279 -0.391072
212.22 6.15625 -0.395825
212.22 6.21972 -0.398983
212.22 6.28319 -0.400535
213.221 0 0.66261
213.221 0.0634665 0.642306
213.221 0.126933 0.619416
213.221 0.1904 0.594031
213.221 0.253866 0.566254
213.221 0.317333 0.536197
213.221 0.380799 0.503981
213.221 0.444266 0.469735
213.221 0.507732 0.433598
213.221 0.571199 0.395716
213.221 0.634665 0.35624
213.221 0.698132 0.315329
213.221 0.761598 0.273148
213.221 0.825065 0.229868
213.221 0.888531 0.185662
213.221 0.951998 0.140709
213.221 1.01546 0.0951889
213.221 1.07893 0.0492856
213.221 1.1424 0.00318383
213.221 1.20586 -0.0429308
213.221 1.26933 -0.0888725
213.221 1.3328 -0.134457
213.221 1.39626 -0.179499
213.221 1.45973 -0.223819
213.221 1.5232 -0.267237
213.221 1.58666 -0.30958
213.221 1.65013 -0.350675
213.221 1.7136 -0.390359
213.221 1.77706 -0.428471
213.221 1.84053 -0.464858
213.221 1.904 -0.499372
213.221 1.96746 -0.531876
213.221 2.03093 -0.562239
213.221 2.0944 -0.590337
213.221 2.15786 -0.616059
213.221 2.22133 -0.639299
213.221 2.28479 -0.659965
213.221 2.34826 -0.677975
213.221 2.41173 -0.693254
213.221 2.47519 -0.705742
213.221 2.53866 -0.715387
213.221 2.60213 -0.722152
213.221 2.66559 -0.726009
213.221 2.72906 -0.726943
213.221 2.79253 -0.72495
213.221 2.85599 -0.720037
213.221 2.91946 -0.712226
213.221 2.98293 -0.701546
213.221 3.04639 -0.688042
213.221 3.10986 -0.671766
213.221 3.17333 -0.652787
213.221 3.23679 -0.631179
213.221 3.30026 -0.607029
213.221 3.36373 -0.580435
213.221 3.42719 -0.551503
213.221 3.49066 -0.520351
213.221 3.55413 -0.487103
213.221 3.61759 -0.451895
213.221 3.68106 -0.414866
213.221 3.74452 -0.376167
213.221 3.80799 -0.335953
213.221 3.87146 -0.294387
213.221 3.93492 -0.251635
213.221 3.99839 -0.20787
213.221 4.06186 -0.163268
213.221 4.12532 -0.118008
213.221 4.18879 -0.0722736
213.221 4.25226 -0.0262479
213.221 4.31572 0.0198837
213.221 4.37919 0.0659351
213.221 4.44266 0.111721
213.221 4.50612 0.157057
213.221 4.56959 0.20176
213.221 4.63306 0.245651
213.221 4.69652 0.288553
213.221 4.75999 0.330293
213.221 4.82346 0.370704
213.221 4.88692 0.409621
213.221 4.95039 0.446889
213.221 5.01385 0.482358
213.221 5.07732 0.515884
213.221 5.14079 0.547333
213.221 5.20425 0.576579
213.221 5.26772 0.603501
213.221 5.33119 0.627995
213.221 5.39465 0.64996
213.221 5.45812 0.669306
213.221 5.52159 0.685959
213.221 5.58505 0.69985
213.221 5.64852 0.710922
213.221 5.71199 0.719132
213.221 5.77545 0.724445
213.221 5.83892 0.726842
213.221 5.90239 0.726312
213.221 5.96585 0.722857
213.221 6.02932 0.716492
213.221 6.09279 0.707242
213.221 6.15625 0.695144
213.221 6.21972 0.680246
213.221 6.28319 0.66261
214.222 0 -0.207599
214.222 0.0634665 -0.212751
214.222 0.126933 -0.217047
214.222 0.1904 -0.220469
214.222 0.253866 -0.223003
214.222 0.317333 -0.224639
214.222 0.380799 -0.225371
214.222 0.444266 -0.225195
214.222 0.507732 -0.224113
214.222 0.571199 -0.222128
214.222 0.634665 -0.219248
214.222 0.698132 -0.215486
214.222 0.761598 -0.210856
214.222 0.825065 -0.205377
214.222 0.888531 -0.199071
214.222 0.951998 -0.191963
214.222 1.01546 -0.184083
214.222 1.07893 -0.175461
214.222 1.1424 -0.166133
214.222 1.20586 -0.156136
214.222 1.26933 -0.14551
214.222 1.3328 -0.134298
214.222 1.39626 -0.122545
214.222 1.45973 -0.110299
214.222 1.5232 -0.0976087
214.222 1.58666 -0.0845253
214.222 1.65013 -0.0711017
214.222 1.7136 -0.0573918
214.222 1.77706 -0.0434508
214.222 1.84053 -0.0293347
214.222 1.904 -0.0151006
214.222 1.96746 -0.000805778
214.222 2.03093 0.0134924
214.222 2.0944 0.0277363
214.222 2.15786 0.0418682
214.222 2.22133 0.0558319
214.222 2.28479 0.0695707
214.222 2.34826 0.0830291
214.222 2.41173 0.0961536
214.222 2.47519 0.108891
214.222 2.53866 0.121189
214.222 2.60213 0.133
214.222 2.66559 0.144275
214.222 2.72906 0.154969
214.222 2.79253 0.165039
214.222 2.85599 0.174445
214.222 2.91946 0.183148
214.222 2.98293 0.191114
214.222 3.04639 0.19831
214.222 3.10986 0.204707
214.222 3.17333 0.210281
214.222 3.23679 0.215007
214.222 3.30026 0.218868
214.222 3.36373 0.221848
214.222 3.42719 0.223934
214.222 3.49066 0.225119
214.222 3.55413 0.225397
214.222 3.61759 0.224767
214.222 3.68106 0.223233
214.222 3.74452 0.220799
214.222 3.80799 0.217477
214.222 3.87146 0.213278
214.222 3.93492 0.208221
214.222 3.99839 0.202326
214.222 4.06186 0.195616
214.222 4.12532 0.188117
214.222 4.18879 0.179862
214.222 4.25226 0.170883
214.222 4.31572 0.161215
214.222 4.37919 0.150898
214.222 4.44266 0.139974
214.222 4.50612 0.128486
214.222 4.56959 0.11648
214.222 4.63306 0.104006
214.222 4.69652 0.0911129
214.222 4.75999 0.0778527
214.222 4.82346 0.0642792
214.222 4.88692 0.0504467
214.222 4.95039 0.036411
214.222 5.01385 0.022229
214.222 5.07732 0.00795722
214.222 5.14079 -0.00634669
214.222 5.20425 -0.0206247
214.222 5.26772 -0.0348199
214.222 5.33119 -0.0488749
214.222 5.39465 -0.0627328
214.222 5.45812 -0.0763383
214.222 5.52159 -0.0896365
214.222 5.58505 -0.102574
214.222 5.64852 -0.115098
214.222 5.71199 -0.127158
214.222 5.77545 -0.138707
214.222 5.83892 -0.149697
214.222 5.90239 -0.160085
214.222 5.96585 -0.169828
214.222 6.02932 -0.178887
214.222 6.09279 -0.187225
214.222 6.15625 -0.19481
214.222 6.21972 -0.20161
214.222 6.28319 -0.207599
215.223 0 0.26909
215.223 0.0634665 0.278401
215.223 0.126933 0.28659
215.223 0.1904 0.293625
215.223 0.253866 0.299479
215.223 0.317333 0.304126
215.223 0.380799 0.307548
215.223 0.444266 0.309733
215.223 0.507732 0.310669
215.223 0.571199 0.310356
215.223 0.634665 0.308793
215.223 0.698132 0.305986
215.223 0.761598 0.301946
215.223 0.825065 0.296692
215.223 0.888531 0.290242
215.223 0.951998 0.282624
215.223 1.01546 0.273868
215.223 1.07893 0.264009
215.223 1.1424 0.253086
215.223 1.20586 0.241145
215.223 1.26933 0.228233
215.223 1.3328 0.214402
215.223 1.39626 0.199707
215.223 1.45973 0.184208
215.223 1.5232 0.167968
215.223 1.58666 0.151051
215.223 1.65013 0.133526
215.223 1.7136 0.115463
215.223 1.77706 0.0969357
215.223 1.84053 0.078018
215.223 1.904 0.0587856
215.223 1.96746 0.0393169
215.223 2.03093 0.0196897
215.223 2.0944 -1.6586e-05
215.223 2.15786 -0.0197231
215.223 2.22133 -0.0393499
215.223 2.28479 -0.0588182
215.223 2.34826 -0.07805
215.223 2.41173 -0.0969673
215.223 2.47519 -0.115494
215.223 2.53866 -0.133556
215.223 2.60213 -0.15108
215.223 2.66559 -0.167996
215.223 2.72906 -0.184235
215.223 2.79253 -0.199733
215.223 2.85599 -0.214426
215.223 2.91946 -0.228255
215.223 2.98293 -0.241166
215.223 3.04639 -0.253106
215.223 3.10986 -0.264026
215.223 3.17333 -0.273883
215.223 3.23679 -0.282637
215.223 3.30026 -0.290254
215.223 3.36373 -0.296701
215.223 3.42719 -0.301954
215.223 3.49066 -0.305992
215.223 3.55413 -0.308796
215.223 3.61759 -0.310358
215.223 3.68106 -0.310669
215.223 3.74452 -0.30973
215.223 3.80799 -0.307544
215.223 3.87146 -0.304119
215.223 3.93492 -0.29947
215.223 3.99839 -0.293615
215.223 4.06186 -0.286577
215.223 4.12532 -0.278386
215.223 4.18879 -0.269073
215.223 4.25226 -0.258677
215.223 4.31572 -0.24724
215.223 4.37919 -0.234807
215.223 4.44266 -0.221429
215.223 4.50612 -0.207159
215.223 4.56959 -0.192054
215.223 4.63306 -0.176177
215.223 4.69652 -0.15959
215.223 4.75999 -0.14236
215.223 4.82346 -0.124558
215.223 4.88692 -0.106253
215.223 4.95039 -0.0875208
215.223 5.01385 -0.0684363
215.223 5.07732 -0.049076
215.223 5.14079 -0.0295183
215.223 5.20425 -0.00984147
215.223 5.26772 0.0098748
215.223 5.33119 0.0295513
215.223 5.39465 0.0491089
215.223 5.45812 0.0684686
215.223 5.52159 0.0875526
215.223 5.58505 0.106284
215.223 5.64852 0.124588
215.223 5.71199 0.14239
215.223 5.77545 0.159618
215.223 5.83892 0.176204
215.223 5.90239 0.19208
215.223 5.96585 0.207183
215.223 6.02932 0.221452
215.223 6.09279 0.234829
215.223 6.15625 0.24726
215.223 6.21972 0.258696
215.223 6.28319 0.26909
216.224 0 0.0646236
216.224 0.0634665 0.0529609
216.224 0.126933 0.0410849
216.224 0.1904 0.0290437
216.224 0.253866 0.0168853
216.224 0.317333 0.00465889
216.224 0.380799 -0.00758614
216.224 0.444266 -0.0198007
216.224 0.507732 -0.0319354
216.224 0.571199 -0.0439416
216.224 0.634665 -0.0557709
216.224 0.698132 -0.0673756
216.224 0.761598 -0.078709
216.224 0.825065 -0.0897254
216.224 0.888531 -0.100381
216.224 0.951998 -0.110632
216.224 1.01546 -0.120437
216.224 1.07893 -0.129758
216.224 1.1424 -0.138556
216.224 1.20586 -0.146796
216.224 1.26933 -0.154445
216.224 1.3328 -0.161472
216.224 1.39626 -0.167849
216.224 1.45973 -0.17355
216.224 1.5232 -0.178552
216.224 1.58666 -0.182835
216.224 1.65013 -0.186383
216.224 1.7136 -0.189179
216.224 1.77706 -0.191214
216.224 1.84053 -0.192479
216.224 1.904 -0.192969
216.224 1.96746 -0.192682
216.224 2.03093 -0.191619
216.224 2.0944 -0.189784
216.224 2.15786 -0.187185
216.224 2.22133 -0.183833
216.224 2.28479 -0.17974
216.224 2.34826 -0.174923
216.224 2.41173 -0.169403
216.224 2.47519 -0.163199
216.224 2.53866 -0.15634
216.224 2.60213 -0.14885
216.224 2.66559 -0.14076
216.224 2.72906 -0.132105
216.224 2.79253 -0.122917
216.224 2.85599 -0.113234
216.224 2.91946 -0.103095
216.224 2.98293 -0.0925418
216.224 3.04639 -0.0816153
216.224 3.10986 -0.0703602
216.224 3.17333 -0.0588219
216.224 3.23679 -0.0470467
216.224 3.30026 -0.035082
216.224 3.36373 -0.022976
216.224 3.42719 -0.0107775
216.224 3.49066 0.00146428
216.224 3.55413 0.0137003
216.224 3.61759 0.0258811
216.224 3.68106 0.0379577
216.224 3.74452 0.0498814
216.224 3.80799 0.0616044
216.224 3.87146 0.073079
216.224 3.93492 0.0842595
216.224 3.99839 0.0951009
216.224 4.06186 0.10556
216.224 4.12532 0.115593
216.224 4.18879 0.12516
216.224 4.25226 0.134224
216.224 4.31572 0.142748
216.224 4.37919 0.150696
216.224 4.44266 0.158038
216.224 4.50612 0.164744
216.224 4.56959 0.170786
216.224 4.63306 0.17614
216.224 4.69652 0.180785
216.224 4.75999 0.184702
216.224 4.82346 0.187876
216.224 4.88692 0.190293
216.224 4.95039 0.191943
216.224 5.01385 0.192821
216.224 5.07732 0.192922
216.224 5.14079 0.192247
216.224 5.20425 0.190798
216.224 5.26772 0.188579
216.224 5.33119 0.185602
216.224 5.39465 0.181878
216.224 5.45812 0.177421
216.224 5.52159 0.172249
216.224 5.58505 0.166385
216.224 5.64852 0.15985
216.224 5.71199 0.152671
216.224 5.77545 0.144878
216.224 5.83892 0.136501
216.224 5.90239 0.127575
216.224 5.96585 0.118135
216.224 6.02932 0.108219
216.224 6.09279 0.0978678
216.224 6.15625 0.0871225
216.224 6.21972 0.076026
216.224 6.28319 0.0646236
217.225 0 0.0584063
217.225 0.0634665 0.0414466
217.225 0.126933 0.02432
217.225 0.1904 0.00709553
217.225 0.253866 -0.0101576
217.225 0.317333 -0.0273698
217.225 0.380799 -0.0444718
217.225 0.444266 -0.0613947
217.225 0.507732 -0.0780705
217.225 0.571199 -0.0944318
217.225 0.634665 -0.110413
217.225 0.698132 -0.125949
217.225 0.761598 -0.140979
217.225 0.825065 -0.15544
217.225 0.888531 -0.169276
217.225 0.951998 -0.18243
217.225 1.01546 -0.19485
217.225 1.07893 -0.206485
217.225 1.1424 -0.217289
217.225 1.20586 -0.227217
217.225 1.26933 -0.236231
217.225 1.3328 -0.244293
217.225 1.39626 -0.251372
217.225 1.45973 -0.257438
217.225 1.5232 -0.262469
217.225 1.58666 -0.266441
217.225 1.65013 -0.269342
217.225 1.7136 -0.271157
217.225 1.77706 -0.271881
217.225 1.84053 -0.27151
217.225 1.904 -0.270046
217.225 1.96746 -0.267495
217.225 2.03093 -0.263866
217.225 2.0944 -0.259175
217.225 2.15786 -0.25344
217.225 2.22133 -0.246684
217.225 2.28479 -0.238936
217.225 2.34826 -0.230225
217.225 2.41173 -0.220588
217.225 2.47519 -0.210061
217.225 2.53866 -0.19869
217.225 2.60213 -0.186518
217.225 2.66559 -0.173595
217.225 2.72906 -0.159973
217.225 2.79253 -0.145707
217.225 2.85599 -0.130854
217.225 2.91946 -0.115474
217.225 2.98293 -0.0996296
217.225 3.04639 -0.0833838
217.225 3.10986 -0.0668022
217.225 3.17333 -0.0499516
217.225 3.23679 -0.0328999
217.225 3.30026 -0.0157157
217.225 3.36373 0.00153189
217.225 3.42719 0.0187732
217.225 3.49066 0.0359389
217.225 3.55413 0.0529599
217.225 3.61759 0.0697675
217.225 3.68106 0.0862945
217.225 3.74452 0.102474
217.225 3.80799 0.118241
217.225 3.87146 0.133531
217.225 3.93492 0.148284
217.225 3.99839 0.16244
217.225 4.06186 0.175942
217.225 4.12532 0.188735
217.225 4.18879 0.200769
217.225 4.25226 0.211993
217.225 4.31572 0.222365
217.225 4.37919 0.23184
217.225 4.44266 0.240383
217.225 4.50612 0.247957
217.225 4.56959 0.254533
217.225 4.63306 0.260084
217.225 4.69652 0.264588
217.225 4.75999 0.268027
217.225 4.82346 0.270385
217.225 4.88692 0.271656
217.225 4.95039 0.271832
217.225 5.01385 0.270915
217.225 5.07732 0.268906
217.225 5.14079 0.265814
217.225 5.20425 0.261652
217.225 5.26772 0.256437
217.225 5.33119 0.250188
217.225 5.39465 0.242933
217.225 5.45812 0.234698
217.225 5.52159 0.22552
217.225 5.58505 0.215433
217.225 5.64852 0.204479
217.225 5.71199 0.192701
217.225 5.77545 0.180147
217.225 5.83892 0.166868
217.225 5.90239 0.152917
217.225 5.96585 0.13835
217.225 6.02932 0.123226
217.225 6.09279 0.107606
217.225 6.15625 0.0915528
217.225 6.21972 0.0751307
217.225 6.28319 0.0584062
218.226 0 -0.0636983
218.226 0.0634665 -0.0761106
218.226 0.126933 -0.0882161
218.226 0.1904 -0.0999669
218.226 0.253866 -0.111315
218.226 0.317333 -0.122215
218.226 0.380799 -0.132622
218.226 0.444266 -0.142496
218.226 0.507732 -0.151796
218.226 0.571199 -0.160484
218.226 0.634665 -0.168527
218.226 0.698132 -0.175891
218.226 0.761598 -0.182546
218.226 0.825065 -0.188467
218.226 0.888531 -0.193629
218.226 0.951998 -0.198011
218.226 1.01546 -0.201595
218.226 1.07893 -0.204368
218.226 1.1424 -0.206318
218.226 1.20586 -0.207437
218.226 1.26933 -0.207722
218.226 1.3328 -0.207169
218.226 1.39626 -0.205782
218.226 1.45973 -0.203567
218.226 1.5232 -0.200532
218.226 1.58666 -0.196689
218.226 1.65013 -0.192055
218.226 1.7136 -0.186647
218.226 1.77706 -0.180488
218.226 1.84053 -0.173602
218.226 1.904 -0.166017
218.226 1.96746 -0.157763
218.226 2.03093 -0.148874
218.226 2.0944 -0.139386
218.226 2.15786 -0.129336
218.226 2.22133 -0.118766
218.226 2.28479 -0.107717
218.226 2.34826 -0.0962348
218.226 2.41173 -0.0843651
218.226 2.47519 -0.0721553
218.226 2.53866 -0.0596553
218.226 2.60213 -0.046915
218.226 2.66559 -0.0339857
218.226 2.72906 -0.0209197
218.226 2.79253 -0.00776932
218.226 2.85599 0.00541236
218.226 2.91946 0.0185722
218.226 2.98293 0.0316572
218.226 3.04639 0.0446148
218.226 3.10986 0.0573927
218.226 3.17333 0.0699394
218.226 3.23679 0.0822046
218.226 3.30026 0.0941391
218.226 3.36373 0.105694
218.226 3.42719 0.116824
218.226 3.49066 0.127482
218.226 3.55413 0.137628
218.226 3.61759 0.14722
218.226 3.68106 0.156219
218.226 3.74452 0.164589
218.226 3.80799 0.172296
218.226 3.87146 0.179309
218.226 3.93492 0.1856
218.226 3.99839 0.191144
218.226 4.06186 0.195918
218.226 4.12532 0.199904
218.226 4.18879 0.203084
218.226 4.25226 0.205447
218.226 4.31572 0.206982
218.226 4.37919 0.207684
218.226 4.44266 0.207549
218.226 4.50612 0.20658
218.226 4.56959 0.204778
218.226 4.63306 0.202151
218.226 4.69652 0.198711
218.226 4.75999 0.19447
218.226 4.82346 0.189447
218.226 4.88692 0.18366
218.226 4.95039 0.177134
218.226 5.01385 0.169895
218.226 5.07732 0.161972
218.226 5.14079 0.153396
218.226 5.20425 0.144203
218.226 5.26772 0.134429
218.226 5.33119 0.124113
218.226 5.39465 0.113299
218.226 5.45812 0.102027
218.226 5.52159 0.0903456
218.226 5.58505 0.0782997
218.226 5.64852 0.0659386
218.226 5.71199 0.0533119
218.226 5.77545 0.0404707
218.226 5.83892 0.0274664
218.226 5.90239 0.0143517
218.226 5.96585 0.001179
218.226 6.02932 -0.0119984
218.226 6.09279 -0.0251274
218.226 6.15625 -0.0381552
218.226 6.21972 -0.0510292
218.226 6.28319 -0.0636984
219.227 0 -0.663349
219.227 0.0634665 -0.671262
219.227 0.126933 -0.676473
219.227 0.1904 -0.678959
219.227 0.253866 -0.67871
219.227 0.317333 -0.67573
219.227 0.380799 -0.670029
219.227 0.444266 -0.661628
219.227 0.507732 -0.650564
219.227 0.571199 -0.636881
219.227 0.634665 -0.620633
219.227 0.698132 -0.601886
219.227 0.761598 -0.580716
219.227 0.825065 -0.557207
219.227 0.888531 -0.531454
219.227 0.951998 -0.503561
219.227 1.01546 -0.473642
219.227 1.07893 -0.441814
219.227 1.1424 -0.408208
219.227 1.20586 -0.372957
219.227 1.26933 -0.336206
219.227 1.3328 -0.2981
219.227 1.39626 -0.258794
219.227 1.45973 -0.218446
219.227 1.5232 -0.177218
219.227 1.58666 -0.135277
219.227 1.65013 -0.0927909
219.227 1.7136 -0.0499312
219.227 1.77706 -0.00687042
219.227 1.84053 0.0362178
219.227 1.904 0.0791602
219.227 1.96746 0.121784
219.227 2.03093 0.163917
219.227 2.0944 0.205391
219.227 2.15786 0.246037
219.227 2.22133 0.285693
219.227 2.28479 0.324198
219.227 2.34826 0.361398
219.227 2.41173 0.397143
219.227 2.47519 0.431288
219.227 2.53866 0.463697
219.227 2.60213 0.494238
219.227 2.66559 0.52279
219.227 2.72906 0.549236
219.227 2.79253 0.573471
219.227 2.85599 0.595397
219.227 2.91946 0.614926
219.227 2.98293 0.631977
219.227 3.04639 0.646485
219.227 3.10986 0.658389
219.227 3.17333 0.667642
219.227 3.23679 0.674207
219.227 3.30026 0.678057
219.227 3.36373 0.679177
219.227 3.42719 0.677562
219.227 3.49066 0.673218
219.227 3.55413 0.666163
219.227 3.61759 0.656427
219.227 3.68106 0.644047
219.227 3.74452 0.629075
219.227 3.80799 0.611568
219.227 3.87146 0.591598
219.227 3.93492 0.569249
219.227 3.99839 0.544604
219.227 4.06186 0.517769
219.227 4.12532 0.488848
219.227 4.18879 0.457958
219.227 4.25226 0.425225
219.227 4.31572 0.390779
219.227 4.37919 0.35476
219.227 4.44266 0.317313
219.227 4.50612 0.278587
219.227 4.56959 0.23874
219.227 4.63306 0.197932
219.227 4.69652 0.156326
219.227 4.75999 0.114091
219.227 4.82346 0.071397
219.227 4.88692 0.0284152
219.227 4.95039 -0.0146811
219.227 5.01385 -0.0577183
219.227 5.07732 -0.100523
219.227 5.14079 -0.142923
219.227 5.20425 -0.184747
219.227 5.26772 -0.225828
219.227 5.33119 -0.265999
219.227 5.39465 -0.305099
219.227 5.45812 -0.34297
219.227 5.52159 -0.379461
219.227 5.58505 -0.414423
219.227 5.64852 -0.447717
219.227 5.71199 -0.479209
219.227 5.77545 -0.50877
219.227 5.83892 -0.536283
219.227 5.90239 -0.561636
219.227 5.96585 -0.584728
219.227 6.02932 -0.605465
219.227 6.09279 -0.623765
219.227 6.15625 -0.639553
219.227 6.21972 -0.652766
219.227 6.28319 -0.663349
220.228 0 0.168507
220.228 0.0634665 0.18242
220.228 0.126933 0.1956
220.228 0.1904 0.20799
220.228 0.253866 0.219544
220.228 0.317333 0.230214
220.228 0.380799 0.239957
220.228 0.444266 0.248733
220.228 0.507732 0.256508
220.228 0.571199 0.26325
220.228 0.634665 0.268932
220.228 0.698132 0.273531
220.228 0.761598 0.277029
220.228 0.825065 0.279411
220.228 0.888531 0.280668
220.228 0.951998 0.280795
220.228 1.01546 0.279791
220.228 1.07893 0.277661
220.228 1.1424 0.274413
220.228 1.20586 0.270059
220.228 1.26933 0.264618
220.228 1.3328 0.258112
220.228 1.39626 0.250567
220.228 1.45973 0.242012
220.228 1.5232 0.232483
220.228 1.58666 0.222018
220.228 1.65013 0.210658
220.228 1.7136 0.198451
220.228 1.77706 0.185445
220.228 1.84053 0.171691
220.228 1.904 0.157247
220.228 1.96746 0.142169
220.228 2.03093 0.126519
220.228 2.0944 0.110359
220.228 2.15786 0.0937553
220.228 2.22133 0.0767737
220.228 2.28479 0.059483
220.228 2.34826 0.0419528
220.228 2.41173 0.0242535
220.228 2.47519 0.00645678
220.228 2.53866 -0.0113662
220.228 2.60213 -0.0291431
220.228 2.66559 -0.0468028
220.228 2.72906 -0.064274
220.228 2.79253 -0.0814864
220.228 2.85599 -0.0983707
220.228 2.91946 -0.114859
220.228 2.98293 -0.130885
220.228 3.04639 -0.146383
220.228 3.10986 -0.161292
220.228 3.17333 -0.175552
220.228 3.23679 -0.189105
220.228 3.30026 -0.201897
220.228 3.36373 -0.213875
220.228 3.42719 -0.224992
220.228 3.49066 -0.235204
220.228 3.55413 -0.244468
220.228 3.61759 -0.252748
220.228 3.68106 -0.26001
220.228 3.74452 -0.266225
220.228 3.80799 -0.271368
220.228 3.87146 -0.275419
220.228 3.93492 -0.27836
220.228 3.99839 -0.280181
220.228 4.06186 -0.280873
220.228 4.12532 -0.280434
220.228 4.18879 -0.278867
220.228 4.25226 -0.276176
220.228 4.31572 -0.272373
220.228 4.37919 -0.267473
220.228 4.44266 -0.261497
220.228 4.50612 -0.254467
220.228 4.56959 -0.246413
220.228 4.63306 -0.237367
220.228 4.69652 -0.227365
220.228 4.75999 -0.216447
220.228 4.82346 -0.204658
220.228 4.88692 -0.192045
220.228 4.95039 -0.178658
220.228 5.01385 -0.164552
220.228 5.07732 -0.149783
220.228 5.14079 -0.134412
220.228 5.20425 -0.118499
220.228 5.26772 -0.102109
220.228 5.33119 -0.0853073
220.228 5.39465 -0.0681624
220.228 5.45812 -0.0507435
220.228 5.52159 -0.03312
220.228 5.58505 -0.015363
220.228 5.64852 0.00245568
220.228 5.71199 0.0202647
220.228 5.77545 0.0379922
220.228 5.83892 0.0555663
220.228 5.90239 0.072917
220.228 5.96585 0.0899741
220.228 6.02932 0.106668
220.228 6.09279 0.122934
220.228 6.15625 0.138704
220.228 6.21972 0.153915
220.228 6.28319 0.168508
221.229 0 -0.421974
221.229 0.0634665 -0.421707
221.229 0.126933 -0.419744
221.229 0.1904 -0.416089
221.229 0.253866 -0.410759
221.229 0.317333 -0.403775
221.229 0.380799 -0.395165
221.229 0.444266 -0.384965
221.229 0.507732 -0.373214
221.229 0.571199 -0.35996
221.229 0.634665 -0.345257
221.229 0.698132 -0.329163
221.229 0.761598 -0.311745
221.229 0.825065 -0.29307
221.229 0.888531 -0.273217
221.229 0.951998 -0.252262
221.229 1.01546 -0.230292
221.229 1.07893 -0.207394
221.229 1.1424 -0.183662
221.229 1.20586 -0.15919
221.229 1.26933 -0.134077
221.229 1.3328 -0.108424
221.229 1.39626 -0.0823344
221.229 1.45973 -0.0559133
221.229 1.5232 -0.029267
221.229 1.58666 -0.00250298
221.229 1.65013 0.0242711
221.229 1.7136 0.0509474
221.229 1.77706 0.0774188
221.229 1.84053 0.103578
221.229 1.904 0.129321
221.229 1.96746 0.154542
221.229 2.03093 0.179142
221.229 2.0944 0.20302
221.229 2.15786 0.22608
221.229 2.22133 0.248231
221.229 2.28479 0.269382
221.229 2.34826 0.289448
221.229 2.41173 0.308348
221.229 2.47519 0.326007
221.229 2.53866 0.342353
221.229 2.60213 0.357321
221.229 2.66559 0.37085
221.229 2.72906 0.382885
221.229 2.79253 0.393379
221.229 2.85599 0.402289
221.229 2.91946 0.409579
221.229 2.98293 0.41522
221.229 3.04639 0.419188
221.229 3.10986 0.421469
221.229 3.17333 0.422053
221.229 3.23679 0.420937
221.229 3.30026 0.418127
221.229 3.36373 0.413632
221.229 3.42719 0.407472
221.229 3.49066 0.399672
221.229 3.55413 0.390262
221.229 3.61759 0.37928
221.229 3.68106 0.366772
221.229 3.74452 0.352786
221.229 3.80799 0.33738
221.229 3.87146 0.320616
221.229 3.93492 0.30256
221.229 3.99839 0.283286
221.229 4.06186 0.262872
221.229 4.12532 0.241398
221.229 4.18879 0.218953
221.229 4.25226 0.195627
221.229 4.31572 0.171512
221.229 4.37919 0.146707
221.229 4.44266 0.121312
221.229 4.50612 0.0954272
221.229 4.56959 0.0691588
221.229 4.63306 0.0426117
221.229 4.69652 0.015893
221.229 4.75999 -0.0108895
221.229 4.82346 -0.0376282
221.229 4.88692 -0.0642155
221.229 4.95039 -0.0905441
221.229 5.01385 -0.116508
221.229 5.07732 -0.142003
221.229 5.14079 -0.166926
221.229 5.20425 -0.191177
221.229 5.26772 -0.214658
221.229 5.33119 -0.237275
221.229 5.39465 -0.258937
221.229 5.45812 -0.279555
221.229 5.52159 -0.299048
221.229 5.58505 -0.317337
221.229 5.64852 -0.334349
221.229 5.71199 -0.350013
221.229 5.77545 -0.364268
221.229 5.83892 -0.377057
221.229 5.90239 -0.388327
221.229 5.96585 -0.398034
221.229 6.02932 -0.406138
221.229 6.09279 -0.412607
221.229 6.15625 -0.417414
221.229 6.21972 -0.420541
221.229 6.28319 -0.421973
222.23 0 -0.164988
222.23 0.0634665 -0.148232
222.23 0.126933 -0.13088
222.23 0.1904 -0.113001
222.23 0.253866 -0.0946673
222.23 0.317333 -0.0759521
222.23 0.380799 -0.056931
222.23 0.444266 -0.0376805
222.23 0.507732 -0.0182786
222.23 0.571199 0.00119712
222.23 0.634665 0.020668
222.23 0.698132 0.0400556
222.23 0.761598 0.0592818
222.23 0.825065 0.0782695
222.23 0.888531 0.0969419
222.23 0.951998 0.115224
222.23 1.01546 0.133042
222.23 1.07893 0.150325
222.23 1.1424 0.167002
222.23 1.20586 0.183006
222.23 1.26933 0.198274
222.23 1.3328 0.212744
222.23 1.39626 0.226356
222.23 1.45973 0.239058
222.23 1.5232 0.250796
222.23 1.58666 0.261525
222.23 1.65013 0.271201
222.23 1.7136 0.279785
222.23 1.77706 0.287242
222.23 1.84053 0.293542
222.23 1.904 0.29866
222.23 1.96746 0.302576
222.23 2.03093 0.305274
222.23 2.0944 0.306742
222.23 2.15786 0.306976
222.23 2.22133 0.305972
222.23 2.28479 0.303737
222.23 2.34826 0.30028
222.23 2.41173 0.295613
222.23 2.47519 0.289755
222.23 2.53866 0.282731
222.23 2.60213 0.274568
222.23 2.66559 0.2653
222.23 2.72906 0.254963
222.23 2.79253 0.2436
222.23 2.85599 0.231256
222.23 2.91946 0.217981
222.23 2.98293 0.203828
222.23 3.04639 0.188854
222.23 3.10986 0.17312
222.23 3.17333 0.156689
222.23 3.23679 0.139627
222.23 3.30026 0.122002
222.23 3.36373 0.103887
222.23 3.42719 0.0853527
222.23 3.49066 0.0664751
222.23 3.55413 0.0473296
222.23 3.61759 0.0279935
222.23 3.68106 0.00854488
222.23 3.74452 -0.0109379
222.23 3.80799 -0.030377
222.23 3.87146 -0.0496937
222.23 3.93492 -0.0688105
222.23 3.99839 -0.0876499
222.23 4.06186 -0.106136
222.23 4.12532 -0.124196
222.23 4.18879 -0.141755
222.23 4.25226 -0.158743
222.23 4.31572 -0.175092
222.23 4.37919 -0.190736
222.23 4.44266 -0.205612
222.23 4.50612 -0.21966
222.23 4.56959 -0.232824
222.23 4.63306 -0.24505
222.23 4.69652 -0.25629
222.23 4.75999 -0.266497
222.23 4.82346 -0.275632
222.23 4.88692 -0.283656
222.23 4.95039 -0.290538
222.23 5.01385 -0.29625
222.23 5.07732 -0.30077
222.23 5.14079 -0.304078
222.23 5.20425 -0.306162
222.23 5.26772 -0.307013
222.23 5.33119 -0.306628
222.23 5.39465 -0.305009
222.23 5.45812 -0.302161
222.23 5.52159 -0.298096
222.23 5.58505 -0.292831
222.23 5.64852 -0.286387
222.23 5.71199 -0.27879
222.23 5.77545 -0.27007
222.23 5.83892 -0.260263
222.23 5.90239 -0.249407
222.23 5.96585 -0.237548
222.23 6.02932 -0.224732
222.23 6.09279 -0.211011
222.23 6.15625 -0.19644
222.23 6.21972 -0.181078
222.23 6.28319 -0.164988
223.231 0 -0.244076
223.231 0.0634665 -0.241899
223.231 0.126933 -0.238748
223.231 0.1904 -0.234635
223.231 0.253866 -0.229578
223.231 0.317333 -0.223596
223.231 0.380799 -0.216714
223.231 0.444266 -0.208959
223.231 0.507732 -0.200363
223.231 0.571199 -0.19096
223.231 0.634665 -0.180788
223.231 0.698132 -0.169888
223.231 0.761598 -0.158305
223.231 0.825065 -0.146083
223.231 0.888531 -0.133274
223.231 0.951998 -0.119927
223.231 1.01546 -0.106098
223.231 1.07893 -0.091842
223.231 1.1424 -0.0772158
223.231 1.20586 -0.0622789
223.231 1.26933 -0.047091
223.231 1.3328 -0.0317136
223.231 1.39626 -0.0162083
223.231 1.45973 -0.000637953
223.231 1.5232 0.0149351
223.231 1.58666 0.030448
223.231 1.65013 0.0458382
223.231 1.7136 0.061044
223.231 1.77706 0.0760037
223.231 1.84053 0.0906576
223.231 1.904 0.104946
223.231 1.96746 0.118813
223.231 2.03093 0.1322
223.231 2.0944 0.145056
223.231 2.15786 0.157327
223.231 2.22133 0.168965
223.231 2.28479 0.179922
223.231 2.34826 0.190156
223.231 2.41173 0.199623
223.231 2.47519 0.208287
223.231 2.53866 0.216111
223.231 2.60213 0.223066
223.231 2.66559 0.229122
223.231 2.72906 0.234256
223.231 2.79253 0.238447
223.231 2.85599 0.241677
223.231 2.91946 0.243934
223.231 2.98293 0.24521
223.231 3.04639 0.245497
223.231 3.10986 0.244796
223.231 3.17333 0.24311
223.231 3.23679 0.240444
223.231 3.30026 0.23681
223.231 3.36373 0.232223
223.231 3.42719 0.226701
223.231 3.49066 0.220266
223.231 3.55413 0.212944
223.231 3.61759 0.204764
223.231 3.68106 0.19576
223.231 3.74452 0.185968
223.231 3.80799 0.175427
223.231 3.87146 0.164179
223.231 3.93492 0.15227
223.231 3.99839 0.139749
223.231 4.06186 0.126664
223.231 4.12532 0.11307
223.231 4.18879 0.09902
223.231 4.25226 0.0845714
223.231 4.31572 0.0697824
223.231 4.37919 0.0547123
223.231 4.44266 0.0394222
223.231 4.50612 0.023973
223.231 4.56959 0.00842735
223.231 4.63306 -0.00715196
223.231 4.69652 -0.0227029
223.231 4.75999 -0.0381622
223.231 4.82346 -0.0534678
223.231 4.88692 -0.0685585
223.231 4.95039 -0.0833725
223.231 5.01385 -0.0978513
223.231 5.07732 -0.111936
223.231 5.14079 -0.12557
223.231 5.20425 -0.138698
223.231 5.26772 -0.151268
223.231 5.33119 -0.163228
223.231 5.39465 -0.174532
223.231 5.45812 -0.185132
223.231 5.52159 -0.194988
223.231 5.58505 -0.204057
223.231 5.64852 -0.212306
223.231 5.71199 -0.219699
223.231 5.77545 -0.226208
223.231 5.83892 -0.231806
223.231 5.90239 -0.23647
223.231 5.96585 -0.240183
223.231 6.02932 -0.242928
223.231 6.09279 -0.244695
223.231 6.15625 -0.245477
223.231 6.21972 -0.24527
223.231 6.28319 -0.244076
224.232 0 0.0192929
224.232 0.0634665 0.00457596
224.232 0.126933 -0.0101596
224.232 0.1904 -0.0248541
224.232 0.253866 -0.0394485
224.232 0.317333 -0.0538842
224.232 0.380799 -0.0681027
224.232 0.444266 -0.0820471
224.232 0.507732 -0.0956612
224.232 0.571199 -0.10889
224.232 0.634665 -0.12168
224.232 0.698132 -0.133981
224.232 0.761598 -0.145742
224.232 0.825065 -0.156916
224.232 0.888531 -0.167458
224.232 0.951998 -0.177326
224.232 1.01546 -0.18648
224.232 1.07893 -0.194883
224.232 1.1424 -0.202501
224.232 1.20586 -0.209304
224.232 1.26933 -0.215264
224.232 1.3328 -0.220357
224.232 1.39626 -0.224563
224.232 1.45973 -0.227865
224.232 1.5232 -0.230249
224.232 1.58666 -0.231707
224.232 1.65013 -0.232231
224.232 1.7136 -0.23182
224.232 1.77706 -0.230475
224.232 1.84053 -0.228203
224.232 1.904 -0.225011
224.232 1.96746 -0.220914
224.232 2.03093 -0.215927
224.232 2.0944 -0.21007
224.232 2.15786 -0.203368
224.232 2.22133 -0.195847
224.232 2.28479 -0.187537
224.232 2.34826 -0.178472
224.232 2.41173 -0.168688
224.232 2.47519 -0.158226
224.232 2.53866 -0.147125
224.232 2.60213 -0.135433
224.232 2.66559 -0.123195
224.232 2.72906 -0.110462
224.232 2.79253 -0.097283
224.232 2.85599 -0.0837127
224.232 2.91946 -0.0698052
224.232 2.98293 -0.0556168
224.232 3.04639 -0.0412043
224.232 3.10986 -0.026626
224.232 3.17333 -0.0119405
224.232 3.23679 0.00279313
224.232 3.30026 0.0175156
224.232 3.36373 0.0321674
224.232 3.42719 0.0466899
224.232 3.49066 0.0610241
224.232 3.55413 0.0751127
224.232 3.61759 0.088899
224.232 3.68106 0.102327
224.232 3.74452 0.115343
224.232 3.80799 0.127895
224.232 3.87146 0.139932
224.232 3.93492 0.151405
224.232 3.99839 0.162269
224.232 4.06186 0.172479
224.232 4.12532 0.181995
224.232 4.18879 0.190777
224.232 4.25226 0.198792
224.232 4.31572 0.206006
224.232 4.37919 0.212391
224.232 4.44266 0.21792
224.232 4.50612 0.222572
224.232 4.56959 0.226328
224.232 4.63306 0.229173
224.232 4.69652 0.231094
224.232 4.75999 0.232085
224.232 4.82346 0.232142
224.232 4.88692 0.231264
224.232 4.95039 0.229454
224.232 5.01385 0.226721
224.232 5.07732 0.223075
224.232 5.14079 0.21853
224.232 5.20425 0.213106
224.232 5.26772 0.206823
224.232 5.33119 0.199708
224.232 5.39465 0.191788
224.232 5.45812 0.183097
224.232 5.52159 0.173668
224.232 5.58505 0.163539
224.232 5.64852 0.152752
224.232 5.71199 0.141351
224.232 5.77545 0.129379
224.232 5.83892 0.116887
224.232 5.90239 0.103925
224.232 5.96585 0.0905434
224.232 6.02932 0.0767975
224.232 6.09279 0.0627426
224.232 6.15625 0.0484349
224.232 6.21972 0.0339322
224.232 6.28319 0.019293
225.233 0 0.113746
225.233 0.0634665 0.120118
225.233 0.126933 0.126007
225.233 0.1904 0.131388
225.233 0.253866 0.136241
225.233 0.317333 0.140544
225.233 0.380799 0.144282
225.233 0.444266 0.147439
225.233 0.507732 0.150002
225.233 0.571199 0.151961
225.233 0.634665 0.153309
225.233 0.698132 0.154039
225.233 0.761598 0.154148
225.233 0.825065 0.153637
225.233 0.888531 0.152508
225.233 0.951998 0.150764
225.233 1.01546 0.148413
225.233 1.07893 0.145465
225.233 1.1424 0.14193
225.233 1.20586 0.137825
225.233 1.26933 0.133164
225.233 1.3328 0.127967
225.233 1.39626 0.122255
225.233 1.45973 0.116051
225.233 1.5232 0.109379
225.233 1.58666 0.102267
225.233 1.65013 0.0947431
225.233 1.7136 0.0868376
225.233 1.77706 0.0785825
225.233 1.84053 0.070011
225.233 1.904 0.0611577
225.233 1.96746 0.0520577
225.233 2.03093 0.0427485
225.233 2.0944 0.033267
225.233 2.15786 0.023652
225.233 2.22133 0.0139411
225.233 2.28479 0.00417456
225.233 2.34826 -0.00560917
225.233 2.41173 -0.0153702
225.233 2.47519 -0.0250694
225.233 2.53866 -0.0346675
225.233 2.60213 -0.044126
225.233 2.66559 -0.0534068
225.233 2.72906 -0.0624725
225.233 2.79253 -0.071287
225.233 2.85599 -0.0798142
225.233 2.91946 -0.08802
225.233 2.98293 -0.0958714
225.233 3.04639 -0.103337
225.233 3.10986 -0.110386
225.233 3.17333 -0.116991
225.233 3.23679 -0.123125
225.233 3.30026 -0.128763
225.233 3.36373 -0.133882
225.233 3.42719 -0.138462
225.233 3.49066 -0.142485
225.233 3.55413 -0.145934
225.233 3.61759 -0.148796
225.233 3.68106 -0.151058
225.233 3.74452 -0.152712
225.233 3.80799 -0.153751
225.233 3.87146 -0.154171
225.233 3.93492 -0.15397
225.233 3.99839 -0.153149
225.233 4.06186 -0.151712
225.233 4.12532 -0.149664
225.233 4.18879 -0.147013
225.233 4.25226 -0.14377
225.233 4.31572 -0.139948
225.233 4.37919 -0.135563
225.233 4.44266 -0.130632
225.233 4.50612 -0.125174
225.233 4.56959 -0.119213
225.233 4.63306 -0.112772
225.233 4.69652 -0.105876
225.233 4.75999 -0.0985547
225.233 4.82346 -0.090836
225.233 4.88692 -0.0827516
225.233 4.95039 -0.0743342
225.233 5.01385 -0.0656175
225.233 5.07732 -0.0566364
225.233 5.14079 -0.0474272
225.233 5.20425 -0.038027
225.233 5.26772 -0.0284737
225.233 5.33119 -0.0188062
225.233 5.39465 -0.00906233
225.233 5.45812 0.000717922
225.233 5.52159 0.0104949
225.233 5.58505 0.0202301
225.233 5.64852 0.0298833
225.233 5.71199 0.0394165
225.233 5.77545 0.0487911
225.233 5.83892 0.057969
225.233 5.90239 0.0669134
225.233 5.96585 0.0755886
225.233 6.02932 0.0839594
225.233 6.09279 0.0919919
225.233 6.15625 0.0996542
225.233 6.21972 0.106915
225.233 6.28319 0.113746
226.234 0 -0.102644
226.234 0.0634665 -0.0797192
226.234 0.126933 -0.0564736
226.234 0.1904 -0.0330004
226.234 0.253866 -0.00939441
226.234 0.317333 0.0142494
226.234 0.380799 0.0378356
226.234 0.444266 0.0612697
226.234 0.507732 0.084457
226.234 0.571199 0.107304
226.234 0.634665 0.129719
226.234 0.698132 0.151612
226.234 0.761598 0.172895
226.234 0.825065 0.193481
226.234 0.888531 0.213288
226.234 0.951998 0.232236
226.234 1.01546 0.250249
226.234 1.07893 0.267255
226.234 1.1424 0.283184
226.234 1.20586 0.297973
226.234 1.26933 0.311562
226.234 1.3328 0.323897
226.234 1.39626 0.334928
226.234 1.45973 0.344609
226.234 1.5232 0.352903
226.234 1.58666 0.359776
226.234 1.65013 0.365201
226.234 1.7136 0.369155
226.234 1.77706 0.371622
226.234 1.84053 0.372593
226.234 1.904 0.372064
226.234 1.96746 0.370037
226.234 2.03093 0.366519
226.234 2.0944 0.361526
226.234 2.15786 0.355077
226.234 2.22133 0.347198
226.234 2.28479 0.337922
226.234 2.34826 0.327284
226.234 2.41173 0.315329
226.234 2.47519 0.302103
226.234 2.53866 0.287662
226.234 2.60213 0.272062
226.234 2.66559 0.255367
226.234 2.72906 0.237644
226.234 2.79253 0.218963
226.234 2.85599 0.199401
226.234 2.91946 0.179036
226.234 2.98293 0.157949
226.234 3.04639 0.136228
226.234 3.10986 0.113957
226.234 3.17333 0.0912276
226.234 3.23679 0.0681306
226.234 3.30026 0.0447595
226.234 3.36373 0.0212081
226.234 3.42719 -0.00242855
226.234 3.49066 -0.0260556
226.234 3.55413 -0.0495777
226.234 3.61759 -0.0729001
226.234 3.68106 -0.095929
226.234 3.74452 -0.118572
226.234 3.80799 -0.140737
226.234 3.87146 -0.162335
226.234 3.93492 -0.18328
226.234 3.99839 -0.203487
226.234 4.06186 -0.222874
226.234 4.12532 -0.241364
226.234 4.18879 -0.258882
226.234 4.25226 -0.275358
226.234 4.31572 -0.290725
226.234 4.37919 -0.304922
226.234 4.44266 -0.31789
226.234 4.50612 -0.329578
226.234 4.56959 -0.339939
226.234 4.63306 -0.348932
226.234 4.69652 -0.356519
226.234 4.75999 -0.362671
226.234 4.82346 -0.367363
226.234 4.88692 -0.370575
226.234 4.95039 -0.372295
226.234 5.01385 -0.372516
226.234 5.07732 -0.371237
226.234 5.14079 -0.368464
226.234 5.20425 -0.364206
226.234 5.26772 -0.358482
226.234 5.33119 -0.351315
226.234 5.39465 -0.342732
226.234 5.45812 -0.33277
226.234 5.52159 -0.321468
226.234 5.58505 -0.308872
226.234 5.64852 -0.295032
226.234 5.71199 -0.280004
226.234 5.77545 -0.263848
226.234 5.83892 -0.246629
226.234 5.90239 -0.228418
226.234 5.96585 -0.209287
226.234 6.02932 -0.189313
226.234 6.09279 -0.168577
226.234 6.15625 -0.147163
226.234 6.21972 -0.125155
226.234 6.28319 -0.102644
227.235 0 0.183524
227.235 0.0634665 0.197777
227.235 0.126933 0.211233
227.235 0.1904 0.223838
227.235 0.253866 0.235543
227.235 0.317333 0.246298
227.235 0.380799 0.256063
227.235 0.444266 0.264796
227.235 0.507732 0.272462
227.235 0.571199 0.279032
227.235 0.634665 0.284478
227.235 0.698132 0.288779
227.235 0.761598 0.291916
227.235 0.825065 0.293878
227.235 0.888531 0.294657
227.235 0.951998 0.29425
227.235 1.01546 0.292658
227.235 1.07893 0.289887
227.235 1.1424 0.285949
227.235 1.20586 0.280859
227.235 1.26933 0.274639
227.235 1.3328 0.267313
227.235 1.39626 0.25891
227.235 1.45973 0.249465
227.235 1.5232 0.239015
227.235 1.58666 0.227603
227.235 1.65013 0.215274
227.235 1.7136 0.202079
227.235 1.77706 0.18807
227.235 1.84053 0.173303
227.235 1.904 0.157839
227.235 1.96746 0.141739
227.235 2.03093 0.125069
227.235 2.0944 0.107895
227.235 2.15786 0.0902858
227.235 2.22133 0.0723138
227.235 2.28479 0.0540505
227.235 2.34826 0.0355697
227.235 2.41173 0.0169453
227.235 2.47519 -0.00174713
227.235 2.53866 -0.0204326
227.235 2.60213 -0.0390358
227.235 2.66559 -0.0574816
227.235 2.72906 -0.0756961
227.235 2.79253 -0.0936058
227.235 2.85599 -0.111138
227.235 2.91946 -0.128224
227.235 2.98293 -0.144793
227.235 3.04639 -0.160779
227.235 3.10986 -0.176117
227.235 3.17333 -0.190747
227.235 3.23679 -0.204608
227.235 3.30026 -0.217645
227.235 3.36373 -0.229806
227.235 3.42719 -0.241042
227.235 3.49066 -0.251307
227.235 3.55413 -0.26056
227.235 3.61759 -0.268764
227.235 3.68106 -0.275886
227.235 3.74452 -0.281897
227.235 3.80799 -0.286772
227.235 3.87146 -0.290494
227.235 3.93492 -0.293045
227.235 3.99839 -0.294416
227.235 4.06186 -0.294602
227.235 4.12532 -0.293601
227.235 4.18879 -0.291419
227.235 4.25226 -0.288063
227.235 4.31572 -0.283547
227.235 4.37919 -0.277889
227.235 4.44266 -0.271112
227.235 4.50612 -0.263244
227.235 4.56959 -0.254315
227.235 4.63306 -0.244363
227.235 4.69652 -0.233427
227.235 4.75999 -0.22155
227.235 4.82346 -0.208782
227.235 4.88692 -0.195173
227.235 4.95039 -0.180777
227.235 5.01385 -0.165654
227.235 5.07732 -0.149864
227.235 5.14079 -0.133471
227.235 5.20425 -0.11654
227.235 5.26772 -0.09914
227.235 5.33119 -0.0813406
227.235 5.39465 -0.0632139
227.235 5.45812 -0.0448326
227.235 5.52159 -0.0262707
227.235 5.58505 -0.00760298
227.235 5.64852 0.0110954
227.235 5.71199 0.029749
227.235 5.77545 0.048283
227.235 5.83892 0.0666225
227.235 5.90239 0.0846937
227.235 5.96585 0.102424
227.235 6.02932 0.119741
227.235 6.09279 0.136577
227.235 6.15625 0.152863
227.235 6.21972 0.168533
227.235 6.28319 0.183524
228.236 0 -0.0360391
228.236 0.0634665 -0.0178277
228.236 0.126933 0.000455362
228.236 0.1904 0.0187366
228.236 0.253866 0.0369424
228.236 0.317333 0.0549995
228.236 0.380799 0.0728351
228.236 0.444266 0.0903773
228.236 0.507732 0.107556
228.236 0.571199 0.124301
228.236 0.634665 0.140546
228.236 0.698132 0.156225
228.236 0.761598 0.171275
228.236 0.825065 0.185635
228.236 0.888531 0.199247
228.236 0.951998 0.212058
228.236 1.01546 0.224014
228.236 1.07893 0.235069
228.236 1.1424 0.245176
228.236 1.20586 0.254297
228.236 1.26933 0.262394
228.236 1.3328 0.269434
228.236 1.39626 0.275389
228.236 1.45973 0.280236
228.236 1.5232 0.283953
228.236 1.58666 0.286528
228.236 1.65013 0.287949
228.236 1.7136 0.28821
228.236 1.77706 0.287311
228.236 1.84053 0.285255
228.236 1.904 0.28205
228.236 1.96746 0.27771
228.236 2.03093 0.272251
228.236 2.0944 0.265696
228.236 2.15786 0.258071
228.236 2.22133 0.249407
228.236 2.28479 0.239739
228.236 2.34826 0.229105
228.236 2.41173 0.217549
228.236 2.47519 0.205117
228.236 2.53866 0.191859
228.236 2.60213 0.177829
228.236 2.66559 0.163082
228.236 2.72906 0.147679
228.236 2.79253 0.131681
228.236 2.85599 0.115152
228.236 2.91946 0.0981607
228.236 2.98293 0.0807734
228.236 3.04639 0.0630611
228.236 3.10986 0.0450949
228.236 3.17333 0.026947
228.236 3.23679 0.00869061
228.236 3.30026 -0.00960078
228.236 3.36373 -0.0278535
228.236 3.42719 -0.0459941
228.236 3.49066 -0.0639495
228.236 3.55413 -0.0816474
228.236 3.61759 -0.0990164
228.236 3.68106 -0.115987
228.236 3.74452 -0.13249
228.236 3.80799 -0.14846
228.236 3.87146 -0.163832
228.236 3.93492 -0.178545
228.236 3.99839 -0.192538
228.236 4.06186 -0.205756
228.236 4.12532 -0.218146
228.236 4.18879 -0.229657
228.236 4.25226 -0.240244
228.236 4.31572 -0.249863
228.236 4.37919 -0.258476
228.236 4.44266 -0.266048
228.236 4.50612 -0.272549
228.236 4.56959 -0.277952
228.236 4.63306 -0.282237
228.236 4.69652 -0.285384
228.236 4.75999 -0.287383
228.236 4.82346 -0.288225
228.236 4.88692 -0.287905
228.236 4.95039 -0.286427
228.236 5.01385 -0.283795
228.236 5.07732 -0.280021
228.236 5.14079 -0.275119
228.236 5.20425 -0.269109
228.236 5.26772 -0.262015
228.236 5.33119 -0.253867
228.236 5.39465 -0.244696
228.236 5.45812 -0.23454
228.236 5.52159 -0.22344
228.236 5.58505 -0.21144
228.236 5.64852 -0.198588
228.236 5.71199 -0.184937
228.236 5.77545 -0.170541
228.236 5.83892 -0.155459
228.236 5.90239 -0.13975
228.236 5.96585 -0.123479
228.236 6.02932 -0.10671
228.236 6.09279 -0.0895122
228.236 6.15625 -0.0719535
228.236 6.21972 -0.0541052
228.236 6.28319 -0.0360389
229.237 0 -0.00742451
229.237 0.0634665 -0.000488949
229.237 0.126933 0.00644857
229.237 0.1904 0.0133603
229.237 0.253866 0.0202181
229.237 0.317333 0.0269946
229.237 0.380799 0.0336623
229.237 0.444266 0.0401945
229.237 0.507732 0.0465648
229.237 0.571199 0.0527475
229.237 0.634665 0.0587181
229.237 0.698132 0.064452
229.237 0.761598 0.0699265
229.237 0.825065 0.0751194
229.237 0.888531 0.0800098
229.237 0.951998 0.0845782
229.237 1.01546 0.0888058
229.237 1.07893 0.0926758
229.237 1.1424 0.0961728
229.237 1.20586 0.0992825
229.237 1.26933 0.101992
229.237 1.3328 0.104292
229.237 1.39626 0.106171
229.237 1.45973 0.107623
229.237 1.5232 0.108641
229.237 1.58666 0.109222
229.237 1.65013 0.109363
229.237 1.7136 0.109064
229.237 1.77706 0.108326
229.237 1.84053 0.107151
229.237 1.904 0.105545
229.237 1.96746 0.103514
229.237 2.03093 0.101066
229.237 2.0944 0.0982111
229.237 2.15786 0.0949609
229.237 2.22133 0.0913282
229.237 2.28479 0.0873279
229.237 2.34826 0.0829758
229.237 2.41173 0.0782897
229.237 2.47519 0.0732883
229.237 2.53866 0.0679918
229.237 2.60213 0.0624215
229.237 2.66559 0.0565999
229.237 2.72906 0.0505504
229.237 2.79253 0.0442974
229.237 2.85599 0.0378659
229.237 2.91946 0.0312819
229.237 2.98293 0.0245721
229.237 3.04639 0.0177633
229.237 3.10986 0.0108829
229.237 3.17333 0.00395882
229.237 3.23679 -0.00298133
229.237 3.30026 -0.00990946
229.237 3.36373 -0.0167975
229.237 3.42719 -0.0236183
229.237 3.49066 -0.0303436
229.237 3.55413 -0.036947
229.237 3.61759 -0.0434014
229.237 3.68106 -0.0496812
229.237 3.74452 -0.0557609
229.237 3.80799 -0.061616
229.237 3.87146 -0.0672232
229.237 3.93492 -0.0725595
229.237 3.99839 -0.0776038
229.237 4.06186 -0.0823355
229.237 4.12532 -0.0867356
229.237 4.18879 -0.0907866
229.237 4.25226 -0.0944719
229.237 4.31572 -0.0977769
229.237 4.37919 -0.100688
229.237 4.44266 -0.103194
229.237 4.50612 -0.105284
229.237 4.56959 -0.106951
229.237 4.63306 -0.108186
229.237 4.69652 -0.108986
229.237 4.75999 -0.109347
229.237 4.82346 -0.109268
229.237 4.88692 -0.108749
229.237 4.95039 -0.107793
229.237 5.01385 -0.106401
229.237 5.07732 -0.104582
229.237 5.14079 -0.102341
229.237 5.20425 -0.0996887
229.237 5.26772 -0.0966346
229.237 5.33119 -0.0931915
229.237 5.39465 -0.0893731
229.237 5.45812 -0.0851948
229.237 5.52159 -0.0806734
229.237 5.58505 -0.0758273
229.237 5.64852 -0.0706757
229.237 5.71199 -0.0652396
229.237 5.77545 -0.0595407
229.237 5.83892 -0.0536021
229.237 5.90239 -0.0474478
229.237 5.96585 -0.0411023
229.237 6.02932 -0.0345913
229.237 6.09279 -0.0279411
229.237 6.15625 -0.0211784
229.237 6.21972 -0.0143303
229.237 6.28319 -0.00742454
230.238 0 0.0999033
230.238 0.0634665 0.108468
230.238 0.126933 0.116596
230.238 0.1904 0.124254
230.238 0.253866 0.131412
230.238 0.317333 0.138041
230.238 0.380799 0.144114
230.238 0.444266 0.149607
230.238 0.507732 0.154497
230.238 0.571199 0.158766
230.238 0.634665 0.162395
230.238 0.698132 0.16537
230.238 0.761598 0.167679
230.238 0.825065 0.169313
230.238 0.888531 0.170265
230.238 0.951998 0.170532
230.238 1.01546 0.170112
230.238 1.07893 0.169007
230.238 1.1424 0.167221
230.238 1.20586 0.164762
230.238 1.26933 0.16164
230.238 1.3328 0.157867
230.238 1.39626 0.153458
230.238 1.45973 0.148431
230.238 1.5232 0.142807
230.238 1.58666 0.136607
230.238 1.65013 0.129857
230.238 1.7136 0.122585
230.238 1.77706 0.114819
230.238 1.84053 0.106591
230.238 1.904 0.0979329
230.238 1.96746 0.0888809
230.238 2.03093 0.0794709
230.238 2.0944 0.0697412
230.238 2.15786 0.0597305
230.238 2.22133 0.0494794
230.238 2.28479 0.0390289
230.238 2.34826 0.0284213
230.238 2.41173 0.0176993
230.238 2.47519 0.00690619
230.238 2.53866 -0.00391504
230.238 2.60213 -0.0147203
230.238 2.66559 -0.0254664
230.238 2.72906 -0.0361099
230.238 2.79253 -0.0466081
230.238 2.85599 -0.0569184
230.238 2.91946 -0.0669997
230.238 2.98293 -0.076811
230.238 3.04639 -0.0863134
230.238 3.10986 -0.0954679
230.238 3.17333 -0.104238
230.238 3.23679 -0.112589
230.238 3.30026 -0.120486
230.238 3.36373 -0.127898
230.238 3.42719 -0.134795
230.238 3.49066 -0.141149
230.238 3.55413 -0.146935
230.238 3.61759 -0.152129
230.238 3.68106 -0.156711
230.238 3.74452 -0.160661
230.238 3.80799 -0.163965
230.238 3.87146 -0.166608
230.238 3.93492 -0.168581
230.238 3.99839 -0.169875
230.238 4.06186 -0.170484
230.238 4.12532 -0.170408
230.238 4.18879 -0.169645
230.238 4.25226 -0.168198
230.238 4.31572 -0.166075
230.238 4.37919 -0.163283
230.238 4.44266 -0.159834
230.238 4.50612 -0.155741
230.238 4.56959 -0.15102
230.238 4.63306 -0.145692
230.238 4.69652 -0.139777
230.238 4.75999 -0.133299
230.238 4.82346 -0.126285
230.238 4.88692 -0.118762
230.238 4.95039 -0.110761
230.238 5.01385 -0.102313
230.238 5.07732 -0.093454
230.238 5.14079 -0.0842183
230.238 5.20425 -0.0746437
230.238 5.26772 -0.0647684
230.238 5.33119 -0.0546324
230.238 5.39465 -0.0442765
230.238 5.45812 -0.0337421
230.238 5.52159 -0.023072
230.238 5.58505 -0.012309
230.238 5.64852 -0.00149629
230.238 5.71199 0.00932245
230.238 5.77545 0.0201036
230.238 5.83892 0.0308039
230.238 5.90239 0.0413799
230.238 5.96585 0.0517895
230.238 6.02932 0.0619902
230.238 6.09279 0.0719419
230.238 6.15625 0.0816033
230.238 6.21972 0.0909365
230.238 6.28319 0.0999034
231.239 0 -0.212728
231.239 0.0634665 -0.222681
231.239 0.126933 -0.231738
231.239 0.1904 -0.239862
231.239 0.253866 -0.24702
231.239 0.317333 -0.253183
231.239 0.380799 -0.258326
231.239 0.444266 -0.26243
231.239 0.507732 -0.265477
231.239 0.571199 -0.267455
231.239 0.634665 -0.268355
231.239 0.698132 -0.268176
231.239 0.761598 -0.266916
231.239 0.825065 -0.264582
231.239 0.888531 -0.261182
231.239 0.951998 -0.25673
231.239 1.01546 -0.251246
231.239 1.07893 -0.244749
231.239 1.1424 -0.237266
231.239 1.20586 -0.228828
231.239 1.26933 -0.219469
231.239 1.3328 -0.209226
231.239 1.39626 -0.198141
231.239 1.45973 -0.186258
231.239 1.5232 -0.173624
231.239 1.58666 -0.160292
231.239 1.65013 -0.146315
231.239 1.7136 -0.131748
231.239 1.77706 -0.11665
231.239 1.84053 -0.101083
231.239 1.904 -0.0851088
231.239 1.96746 -0.068792
231.239 2.03093 -0.052198
231.239 2.0944 -0.035394
231.239 2.15786 -0.0184472
231.239 2.22133 -0.00142658
231.239 2.28479 0.0156001
231.239 2.34826 0.032564
231.239 2.41173 0.0493965
231.239 2.47519 0.0660303
231.239 2.53866 0.0823982
231.239 2.60213 0.0984343
231.239 2.66559 0.114074
231.239 2.72906 0.129254
231.239 2.79253 0.143914
231.239 2.85599 0.157995
231.239 2.91946 0.171439
231.239 2.98293 0.184193
231.239 3.04639 0.196205
231.239 3.10986 0.207427
231.239 3.17333 0.217814
231.239 3.23679 0.227324
231.239 3.30026 0.235919
231.239 3.36373 0.243563
231.239 3.42719 0.250227
231.239 3.49066 0.255883
231.239 3.55413 0.260509
231.239 3.61759 0.264086
231.239 3.68106 0.2666
231.239 3.74452 0.26804
231.239 3.80799 0.268401
231.239 3.87146 0.267681
231.239 3.93492 0.265883
231.239 3.99839 0.263014
231.239 4.06186 0.259087
231.239 4.12532 0.254116
231.239 4.18879 0.248122
231.239 4.25226 0.241128
231.239 4.31572 0.233165
231.239 4.37919 0.224262
231.239 4.44266 0.214456
231.239 4.50612 0.203786
231.239 4.56959 0.192296
231.239 4.63306 0.180032
231.239 4.69652 0.167043
231.239 4.75999 0.15338
231.239 4.82346 0.139101
231.239 4.88692 0.124261
231.239 4.95039 0.108921
231.239 5.01385 0.0931425
231.239 5.07732 0.0769888
231.239 5.14079 0.0605253
231.239 5.20425 0.0438179
231.239 5.26772 0.0269341
231.239 5.33119 0.00994183
231.239 5.39465 -0.00709037
231.239 5.45812 -0.024094
231.239 5.52159 -0.0410008
231.239 5.58505 -0.0577425
231.239 5.64852 -0.0742516
231.239 5.71199 -0.0904617
231.239 5.77545 -0.106308
231.239 5.83892 -0.121725
231.239 5.90239 -0.136653
231.239 5.96585 -0.151031
231.239 6.02932 -0.1648
231.239 6.09279 -0.177906
231.239 6.15625 -0.190295
231.239 6.21972 -0.201918
231.239 6.28319 -0.212728
232.24 0 -0.296941
232.24 0.0634665 -0.282974
232.24 0.126933 -0.267868
232.24 0.1904 -0.251682
232.24 0.253866 -0.234484
232.24 0.317333 -0.216341
232.24 0.380799 -0.197328
232.24 0.444266 -0.177519
232.24 0.507732 -0.156996
232.24 0.571199 -0.135841
232.24 0.634665 -0.114139
232.24 0.698132 -0.0919767
232.24 0.761598 -0.0694446
232.24 0.825065 -0.0466326
232.24 0.888531 -0.023633
232.24 0.951998 -0.000538188
232.24 1.01546 0.0225589
232.24 1.07893 0.0455649
232.24 1.1424 0.0683876
232.24 1.20586 0.0909349
232.24 1.26933 0.113116
232.24 1.3328 0.134842
232.24 1.39626 0.156024
232.24 1.45973 0.176579
232.24 1.5232 0.196422
232.24 1.58666 0.215475
232.24 1.65013 0.233659
232.24 1.7136 0.250904
232.24 1.77706 0.267137
232.24 1.84053 0.282295
232.24 1.904 0.296316
232.24 1.96746 0.309145
232.24 2.03093 0.320728
232.24 2.0944 0.33102
232.24 2.15786 0.339979
232.24 2.22133 0.347569
232.24 2.28479 0.353759
232.24 2.34826 0.358525
232.24 2.41173 0.361847
232.24 2.47519 0.363713
232.24 2.53866 0.364114
232.24 2.60213 0.363048
232.24 2.66559 0.360521
232.24 2.72906 0.356542
232.24 2.79253 0.351128
232.24 2.85599 0.344299
232.24 2.91946 0.336084
232.24 2.98293 0.326515
232.24 3.04639 0.315633
232.24 3.10986 0.303479
232.24 3.17333 0.290103
232.24 3.23679 0.275559
232.24 3.30026 0.259906
232.24 3.36373 0.243206
232.24 3.42719 0.225526
232.24 3.49066 0.206939
232.24 3.55413 0.187518
232.24 3.61759 0.167342
232.24 3.68106 0.146492
232.24 3.74452 0.125053
232.24 3.80799 0.10311
232.24 3.87146 0.0807514
232.24 3.93492 0.0580677
232.24 3.99839 0.0351504
232.24 4.06186 0.0120917
232.24 4.12532 -0.0110159
232.24 4.18879 -0.0340791
232.24 4.25226 -0.057005
232.24 4.31572 -0.0797014
232.24 4.37919 -0.102077
232.24 4.44266 -0.124041
232.24 4.50612 -0.145506
232.24 4.56959 -0.166385
232.24 4.63306 -0.186594
232.24 4.69652 -0.206052
232.24 4.75999 -0.22468
232.24 4.82346 -0.242404
232.24 4.88692 -0.259151
232.24 4.95039 -0.274855
232.24 5.01385 -0.289451
232.24 5.07732 -0.302883
232.24 5.14079 -0.315095
232.24 5.20425 -0.326038
232.24 5.26772 -0.335668
232.24 5.33119 -0.343947
232.24 5.39465 -0.350841
232.24 5.45812 -0.356322
232.24 5.52159 -0.360368
232.24 5.58505 -0.362963
232.24 5.64852 -0.364097
232.24 5.71199 -0.363764
232.24 5.77545 -0.361967
232.24 5.83892 -0.358712
232.24 5.90239 -0.354013
232.24 5.96585 -0.347889
232.24 6.02932 -0.340363
232.24 6.09279 -0.331467
232.24 6.15625 -0.321237
232.24 6.21972 -0.309712
232.24 6.28319 -0.296941
233.241 0 -0.140925
233.241 0.0634665 -0.133542
233.241 0.126933 -0.125621
233.241 0.1904 -0.117194
233.241 0.253866 -0.108296
233.241 0.317333 -0.0989608
233.241 0.380799 -0.0892276
233.241 0.444266 -0.0791351
233.241 0.507732 -0.068724
233.241 0.571199 -0.0580361
233.241 0.634665 -0.0471146
233.241 0.698132 -0.0360033
233.241 0.761598 -0.024747
233.241 0.825065 -0.0133912
233.241 0.888531 -0.00198134
233.241 0.951998 0.00943645
233.241 1.01546 0.0208163
233.241 1.07893 0.0321122
233.241 1.1424 0.043279
233.241 1.20586 0.0542713
233.241 1.26933 0.0650452
233.241 1.3328 0.0755571
233.241 1.39626 0.0857648
233.241 1.45973 0.0956271
233.241 1.5232 0.105104
233.241 1.58666 0.114159
233.241 1.65013 0.122753
233.241 1.7136 0.130853
233.241 1.77706 0.138426
233.241 1.84053 0.145442
233.241 1.904 0.151872
233.241 1.96746 0.157691
233.241 2.03093 0.162875
233.241 2.0944 0.167403
233.241 2.15786 0.171256
233.241 2.22133 0.174421
233.241 2.28479 0.176882
233.241 2.34826 0.178632
233.241 2.41173 0.179662
233.241 2.47519 0.179969
233.241 2.53866 0.179551
233.241 2.60213 0.178411
233.241 2.66559 0.176552
233.241 2.72906 0.173981
233.241 2.79253 0.170711
233.241 2.85599 0.166753
233.241 2.91946 0.162123
233.241 2.98293 0.156841
233.241 3.04639 0.150927
233.241 3.10986 0.144406
233.241 3.17333 0.137303
233.241 3.23679 0.129647
233.241 3.30026 0.121469
233.241 3.36373 0.112802
233.241 3.42719 0.10368
233.241 3.49066 0.0941416
233.241 3.55413 0.0842237
233.241 3.61759 0.0739668
233.241 3.68106 0.063412
233.241 3.74452 0.0526017
233.241 3.80799 0.0415799
233.241 3.87146 0.0303905
233.241 3.93492 0.0190786
233.241 3.99839 0.0076901
233.241 4.06186 -0.00372942
233.241 4.12532 -0.015134
233.241 4.18879 -0.0264776
233.241 4.25226 -0.0377146
233.241 4.31572 -0.0487997
233.241 4.37919 -0.0596882
233.241 4.44266 -0.0703364
233.241 4.50612 -0.0807016
233.241 4.56959 -0.0907417
233.241 4.63306 -0.100416
233.241 4.69652 -0.109687
233.241 4.75999 -0.118516
233.241 4.82346 -0.126867
233.241 4.88692 -0.134707
233.241 4.95039 -0.142006
233.241 5.01385 -0.148732
233.241 5.07732 -0.15486
233.241 5.14079 -0.160364
233.241 5.20425 -0.165222
233.241 5.26772 -0.169415
233.241 5.33119 -0.172926
233.241 5.39465 -0.17574
233.241 5.45812 -0.177847
233.241 5.52159 -0.179237
233.241 5.58505 -0.179906
233.241 5.64852 -0.179851
233.241 5.71199 -0.179071
233.241 5.77545 -0.177571
233.241 5.83892 -0.175355
233.241 5.90239 -0.172433
233.241 5.96585 -0.168817
233.241 6.02932 -0.164521
233.241 6.09279 -0.159562
233.241 6.15625 -0.153962
233.241 6.21972 -0.147741
233.241 6.28319 -0.140925
234.242 0 -0.200059
234.242 0.0634665 -0.199649
234.242 0.126933 -0.198435
234.242 0.1904 -0.196422
234.242 0.253866 -0.193619
234.242 0.317333 -0.190035
234.242 0.380799 -0.185687
234.242 0.444266 -0.18059
234.242 0.507732 -0.174767
234.242 0.571199 -0.16824
234.242 0.634665 -0.161035
234.242 0.698132 -0.153182
234.242 0.761598 -0.144712
234.242 0.825065 -0.13566
234.242 0.888531 -0.126061
234.242 0.951998 -0.115954
234.242 1.01546 -0.105381
234.242 1.07893 -0.0943834
234.242 1.1424 -0.0830057
234.242 1.20586 -0.0712937
234.242 1.26933 -0.0592947
234.242 1.3328 -0.0470569
234.242 1.39626 -0.0346296
234.242 1.45973 -0.0220629
234.242 1.5232 -0.0094073
234.242 1.58666 0.00328614
234.242 1.65013 0.0159663
234.242 1.7136 0.0285823
234.242 1.77706 0.041083
234.242 1.84053 0.0534186
234.242 1.904 0.0655387
234.242 1.96746 0.0773952
234.242 2.03093 0.0889398
234.242 2.0944 0.100126
234.242 2.15786 0.11091
234.242 2.22133 0.121247
234.242 2.28479 0.131095
234.242 2.34826 0.140416
234.242 2.41173 0.149172
234.242 2.47519 0.157326
234.242 2.53866 0.164847
234.242 2.60213 0.171705
234.242 2.66559 0.177871
234.242 2.72906 0.183321
234.242 2.79253 0.188033
234.242 2.85599 0.191987
234.242 2.91946 0.195168
234.242 2.98293 0.197564
234.242 3.04639 0.199164
234.242 3.10986 0.199962
234.242 3.17333 0.199955
234.242 3.23679 0.199143
234.242 3.30026 0.197528
234.242 3.36373 0.195119
234.242 3.42719 0.191924
234.242 3.49066 0.187956
234.242 3.55413 0.183231
234.242 3.61759 0.177768
234.242 3.68106 0.17159
234.242 3.74452 0.16472
234.242 3.80799 0.157188
234.242 3.87146 0.149022
234.242 3.93492 0.140257
234.242 3.99839 0.130926
234.242 4.06186 0.121069
234.242 4.12532 0.110724
234.242 4.18879 0.0999325
234.242 4.25226 0.0887392
234.242 4.31572 0.0771885
234.242 4.37919 0.065327
234.242 4.44266 0.0532026
234.242 4.50612 0.0408639
234.242 4.56959 0.0283606
234.242 4.63306 0.0157431
234.242 4.69652 0.00306217
234.242 4.75999 -0.00963104
234.242 4.82346 -0.0222856
234.242 4.88692 -0.0348503
234.242 4.95039 -0.0472746
234.242 5.01385 -0.0595086
234.242 5.07732 -0.0715028
234.242 5.14079 -0.0832094
234.242 5.20425 -0.0945809
234.242 5.26772 -0.105572
234.242 5.33119 -0.116137
234.242 5.39465 -0.126235
234.242 5.45812 -0.135824
234.242 5.52159 -0.144867
234.242 5.58505 -0.153326
234.242 5.64852 -0.161168
234.242 5.71199 -0.168361
234.242 5.77545 -0.174876
234.242 5.83892 -0.180687
234.242 5.90239 -0.18577
234.242 5.96585 -0.190105
234.242 6.02932 -0.193675
234.242 6.09279 -0.196465
234.242 6.15625 -0.198464
234.242 6.21972 -0.199663
234.242 6.28319 -0.200059
235.243 0 -0.233136
235.243 0.0634665 -0.237898
235.243 0.126933 -0.241701
235.243 0.1904 -0.244532
235.243 0.253866 -0.246378
235.243 0.317333 -0.247231
235.243 0.380799 -0.247089
235.243 0.444266 -0.245953
235.243 0.507732 -0.243826
235.243 0.571199 -0.240717
235.243 0.634665 -0.236639
235.243 0.698132 -0.231608
235.243 0.761598 -0.225644
235.243 0.825065 -0.218772
235.243 0.888531 -0.211019
235.243 0.951998 -0.202416
235.243 1.01546 -0.192998
235.243 1.07893 -0.182803
235.243 1.1424 -0.171872
235.243 1.20586 -0.160249
235.243 1.26933 -0.14798
235.243 1.3328 -0.135116
235.243 1.39626 -0.121708
235.243 1.45973 -0.10781
235.243 1.5232 -0.0934771
235.243 1.58666 -0.0787679
235.243 1.65013 -0.063742
235.243 1.7136 -0.0484591
235.243 1.77706 -0.0329813
235.243 1.84053 -0.0173705
235.243 1.904 -0.00168984
235.243 1.96746 0.0139973
235.243 2.03093 0.0296286
235.243 2.0944 0.0451406
235.243 2.15786 0.0604705
235.243 2.22133 0.0755568
235.243 2.28479 0.0903389
235.243 2.34826 0.104758
235.243 2.41173 0.118754
235.243 2.47519 0.132273
235.243 2.53866 0.145259
235.243 2.60213 0.15766
235.243 2.66559 0.169426
235.243 2.72906 0.18051
235.243 2.79253 0.190867
235.243 2.85599 0.200456
235.243 2.91946 0.209237
235.243 2.98293 0.217176
235.243 3.04639 0.22424
235.243 3.10986 0.230401
235.243 3.17333 0.235635
235.243 3.23679 0.23992
235.243 3.30026 0.243239
235.243 3.36373 0.245578
235.243 3.42719 0.246929
235.243 3.49066 0.247285
235.243 3.55413 0.246645
235.243 3.61759 0.245013
235.243 3.68106 0.242393
235.243 3.74452 0.238798
235.243 3.80799 0.234241
235.243 3.87146 0.228741
235.243 3.93492 0.22232
235.243 3.99839 0.215004
235.243 4.06186 0.206822
235.243 4.12532 0.197807
235.243 4.18879 0.187995
235.243 4.25226 0.177427
235.243 4.31572 0.166144
235.243 4.37919 0.154192
235.243 4.44266 0.14162
235.243 4.50612 0.128477
235.243 4.56959 0.114817
235.243 4.63306 0.100694
235.243 4.69652 0.0861659
235.243 4.75999 0.071291
235.243 4.82346 0.0561288
235.243 4.88692 0.0407406
235.243 4.95039 0.0251886
235.243 5.01385 0.00953504
235.243 5.07732 -0.00615692
235.243 5.14079 -0.0218242
235.243 5.20425 -0.0374034
235.243 5.26772 -0.0528319
235.243 5.33119 -0.068048
235.243 5.39465 -0.0829899
235.243 5.45812 -0.0975976
235.243 5.52159 -0.111812
235.243 5.58505 -0.125577
235.243 5.64852 -0.138836
235.243 5.71199 -0.151536
235.243 5.77545 -0.163625
235.243 5.83892 -0.175056
235.243 5.90239 -0.185782
235.243 5.96585 -0.19576
235.243 6.02932 -0.204949
235.243 6.09279 -0.213314
235.243 6.15625 -0.220819
235.243 6.21972 -0.227435
235.243 6.28319 -0.233136
236.244 0 0.347238
236.244 0.0634665 0.357276
236.244 0.126933 0.365876
236.244 0.1904 0.373002
236.244 0.253866 0.378626
236.244 0.317333 0.382726
236.244 0.380799 0.385285
236.244 0.444266 0.386292
236.244 0.507732 0.385744
236.244 0.571199 0.383642
236.244 0.634665 0.379996
236.244 0.698132 0.374819
236.244 0.761598 0.368134
236.244 0.825065 0.359966
236.244 0.888531 0.350349
236.244 0.951998 0.33932
236.244 1.01546 0.326926
236.244 1.07893 0.313215
236.244 1.1424 0.298242
236.244 1.20586 0.282069
236.244 1.26933 0.264761
236.244 1.3328 0.246386
236.244 1.39626 0.227019
236.244 1.45973 0.206738
236.244 1.5232 0.185624
236.244 1.58666 0.163763
236.244 1.65013 0.141243
236.244 1.7136 0.118153
236.244 1.77706 0.0945882
236.244 1.84053 0.0706422
236.244 1.904 0.0464121
236.244 1.96746 0.0219949
236.244 2.03093 -0.00251086
236.244 2.0944 -0.0270067
236.244 2.15786 -0.0513936
236.244 2.22133 -0.0755733
236.244 2.28479 -0.0994492
236.244 2.34826 -0.122924
236.244 2.41173 -0.145905
236.244 2.47519 -0.168297
236.244 2.53866 -0.190012
236.244 2.60213 -0.210962
236.244 2.66559 -0.231063
236.244 2.72906 -0.250233
236.244 2.79253 -0.268395
236.244 2.85599 -0.285477
236.244 2.91946 -0.301409
236.244 2.98293 -0.316128
236.244 3.04639 -0.329574
236.244 3.10986 -0.341692
236.244 3.17333 -0.352435
236.244 3.23679 -0.361758
236.244 3.30026 -0.369625
236.244 3.36373 -0.376004
236.244 3.42719 -0.380868
236.244 3.49066 -0.384199
236.244 3.55413 -0.385983
236.244 3.61759 -0.386212
236.244 3.68106 -0.384887
236.244 3.74452 -0.382012
236.244 3.80799 -0.377598
236.244 3.87146 -0.371664
236.244 3.93492 -0.364233
236.244 3.99839 -0.355336
236.244 4.06186 -0.345008
236.244 4.12532 -0.333291
236.244 4.18879 -0.320231
236.244 4.25226 -0.305883
236.244 4.31572 -0.290302
236.244 4.37919 -0.273553
236.244 4.44266 -0.255702
236.244 4.50612 -0.236822
236.244 4.56959 -0.216987
236.244 4.63306 -0.196279
236.244 4.69652 -0.174781
236.244 4.75999 -0.15258
236.244 4.82346 -0.129763
236.244 4.88692 -0.106424
236.244 4.95039 -0.0826569
236.244 5.01385 -0.0585565
236.244 5.07732 -0.0342208
236.244 5.14079 -0.00974681
236.244 5.20425 0.0147663
236.244 5.26772 0.03922
236.244 5.33119 0.0635155
236.244 5.39465 0.0875554
236.244 5.45812 0.111243
236.244 5.52159 0.134482
236.244 5.58505 0.15718
236.244 5.64852 0.179245
236.244 5.71199 0.200588
236.244 5.77545 0.221124
236.244 5.83892 0.240769
236.244 5.90239 0.259445
236.244 5.96585 0.277076
236.244 6.02932 0.293591
236.244 6.09279 0.308924
236.244 6.15625 0.323013
236.244 6.21972 0.335802
236.244 6.28319 0.347238
237.245 0 -0.0965897
237.245 0.0634665 -0.0825562
237.245 0.126933 -0.0681902
237.245 0.1904 -0.0535498
237.245 0.253866 -0.0386936
237.245 0.317333 -0.0236818
237.245 0.380799 -0.00857442
237.245 0.444266 0.00656741
237.245 0.507732 0.0216828
237.245 0.571199 0.0367108
237.245 0.634665 0.0515911
237.245 0.698132 0.0662635
237.245 0.761598 0.0806692
237.245 0.825065 0.0947501
237.245 0.888531 0.108449
237.245 0.951998 0.121712
237.245 1.01546 0.134485
237.245 1.07893 0.146716
237.245 1.1424 0.158356
237.245 1.20586 0.169358
237.245 1.26933 0.179679
237.245 1.3328 0.189276
237.245 1.39626 0.198111
237.245 1.45973 0.206148
237.245 1.5232 0.213356
237.245 1.58666 0.219704
237.245 1.65013 0.225167
237.245 1.7136 0.229724
237.245 1.77706 0.233356
237.245 1.84053 0.236048
237.245 1.904 0.237789
237.245 1.96746 0.238574
237.245 2.03093 0.238397
237.245 2.0944 0.23726
237.245 2.15786 0.235169
237.245 2.22133 0.23213
237.245 2.28479 0.228157
237.245 2.34826 0.223264
237.245 2.41173 0.217473
237.245 2.47519 0.210806
237.245 2.53866 0.20329
237.245 2.60213 0.194956
237.245 2.66559 0.185837
237.245 2.72906 0.175969
237.245 2.79253 0.165393
237.245 2.85599 0.154151
237.245 2.91946 0.142288
237.245 2.98293 0.129852
237.245 3.04639 0.116893
237.245 3.10986 0.103464
237.245 3.17333 0.0896181
237.245 3.23679 0.0754113
237.245 3.30026 0.0609007
237.245 3.36373 0.0461449
237.245 3.42719 0.0312034
237.245 3.49066 0.0161362
237.245 3.55413 0.00100403
237.245 3.61759 -0.0141322
237.245 3.68106 -0.0292115
237.245 3.74452 -0.0441731
237.245 3.80799 -0.058957
237.245 3.87146 -0.0735034
237.245 3.93492 -0.0877538
237.245 3.99839 -0.101651
237.245 4.06186 -0.115139
237.245 4.12532 -0.128163
237.245 4.18879 -0.140671
237.245 4.25226 -0.152613
237.245 4.31572 -0.16394
237.245 4.37919 -0.174607
237.245 4.44266 -0.184571
237.245 4.50612 -0.193791
237.245 4.56959 -0.202232
237.245 4.63306 -0.209858
237.245 4.69652 -0.216639
237.245 4.75999 -0.222548
237.245 4.82346 -0.22756
237.245 4.88692 -0.231656
237.245 4.95039 -0.23482
237.245 5.01385 -0.237038
237.245 5.07732 -0.238301
237.245 5.14079 -0.238605
237.245 5.20425 -0.237949
237.245 5.26772 -0.236334
237.245 5.33119 -0.233767
237.245 5.39465 -0.230259
237.245 5.45812 -0.225824
237.245 5.52159 -0.22048
237.245 5.58505 -0.214248
237.245 5.64852 -0.207153
237.245 5.71199 -0.199223
237.245 5.77545 -0.190492
237.245 5.83892 -0.180994
237.245 5.90239 -0.170767
237.245 5.96585 -0.159852
237.245 6.02932 -0.148294
237.245 6.09279 -0.136139
237.245 6.15625 -0.123435
237.245 6.21972 -0.110234
237.245 6.28319 -0.0965897
238.246 0 -0.132362
238.246 0.0634665 -0.129367
238.246 0.126933 -0.125851
238.246 0.1904 -0.121828
238.246 0.253866 -0.117315
238.246 0.317333 -0.112329
238.246 0.380799 -0.106891
238.246 0.444266 -0.101022
238.246 0.507732 -0.0947469
238.246 0.571199 -0.0880902
238.246 0.634665 -0.0810785
238.246 0.698132 -0.0737407
238.246 0.761598 -0.0661058
238.246 0.825065 -0.0582047
238.246 0.888531 -0.0500692
238.246 0.951998 -0.041732
238.246 1.01546 -0.033227
238.246 1.07893 -0.024588
238.246 1.1424 -0.0158501
238.246 1.20586 -0.00704835
238.246 1.26933 0.00178181
238.246 1.3328 0.0106048
238.246 1.39626 0.019385
238.246 1.45973 0.0280874
238.246 1.5232 0.0366762
238.246 1.58666 0.0451177
238.246 1.65013 0.0533774
238.246 1.7136 0.0614222
238.246 1.77706 0.0692198
238.246 1.84053 0.0767385
238.246 1.904 0.0839483
238.246 1.96746 0.09082
238.246 2.03093 0.097326
238.246 2.0944 0.10344
238.246 2.15786 0.109138
238.246 2.22133 0.114396
238.246 2.28479 0.119193
238.246 2.34826 0.123511
238.246 2.41173 0.127331
238.246 2.47519 0.130639
238.246 2.53866 0.13342
238.246 2.60213 0.135665
238.246 2.66559 0.137363
238.246 2.72906 0.138507
238.246 2.79253 0.139095
238.246 2.85599 0.139122
238.246 2.91946 0.138589
238.246 2.98293 0.137497
238.246 3.04639 0.135852
238.246 3.10986 0.133661
238.246 3.17333 0.130931
238.246 3.23679 0.127673
238.246 3.30026 0.123902
238.246 3.36373 0.119632
238.246 3.42719 0.11488
238.246 3.49066 0.109665
238.246 3.55413 0.104009
238.246 3.61759 0.0979339
238.246 3.68106 0.0914647
238.246 3.74452 0.0846271
238.246 3.80799 0.0774487
238.246 3.87146 0.0699584
238.246 3.93492 0.0621865
238.246 3.99839 0.0541642
238.246 4.06186 0.0459237
238.246 4.12532 0.0374984
238.246 4.18879 0.028922
238.246 4.25226 0.0202292
238.246 4.31572 0.0114549
238.246 4.37919 0.00263447
238.246 4.44266 -0.00619638
238.246 4.50612 -0.0150025
238.246 4.56959 -0.0237481
238.246 4.63306 -0.0323981
238.246 4.69652 -0.0409176
238.246 4.75999 -0.0492725
238.246 4.82346 -0.0574289
238.246 4.88692 -0.0653538
238.246 4.95039 -0.0730159
238.246 5.01385 -0.0803837
238.246 5.07732 -0.0874282
238.246 5.14079 -0.0941204
238.246 5.20425 -0.100434
238.246 5.26772 -0.106343
238.246 5.33119 -0.111823
238.246 5.39465 -0.116854
238.246 5.45812 -0.121413
238.246 5.52159 -0.125484
238.246 5.58505 -0.12905
238.246 5.64852 -0.132096
238.246 5.71199 -0.13461
238.246 5.77545 -0.136582
238.246 5.83892 -0.138004
238.246 5.90239 -0.138871
238.246 5.96585 -0.139178
238.246 6.02932 -0.138925
238.246 6.09279 -0.138112
238.246 6.15625 -0.136744
238.246 6.21972 -0.134824
238.246 6.28319 -0.132362
239.247 0 0.122217
239.247 0.0634665 0.138162
239.247 0.126933 0.153551
239.247 0.1904 0.168321
239.247 0.253866 0.182414
239.247 0.317333 0.195772
239.247 0.380799 0.208343
239.247 0.444266 0.220074
239.247 0.507732 0.230919
239.247 0.571199 0.240834
239.247 0.634665 0.249779
239.247 0.698132 0.257719
239.247 0.761598 0.264621
239.247 0.825065 0.270457
239.247 0.888531 0.275204
239.247 0.951998 0.278844
239.247 1.01546 0.281359
239.247 1.07893 0.282743
239.247 1.1424 0.282988
239.247 1.20586 0.282093
239.247 1.26933 0.280063
239.247 1.3328 0.276905
239.247 1.39626 0.272631
239.247 1.45973 0.26726
239.247 1.5232 0.260813
239.247 1.58666 0.253316
239.247 1.65013 0.244798
239.247 1.7136 0.235295
239.247 1.77706 0.224845
239.247 1.84053 0.213489
239.247 1.904 0.201273
239.247 1.96746 0.188247
239.247 2.03093 0.174463
239.247 2.0944 0.159977
239.247 2.15786 0.144846
239.247 2.22133 0.129132
239.247 2.28479 0.112898
239.247 2.34826 0.0962098
239.247 2.41173 0.0791339
239.247 2.47519 0.0617393
239.247 2.53866 0.0440962
239.247 2.60213 0.0262754
239.247 2.66559 0.00834887
239.247 2.72906 -0.00961118
239.247 2.79253 -0.0275326
239.247 2.85599 -0.0453432
239.247 2.91946 -0.0629712
239.247 2.98293 -0.0803457
239.247 3.04639 -0.0973965
239.247 3.10986 -0.114055
239.247 3.17333 -0.130255
239.247 3.23679 -0.14593
239.247 3.30026 -0.161017
239.247 3.36373 -0.175456
239.247 3.42719 -0.189189
239.247 3.49066 -0.202159
239.247 3.55413 -0.214316
239.247 3.61759 -0.22561
239.247 3.68106 -0.235995
239.247 3.74452 -0.24543
239.247 3.80799 -0.253877
239.247 3.87146 -0.261301
239.247 3.93492 -0.267674
239.247 3.99839 -0.272968
239.247 4.06186 -0.277163
239.247 4.12532 -0.280242
239.247 4.18879 -0.282193
239.247 4.25226 -0.283008
239.247 4.31572 -0.282683
239.247 4.37919 -0.28122
239.247 4.44266 -0.278624
239.247 4.50612 -0.274906
239.247 4.56959 -0.270082
239.247 4.63306 -0.26417
239.247 4.69652 -0.257194
239.247 4.75999 -0.249183
239.247 4.82346 -0.240168
239.247 4.88692 -0.230186
239.247 4.95039 -0.219277
239.247 5.01385 -0.207485
239.247 5.07732 -0.194858
239.247 5.14079 -0.181447
239.247 5.20425 -0.167304
239.247 5.26772 -0.152488
239.247 5.33119 -0.137058
239.247 5.39465 -0.121076
239.247 5.45812 -0.104607
239.247 5.52159 -0.087716
239.247 5.58505 -0.0704721
239.247 5.64852 -0.0529444
239.247 5.71199 -0.0352035
239.247 5.77545 -0.0173209
239.247 5.83892 0.000631466
239.247 5.90239 0.0185813
239.247 5.96585 0.0364563
239.247 6.02932 0.0541845
239.247 6.09279 0.0716946
239.247 6.15625 0.0889158
239.247 6.21972 0.105779
239.247 6.28319 0.122217
240.248 0 -0.0134854
240.248 0.0634665 -0.0087108
240.248 0.126933 -0.00390119
240.248 0.1904 0.000924256
240.248 0.253866 0.00574589
240.248 0.317333 0.0105443
240.248 0.380799 0.0153004
240.248 0.444266 0.0199949
240.248 0.507732 0.0246087
240.248 0.571199 0.0291236
240.248 0.634665 0.0335213
240.248 0.698132 0.0377838
240.248 0.761598 0.0418942
240.248 0.825065 0.045836
240.248 0.888531 0.0495932
240.248 0.951998 0.0531507
240.248 1.01546 0.0564942
240.248 1.07893 0.0596102
240.248 1.1424 0.0624861
240.248 1.20586 0.0651106
240.248 1.26933 0.0674727
240.248 1.3328 0.0695632
240.248 1.39626 0.0713736
240.248 1.45973 0.0728966
240.248 1.5232 0.074126
240.248 1.58666 0.075057
240.248 1.65013 0.0756857
240.248 1.7136 0.0760098
240.248 1.77706 0.0760277
240.248 1.84053 0.0757395
240.248 1.904 0.0751463
240.248 1.96746 0.0742505
240.248 2.03093 0.0730558
240.248 2.0944 0.0715668
240.248 2.15786 0.0697898
240.248 2.22133 0.0677316
240.248 2.28479 0.0654008
240.248 2.34826 0.0628066
240.248 2.41173 0.0599595
240.248 2.47519 0.056871
240.248 2.53866 0.0535534
240.248 2.60213 0.0500203
240.248 2.66559 0.0462857
240.248 2.72906 0.0423648
240.248 2.79253 0.0382731
240.248 2.85599 0.0340274
240.248 2.91946 0.0296449
240.248 2.98293 0.0251429
240.248 3.04639 0.0205394
240.248 3.10986 0.0158536
240.248 3.17333 0.0111037
240.248 3.23679 0.00630916
240.248 3.30026 0.00148917
240.248 3.36373 -0.00333668
240.248 3.42719 -0.00814914
240.248 3.49066 -0.0129289
240.248 3.55413 -0.0176565
240.248 3.61759 -0.022313
240.248 3.68106 -0.0268798
240.248 3.74452 -0.0313382
240.248 3.80799 -0.0356705
240.248 3.87146 -0.0398591
240.248 3.93492 -0.0438872
240.248 3.99839 -0.0477386
240.248 4.06186 -0.0513978
240.248 4.12532 -0.0548501
240.248 4.18879 -0.0580815
240.248 4.25226 -0.0610789
240.248 4.31572 -0.0638305
240.248 4.37919 -0.066325
240.248 4.44266 -0.0685525
240.248 4.50612 -0.0705039
240.248 4.56959 -0.0721714
240.248 4.63306 -0.0735483
240.248 4.69652 -0.0746291
240.248 4.75999 -0.0754094
240.248 4.82346 -0.0758859
240.248 4.88692 -0.0760571
240.248 4.95039 -0.0759218
240.248 5.01385 -0.0754809
240.248 5.07732 -0.0747361
240.248 5.14079 -0.0736903
240.248 5.20425 -0.0723477
240.248 5.26772 -0.0707138
240.248 5.33119 -0.0687952
240.248 5.39465 -0.0665997
240.248 5.45812 -0.064136
240.248 5.52159 -0.061414
240.248 5.58505 -0.0584446
240.248 5.64852 -0.05524
240.248 5.71199 -0.051813
240.248 5.77545 -0.0481772
240.248 5.83892 -0.0443475
240.248 5.90239 -0.0403393
240.248 5.96585 -0.0361685
240.248 6.02932 -0.0318523
240.248 6.09279 -0.0274077
240.248 6.15625 -0.0228526
240.248 6.21972 -0.0182057
240.248 6.28319 -0.0134855
241.249 0 0.0500221
241.249 0.0634665 0.0529782
241.249 0.126933 0.0557209
241.249 0.1904 0.0582392
241.249 0.253866 0.0605231
241.249 0.317333 0.0625632
241.249 0.380799 0.0643516
241.249 0.444266 0.0658806
241.249 0.507732 0.0671445
241.249 0.571199 0.0681379
241.249 0.634665 0.0688571
241.249 0.698132 0.0692988
241.249 0.761598 0.0694617
241.249 0.825065 0.0693448
241.249 0.888531 0.0689486
241.249 0.951998 0.0682749
241.249 1.01546 0.0673262
241.249 1.07893 0.0661064
241.249 1.1424 0.0646204
241.249 1.20586 0.0628743
241.249 1.26933 0.060875
241.249 1.3328 0.0586305
241.249 1.39626 0.05615
241.249 1.45973 0.0534433
241.249 1.5232 0.0505215
241.249 1.58666 0.0473962
241.249 1.65013 0.04408
241.249 1.7136 0.0405864
241.249 1.77706 0.0369293
241.249 1.84053 0.0331236
241.249 1.904 0.0291845
241.249 1.96746 0.0251279
241.249 2.03093 0.02097
241.249 2.0944 0.0167278
241.249 2.15786 0.0124182
241.249 2.22133 0.00805856
241.249 2.28479 0.00366654
241.249 2.34826 -0.00074035
241.249 2.41173 -0.00514416
241.249 2.47519 -0.00952737
241.249 2.53866 -0.013872
241.249 2.60213 -0.0181611
241.249 2.66559 -0.0223768
241.249 2.72906 -0.0265024
241.249 2.79253 -0.0305215
241.249 2.85599 -0.0344177
241.249 2.91946 -0.038175
241.249 2.98293 -0.0417788
241.249 3.04639 -0.0452144
241.249 3.10986 -0.0484678
241.249 3.17333 -0.0515261
241.249 3.23679 -0.0543769
241.249 3.30026 -0.0570088
241.249 3.36373 -0.0594111
241.249 3.42719 -0.0615742
241.249 3.49066 -0.0634893
241.249 3.55413 -0.0651489
241.249 3.61759 -0.066546
241.249 3.68106 -0.0676751
241.249 3.74452 -0.0685319
241.249 3.80799 -0.0691128
241.249 3.87146 -0.0694152
241.249 3.93492 -0.0694382
241.249 3.99839 -0.0691815
241.249 4.06186 -0.0686463
241.249 4.12532 -0.0678347
241.249 4.18879 -0.0667499
241.249 4.25226 -0.0653964
241.249 4.31572 -0.0637795
241.249 4.37919 -0.0619058
241.249 4.44266 -0.0597828
241.249 4.50612 -0.0574191
241.249 4.56959 -0.0548242
241.249 4.63306 -0.0520085
241.249 4.69652 -0.0489834
241.249 4.75999 -0.0457612
241.249 4.82346 -0.0423546
241.249 4.88692 -0.0387775
241.249 4.95039 -0.0350442
241.249 5.01385 -0.0311697
241.249 5.07732 -0.0271699
241.249 5.14079 -0.0230606
241.249 5.20425 -0.0188584
241.249 5.26772 -0.0145804
241.249 5.33119 -0.0102435
241.249 5.39465 -0.00586545
241.249 5.45812 -0.00146377
241.249 5.52159 0.00294379
241.249 5.58505 0.00733946
241.249 5.64852 0.0117057
241.249 5.71199 0.0160246
241.249 5.77545 0.0202792
241.249 5.83892 0.024452
241.249 5.90239 0.0285263
241.249 5.96585 0.0324858
241.249 6.02932 0.0363145
241.249 6.09279 0.039997
241.249 6.15625 0.0435185
241.249 6.21972 0.0468647
241.249 6.28319 0.0500221
242.25 0 -0.198437
242.25 0.0634665 -0.19753
242.25 0.126933 -0.195827
242.25 0.1904 -0.193336
242.25 0.253866 -0.190067
242.25 0.317333 -0.186032
242.25 0.380799 -0.181248
242.25 0.444266 -0.175734
242.25 0.507732 -0.169513
242.25 0.571199 -0.162609
242.25 0.634665 -0.15505
242.25 0.698132 -0.146867
242.25 0.761598 -0.138093
242.25 0.825065 -0.128762
242.25 0.888531 -0.118913
242.25 0.951998 -0.108586
242.25 1.01546 -0.0978207
242.25 1.07893 -0.0866618
242.25 1.1424 -0.0751538
242.25 1.20586 -0.0633435
242.25 1.26933 -0.0512779
242.25 1.3328 -0.0390058
242.25 1.39626 -0.0265768
242.25 1.45973 -0.0140407
242.25 1.5232 -0.00144799
242.25 1.58666 0.0111504
242.25 1.65013 0.0237039
242.25 1.7136 0.036162
242.25 1.77706 0.0484746
242.25 1.84053 0.0605919
242.25 1.904 0.0724652
242.25 1.96746 0.0840467
242.25 2.03093 0.0952898
242.25 2.0944 0.106149
242.25 2.15786 0.116581
242.25 2.22133 0.126544
242.25 2.28479 0.135997
242.25 2.34826 0.144902
242.25 2.41173 0.153224
242.25 2.47519 0.160929
242.25 2.53866 0.167986
242.25 2.60213 0.174367
242.25 2.66559 0.180045
242.25 2.72906 0.184998
242.25 2.79253 0.189207
242.25 2.85599 0.192654
242.25 2.91946 0.195324
242.25 2.98293 0.197209
242.25 3.04639 0.198299
242.25 3.10986 0.198591
242.25 3.17333 0.198083
242.25 3.23679 0.196778
242.25 3.30026 0.19468
242.25 3.36373 0.191798
242.25 3.42719 0.188144
242.25 3.49066 0.183733
242.25 3.55413 0.178581
242.25 3.61759 0.172711
242.25 3.68106 0.166145
242.25 3.74452 0.15891
242.25 3.80799 0.151035
242.25 3.87146 0.142552
242.25 3.93492 0.133495
242.25 3.99839 0.1239
242.25 4.06186 0.113807
242.25 4.12532 0.103255
242.25 4.18879 0.0922878
242.25 4.25226 0.0809485
242.25 4.31572 0.0692835
242.25 4.37919 0.0573395
242.25 4.44266 0.0451647
242.25 4.50612 0.0328079
242.25 4.56959 0.020319
242.25 4.63306 0.00774833
242.25 4.69652 -0.00485356
242.25 4.75999 -0.017436
242.25 4.82346 -0.029948
242.25 4.88692 -0.0423397
242.25 4.95039 -0.0545607
242.25 5.01385 -0.0665621
242.25 5.07732 -0.0782954
242.25 5.14079 -0.0897135
242.25 5.20425 -0.10077
242.25 5.26772 -0.111421
242.25 5.33119 -0.121624
242.25 5.39465 -0.131336
242.25 5.45812 -0.14052
242.25 5.52159 -0.149138
242.25 5.58505 -0.157156
242.25 5.64852 -0.16454
242.25 5.71199 -0.171263
242.25 5.77545 -0.177295
242.25 5.83892 -0.182614
242.25 5.90239 -0.187197
242.25 5.96585 -0.191026
242.25 6.02932 -0.194087
242.25 6.09279 -0.196365
242.25 6.15625 -0.197853
242.25 6.21972 -0.198545
242.25 6.28319 -0.198437
243.251 0 -0.180964
243.251 0.0634665 -0.16306
243.251 0.126933 -0.144499
243.251 0.1904 -0.125357
243.251 0.253866 -0.10571
243.251 0.317333 -0.0856368
243.251 0.380799 -0.065219
243.251 0.444266 -0.0445387
243.251 0.507732 -0.0236791
243.251 0.571199 -0.00272406
243.251 0.634665 0.018242
243.251 0.698132 0.0391347
243.251 0.761598 0.0598694
243.251 0.825065 0.0803635
243.251 0.888531 0.100534
243.251 0.951998 0.120299
243.251 1.01546 0.13958
243.251 1.07893 0.158299
243.251 1.1424 0.176381
243.251 1.20586 0.193752
243.251 1.26933 0.210343
243.251 1.3328 0.226088
243.251 1.39626 0.240921
243.251 1.45973 0.254786
243.251 1.5232 0.267624
243.251 1.58666 0.279383
243.251 1.65013 0.290019
243.251 1.7136 0.299486
243.251 1.77706 0.307748
243.251 1.84053 0.31477
243.251 1.904 0.320525
243.251 1.96746 0.324989
243.251 2.03093 0.328145
243.251 2.0944 0.329979
243.251 2.15786 0.330485
243.251 2.22133 0.329659
243.251 2.28479 0.327507
243.251 2.34826 0.324036
243.251 2.41173 0.319259
243.251 2.47519 0.313197
243.251 2.53866 0.305875
243.251 2.60213 0.29732
243.251 2.66559 0.287569
243.251 2.72906 0.276659
243.251 2.79253 0.264635
243.251 2.85599 0.251546
243.251 2.91946 0.237444
243.251 2.98293 0.222386
243.251 3.04639 0.206432
243.251 3.10986 0.189647
243.251 3.17333 0.172099
243.251 3.23679 0.153857
243.251 3.30026 0.134996
243.251 3.36373 0.115592
243.251 3.42719 0.0957214
243.251 3.49066 0.0754658
243.251 3.55413 0.0549065
243.251 3.61759 0.034126
243.251 3.68106 0.0132081
243.251 3.74452 -0.0077628
243.251 3.80799 -0.0287027
243.251 3.87146 -0.0495271
243.251 3.93492 -0.070152
243.251 3.99839 -0.0904942
243.251 4.06186 -0.110472
243.251 4.12532 -0.130005
243.251 4.18879 -0.149015
243.251 4.25226 -0.167424
243.251 4.31572 -0.18516
243.251 4.37919 -0.20215
243.251 4.44266 -0.218325
243.251 4.50612 -0.233623
243.251 4.56959 -0.247978
243.251 4.63306 -0.261336
243.251 4.69652 -0.273641
243.251 4.75999 -0.284844
243.251 4.82346 -0.294901
243.251 4.88692 -0.30377
243.251 4.95039 -0.311415
243.251 5.01385 -0.317807
243.251 5.07732 -0.322919
243.251 5.14079 -0.326731
243.251 5.20425 -0.329227
243.251 5.26772 -0.330398
243.251 5.33119 -0.330238
243.251 5.39465 -0.328748
243.251 5.45812 -0.325935
243.251 5.52159 -0.321809
243.251 5.58505 -0.316388
243.251 5.64852 -0.309692
243.251 5.71199 -0.301749
243.251 5.77545 -0.292592
243.251 5.83892 -0.282256
243.251 5.90239 -0.270783
243.251 5.96585 -0.258221
243.251 6.02932 -0.244618
243.251 6.09279 -0.230031
243.251 6.15625 -0.214517
243.251 6.21972 -0.198139
243.251 6.28319 -0.180964
244.252 0 0.243131
244.252 0.0634665 0.234519
244.252 0.126933 0.224963
244.252 0.1904 0.214502
244.252 0.253866 0.203177
244.252 0.317333 0.191033
244.252 0.380799 0.17812
244.252 0.444266 0.164491
244.252 0.507732 0.150199
244.252 0.571199 0.135302
244.252 0.634665 0.11986
244.252 0.698132 0.103935
244.252 0.761598 0.0875925
244.252 0.825065 0.0708968
244.252 0.888531 0.0539157
244.252 0.951998 0.0367175
244.252 1.01546 0.0193715
244.252 1.07893 0.00194737
244.252 1.1424 -0.0154846
244.252 1.20586 -0.0328541
244.252 1.26933 -0.0500914
244.252 1.3328 -0.067127
244.252 1.39626 -0.0838922
244.252 1.45973 -0.10032
244.252 1.5232 -0.116343
244.252 1.58666 -0.131898
244.252 1.65013 -0.146922
244.252 1.7136 -0.161355
244.252 1.77706 -0.175137
244.252 1.84053 -0.188215
244.252 1.904 -0.200534
244.252 1.96746 -0.212046
244.252 2.03093 -0.222704
244.252 2.0944 -0.232466
244.252 2.15786 -0.241291
244.252 2.22133 -0.249145
244.252 2.28479 -0.255995
244.252 2.34826 -0.261816
244.252 2.41173 -0.266581
244.252 2.47519 -0.270273
244.252 2.53866 -0.272877
244.252 2.60213 -0.274382
244.252 2.66559 -0.274782
244.252 2.72906 -0.274076
244.252 2.79253 -0.272266
244.252 2.85599 -0.26936
244.252 2.91946 -0.265369
244.252 2.98293 -0.26031
244.252 3.04639 -0.254202
244.252 3.10986 -0.247071
244.252 3.17333 -0.238945
244.252 3.23679 -0.229857
244.252 3.30026 -0.219844
244.252 3.36373 -0.208945
244.252 3.42719 -0.197204
244.252 3.49066 -0.18467
244.252 3.55413 -0.171392
244.252 3.61759 -0.157424
244.252 3.68106 -0.142822
244.252 3.74452 -0.127645
244.252 3.80799 -0.111954
244.252 3.87146 -0.0958122
244.252 3.93492 -0.0792846
244.252 3.99839 -0.0624378
244.252 4.06186 -0.0453395
244.252 4.12532 -0.0280586
244.252 4.18879 -0.0106648
244.252 4.25226 0.00677213
244.252 4.31572 0.0241816
244.252 4.37919 0.0414937
244.252 4.44266 0.0586386
244.252 4.50612 0.0755477
244.252 4.56959 0.0921523
244.252 4.63306 0.108386
244.252 4.69652 0.124183
244.252 4.75999 0.13948
244.252 4.82346 0.154216
244.252 4.88692 0.168331
244.252 4.95039 0.181767
244.252 5.01385 0.194472
244.252 5.07732 0.206394
244.252 5.14079 0.217485
244.252 5.20425 0.2277
244.252 5.26772 0.236998
244.252 5.33119 0.245342
244.252 5.39465 0.252697
244.252 5.45812 0.259036
244.252 5.52159 0.264332
244.252 5.58505 0.268562
244.252 5.64852 0.271712
244.252 5.71199 0.273767
244.252 5.77545 0.27472
244.252 5.83892 0.274567
244.252 5.90239 0.273309
244.252 5.96585 0.27095
244.252 6.02932 0.267499
244.252 6.09279 0.262972
244.252 6.15625 0.257385
244.252 6.21972 0.250763
244.252 6.28319 0.243131
245.253 0 -0.0278192
245.253 0.0634665 -0.0174206
245.253 0.126933 -0.00695184
245.253 0.1904 0.00354479
245.253 0.253866 0.0140273
245.253 0.317333 0.0244532
245.253 0.380799 0.0347808
245.253 0.444266 0.0449682
245.253 0.507732 0.0549745
245.253 0.571199 0.0647595
245.253 0.634665 0.0742837
245.253 0.698132 0.0835088
245.253 0.761598 0.0923977
245.253 0.825065 0.100915
245.253 0.888531 0.109025
245.253 0.951998 0.116696
245.253 1.01546 0.123898
245.253 1.07893 0.130601
245.253 1.1424 0.136777
245.253 1.20586 0.142403
245.253 1.26933 0.147456
245.253 1.3328 0.151915
245.253 1.39626 0.155762
245.253 1.45973 0.158982
245.253 1.5232 0.161562
245.253 1.58666 0.163491
245.253 1.65013 0.164762
245.253 1.7136 0.165369
245.253 1.77706 0.165311
245.253 1.84053 0.164587
245.253 1.904 0.1632
245.253 1.96746 0.161156
245.253 2.03093 0.158463
245.253 2.0944 0.155133
245.253 2.15786 0.151177
245.253 2.22133 0.146613
245.253 2.28479 0.141458
245.253 2.34826 0.135734
245.253 2.41173 0.129463
245.253 2.47519 0.122671
245.253 2.53866 0.115385
245.253 2.60213 0.107634
245.253 2.66559 0.0994499
245.253 2.72906 0.0908652
245.253 2.79253 0.0819148
245.253 2.85599 0.0726346
245.253 2.91946 0.0630617
245.253 2.98293 0.053235
245.253 3.04639 0.043194
245.253 3.10986 0.032979
245.253 3.17333 0.0226312
245.253 3.23679 0.0121924
245.253 3.30026 0.00170441
245.253 3.36373 -0.0087905
245.253 3.42719 -0.0192499
245.253 3.49066 -0.0296319
245.253 3.55413 -0.0398946
245.253 3.61759 -0.0499965
245.253 3.68106 -0.0598971
245.253 3.74452 -0.0695566
245.253 3.80799 -0.078936
245.253 3.87146 -0.0879976
245.253 3.93492 -0.0967048
245.253 3.99839 -0.105023
245.253 4.06186 -0.112918
245.253 4.12532 -0.120358
245.253 4.18879 -0.127313
245.253 4.25226 -0.133756
245.253 4.31572 -0.139661
245.253 4.37919 -0.145003
245.253 4.44266 -0.149761
245.253 4.50612 -0.153916
245.253 4.56959 -0.157451
245.253 4.63306 -0.160353
245.253 4.69652 -0.162608
245.253 4.75999 -0.164209
245.253 4.82346 -0.165149
245.253 4.88692 -0.165424
245.253 4.95039 -0.165032
245.253 5.01385 -0.163976
245.253 5.07732 -0.16226
245.253 5.14079 -0.15989
245.253 5.20425 -0.156877
245.253 5.26772 -0.153232
245.253 5.33119 -0.14897
245.253 5.39465 -0.144108
245.253 5.45812 -0.138666
245.253 5.52159 -0.132665
245.253 5.58505 -0.12613
245.253 5.64852 -0.119088
245.253 5.71199 -0.111565
245.253 5.77545 -0.103594
245.253 5.83892 -0.0952054
245.253 5.90239 -0.0864335
245.253 5.96585 -0.0773136
245.253 6.02932 -0.0678823
245.253 6.09279 -0.0581776
245.253 6.15625 -0.0482387
245.253 6.21972 -0.0381056
245.253 6.28319 -0.0278192
246.254 0 -0.243275
246.254 0.0634665 -0.234863
246.254 0.126933 -0.225505
246.254 0.1904 -0.215239
246.254 0.253866 -0.204106
246.254 0.317333 -0.192151
246.254 0.380799 -0.179423
246.254 0.444266 -0.165972
246.254 0.507732 -0.151853
246.254 0.571199 -0.137123
246.254 0.634665 -0.12184
246.254 0.698132 -0.106067
246.254 0.761598 -0.0898663
246.254 0.825065 -0.0733039
246.254 0.888531 -0.0564465
246.254 0.951998 -0.0393619
246.254 1.01546 -0.0221187
246.254 1.07893 -0.00478624
246.254 1.1424 0.0125652
246.254 1.20586 0.0298661
246.254 1.26933 0.0470469
246.254 1.3328 0.0640381
246.254 1.39626 0.0807716
246.254 1.45973 0.0971798
246.254 1.5232 0.113197
246.254 1.58666 0.128758
246.254 1.65013 0.1438
246.254 1.7136 0.158264
246.254 1.77706 0.17209
246.254 1.84053 0.185223
246.254 1.904 0.197611
246.254 1.96746 0.209203
246.254 2.03093 0.219952
246.254 2.0944 0.229816
246.254 2.15786 0.238754
246.254 2.22133 0.246731
246.254 2.28479 0.253715
246.254 2.34826 0.259676
246.254 2.41173 0.264593
246.254 2.47519 0.268443
246.254 2.53866 0.271213
246.254 2.60213 0.272891
246.254 2.66559 0.27347
246.254 2.72906 0.272948
246.254 2.79253 0.271327
246.254 2.85599 0.268613
246.254 2.91946 0.264818
246.254 2.98293 0.259956
246.254 3.04639 0.254047
246.254 3.10986 0.247116
246.254 3.17333 0.239189
246.254 3.23679 0.2303
246.254 3.30026 0.220483
246.254 3.36373 0.209778
246.254 3.42719 0.198229
246.254 3.49066 0.185881
246.254 3.55413 0.172785
246.254 3.61759 0.158993
246.254 3.68106 0.144561
246.254 3.74452 0.129547
246.254 3.80799 0.114011
246.254 3.87146 0.0980158
246.254 3.93492 0.0816262
246.254 3.99839 0.0649079
246.254 4.06186 0.0479284
246.254 4.12532 0.0307557
246.254 4.18879 0.0134592
246.254 4.25226 -0.00389142
246.254 4.31572 -0.0212264
246.254 4.37919 -0.038476
246.254 4.44266 -0.0555704
246.254 4.50612 -0.0724412
246.254 4.56959 -0.0890204
246.254 4.63306 -0.105241
246.254 4.69652 -0.121038
246.254 4.75999 -0.136348
246.254 4.82346 -0.151108
246.254 4.88692 -0.16526
246.254 4.95039 -0.178747
246.254 5.01385 -0.191514
246.254 5.07732 -0.203509
246.254 5.14079 -0.214685
246.254 5.20425 -0.224997
246.254 5.26772 -0.234403
246.254 5.33119 -0.242865
246.254 5.39465 -0.250349
246.254 5.45812 -0.256825
246.254 5.52159 -0.262267
246.254 5.58505 -0.266652
246.254 5.64852 -0.269965
246.254 5.71199 -0.27219
246.254 5.77545 -0.273318
246.254 5.83892 -0.273347
246.254 5.90239 -0.272274
246.254 5.96585 -0.270106
246.254 6.02932 -0.266849
246.254 6.09279 -0.262519
246.254 6.15625 -0.257131
246.254 6.21972 -0.250708
246.254 6.28319 -0.243275
247.255 0 0.0338718
247.255 0.0634665 0.0506903
247.255 0.126933 0.0673045
247.255 0.1904 0.0836478
247.255 0.253866 0.0996545
247.255 0.317333 0.11526
247.255 0.380799 0.130401
247.255 0.444266 0.145017
247.255 0.507732 0.159049
247.255 0.571199 0.172441
247.255 0.634665 0.185138
247.255 0.698132 0.19709
247.255 0.761598 0.208248
247.255 0.825065 0.218568
247.255 0.888531 0.228008
247.255 0.951998 0.236529
247.255 1.01546 0.244098
247.255 1.07893 0.250684
247.255 1.1424 0.256261
247.255 1.20586 0.260806
247.255 1.26933 0.264301
247.255 1.3328 0.266731
247.255 1.39626 0.268088
247.255 1.45973 0.268365
247.255 1.5232 0.267561
247.255 1.58666 0.26568
247.255 1.65013 0.262729
247.255 1.7136 0.25872
247.255 1.77706 0.25367
247.255 1.84053 0.247598
247.255 1.904 0.240529
247.255 1.96746 0.232492
247.255 2.03093 0.223518
247.255 2.0944 0.213644
247.255 2.15786 0.20291
247.255 2.22133 0.191359
247.255 2.28479 0.179038
247.255 2.34826 0.165995
247.255 2.41173 0.152284
247.255 2.47519 0.13796
247.255 2.53866 0.123081
247.255 2.60213 0.107706
247.255 2.66559 0.0918967
247.255 2.72906 0.075718
247.255 2.79253 0.0592341
247.255 2.85599 0.0425118
247.255 2.91946 0.0256184
247.255 2.98293 0.00862165
247.255 3.04639 -0.00840955
247.255 3.10986 -0.0254071
247.255 3.17333 -0.0423024
247.255 3.23679 -0.0590272
247.255 3.30026 -0.0755143
247.255 3.36373 -0.0916972
247.255 3.42719 -0.107511
247.255 3.49066 -0.122892
247.255 3.55413 -0.137778
247.255 3.61759 -0.15211
247.255 3.68106 -0.165829
247.255 3.74452 -0.17888
247.255 3.80799 -0.191211
247.255 3.87146 -0.202771
247.255 3.93492 -0.213516
247.255 3.99839 -0.2234
247.255 4.06186 -0.232386
247.255 4.12532 -0.240435
247.255 4.18879 -0.247516
247.255 4.25226 -0.2536
247.255 4.31572 -0.258664
247.255 4.37919 -0.262686
247.255 4.44266 -0.26565
247.255 4.50612 -0.267544
247.255 4.56959 -0.268361
247.255 4.63306 -0.268098
247.255 4.69652 -0.266755
247.255 4.75999 -0.264338
247.255 4.82346 -0.260856
247.255 4.88692 -0.256324
247.255 4.95039 -0.25076
247.255 5.01385 -0.244186
247.255 5.07732 -0.236629
247.255 5.14079 -0.228119
247.255 5.20425 -0.218691
247.255 5.26772 -0.208382
247.255 5.33119 -0.197234
247.255 5.39465 -0.185292
247.255 5.45812 -0.172603
247.255 5.52159 -0.15922
247.255 5.58505 -0.145196
247.255 5.64852 -0.130586
247.255 5.71199 -0.115451
247.255 5.77545 -0.0998515
247.255 5.83892 -0.0838496
247.255 5.90239 -0.06751
247.255 5.96585 -0.0508986
247.255 6.02932 -0.0340822
247.255 6.09279 -0.0171287
247.255 6.15625 -0.000106065
247.255 6.21972 0.016917
247.255 6.28319 0.0338718
248.256 0 0.174186
248.256 0.0634665 0.178983
248.256 0.126933 0.18306
248.256 0.1904 0.186399
248.256 0.253866 0.188987
248.256 0.317333 0.190815
248.256 0.380799 0.191874
248.256 0.444266 0.192161
248.256 0.507732 0.191674
248.256 0.571199 0.190415
248.256 0.634665 0.188389
248.256 0.698132 0.185605
248.256 0.761598 0.182073
248.256 0.825065 0.177808
248.256 0.888531 0.172827
248.256 0.951998 0.167151
248.256 1.01546 0.160801
248.256 1.07893 0.153804
248.256 1.1424 0.146187
248.256 1.20586 0.137982
248.256 1.26933 0.129221
248.256 1.3328 0.11994
248.256 1.39626 0.110176
248.256 1.45973 0.0999687
248.256 1.5232 0.0893584
248.256 1.58666 0.0783884
248.256 1.65013 0.0671026
248.256 1.7136 0.0555468
248.256 1.77706 0.0437672
248.256 1.84053 0.0318115
248.256 1.904 0.0197276
248.256 1.96746 0.00756419
248.256 2.03093 -0.0046295
248.256 2.0944 -0.0168046
248.256 2.15786 -0.0289122
248.256 2.22133 -0.0409032
248.256 2.28479 -0.0527296
248.256 2.34826 -0.0643436
248.256 2.41173 -0.0756985
248.256 2.47519 -0.0867487
248.256 2.53866 -0.0974492
248.256 2.60213 -0.107758
248.256 2.66559 -0.117632
248.256 2.72906 -0.127033
248.256 2.79253 -0.135923
248.256 2.85599 -0.144265
248.256 2.91946 -0.152026
248.256 2.98293 -0.159175
248.256 3.04639 -0.165683
248.256 3.10986 -0.171524
248.256 3.17333 -0.176674
248.256 3.23679 -0.181112
248.256 3.30026 -0.184822
248.256 3.36373 -0.187787
248.256 3.42719 -0.189997
248.256 3.49066 -0.191441
248.256 3.55413 -0.192114
248.256 3.61759 -0.192014
248.256 3.68106 -0.19114
248.256 3.74452 -0.189497
248.256 3.80799 -0.187091
248.256 3.87146 -0.183931
248.256 3.93492 -0.180031
248.256 3.99839 -0.175406
248.256 4.06186 -0.170075
248.256 4.12532 -0.164059
248.256 4.18879 -0.157382
248.256 4.25226 -0.150071
248.256 4.31572 -0.142156
248.256 4.37919 -0.133669
248.256 4.44266 -0.124644
248.256 4.50612 -0.115116
248.256 4.56959 -0.105125
248.256 4.63306 -0.0947113
248.256 4.69652 -0.0839157
248.256 4.75999 -0.0727822
248.256 4.82346 -0.0613557
248.256 4.88692 -0.0496819
248.256 4.95039 -0.0378084
248.256 5.01385 -0.0257824
248.256 5.07732 -0.0136527
248.256 5.14079 -0.00146813
248.256 5.20425 0.0107225
248.256 5.26772 0.0228699
248.256 5.33119 0.0349253
248.256 5.39465 0.04684
248.256 5.45812 0.058566
248.256 5.52159 0.0700564
248.256 5.58505 0.0812644
248.256 5.64852 0.0921454
248.256 5.71199 0.102656
248.256 5.77545 0.112752
248.256 5.83892 0.122394
248.256 5.90239 0.131544
248.256 5.96585 0.140164
248.256 6.02932 0.14822
248.256 6.09279 0.155678
248.256 6.15625 0.162511
248.256 6.21972 0.168688
248.256 6.28319 0.174187
249.257 0 0.113771
249.257 0.0634665 0.121669
249.257 0.126933 0.129077
249.257 0.1904 0.135965
249.257 0.253866 0.142306
249.257 0.317333 0.148074
249.257 0.380799 0.153246
249.257 0.444266 0.157801
249.257 0.507732 0.16172
249.257 0.571199 0.164988
249.257 0.634665 0.167592
249.257 0.698132 0.16952
249.257 0.761598 0.170767
249.257 0.825065 0.171325
249.257 0.888531 0.171194
249.257 0.951998 0.170373
249.257 1.01546 0.168867
249.257 1.07893 0.16668
249.257 1.1424 0.163823
249.257 1.20586 0.160305
249.257 1.26933 0.156142
249.257 1.3328 0.15135
249.257 1.39626 0.145949
249.257 1.45973 0.139961
249.257 1.5232 0.133408
249.257 1.58666 0.126319
249.257 1.65013 0.118721
249.257 1.7136 0.110645
249.257 1.77706 0.102123
249.257 1.84053 0.0931898
249.257 1.904 0.0838817
249.257 1.96746 0.0742357
249.257 2.03093 0.0642909
249.257 2.0944 0.0540872
249.257 2.15786 0.0436656
249.257 2.22133 0.0330683
249.257 2.28479 0.0223378
249.257 2.34826 0.0115175
249.257 2.41173 0.000650458
249.257 2.47519 -0.0102189
249.257 2.53866 -0.0210473
249.257 2.60213 -0.0317908
249.257 2.66559 -0.0424064
249.257 2.72906 -0.0528513
249.257 2.79253 -0.0630832
249.257 2.85599 -0.073061
249.257 2.91946 -0.0827449
249.257 2.98293 -0.0920955
249.257 3.04639 -0.101075
249.257 3.10986 -0.109648
249.257 3.17333 -0.117779
249.257 3.23679 -0.125436
249.257 3.30026 -0.132588
249.257 3.36373 -0.139206
249.257 3.42719 -0.145263
249.257 3.49066 -0.150736
249.257 3.55413 -0.155602
249.257 3.61759 -0.159841
249.257 3.68106 -0.163436
249.257 3.74452 -0.166373
249.257 3.80799 -0.168641
249.257 3.87146 -0.170229
249.257 3.93492 -0.171132
249.257 3.99839 -0.171346
249.257 4.06186 -0.17087
249.257 4.12532 -0.169706
249.257 4.18879 -0.167858
249.257 4.25226 -0.165335
249.257 4.31572 -0.162145
249.257 4.37919 -0.158303
249.257 4.44266 -0.153824
249.257 4.50612 -0.148725
249.257 4.56959 -0.143027
249.257 4.63306 -0.136753
249.257 4.69652 -0.129929
249.257 4.75999 -0.122581
249.257 4.82346 -0.11474
249.257 4.88692 -0.106437
249.257 4.95039 -0.0977055
249.257 5.01385 -0.0885803
249.257 5.07732 -0.0790985
249.257 5.14079 -0.0692982
249.257 5.20425 -0.0592188
249.257 5.26772 -0.048901
249.257 5.33119 -0.0383862
249.257 5.39465 -0.027717
249.257 5.45812 -0.016936
249.257 5.52159 -0.006087
249.257 5.58505 0.00478666
249.257 5.64852 0.015641
249.257 5.71199 0.0264324
249.257 5.77545 0.0371171
249.257 5.83892 0.0476527
249.257 5.90239 0.0579962
249.257 5.96585 0.0681064
249.257 6.02932 0.0779422
249.257 6.09279 0.0874643
249.257 6.15625 0.0966337
249.257 6.21972 0.105414
249.257 6.28319 0.113771
250.258 0 -0.0152083
250.258 0.0634665 -0.0153225
250.258 0.126933 -0.0153748
250.258 0.1904 -0.0153654
250.258 0.253866 -0.015294
250.258 0.317333 -0.015161
250.258 0.380799 -0.014967
250.258 0.444266 -0.0147127
250.258 0.507732 -0.0143992
250.258 0.571199 -0.0140277
250.258 0.634665 -0.0135997
250.258 0.698132 -0.013117
250.258 0.761598 -0.0125814
250.258 0.825065 -0.0119952
250.258 0.888531 -0.0113607
250.258 0.951998 -0.0106804
250.258 1.01546 -0.00995712
250.258 1.07893 -0.00919375
250.258 1.1424 -0.00839338
250.258 1.20586 -0.00755919
250.258 1.26933 -0.00669455
250.258 1.3328 -0.00580289
250.258 1.39626 -0.00488801
250.258 1.45973 -0.00395339
250.258 1.5232 -0.00300279
250.258 1.58666 -0.00204019
250.258 1.65013 -0.00106935
250.258 1.7136 -9.41762e-05
250.258 1.77706 0.000881336
250.258 1.84053 0.00185324
250.258 1.904 0.00281797
250.258 1.96746 0.0037712
250.258 2.03093 0.00470906
250.258 2.0944 0.0056281
250.258 2.15786 0.00652449
250.258 2.22133 0.00739458
250.258 2.28479 0.00823499
250.258 2.34826 0.0090421
250.258 2.41173 0.00981299
250.258 2.47519 0.0105442
250.258 2.53866 0.0112329
250.258 2.60213 0.0118766
250.258 2.66559 0.0124721
250.258 2.72906 0.0130177
250.258 2.79253 0.0135107
250.258 2.85599 0.0139496
250.258 2.91946 0.014332
250.258 2.98293 0.0146568
250.258 3.04639 0.0149225
250.258 3.10986 0.0151284
250.258 3.17333 0.0152731
250.258 3.23679 0.0153564
250.258 3.30026 0.0153778
250.258 3.36373 0.0153375
250.258 3.42719 0.0152352
250.258 3.49066 0.0150715
250.258 3.55413 0.0148473
250.258 3.61759 0.0145633
250.258 3.68106 0.0142207
250.258 3.74452 0.0138206
250.258 3.80799 0.013365
250.258 3.87146 0.0128557
250.258 3.93492 0.0122945
250.258 3.99839 0.0116838
250.258 4.06186 0.0110261
250.258 4.12532 0.0103239
250.258 4.18879 0.00958024
250.258 4.25226 0.00879791
250.258 4.31572 0.00798023
250.258 4.37919 0.00713041
250.258 4.44266 0.00625195
250.258 4.50612 0.00534813
250.258 4.56959 0.00442287
250.258 4.63306 0.00347995
250.258 4.69652 0.00252273
250.258 4.75999 0.00155562
250.258 4.82346 0.00058211
250.258 4.88692 -0.000393723
250.258 4.95039 -0.00136817
250.258 5.01385 -0.0023368
250.258 5.07732 -0.00329619
250.258 5.14079 -0.00424222
250.258 5.20425 -0.00517119
250.258 5.26772 -0.00607937
250.258 5.33119 -0.00696306
250.258 5.39465 -0.00781876
250.258 5.45812 -0.00864288
250.258 5.52159 -0.00943241
250.258 5.58505 -0.0101837
250.258 5.64852 -0.0108941
250.258 5.71199 -0.0115604
250.258 5.77545 -0.0121805
250.258 5.83892 -0.0127515
250.258 5.90239 -0.0132708
250.258 5.96585 -0.0137371
250.258 6.02932 -0.0141478
250.258 6.09279 -0.0145017
250.258 6.15625 -0.0147971
250.258 6.21972 -0.015033
250.258 6.28319 -0.0152084
251.259 0 -0.202412
251.259 0.0634665 -0.202168
251.259 0.126933 -0.20111
251.259 0.1904 -0.199242
251.259 0.253866 -0.196572
251.259 0.317333 -0.19311
251.259 0.380799 -0.188871
251.259 0.444266 -0.183871
251.259 0.507732 -0.178131
251.259 0.571199 -0.171674
251.259 0.634665 -0.164525
251.259 0.698132 -0.156714
251.259 0.761598 -0.148272
251.259 0.825065 -0.139233
251.259 0.888531 -0.129633
251.259 0.951998 -0.119511
251.259 1.01546 -0.108908
251.259 1.07893 -0.0978663
251.259 1.1424 -0.0864306
251.259 1.20586 -0.0746468
251.259 1.26933 -0.0625626
251.259 1.3328 -0.0502263
251.259 1.39626 -0.0376879
251.259 1.45973 -0.0249977
251.259 1.5232 -0.0122068
251.259 1.58666 0.000633161
251.259 1.65013 0.0134707
251.259 1.7136 0.0262539
251.259 1.77706 0.0389314
251.259 1.84053 0.0514522
251.259 1.904 0.0637656
251.259 1.96746 0.0758225
251.259 2.03093 0.087574
251.259 2.0944 0.0989728
251.259 2.15786 0.109973
251.259 2.22133 0.120531
251.259 2.28479 0.130603
251.259 2.34826 0.140149
251.259 2.41173 0.149131
251.259 2.47519 0.157513
251.259 2.53866 0.16526
251.259 2.60213 0.172342
251.259 2.66559 0.178729
251.259 2.72906 0.184398
251.259 2.79253 0.189323
251.259 2.85599 0.193486
251.259 2.91946 0.19687
251.259 2.98293 0.199462
251.259 3.04639 0.20125
251.259 3.10986 0.202228
251.259 3.17333 0.202392
251.259 3.23679 0.201741
251.259 3.30026 0.200277
251.259 3.36373 0.198007
251.259 3.42719 0.194939
251.259 3.49066 0.191087
251.259 3.55413 0.186465
251.259 3.61759 0.181092
251.259 3.68106 0.174991
251.259 3.74452 0.168184
251.259 3.80799 0.1607
251.259 3.87146 0.15257
251.259 3.93492 0.143825
251.259 3.99839 0.1345
251.259 4.06186 0.124635
251.259 4.12532 0.114267
251.259 4.18879 0.103439
251.259 4.25226 0.0921948
251.259 4.31572 0.0805793
251.259 4.37919 0.0686392
251.259 4.44266 0.0564229
251.259 4.50612 0.0439793
251.259 4.56959 0.0313587
251.259 4.63306 0.0186116
251.259 4.69652 0.00578972
251.259 4.75999 -0.00705546
251.259 4.82346 -0.0198723
251.259 4.88692 -0.0326091
251.259 4.95039 -0.0452145
251.259 5.01385 -0.0576379
251.259 5.07732 -0.0698293
251.259 5.14079 -0.0817394
251.259 5.20425 -0.0933204
251.259 5.26772 -0.104526
251.259 5.33119 -0.11531
251.259 5.39465 -0.12563
251.259 5.45812 -0.135444
251.259 5.52159 -0.144713
251.259 5.58505 -0.153399
251.259 5.64852 -0.161467
251.259 5.71199 -0.168886
251.259 5.77545 -0.175624
251.259 5.83892 -0.181655
251.259 5.90239 -0.186954
251.259 5.96585 -0.191501
251.259 6.02932 -0.195277
251.259 6.09279 -0.198266
251.259 6.15625 -0.200457
251.259 6.21972 -0.201841
251.259 6.28319 -0.202412
252.26 0 0.123755
252.26 0.0634665 0.108657
252.26 0.126933 0.093121
252.26 0.1904 0.0772105
252.26 0.253866 0.0609892
252.26 0.317333 0.0445221
252.26 0.380799 0.0278759
252.26 0.444266 0.0111174
252.26 0.507732 -0.00568582
252.26 0.571199 -0.0224662
252.26 0.634665 -0.0391561
252.26 0.698132 -0.0556883
252.26 0.761598 -0.0719963
252.26 0.825065 -0.0880145
252.26 0.888531 -0.103678
252.26 0.951998 -0.118924
252.26 1.01546 -0.133692
252.26 1.07893 -0.147921
252.26 1.1424 -0.161554
252.26 1.20586 -0.174537
252.26 1.26933 -0.186817
252.26 1.3328 -0.198345
252.26 1.39626 -0.209074
252.26 1.45973 -0.218961
252.26 1.5232 -0.227967
252.26 1.58666 -0.236055
252.26 1.65013 -0.243192
252.26 1.7136 -0.24935
252.26 1.77706 -0.254504
252.26 1.84053 -0.258633
252.26 1.904 -0.261721
252.26 1.96746 -0.263754
252.26 2.03093 -0.264726
252.26 2.0944 -0.264632
252.26 2.15786 -0.263472
252.26 2.22133 -0.261251
252.26 2.28479 -0.257979
252.26 2.34826 -0.253667
252.26 2.41173 -0.248334
252.26 2.47519 -0.242002
252.26 2.53866 -0.234694
252.26 2.60213 -0.226442
252.26 2.66559 -0.217278
252.26 2.72906 -0.207239
252.26 2.79253 -0.196365
252.26 2.85599 -0.184701
252.26 2.91946 -0.172293
252.26 2.98293 -0.159191
252.26 3.04639 -0.145449
252.26 3.10986 -0.13112
252.26 3.17333 -0.116264
252.26 3.23679 -0.10094
252.26 3.30026 -0.0852088
252.26 3.36373 -0.0691347
252.26 3.42719 -0.0527822
252.26 3.49066 -0.0362172
252.26 3.55413 -0.0195065
252.26 3.61759 -0.00271713
252.26 3.68106 0.0140831
252.26 3.74452 0.0308267
252.26 3.80799 0.0474461
252.26 3.87146 0.0638745
252.26 3.93492 0.0800458
252.26 3.99839 0.0958946
252.26 4.06186 0.111357
252.26 4.12532 0.126372
252.26 4.18879 0.140877
252.26 4.25226 0.154816
252.26 4.31572 0.16813
252.26 4.37919 0.180768
252.26 4.44266 0.192678
252.26 4.50612 0.203812
252.26 4.56959 0.214126
252.26 4.63306 0.223577
252.26 4.69652 0.232128
252.26 4.75999 0.239744
252.26 4.82346 0.246395
252.26 4.88692 0.252054
252.26 4.95039 0.256698
252.26 5.01385 0.260308
252.26 5.07732 0.26287
252.26 5.14079 0.264373
252.26 5.20425 0.264812
252.26 5.26772 0.264185
252.26 5.33119 0.262493
252.26 5.39465 0.259746
252.26 5.45812 0.255952
252.26 5.52159 0.251127
252.26 5.58505 0.245291
252.26 5.64852 0.238468
252.26 5.71199 0.230684
252.26 5.77545 0.221972
252.26 5.83892 0.212365
252.26 5.90239 0.201904
252.26 5.96585 0.190629
252.26 6.02932 0.178587
252.26 6.09279 0.165826
252.26 6.15625 0.152397
252.26 6.21972 0.138354
252.26 6.28319 0.123755
253.261 0 0.0923825
253.261 0.0634665 0.0976579
253.261 0.126933 0.10254
253.261 0.1904 0.10701
253.261 0.253866 0.111049
253.261 0.317333 0.11464
253.261 0.380799 0.11777
253.261 0.444266 0.120426
253.261 0.507732 0.122596
253.261 0.571199 0.124274
253.261 0.634665 0.12545
253.261 0.698132 0.126122
253.261 0.761598 0.126286
253.261 0.825065 0.125941
253.261 0.888531 0.125089
253.261 0.951998 0.123733
253.261 1.01546 0.121879
253.261 1.07893 0.119535
253.261 1.1424 0.116709
253.261 1.20586 0.113413
253.261 1.26933 0.10966
253.261 1.3328 0.105466
253.261 1.39626 0.100847
253.261 1.45973 0.0958224
253.261 1.5232 0.0904118
253.261 1.58666 0.0846369
253.261 1.65013 0.0785213
253.261 1.7136 0.0720896
253.261 1.77706 0.0653678
253.261 1.84053 0.0583824
253.261 1.904 0.0511621
253.261 1.96746 0.0437358
253.261 2.03093 0.0361334
253.261 2.0944 0.0283854
253.261 2.15786 0.0205231
253.261 2.22133 0.0125782
253.261 2.28479 0.00458267
253.261 2.34826 -0.00343122
253.261 2.41173 -0.0114312
253.261 2.47519 -0.0193855
253.261 2.53866 -0.0272615
253.261 2.60213 -0.0350279
253.261 2.66559 -0.0426533
253.261 2.72906 -0.0501066
253.261 2.79253 -0.0573585
253.261 2.85599 -0.0643792
253.261 2.91946 -0.0711406
253.261 2.98293 -0.0776159
253.261 3.04639 -0.0837785
253.261 3.10986 -0.0896036
253.261 3.17333 -0.095068
253.261 3.23679 -0.10015
253.261 3.30026 -0.104828
253.261 3.36373 -0.109084
253.261 3.42719 -0.112901
253.261 3.49066 -0.116264
253.261 3.55413 -0.119158
253.261 3.61759 -0.121572
253.261 3.68106 -0.123497
253.261 3.74452 -0.124925
253.261 3.80799 -0.125849
253.261 3.87146 -0.126267
253.261 3.93492 -0.126177
253.261 3.99839 -0.125578
253.261 4.06186 -0.124474
253.261 4.12532 -0.122868
253.261 4.18879 -0.120768
253.261 4.25226 -0.118181
253.261 4.31572 -0.115119
253.261 4.37919 -0.111593
253.261 4.44266 -0.107617
253.261 4.50612 -0.103209
253.261 4.56959 -0.0983845
253.261 4.63306 -0.093164
253.261 4.69652 -0.0875684
253.261 4.75999 -0.0816202
253.261 4.82346 -0.0753437
253.261 4.88692 -0.0687633
253.261 4.95039 -0.0619061
253.261 5.01385 -0.0547999
253.261 5.07732 -0.0474728
253.261 5.14079 -0.0399547
253.261 5.20425 -0.0322757
253.261 5.26772 -0.0244666
253.261 5.33119 -0.016559
253.261 5.39465 -0.00858482
253.261 5.45812 -0.000576139
253.261 5.52159 0.00743498
253.261 5.58505 0.0154162
253.261 5.64852 0.0233353
253.261 5.71199 0.0311604
253.261 5.77545 0.0388602
253.261 5.83892 0.0464032
253.261 5.90239 0.0537596
253.261 5.96585 0.0608993
253.261 6.02932 0.0677941
253.261 6.09279 0.0744157
253.261 6.15625 0.0807378
253.261 6.21972 0.0867345
253.261 6.28319 0.0923823
254.262 0 -0.393123
254.262 0.0634665 -0.402682
254.262 0.126933 -0.410619
254.262 0.1904 -0.416903
254.262 0.253866 -0.421507
254.262 0.317333 -0.424414
254.262 0.380799 -0.425613
254.262 0.444266 -0.425098
254.262 0.507732 -0.422871
254.262 0.571199 -0.418942
254.262 0.634665 -0.413324
254.262 0.698132 -0.406044
254.262 0.761598 -0.397128
254.262 0.825065 -0.386612
254.262 0.888531 -0.374541
254.262 0.951998 -0.360961
254.262 1.01546 -0.345928
254.262 1.07893 -0.329501
254.262 1.1424 -0.311748
254.262 1.20586 -0.29274
254.262 1.26933 -0.272552
254.262 1.3328 -0.251268
254.262 1.39626 -0.228972
254.262 1.45973 -0.205753
254.262 1.5232 -0.181706
254.262 1.58666 -0.156927
254.262 1.65013 -0.131517
254.262 1.7136 -0.105577
254.262 1.77706 -0.0792116
254.262 1.84053 -0.0525276
254.262 1.904 -0.025632
254.262 1.96746 0.00136677
254.262 2.03093 0.0283602
254.262 2.0944 0.0552393
254.262 2.15786 0.081896
254.262 2.22133 0.108223
254.262 2.28479 0.134114
254.262 2.34826 0.159465
254.262 2.41173 0.184174
254.262 2.47519 0.208142
254.262 2.53866 0.231271
254.262 2.60213 0.253469
254.262 2.66559 0.274646
254.262 2.72906 0.294718
254.262 2.79253 0.313603
254.262 2.85599 0.331225
254.262 2.91946 0.347513
254.262 2.98293 0.362402
254.262 3.04639 0.375832
254.262 3.10986 0.387748
254.262 3.17333 0.398103
254.262 3.23679 0.406855
254.262 3.30026 0.413969
254.262 3.36373 0.419416
254.262 3.42719 0.423174
254.262 3.49066 0.425228
254.262 3.55413 0.42557
254.262 3.61759 0.424198
254.262 3.68106 0.421118
254.262 3.74452 0.416343
254.262 3.80799 0.40989
254.262 3.87146 0.401788
254.262 3.93492 0.392067
254.262 3.99839 0.380769
254.262 4.06186 0.367936
254.262 4.12532 0.353622
254.262 4.18879 0.337884
254.262 4.25226 0.320786
254.262 4.31572 0.302396
254.262 4.37919 0.282788
254.262 4.44266 0.262042
254.262 4.50612 0.240241
254.262 4.56959 0.217472
254.262 4.63306 0.193827
254.262 4.69652 0.169402
254.262 4.75999 0.144295
254.262 4.82346 0.118607
254.262 4.88692 0.0924407
254.262 4.95039 0.065903
254.262 5.01385 0.0390994
254.262 5.07732 0.0121387
254.262 5.14079 -0.0148711
254.262 5.20425 -0.0418208
254.262 5.26772 -0.0686021
254.262 5.33119 -0.0951074
254.262 5.39465 -0.12123
254.262 5.45812 -0.146864
254.262 5.52159 -0.171906
254.262 5.58505 -0.196257
254.262 5.64852 -0.219817
254.262 5.71199 -0.242492
254.262 5.77545 -0.264191
254.262 5.83892 -0.284826
254.262 5.90239 -0.304314
254.262 5.96585 -0.322576
254.262 6.02932 -0.33954
254.262 6.09279 -0.355136
254.262 6.15625 -0.369303
254.262 6.21972 -0.381982
254.262 6.28319 -0.393124
255.263 0 -0.141954
255.263 0.0634665 -0.143416
255.263 0.126933 -0.144299
255.263 0.1904 -0.144602
255.263 0.253866 -0.144322
255.263 0.317333 -0.143462
255.263 0.380799 -0.142023
255.263 0.444266 -0.140013
255.263 0.507732 -0.137439
255.263 0.571199 -0.134311
255.263 0.634665 -0.130643
255.263 0.698132 -0.126449
255.263 0.761598 -0.121745
255.263 0.825065 -0.116552
255.263 0.888531 -0.110889
255.263 0.951998 -0.104779
255.263 1.01546 -0.0982475
255.263 1.07893 -0.0913204
255.263 1.1424 -0.0840256
255.263 1.20586 -0.0763924
255.263 1.26933 -0.0684518
255.263 1.3328 -0.0602354
255.263 1.39626 -0.0517765
255.263 1.45973 -0.0431091
255.263 1.5232 -0.0342682
255.263 1.58666 -0.025289
255.263 1.65013 -0.0162084
255.263 1.7136 -0.00706234
255.263 1.77706 0.00211235
255.263 1.84053 0.0112783
255.263 1.904 0.0203988
255.263 1.96746 0.0294372
255.263 2.03093 0.0383573
255.263 2.0944 0.0471227
255.263 2.15786 0.0556984
255.263 2.22133 0.0640497
255.263 2.28479 0.0721434
255.263 2.34826 0.0799462
255.263 2.41173 0.0874276
255.263 2.47519 0.0945565
255.263 2.53866 0.101305
255.263 2.60213 0.107645
255.263 2.66559 0.113553
255.263 2.72906 0.119002
255.263 2.79253 0.123973
255.263 2.85599 0.128444
255.263 2.91946 0.132398
255.263 2.98293 0.135819
255.263 3.04639 0.138693
255.263 3.10986 0.141009
255.263 3.17333 0.142757
255.263 3.23679 0.14393
255.263 3.30026 0.144523
255.263 3.36373 0.144535
255.263 3.42719 0.143964
255.263 3.49066 0.142814
255.263 3.55413 0.141089
255.263 3.61759 0.138796
255.263 3.68106 0.135944
255.263 3.74452 0.132544
255.263 3.80799 0.128611
255.263 3.87146 0.12416
255.263 3.93492 0.119209
255.263 3.99839 0.113777
255.263 4.06186 0.107888
255.263 4.12532 0.101564
255.263 4.18879 0.0948316
255.263 4.25226 0.0877172
255.263 4.31572 0.0802494
255.263 4.37919 0.0724586
255.263 4.44266 0.0643759
255.263 4.50612 0.0560342
255.263 4.56959 0.0474667
255.263 4.63306 0.0387082
255.263 4.69652 0.0297937
255.263 4.75999 0.0207593
255.263 4.82346 0.0116411
255.263 4.88692 0.00247639
255.263 4.95039 -0.00669869
255.263 5.01385 -0.0158465
255.263 5.07732 -0.0249306
255.263 5.14079 -0.0339143
255.263 5.20425 -0.0427613
255.263 5.26772 -0.0514363
255.263 5.33119 -0.0599043
255.263 5.39465 -0.0681308
255.263 5.45812 -0.076083
255.263 5.52159 -0.0837291
255.263 5.58505 -0.0910378
255.263 5.64852 -0.0979799
255.263 5.71199 -0.104528
255.263 5.77545 -0.110654
255.263 5.83892 -0.116336
255.263 5.90239 -0.121548
255.263 5.96585 -0.126272
255.263 6.02932 -0.130487
255.263 6.09279 -0.134176
255.263 6.15625 -0.137325
255.263 6.21972 -0.139922
255.263 6.28319 -0.141954
256.264 0 0.272921
256.264 0.0634665 0.293948
256.264 0.126933 0.313791
256.264 0.1904 0.33237
256.264 0.253866 0.349612
256.264 0.317333 0.365445
256.264 0.380799 0.379807
256.264 0.444266 0.39264
256.264 0.507732 0.403891
256.264 0.571199 0.413517
256.264 0.634665 0.421477
256.264 0.698132 0.42774
256.264 0.761598 0.432281
256.264 0.825065 0.43508
256.264 0.888531 0.436129
256.264 0.951998 0.43542
256.264 1.01546 0.432959
256.264 1.07893 0.428755
256.264 1.1424 0.422824
256.264 1.20586 0.41519
256.264 1.26933 0.405885
256.264 1.3328 0.394944
256.264 1.39626 0.382414
256.264 1.45973 0.368344
256.264 1.5232 0.352791
256.264 1.58666 0.335818
256.264 1.65013 0.317492
256.264 1.7136 0.297887
256.264 1.77706 0.277083
256.264 1.84053 0.255164
256.264 1.904 0.232217
256.264 1.96746 0.208334
256.264 2.03093 0.183613
256.264 2.0944 0.158153
256.264 2.15786 0.132056
256.264 2.22133 0.105427
256.264 2.28479 0.0783737
256.264 2.34826 0.0510046
256.264 2.41173 0.0234302
256.264 2.47519 -0.00423862
256.264 2.53866 -0.0318903
256.264 2.60213 -0.0594135
256.264 2.66559 -0.0866975
256.264 2.72906 -0.113632
256.264 2.79253 -0.14011
256.264 2.85599 -0.166023
256.264 2.91946 -0.191268
256.264 2.98293 -0.215742
256.264 3.04639 -0.239348
256.264 3.10986 -0.26199
256.264 3.17333 -0.283577
256.264 3.23679 -0.304022
256.264 3.30026 -0.323243
256.264 3.36373 -0.341163
256.264 3.42719 -0.357708
256.264 3.49066 -0.372814
256.264 3.55413 -0.386418
256.264 3.61759 -0.398466
256.264 3.68106 -0.40891
256.264 3.74452 -0.417707
256.264 3.80799 -0.424822
256.264 3.87146 -0.430227
256.264 3.93492 -0.433899
256.264 3.99839 -0.435824
256.264 4.06186 -0.435994
256.264 4.12532 -0.434409
256.264 4.18879 -0.431074
256.264 4.25226 -0.426003
256.264 4.31572 -0.419218
256.264 4.37919 -0.410744
256.264 4.44266 -0.400616
256.264 4.50612 -0.388875
256.264 4.56959 -0.375568
256.264 4.63306 -0.360749
256.264 4.69652 -0.344478
256.264 4.75999 -0.326819
256.264 4.82346 -0.307844
256.264 4.88692 -0.28763
256.264 4.95039 -0.266257
256.264 5.01385 -0.243813
256.264 5.07732 -0.220386
256.264 5.14079 -0.196073
256.264 5.20425 -0.170969
256.264 5.26772 -0.145177
256.264 5.33119 -0.118801
256.264 5.39465 -0.0919465
256.264 5.45812 -0.0647218
256.264 5.52159 -0.0372362
256.264 5.58505 -0.00960076
256.264 5.64852 0.0180734
256.264 5.71199 0.0456748
256.264 5.77545 0.0730922
256.264 5.83892 0.100215
256.264 5.90239 0.126935
256.264 5.96585 0.153144
256.264 6.02932 0.178735
256.264 6.09279 0.203607
256.264 6.15625 0.22766
256.264 6.21972 0.250795
256.264 6.28319 0.272921
257.265 0 -0.239161
257.265 0.0634665 -0.237201
257.265 0.126933 -0.234285
257.265 0.1904 -0.230426
257.265 0.253866 -0.22564
257.265 0.317333 -0.219945
257.265 0.380799 -0.213364
257.265 0.444266 -0.205924
257.265 0.507732 -0.197655
257.265 0.571199 -0.18859
257.265 0.634665 -0.178766
257.265 0.698132 -0.168222
257.265 0.761598 -0.157
257.265 0.825065 -0.145146
257.265 0.888531 -0.132708
257.265 0.951998 -0.119735
257.265 1.01546 -0.106281
257.265 1.07893 -0.092398
257.265 1.1424 -0.0781434
257.265 1.20586 -0.063574
257.265 1.26933 -0.0487487
257.265 1.3328 -0.0337269
257.265 1.39626 -0.0185696
257.265 1.45973 -0.00333729
257.265 1.5232 0.0119084
257.265 1.58666 0.027106
257.265 1.65013 0.0421944
257.265 1.7136 0.0571133
257.265 1.77706 0.0718019
257.265 1.84053 0.0862015
257.265 1.904 0.100254
257.265 1.96746 0.113903
257.265 2.03093 0.127093
257.265 2.0944 0.139771
257.265 2.15786 0.151887
257.265 2.22133 0.163391
257.265 2.28479 0.174237
257.265 2.34826 0.184381
257.265 2.41173 0.193783
257.265 2.47519 0.202405
257.265 2.53866 0.210212
257.265 2.60213 0.217172
257.265 2.66559 0.223258
257.265 2.72906 0.228445
257.265 2.79253 0.232712
257.265 2.85599 0.236041
257.265 2.91946 0.238421
257.265 2.98293 0.23984
257.265 3.04639 0.240294
257.265 3.10986 0.23978
257.265 3.17333 0.2383
257.265 3.23679 0.235862
257.265 3.30026 0.232473
257.265 3.36373 0.228148
257.265 3.42719 0.222904
257.265 3.49066 0.216763
257.265 3.55413 0.20975
257.265 3.61759 0.201891
257.265 3.68106 0.19322
257.265 3.74452 0.18377
257.265 3.80799 0.173581
257.265 3.87146 0.162693
257.265 3.93492 0.151149
257.265 3.99839 0.138997
257.265 4.06186 0.126285
257.265 4.12532 0.113065
257.265 4.18879 0.0993893
257.265 4.25226 0.0853136
257.265 4.31572 0.0708943
257.265 4.37919 0.0561896
257.265 4.44266 0.0412586
257.265 4.50612 0.0261615
257.265 4.56959 0.010959
257.265 4.63306 -0.00428757
257.265 4.69652 -0.019517
257.265 4.75999 -0.0346676
257.265 4.82346 -0.049679
257.265 4.88692 -0.0644902
257.265 4.95039 -0.0790417
257.265 5.01385 -0.0932748
257.265 5.07732 -0.107132
257.265 5.14079 -0.120559
257.265 5.20425 -0.133499
257.265 5.26772 -0.145902
257.265 5.33119 -0.157718
257.265 5.39465 -0.168899
257.265 5.45812 -0.179399
257.265 5.52159 -0.189177
257.265 5.58505 -0.198194
257.265 5.64852 -0.206412
257.265 5.71199 -0.2138
257.265 5.77545 -0.220326
257.265 5.83892 -0.225965
257.265 5.90239 -0.230694
257.265 5.96585 -0.234494
257.265 6.02932 -0.237351
257.265 6.09279 -0.239251
257.265 6.15625 -0.240188
257.265 6.21972 -0.240158
257.265 6.28319 -0.239161
258.266 0 -0.252722
258.266 0.0634665 -0.261436
258.266 0.126933 -0.269097
258.266 0.1904 -0.275674
258.266 0.253866 -0.281142
258.266 0.317333 -0.285477
258.266 0.380799 -0.288663
258.266 0.444266 -0.290686
258.266 0.507732 -0.29154
258.266 0.571199 -0.291218
258.266 0.634665 -0.289725
258.266 0.698132 -0.287065
258.266 0.761598 -0.283249
258.266 0.825065 -0.278292
258.266 0.888531 -0.272215
258.266 0.951998 -0.265041
258.266 1.01546 -0.256801
258.266 1.07893 -0.247526
258.266 1.1424 -0.237255
258.266 1.20586 -0.226028
258.266 1.26933 -0.213891
258.266 1.3328 -0.200893
258.266 1.39626 -0.187086
258.266 1.45973 -0.172526
258.266 1.5232 -0.157271
258.266 1.58666 -0.141383
258.266 1.65013 -0.124925
258.266 1.7136 -0.107964
258.266 1.77706 -0.0905689
258.266 1.84053 -0.0728088
258.266 1.904 -0.0547557
258.266 1.96746 -0.0364819
258.266 2.03093 -0.0180613
258.266 2.0944 0.00043217
258.266 2.15786 0.0189237
258.266 2.22133 0.0373391
258.266 2.28479 0.0556041
258.266 2.34826 0.0736452
258.266 2.41173 0.0913899
258.266 2.47519 0.108766
258.266 2.53866 0.125705
258.266 2.60213 0.142138
258.266 2.66559 0.157998
258.266 2.72906 0.173221
258.266 2.79253 0.187748
258.266 2.85599 0.201519
258.266 2.91946 0.214478
258.266 2.98293 0.226573
258.266 3.04639 0.237756
258.266 3.10986 0.247982
258.266 3.17333 0.257209
258.266 3.23679 0.2654
258.266 3.30026 0.272523
258.266 3.36373 0.278548
258.266 3.42719 0.283452
258.266 3.49066 0.287215
258.266 3.55413 0.28982
258.266 3.61759 0.29126
258.266 3.68106 0.291526
258.266 3.74452 0.290618
258.266 3.80799 0.28854
258.266 3.87146 0.2853
258.266 3.93492 0.280912
258.266 3.99839 0.275392
258.266 4.06186 0.268763
258.266 4.12532 0.261052
258.266 4.18879 0.25229
258.266 4.25226 0.242512
258.266 4.31572 0.231758
258.266 4.37919 0.22007
258.266 4.44266 0.207497
258.266 4.50612 0.194087
258.266 4.56959 0.179897
258.266 4.63306 0.164981
258.266 4.69652 0.149402
258.266 4.75999 0.133221
258.266 4.82346 0.116503
258.266 4.88692 0.0993166
258.266 4.95039 0.08173
258.266 5.01385 0.0638143
258.266 5.07732 0.0456416
258.266 5.14079 0.0272853
258.266 5.20425 0.00881904
258.266 5.26772 -0.00968281
258.266 5.33119 -0.0281457
258.266 5.39465 -0.0464951
258.266 5.45812 -0.0646572
258.266 5.52159 -0.0825591
258.266 5.58505 -0.100129
258.266 5.64852 -0.117295
258.266 5.71199 -0.133989
258.266 5.77545 -0.150143
258.266 5.83892 -0.165693
258.266 5.90239 -0.180576
258.266 5.96585 -0.194731
258.266 6.02932 -0.208103
258.266 6.09279 -0.220636
258.266 6.15625 -0.232281
258.266 6.21972 -0.242991
258.266 6.28319 -0.252722
259.267 0 0.0331221
259.267 0.0634665 0.0412868
259.267 0.126933 0.0492853
259.267 0.1904 0.0570853
259.267 0.253866 0.0646555
259.267 0.317333 0.0719657
259.267 0.380799 0.0789856
259.267 0.444266 0.0856879
259.267 0.507732 0.092045
259.267 0.571199 0.0980311
259.267 0.634665 0.103623
259.267 0.698132 0.108797
259.267 0.761598 0.113534
259.267 0.825065 0.117813
259.267 0.888531 0.121618
259.267 0.951998 0.124933
259.267 1.01546 0.127744
259.267 1.07893 0.130042
259.267 1.1424 0.131816
259.267 1.20586 0.133059
259.267 1.26933 0.133767
259.267 1.3328 0.133936
259.267 1.39626 0.133565
259.267 1.45973 0.132657
259.267 1.5232 0.131214
259.267 1.58666 0.129243
259.267 1.65013 0.126752
259.267 1.7136 0.12375
259.267 1.77706 0.12025
259.267 1.84053 0.116266
259.267 1.904 0.111814
259.267 1.96746 0.106911
259.267 2.03093 0.101578
259.267 2.0944 0.0958363
259.267 2.15786 0.0897083
259.267 2.22133 0.083219
259.267 2.28479 0.0763948
259.267 2.34826 0.0692629
259.267 2.41173 0.0618521
259.267 2.47519 0.0541922
259.267 2.53866 0.0463141
259.267 2.60213 0.0382495
259.267 2.66559 0.030031
259.267 2.72906 0.0216914
259.267 2.79253 0.0132647
259.267 2.85599 0.00478435
259.267 2.91946 -0.00371515
259.267 2.98293 -0.0121999
259.267 3.04639 -0.0206352
259.267 3.10986 -0.0289876
259.267 3.17333 -0.0372232
259.267 3.23679 -0.0453089
259.267 3.30026 -0.0532123
259.267 3.36373 -0.0609012
259.267 3.42719 -0.068345
259.267 3.49066 -0.0755138
259.267 3.55413 -0.0823784
259.267 3.61759 -0.0889111
259.267 3.68106 -0.095086
259.267 3.74452 -0.100878
259.267 3.80799 -0.106264
259.267 3.87146 -0.111222
259.267 3.93492 -0.115731
259.267 3.99839 -0.119775
259.267 4.06186 -0.123337
259.267 4.12532 -0.126402
259.267 4.18879 -0.128958
259.267 4.25226 -0.130995
259.267 4.31572 -0.132505
259.267 4.37919 -0.13348
259.267 4.44266 -0.133919
259.267 4.50612 -0.133818
259.267 4.56959 -0.133178
259.267 4.63306 -0.132002
259.267 4.69652 -0.130295
259.267 4.75999 -0.128062
259.267 4.82346 -0.125314
259.267 4.88692 -0.122062
259.267 4.95039 -0.118318
259.267 5.01385 -0.114098
259.267 5.07732 -0.109418
259.267 5.14079 -0.104297
259.267 5.20425 -0.098757
259.267 5.26772 -0.092819
259.267 5.33119 -0.0865072
259.267 5.39465 -0.0798471
259.267 5.45812 -0.0728655
259.267 5.52159 -0.0655904
259.267 5.58505 -0.0580514
259.267 5.64852 -0.0502785
259.267 5.71199 -0.0423031
259.267 5.77545 -0.0341576
259.267 5.83892 -0.0258742
259.267 5.90239 -0.0174869
259.267 5.96585 -0.00902895
259.267 6.02932 -0.000534845
259.267 6.09279 0.00796151
259.267 6.15625 0.0164258
259.267 6.21972 0.024824
259.267 6.28319 0.0331222
260.268 0 -0.241997
260.268 0.0634665 -0.233566
260.268 0.126933 -0.224194
260.268 0.1904 -0.213919
260.268 0.253866 -0.202784
260.268 0.317333 -0.190831
260.268 0.380799 -0.178111
260.268 0.444266 -0.164673
260.268 0.507732 -0.150572
260.268 0.571199 -0.135864
260.268 0.634665 -0.12061
260.268 0.698132 -0.10487
260.268 0.761598 -0.0887074
260.268 0.825065 -0.0721878
260.268 0.888531 -0.0553776
260.268 0.951998 -0.0383445
260.268 1.01546 -0.0211568
260.268 1.07893 -0.00388393
260.268 1.1424 0.0134043
260.268 1.20586 0.030639
260.268 1.26933 0.0477499
260.268 1.3328 0.0646688
260.268 1.39626 0.0813272
260.268 1.45973 0.0976582
260.268 1.5232 0.113596
260.268 1.58666 0.129076
260.268 1.65013 0.144037
260.268 1.7136 0.158417
260.268 1.77706 0.17216
260.268 1.84053 0.185209
260.268 1.904 0.197513
260.268 1.96746 0.209021
260.268 2.03093 0.219688
260.268 2.0944 0.22947
260.268 2.15786 0.238328
260.268 2.22133 0.246227
260.268 2.28479 0.253134
260.268 2.34826 0.259021
260.268 2.41173 0.263866
260.268 2.47519 0.267649
260.268 2.53866 0.270353
260.268 2.60213 0.271969
260.268 2.66559 0.27249
260.268 2.72906 0.271913
260.268 2.79253 0.270242
260.268 2.85599 0.267482
260.268 2.91946 0.263645
260.268 2.98293 0.258748
260.268 3.04639 0.252807
260.268 3.10986 0.245849
260.268 3.17333 0.237901
260.268 3.23679 0.228995
260.268 3.30026 0.219167
260.268 3.36373 0.208457
260.268 3.42719 0.196907
260.268 3.49066 0.184564
260.268 3.55413 0.171478
260.268 3.61759 0.157702
260.268 3.68106 0.14329
260.268 3.74452 0.128302
260.268 3.80799 0.112797
260.268 3.87146 0.0968374
260.268 3.93492 0.0804881
260.268 3.99839 0.063815
260.268 4.06186 0.0468846
260.268 4.12532 0.0297658
260.268 4.18879 0.0125267
260.268 4.25226 -0.00476259
260.268 4.31572 -0.0220326
260.268 4.37919 -0.0392143
260.268 4.44266 -0.0562377
260.268 4.50612 -0.0730345
260.268 4.56959 -0.0895377
260.268 4.63306 -0.10568
260.268 4.69652 -0.121397
260.268 4.75999 -0.136625
260.268 4.82346 -0.151303
260.268 4.88692 -0.165372
260.268 4.95039 -0.178775
260.268 5.01385 -0.191458
260.268 5.07732 -0.20337
260.268 5.14079 -0.214463
260.268 5.20425 -0.224692
260.268 5.26772 -0.234017
260.268 5.33119 -0.242399
260.268 5.39465 -0.249806
260.268 5.45812 -0.256207
260.268 5.52159 -0.261575
260.268 5.58505 -0.265891
260.268 5.64852 -0.269136
260.268 5.71199 -0.271297
260.268 5.77545 -0.272366
260.268 5.83892 -0.272338
260.268 5.90239 -0.271214
260.268 5.96585 -0.268997
260.268 6.02932 -0.265698
260.268 6.09279 -0.261328
260.268 6.15625 -0.255906
260.268 6.21972 -0.249454
260.268 6.28319 -0.241997
261.269 0 -0.242991
261.269 0.0634665 -0.277403
261.269 0.126933 -0.310697
261.269 0.1904 -0.342741
261.269 0.253866 -0.373404
261.269 0.317333 -0.402564
261.269 0.380799 -0.430103
261.269 0.444266 -0.45591
261.269 0.507732 -0.479882
261.269 0.571199 -0.50192
261.269 0.634665 -0.521938
261.269 0.698132 -0.539854
261.269 0.761598 -0.555597
261.269 0.825065 -0.569102
261.269 0.888531 -0.580316
261.269 0.951998 -0.589193
261.269 1.01546 -0.595698
261.269 1.07893 -0.599803
261.269 1.1424 -0.601494
261.269 1.20586 -0.600762
261.269 1.26933 -0.597612
261.269 1.3328 -0.592055
261.269 1.39626 -0.584115
261.269 1.45973 -0.573821
261.269 1.5232 -0.561218
261.269 1.58666 -0.546354
261.269 1.65013 -0.529292
261.269 1.7136 -0.510097
261.269 1.77706 -0.488848
261.269 1.84053 -0.465632
261.269 1.904 -0.44054
261.269 1.96746 -0.413674
261.269 2.03093 -0.385142
261.269 2.0944 -0.35506
261.269 2.15786 -0.323548
261.269 2.22133 -0.290733
261.269 2.28479 -0.256748
261.269 2.34826 -0.221729
261.269 2.41173 -0.185816
261.269 2.47519 -0.149156
261.269 2.53866 -0.111895
261.269 2.60213 -0.0741835
261.269 2.66559 -0.0361732
261.269 2.72906 0.00198254
261.269 2.79253 0.0401304
261.269 2.85599 0.0781168
261.269 2.91946 0.115789
261.269 2.98293 0.152994
261.269 3.04639 0.189584
261.269 3.10986 0.22541
261.269 3.17333 0.260328
261.269 3.23679 0.294198
261.269 3.30026 0.326884
261.269 3.36373 0.358253
261.269 3.42719 0.38818
261.269 3.49066 0.416544
261.269 3.55413 0.44323
261.269 3.61759 0.468132
261.269 3.68106 0.491148
261.269 3.74452 0.512188
261.269 3.80799 0.531164
261.269 3.87146 0.548002
261.269 3.93492 0.562633
261.269 3.99839 0.574999
261.269 4.06186 0.585049
261.269 4.12532 0.592743
261.269 4.18879 0.598051
261.269 4.25226 0.600951
261.269 4.31572 0.601431
261.269 4.37919 0.599489
261.269 4.44266 0.595133
261.269 4.50612 0.588381
261.269 4.56959 0.57926
261.269 4.63306 0.567805
261.269 4.69652 0.554065
261.269 4.75999 0.538094
261.269 4.82346 0.519956
261.269 4.88692 0.499724
261.269 4.95039 0.47748
261.269 5.01385 0.453314
261.269 5.07732 0.427322
261.269 5.14079 0.399609
261.269 5.20425 0.370287
261.269 5.26772 0.339475
261.269 5.33119 0.307295
261.269 5.39465 0.273878
261.269 5.45812 0.239359
261.269 5.52159 0.203875
261.269 5.58505 0.167571
261.269 5.64852 0.130591
261.269 5.71199 0.0930861
261.269 5.77545 0.0552062
261.269 5.83892 0.0171039
261.269 5.90239 -0.0210671
261.269 5.96585 -0.0591534
261.269 6.02932 -0.0970016
261.269 6.09279 -0.134459
261.269 6.15625 -0.171375
261.269 6.21972 -0.207601
261.269 6.28319 -0.242991
262.27 0 0.517125
262.27 0.0634665 0.523984
262.27 0.126933 0.528731
262.27 0.1904 0.53135
262.27 0.253866 0.531828
262.27 0.317333 0.530165
262.27 0.380799 0.526367
262.27 0.444266 0.520451
262.27 0.507732 0.512439
262.27 0.571199 0.502362
262.27 0.634665 0.490264
262.27 0.698132 0.476191
262.27 0.761598 0.460199
262.27 0.825065 0.442357
262.27 0.888531 0.422731
262.27 0.951998 0.401405
262.27 1.01546 0.378461
262.27 1.07893 0.353994
262.27 1.1424 0.328102
262.27 1.20586 0.300888
262.27 1.26933 0.272462
262.27 1.3328 0.24294
262.27 1.39626 0.212439
262.27 1.45973 0.181083
262.27 1.5232 0.148998
262.27 1.58666 0.116313
262.27 1.65013 0.0831592
262.27 1.7136 0.0496708
262.27 1.77706 0.0159823
262.27 1.84053 -0.0177705
262.27 1.904 -0.0514517
262.27 1.96746 -0.0849258
262.27 2.03093 -0.118058
262.27 2.0944 -0.150715
262.27 2.15786 -0.182765
262.27 2.22133 -0.214078
262.27 2.28479 -0.24453
262.27 2.34826 -0.273997
262.27 2.41173 -0.302361
262.27 2.47519 -0.329508
262.27 2.53866 -0.355328
262.27 2.60213 -0.379717
262.27 2.66559 -0.402576
262.27 2.72906 -0.423815
262.27 2.79253 -0.443347
262.27 2.85599 -0.461095
262.27 2.91946 -0.476985
262.27 2.98293 -0.490954
262.27 3.04639 -0.502948
262.27 3.10986 -0.512916
262.27 3.17333 -0.520818
262.27 3.23679 -0.526623
262.27 3.30026 -0.530307
262.27 3.36373 -0.531857
262.27 3.42719 -0.531264
262.27 3.49066 -0.528533
262.27 3.55413 -0.523674
262.27 3.61759 -0.516704
262.27 3.68106 -0.507656
262.27 3.74452 -0.496563
262.27 3.80799 -0.48347
262.27 3.87146 -0.468431
262.27 3.93492 -0.451506
262.27 3.99839 -0.432762
262.27 4.06186 -0.412275
262.27 4.12532 -0.39013
262.27 4.18879 -0.366412
262.27 4.25226 -0.34122
262.27 4.31572 -0.314653
262.27 4.37919 -0.286819
262.27 4.44266 -0.257831
262.27 4.50612 -0.227804
262.27 4.56959 -0.19686
262.27 4.63306 -0.165124
262.27 4.69652 -0.132722
262.27 4.75999 -0.0997862
262.27 4.82346 -0.0664485
262.27 4.88692 -0.0328432
262.27 4.95039 0.00089447
262.27 5.01385 0.0346285
262.27 5.07732 0.0682232
262.27 5.14079 0.101543
262.27 5.20425 0.134454
262.27 5.26772 0.166824
262.27 5.33119 0.198522
262.27 5.39465 0.22942
262.27 5.45812 0.259394
262.27 5.52159 0.288325
262.27 5.58505 0.316094
262.27 5.64852 0.34259
262.27 5.71199 0.367707
262.27 5.77545 0.391343
262.27 5.83892 0.413404
262.27 5.90239 0.4338
262.27 5.96585 0.452449
262.27 6.02932 0.469276
262.27 6.09279 0.484213
262.27 6.15625 0.497201
262.27 6.21972 0.508187
262.27 6.28319 0.517126
263.271 0 -0.108655
263.271 0.0634665 -0.113406
263.271 0.126933 -0.117699
263.271 0.1904 -0.121519
263.271 0.253866 -0.12485
263.271 0.317333 -0.127678
263.271 0.380799 -0.129991
263.271 0.444266 -0.131782
263.271 0.507732 -0.133041
263.271 0.571199 -0.133765
263.271 0.634665 -0.13395
263.271 0.698132 -0.133596
263.271 0.761598 -0.132704
263.271 0.825065 -0.131278
263.271 0.888531 -0.129323
263.271 0.951998 -0.126847
263.271 1.01546 -0.12386
263.271 1.07893 -0.120375
263.271 1.1424 -0.116405
263.271 1.20586 -0.111967
263.271 1.26933 -0.107077
263.271 1.3328 -0.101756
263.271 1.39626 -0.0960258
263.271 1.45973 -0.0899085
263.271 1.5232 -0.0834294
263.271 1.58666 -0.0766145
263.271 1.65013 -0.069491
263.271 1.7136 -0.0620877
263.271 1.77706 -0.0544344
263.271 1.84053 -0.0465616
263.271 1.904 -0.0385014
263.271 1.96746 -0.0302865
263.271 2.03093 -0.0219494
263.271 2.0944 -0.0135242
263.271 2.15786 -0.00504403
263.271 2.22133 0.00345626
263.271 2.28479 0.0119425
263.271 2.34826 0.0203807
263.271 2.41173 0.0287367
263.271 2.47519 0.0369771
263.271 2.53866 0.0450687
263.271 2.60213 0.0529787
263.271 2.66559 0.0606752
263.271 2.72906 0.068128
263.271 2.79253 0.0753057
263.271 2.85599 0.0821806
263.271 2.91946 0.0887246
263.271 2.98293 0.0949114
263.271 3.04639 0.100716
263.271 3.10986 0.106115
263.271 3.17333 0.111086
263.271 3.23679 0.115611
263.271 3.30026 0.11967
263.271 3.36373 0.123247
263.271 3.42719 0.126327
263.271 3.49066 0.128899
263.271 3.55413 0.130952
263.271 3.61759 0.132478
263.271 3.68106 0.13347
263.271 3.74452 0.133925
263.271 3.80799 0.133841
263.271 3.87146 0.133217
263.271 3.93492 0.132057
263.271 3.99839 0.130366
263.271 4.06186 0.128149
263.271 4.12532 0.125417
263.271 4.18879 0.122179
263.271 4.25226 0.11845
263.271 4.31572 0.114243
263.271 4.37919 0.109577
263.271 4.44266 0.104469
263.271 4.50612 0.0989411
263.271 4.56959 0.0930141
263.271 4.63306 0.0867128
263.271 4.69652 0.0800626
263.271 4.75999 0.0730896
263.271 4.82346 0.0658223
263.271 4.88692 0.0582902
263.271 4.95039 0.0505232
263.271 5.01385 0.0425531
263.271 5.07732 0.0344117
263.271 5.14079 0.026131
263.271 5.20425 0.0177453
263.271 5.26772 0.00928861
263.271 5.33119 0.000794192
263.271 5.39465 -0.00770345
263.271 5.45812 -0.0161696
263.271 5.52159 -0.024571
263.271 5.58505 -0.0328735
263.271 5.64852 -0.0410435
263.271 5.71199 -0.0490484
263.271 5.77545 -0.0568558
263.271 5.83892 -0.0644342
263.271 5.90239 -0.071753
263.271 5.96585 -0.078783
263.271 6.02932 -0.0854958
263.271 6.09279 -0.0918643
263.271 6.15625 -0.0978628
263.271 6.21972 -0.103467
263.271 6.28319 -0.108655
264.272 0 -0.38799
264.272 0.0634665 -0.404789
264.272 0.126933 -0.419959
264.272 0.1904 -0.433437
264.272 0.253866 -0.44517
264.272 0.317333 -0.45511
264.272 0.380799 -0.463218
264.272 0.444266 -0.469461
264.272 0.507732 -0.473813
264.272 0.571199 -0.476258
264.272 0.634665 -0.476784
264.272 0.698132 -0.475391
264.272 0.761598 -0.472084
264.272 0.825065 -0.466876
264.272 0.888531 -0.459787
264.272 0.951998 -0.450847
264.272 1.01546 -0.440093
264.272 1.07893 -0.427565
264.272 1.1424 -0.413316
264.272 1.20586 -0.397403
264.272 1.26933 -0.37989
264.272 1.3328 -0.360847
264.272 1.39626 -0.340351
264.272 1.45973 -0.318485
264.272 1.5232 -0.295336
264.272 1.58666 -0.270998
264.272 1.65013 -0.245569
264.272 1.7136 -0.21915
264.272 1.77706 -0.19185
264.272 1.84053 -0.163777
264.272 1.904 -0.135044
264.272 1.96746 -0.105768
264.272 2.03093 -0.0760658
264.272 2.0944 -0.0460572
264.272 2.15786 -0.0158633
264.272 2.22133 0.0143945
264.272 2.28479 0.0445944
264.272 2.34826 0.0746146
264.272 2.41173 0.104335
264.272 2.47519 0.133634
264.272 2.53866 0.162396
264.272 2.60213 0.190504
264.272 2.66559 0.217844
264.272 2.72906 0.244308
264.272 2.79253 0.269787
264.272 2.85599 0.294181
264.272 2.91946 0.31739
264.272 2.98293 0.33932
264.272 3.04639 0.359885
264.272 3.10986 0.379
264.272 3.17333 0.396589
264.272 3.23679 0.412582
264.272 3.30026 0.426913
264.272 3.36373 0.439525
264.272 3.42719 0.450367
264.272 3.49066 0.459396
264.272 3.55413 0.466574
264.272 3.61759 0.471875
264.272 3.68106 0.475274
264.272 3.74452 0.47676
264.272 3.80799 0.476327
264.272 3.87146 0.473976
264.272 3.93492 0.469716
264.272 3.99839 0.463564
264.272 4.06186 0.455546
264.272 4.12532 0.445694
264.272 4.18879 0.434047
264.272 4.25226 0.420653
264.272 4.31572 0.405564
264.272 4.37919 0.388843
264.272 4.44266 0.370556
264.272 4.50612 0.350776
264.272 4.56959 0.329584
264.272 4.63306 0.307065
264.272 4.69652 0.28331
264.272 4.75999 0.258413
264.272 4.82346 0.232476
264.272 4.88692 0.205604
264.272 4.95039 0.177903
264.272 5.01385 0.149486
264.272 5.07732 0.120467
264.272 5.14079 0.0909625
264.272 5.20425 0.0610922
264.272 5.26772 0.0309758
264.272 5.33119 0.000734648
264.272 5.39465 -0.0295094
264.272 5.45812 -0.0596344
264.272 5.52159 -0.0895196
264.272 5.58505 -0.119044
264.272 5.64852 -0.14809
264.272 5.71199 -0.176539
264.272 5.77545 -0.204277
264.272 5.83892 -0.231192
264.272 5.90239 -0.257177
264.272 5.96585 -0.282126
264.272 6.02932 -0.305939
264.272 6.09279 -0.328521
264.272 6.15625 -0.349779
264.272 6.21972 -0.369629
264.272 6.28319 -0.38799
265.273 0 -0.145795
265.273 0.0634665 -0.144228
265.273 0.126933 -0.142081
265.273 0.1904 -0.139362
265.273 0.253866 -0.136082
265.273 0.317333 -0.132253
265.273 0.380799 -0.127893
265.273 0.444266 -0.123017
265.273 0.507732 -0.117646
265.273 0.571199 -0.1118
265.273 0.634665 -0.105506
265.273 0.698132 -0.0987857
265.273 0.761598 -0.0916681
265.273 0.825065 -0.0841813
265.273 0.888531 -0.0763555
265.273 0.951998 -0.0682223
265.273 1.01546 -0.0598144
265.273 1.07893 -0.0511655
265.273 1.1424 -0.0423107
265.273 1.20586 -0.0332856
265.273 1.26933 -0.0241264
265.273 1.3328 -0.0148701
265.273 1.39626 -0.00555388
265.273 1.45973 0.00378472
265.273 1.5232 0.013108
265.273 1.58666 0.0223785
265.273 1.65013 0.0315592
265.273 1.7136 0.0406125
265.273 1.77706 0.0495023
265.273 1.84053 0.0581928
265.273 1.904 0.0666487
265.273 1.96746 0.0748367
265.273 2.03093 0.0827232
265.273 2.0944 0.0902765
265.273 2.15786 0.0974664
265.273 2.22133 0.104264
265.273 2.28479 0.110641
265.273 2.34826 0.116574
265.273 2.41173 0.122036
265.273 2.47519 0.127007
265.273 2.53866 0.131467
265.273 2.60213 0.135398
265.273 2.66559 0.138783
265.273 2.72906 0.141609
265.273 2.79253 0.143866
265.273 2.85599 0.145543
265.273 2.91946 0.146634
265.273 2.98293 0.147134
265.273 3.04639 0.147042
265.273 3.10986 0.146358
265.273 3.17333 0.145084
265.273 3.23679 0.143227
265.273 3.30026 0.140793
265.273 3.36373 0.137791
265.273 3.42719 0.134235
265.273 3.49066 0.130139
265.273 3.55413 0.125518
265.273 3.61759 0.120392
265.273 3.68106 0.114781
265.273 3.74452 0.108708
265.273 3.80799 0.102197
265.273 3.87146 0.0952748
265.273 3.93492 0.0879688
265.273 3.99839 0.0803087
265.273 4.06186 0.0723253
265.273 4.12532 0.0640505
265.273 4.18879 0.055518
265.273 4.25226 0.0467617
265.273 4.31572 0.0378172
265.273 4.37919 0.0287205
265.273 4.44266 0.0195083
265.273 4.50612 0.0102173
265.273 4.56959 0.000885124
265.273 4.63306 -0.00845058
265.273 4.69652 -0.0177521
265.273 4.75999 -0.0269825
265.273 4.82346 -0.036104
265.273 4.88692 -0.04508
265.273 4.95039 -0.0538747
265.273 5.01385 -0.0624524
265.273 5.07732 -0.0707786
265.273 5.14079 -0.0788198
265.273 5.20425 -0.0865436
265.273 5.26772 -0.0939188
265.273 5.33119 -0.100916
265.273 5.39465 -0.107507
265.273 5.45812 -0.113665
265.273 5.52159 -0.119365
265.273 5.58505 -0.124584
265.273 5.64852 -0.129303
265.273 5.71199 -0.1335
265.273 5.77545 -0.13716
265.273 5.83892 -0.140267
265.273 5.90239 -0.14281
265.273 5.96585 -0.144777
265.273 6.02932 -0.146162
265.273 6.09279 -0.146958
265.273 6.15625 -0.147162
265.273 6.21972 -0.146774
265.273 6.28319 -0.145794
266.274 0 0.118671
266.274 0.0634665 0.129412
266.274 0.126933 0.139632
266.274 0.1904 0.14929
266.274 0.253866 0.158347
266.274 0.317333 0.166766
266.274 0.380799 0.174514
266.274 0.444266 0.181559
266.274 0.507732 0.187873
266.274 0.571199 0.19343
266.274 0.634665 0.198209
266.274 0.698132 0.202189
266.274 0.761598 0.205356
266.274 0.825065 0.207695
266.274 0.888531 0.209198
266.274 0.951998 0.209859
266.274 1.01546 0.209675
266.274 1.07893 0.208646
266.274 1.1424 0.206777
266.274 1.20586 0.204076
266.274 1.26933 0.200553
266.274 1.3328 0.196222
266.274 1.39626 0.191101
266.274 1.45973 0.185211
266.274 1.5232 0.178575
266.274 1.58666 0.17122
266.274 1.65013 0.163176
266.274 1.7136 0.154474
266.274 1.77706 0.14515
266.274 1.84053 0.135242
266.274 1.904 0.12479
266.274 1.96746 0.113834
266.274 2.03093 0.102421
266.274 2.0944 0.0905947
266.274 2.15786 0.0784042
266.274 2.22133 0.0658978
266.274 2.28479 0.053126
266.274 2.34826 0.0401403
266.274 2.41173 0.0269931
266.274 2.47519 0.013737
266.274 2.53866 0.000425583
266.274 2.60213 -0.0128874
266.274 2.66559 -0.0261486
266.274 2.72906 -0.0393044
266.274 2.79253 -0.0523019
266.274 2.85599 -0.0650891
266.274 2.91946 -0.0776139
266.274 2.98293 -0.0898262
266.274 3.04639 -0.101677
266.274 3.10986 -0.113118
266.274 3.17333 -0.124104
266.274 3.23679 -0.13459
266.274 3.30026 -0.144534
266.274 3.36373 -0.153896
266.274 3.42719 -0.162639
266.274 3.49066 -0.170726
266.274 3.55413 -0.178126
266.274 3.61759 -0.184809
266.274 3.68106 -0.190748
266.274 3.74452 -0.195918
266.274 3.80799 -0.2003
266.274 3.87146 -0.203875
266.274 3.93492 -0.20663
266.274 3.99839 -0.208552
266.274 4.06186 -0.209634
266.274 4.12532 -0.209873
266.274 4.18879 -0.209266
266.274 4.25226 -0.207816
266.274 4.31572 -0.20553
266.274 4.37919 -0.202416
266.274 4.44266 -0.198487
266.274 4.50612 -0.193759
266.274 4.56959 -0.188251
266.274 4.63306 -0.181985
266.274 4.69652 -0.174986
266.274 4.75999 -0.167282
266.274 4.82346 -0.158905
266.274 4.88692 -0.149888
266.274 4.95039 -0.140267
266.274 5.01385 -0.130081
266.274 5.07732 -0.119372
266.274 5.14079 -0.108182
266.274 5.20425 -0.0965563
266.274 5.26772 -0.0845421
266.274 5.33119 -0.0721874
266.274 5.39465 -0.0595419
266.274 5.45812 -0.0466566
266.274 5.52159 -0.0335836
266.274 5.58505 -0.0203752
266.274 5.64852 -0.00708491
266.274 5.71199 0.00623401
266.274 5.77545 0.0195279
266.274 5.83892 0.032743
266.274 5.90239 0.0458263
266.274 5.96585 0.058725
266.274 6.02932 0.0713875
266.274 6.09279 0.0837623
266.274 6.15625 0.0957998
266.274 6.21972 0.107452
266.274 6.28319 0.118671
267.275 0 -0.0869785
267.275 0.0634665 -0.0931142
267.275 0.126933 -0.0988748
267.275 0.1904 -0.104237
267.275 0.253866 -0.10918
267.275 0.317333 -0.113684
267.275 0.380799 -0.117729
267.275 0.444266 -0.121301
267.275 0.507732 -0.124384
267.275 0.571199 -0.126966
267.275 0.634665 -0.129037
267.275 0.698132 -0.130588
267.275 0.761598 -0.131613
267.275 0.825065 -0.132109
267.275 0.888531 -0.132073
267.275 0.951998 -0.131504
267.275 1.01546 -0.130406
267.275 1.07893 -0.128784
267.275 1.1424 -0.126642
267.275 1.20586 -0.123991
267.275 1.26933 -0.12084
267.275 1.3328 -0.117203
267.275 1.39626 -0.113094
267.275 1.45973 -0.108529
267.275 1.5232 -0.103528
267.275 1.58666 -0.0981092
267.275 1.65013 -0.0922958
267.275 1.7136 -0.0861108
267.275 1.77706 -0.0795788
267.275 1.84053 -0.0727265
267.275 1.904 -0.0655814
267.275 1.96746 -0.0581722
267.275 2.03093 -0.0505288
267.275 2.0944 -0.0426818
267.275 2.15786 -0.034663
267.275 2.22133 -0.0265047
267.275 2.28479 -0.0182396
267.275 2.34826 -0.00990111
267.275 2.41173 -0.0015228
267.275 2.47519 0.00686174
267.275 2.53866 0.0152187
267.275 2.60213 0.0235142
267.275 2.66559 0.0317153
267.275 2.72906 0.0397884
267.275 2.79253 0.0477013
267.275 2.85599 0.0554223
267.275 2.91946 0.0629201
267.275 2.98293 0.0701646
267.275 3.04639 0.0771265
267.275 3.10986 0.0837776
267.275 3.17333 0.0900917
267.275 3.23679 0.0960429
267.275 3.30026 0.101607
267.275 3.36373 0.106763
267.275 3.42719 0.111488
267.275 3.49066 0.115765
267.275 3.55413 0.119575
267.275 3.61759 0.122904
267.275 3.68106 0.125738
267.275 3.74452 0.128066
267.275 3.80799 0.129878
267.275 3.87146 0.131167
267.275 3.93492 0.131928
267.275 3.99839 0.132157
267.275 4.06186 0.131855
267.275 4.12532 0.131021
267.275 4.18879 0.12966
267.275 4.25226 0.127777
267.275 4.31572 0.12538
267.275 4.37919 0.122477
267.275 4.44266 0.119081
267.275 4.50612 0.115206
267.275 4.56959 0.110867
267.275 4.63306 0.106082
267.275 4.69652 0.100869
267.275 4.75999 0.0952506
267.275 4.82346 0.0892481
267.275 4.88692 0.0828865
267.275 4.95039 0.0761911
267.275 5.01385 0.0691888
267.275 5.07732 0.061908
267.275 5.14079 0.0543778
267.275 5.20425 0.0466288
267.275 5.26772 0.0386919
267.275 5.33119 0.0305993
267.275 5.39465 0.0223834
267.275 5.45812 0.0140776
267.275 5.52159 0.00571491
267.275 5.58505 -0.00267089
267.275 5.64852 -0.0110457
267.275 5.71199 -0.0193763
267.275 5.77545 -0.0276286
267.275 5.83892 -0.0357698
267.275 5.90239 -0.0437669
267.275 5.96585 -0.0515878
267.275 6.02932 -0.059201
267.275 6.09279 -0.0665759
267.275 6.15625 -0.0736825
267.275 6.21972 -0.0804925
267.275 6.28319 -0.0869784
268.276 0 0.0869898
268.276 0.0634665 0.0914262
268.276 0.126933 0.0954938
268.276 0.1904 0.0991772
268.276 0.253866 0.102462
268.276 0.317333 0.105333
268.276 0.380799 0.10778
268.276 0.444266 0.109794
268.276 0.507732 0.111365
268.276 0.571199 0.112488
268.276 0.634665 0.113158
268.276 0.698132 0.113372
268.276 0.761598 0.11313
268.276 0.825065 0.112432
268.276 0.888531 0.111282
268.276 0.951998 0.109683
268.276 1.01546 0.107643
268.276 1.07893 0.105169
268.276 1.1424 0.102272
268.276 1.20586 0.098963
268.276 1.26933 0.0952555
268.276 1.3328 0.0911645
268.276 1.39626 0.0867062
268.276 1.45973 0.0818992
268.276 1.5232 0.0767621
268.276 1.58666 0.071316
268.276 1.65013 0.0655826
268.276 1.7136 0.0595853
268.276 1.77706 0.053348
268.276 1.84053 0.0468959
268.276 1.904 0.040255
268.276 1.96746 0.033452
268.276 2.03093 0.0265142
268.276 2.0944 0.0194697
268.276 2.15786 0.0123468
268.276 2.22133 0.00517419
268.276 2.28479 -0.00201918
268.276 2.34826 -0.00920445
268.276 2.41173 -0.0163527
268.276 2.47519 -0.0234352
268.276 2.53866 -0.0304233
268.276 2.60213 -0.0372887
268.276 2.66559 -0.0440041
268.276 2.72906 -0.0505423
268.276 2.79253 -0.0568771
268.276 2.85599 -0.0629827
268.276 2.91946 -0.0688347
268.276 2.98293 -0.0744095
268.276 3.04639 -0.0796849
268.276 3.10986 -0.0846394
268.276 3.17333 -0.0892528
268.276 3.23679 -0.0935069
268.276 3.30026 -0.0973848
268.276 3.36373 -0.10087
268.276 3.42719 -0.10395
268.276 3.49066 -0.10661
268.276 3.55413 -0.108842
268.276 3.61759 -0.110635
268.276 3.68106 -0.111983
268.276 3.74452 -0.11288
268.276 3.80799 -0.113322
268.276 3.87146 -0.113308
268.276 3.93492 -0.112838
268.276 3.99839 -0.111913
268.276 4.06186 -0.110538
268.276 4.12532 -0.108718
268.276 4.18879 -0.106459
268.276 4.25226 -0.103773
268.276 4.31572 -0.100668
268.276 4.37919 -0.0971582
268.276 4.44266 -0.0932568
268.276 4.50612 -0.0889801
268.276 4.56959 -0.0843452
268.276 4.63306 -0.0793706
268.276 4.69652 -0.0740763
268.276 4.75999 -0.0684838
268.276 4.82346 -0.0626156
268.276 4.88692 -0.0564952
268.276 4.95039 -0.0501473
268.276 5.01385 -0.0435974
268.276 5.07732 -0.0368721
268.276 5.14079 -0.0299982
268.276 5.20425 -0.0230035
268.276 5.26772 -0.0159164
268.276 5.33119 -0.00876498
268.276 5.39465 -0.00157828
268.276 5.45812 0.00561471
268.276 5.52159 0.012785
268.276 5.58505 0.019904
268.276 5.64852 0.0269426
268.276 5.71199 0.033873
268.276 5.77545 0.0406668
268.276 5.83892 0.0472971
268.276 5.90239 0.0537369
268.276 5.96585 0.0599599
268.276 6.02932 0.0659419
268.276 6.09279 0.0716582
268.276 6.15625 0.077086
268.276 6.21972 0.0822035
268.276 6.28319 0.0869898
269.277 0 -0.451284
269.277 0.0634665 -0.442603
269.277 0.126933 -0.432139
269.277 0.1904 -0.419936
269.277 0.253866 -0.406041
269.277 0.317333 -0.390511
269.277 0.380799 -0.373409
269.277 0.444266 -0.354804
269.277 0.507732 -0.334769
269.277 0.571199 -0.313387
269.277 0.634665 -0.290742
269.277 0.698132 -0.266928
269.277 0.761598 -0.242038
269.277 0.825065 -0.216173
269.277 0.888531 -0.189439
269.277 0.951998 -0.161941
269.277 1.01546 -0.133791
269.277 1.07893 -0.105103
269.277 1.1424 -0.0759913
269.277 1.20586 -0.0465736
269.277 1.26933 -0.0169684
269.277 1.3328 0.012705
269.277 1.39626 0.0423275
269.277 1.45973 0.0717792
269.277 1.5232 0.100942
269.277 1.58666 0.129698
269.277 1.65013 0.157933
269.277 1.7136 0.185531
269.277 1.77706 0.212382
269.277 1.84053 0.238378
269.277 1.904 0.263415
269.277 1.96746 0.287389
269.277 2.03093 0.310208
269.277 2.0944 0.331777
269.277 2.15786 0.35201
269.277 2.22133 0.370826
269.277 2.28479 0.388148
269.277 2.34826 0.403908
269.277 2.41173 0.418041
269.277 2.47519 0.430491
269.277 2.53866 0.441207
269.277 2.60213 0.450147
269.277 2.66559 0.457275
269.277 2.72906 0.462561
269.277 2.79253 0.465985
269.277 2.85599 0.467531
269.277 2.91946 0.467196
269.277 2.98293 0.464979
269.277 3.04639 0.46089
269.277 3.10986 0.454945
269.277 3.17333 0.447169
269.277 3.23679 0.437591
269.277 3.30026 0.426252
269.277 3.36373 0.413196
269.277 3.42719 0.398477
269.277 3.49066 0.382153
269.277 3.55413 0.36429
269.277 3.61759 0.34496
269.277 3.68106 0.324241
269.277 3.74452 0.302217
269.277 3.80799 0.278976
269.277 3.87146 0.254611
269.277 3.93492 0.229221
269.277 3.99839 0.202908
269.277 4.06186 0.175778
269.277 4.12532 0.147941
269.277 4.18879 0.119507
269.277 4.25226 0.0905926
269.277 4.31572 0.0613132
269.277 4.37919 0.031787
269.277 4.44266 0.00213284
269.277 4.50612 -0.02753
269.277 4.56959 -0.0570819
269.277 4.63306 -0.0864042
269.277 4.69652 -0.115378
269.277 4.75999 -0.143888
269.277 4.82346 -0.171818
269.277 4.88692 -0.199057
269.277 4.95039 -0.225494
269.277 5.01385 -0.251023
269.277 5.07732 -0.275541
269.277 5.14079 -0.298949
269.277 5.20425 -0.321154
269.277 5.26772 -0.342066
269.277 5.33119 -0.3616
269.277 5.39465 -0.379678
269.277 5.45812 -0.396228
269.277 5.52159 -0.411181
269.277 5.58505 -0.42448
269.277 5.64852 -0.436069
269.277 5.71199 -0.445902
269.277 5.77545 -0.45394
269.277 5.83892 -0.46015
269.277 5.90239 -0.464507
269.277 5.96585 -0.466993
269.277 6.02932 -0.467599
269.277 6.09279 -0.466322
269.277 6.15625 -0.463168
269.277 6.21972 -0.458148
269.277 6.28319 -0.451284
270.278 0 -0.159225
270.278 0.0634665 -0.167893
270.278 0.126933 -0.175884
270.278 0.1904 -0.183167
270.278 0.253866 -0.189713
270.278 0.317333 -0.195495
270.278 0.380799 -0.200489
270.278 0.444266 -0.204677
270.278 0.507732 -0.20804
270.278 0.571199 -0.210565
270.278 0.634665 -0.212243
270.278 0.698132 -0.213066
270.278 0.761598 -0.213031
270.278 0.825065 -0.212138
270.278 0.888531 -0.210391
270.278 0.951998 -0.207796
270.278 1.01546 -0.204366
270.278 1.07893 -0.200112
270.278 1.1424 -0.195052
270.278 1.20586 -0.189207
270.278 1.26933 -0.1826
270.278 1.3328 -0.175258
270.278 1.39626 -0.16721
270.278 1.45973 -0.158489
270.278 1.5232 -0.14913
270.278 1.58666 -0.13917
270.278 1.65013 -0.12865
270.278 1.7136 -0.117611
270.278 1.77706 -0.1061
270.278 1.84053 -0.0941607
270.278 1.904 -0.0818424
270.278 1.96746 -0.0691949
270.278 2.03093 -0.0562682
270.278 2.0944 -0.0431153
270.278 2.15786 -0.0297887
270.278 2.22133 -0.0163424
270.278 2.28479 -0.00282984
270.278 2.34826 0.0106938
270.278 2.41173 0.0241744
270.278 2.47519 0.0375576
270.278 2.53866 0.0507899
270.278 2.60213 0.0638175
270.278 2.66559 0.076588
270.278 2.72906 0.0890503
270.278 2.79253 0.101154
270.278 2.85599 0.11285
270.278 2.91946 0.124092
270.278 2.98293 0.134834
270.278 3.04639 0.145034
270.278 3.10986 0.154649
270.278 3.17333 0.163641
270.278 3.23679 0.171975
270.278 3.30026 0.179616
270.278 3.36373 0.186534
270.278 3.42719 0.192701
270.278 3.49066 0.198092
270.278 3.55413 0.202685
270.278 3.61759 0.206462
270.278 3.68106 0.209408
270.278 3.74452 0.21151
270.278 3.80799 0.212761
270.278 3.87146 0.213155
270.278 3.93492 0.212691
270.278 3.99839 0.211371
270.278 4.06186 0.209199
270.278 4.12532 0.206185
270.278 4.18879 0.202341
270.278 4.25226 0.197682
270.278 4.31572 0.192227
270.278 4.37919 0.185997
270.278 4.44266 0.179019
270.278 4.50612 0.171321
270.278 4.56959 0.162932
270.278 4.63306 0.153887
270.278 4.69652 0.144222
270.278 4.75999 0.133977
270.278 4.82346 0.123193
270.278 4.88692 0.111912
270.278 4.95039 0.10018
270.278 5.01385 0.0880459
270.278 5.07732 0.0755564
270.278 5.14079 0.062763
270.278 5.20425 0.0497169
270.278 5.26772 0.0364702
270.278 5.33119 0.0230771
270.278 5.39465 0.00959087
270.278 5.45812 -0.00393384
270.278 5.52159 -0.0174427
270.278 5.58505 -0.0308815
270.278 5.64852 -0.044196
270.278 5.71199 -0.0573323
270.278 5.77545 -0.070238
270.278 5.83892 -0.0828607
270.278 5.90239 -0.0951499
270.278 5.96585 -0.107056
270.278 6.02932 -0.118531
270.278 6.09279 -0.129528
270.278 6.15625 -0.140004
270.278 6.21972 -0.149916
270.278 6.28319 -0.159225
271.279 0 0.268628
271.279 0.0634665 0.276048
271.279 0.126933 0.282358
271.279 0.1904 0.28753
271.279 0.253866 0.291545
271.279 0.317333 0.294385
271.279 0.380799 0.29604
271.279 0.444266 0.296503
271.279 0.507732 0.295772
271.279 0.571199 0.29385
271.279 0.634665 0.290745
271.279 0.698132 0.286469
271.279 0.761598 0.28104
271.279 0.825065 0.274479
271.279 0.888531 0.266813
271.279 0.951998 0.258073
271.279 1.01546 0.248293
271.279 1.07893 0.237513
271.279 1.1424 0.225778
271.279 1.20586 0.213133
271.279 1.26933 0.19963
271.279 1.3328 0.185323
271.279 1.39626 0.170269
271.279 1.45973 0.15453
271.279 1.5232 0.138169
271.279 1.58666 0.121252
271.279 1.65013 0.103846
271.279 1.7136 0.0860218
271.279 1.77706 0.0678519
271.279 1.84053 0.0494085
271.279 1.904 0.0307661
271.279 1.96746 0.0119996
271.279 2.03093 -0.00681499
271.279 2.0944 -0.0256021
271.279 2.15786 -0.0442862
271.279 2.22133 -0.0627919
271.279 2.28479 -0.0810449
271.279 2.34826 -0.0989715
271.279 2.41173 -0.116499
271.279 2.47519 -0.133558
271.279 2.53866 -0.15008
271.279 2.60213 -0.165996
271.279 2.66559 -0.181245
271.279 2.72906 -0.195763
271.279 2.79253 -0.209494
271.279 2.85599 -0.222381
271.279 2.91946 -0.234372
271.279 2.98293 -0.24542
271.279 3.04639 -0.255479
271.279 3.10986 -0.264509
271.279 3.17333 -0.272475
271.279 3.23679 -0.279344
271.279 3.30026 -0.285087
271.279 3.36373 -0.289683
271.279 3.42719 -0.293112
271.279 3.49066 -0.295361
271.279 3.55413 -0.296421
271.279 3.61759 -0.296287
271.279 3.68106 -0.29496
271.279 3.74452 -0.292445
271.279 3.80799 -0.288753
271.279 3.87146 -0.283898
271.279 3.93492 -0.2779
271.279 3.99839 -0.270782
271.279 4.06186 -0.262575
271.279 4.12532 -0.253311
271.279 4.18879 -0.243026
271.279 4.25226 -0.231762
271.279 4.31572 -0.219566
271.279 4.37919 -0.206485
271.279 4.44266 -0.192573
271.279 4.50612 -0.177885
271.279 4.56959 -0.162482
271.279 4.63306 -0.146423
271.279 4.69652 -0.129776
271.279 4.75999 -0.112605
271.279 4.82346 -0.0949821
271.279 4.88692 -0.0769757
271.279 4.95039 -0.0586596
271.279 5.01385 -0.0401073
271.279 5.07732 -0.0213935
271.279 5.14079 -0.00259366
271.279 5.20425 0.0162167
271.279 5.26772 0.0349618
271.279 5.33119 0.0535662
271.279 5.39465 0.0719548
271.279 5.45812 0.0900534
271.279 5.52159 0.10779
271.279 5.58505 0.125092
271.279 5.64852 0.14189
271.279 5.71199 0.158118
271.279 5.77545 0.173708
271.279 5.83892 0.188599
271.279 5.90239 0.202731
271.279 5.96585 0.216046
271.279 6.02932 0.228491
271.279 6.09279 0.240017
271.279 6.15625 0.250576
271.279 6.21972 0.260125
271.279 6.28319 0.268628
272.28 0 -0.17283
272.28 0.0634665 -0.186441
272.28 0.126933 -0.199301
272.28 0.1904 -0.211358
272.28 0.253866 -0.222565
272.28 0.317333 -0.232875
272.28 0.380799 -0.242247
272.28 0.444266 -0.250645
272.28 0.507732 -0.258033
272.28 0.571199 -0.264381
272.28 0.634665 -0.269666
272.28 0.698132 -0.273864
272.28 0.761598 -0.276959
272.28 0.825065 -0.27894
272.28 0.888531 -0.279797
272.28 0.951998 -0.279528
272.28 1.01546 -0.278133
272.28 1.07893 -0.275618
272.28 1.1424 -0.271993
272.28 1.20586 -0.267273
272.28 1.26933 -0.261477
272.28 1.3328 -0.254628
272.28 1.39626 -0.246754
272.28 1.45973 -0.237886
272.28 1.5232 -0.22806
272.28 1.58666 -0.217316
272.28 1.65013 -0.205696
272.28 1.7136 -0.193249
272.28 1.77706 -0.180023
272.28 1.84053 -0.166073
272.28 1.904 -0.151454
272.28 1.96746 -0.136225
272.28 2.03093 -0.120447
272.28 2.0944 -0.104184
272.28 2.15786 -0.0875023
272.28 2.22133 -0.070468
272.28 2.28479 -0.0531498
272.28 2.34826 -0.0356175
272.28 2.41173 -0.017942
272.28 2.47519 -0.000194124
272.28 2.53866 0.0175547
272.28 2.60213 0.0352327
272.28 2.66559 0.0527687
272.28 2.72906 0.0700924
272.28 2.79253 0.0871337
272.28 2.85599 0.103824
272.28 2.91946 0.120097
272.28 2.98293 0.135886
272.28 3.04639 0.151127
272.28 3.10986 0.16576
272.28 3.17333 0.179726
272.28 3.23679 0.192968
272.28 3.30026 0.205433
272.28 3.36373 0.217071
272.28 3.42719 0.227835
272.28 3.49066 0.237681
272.28 3.55413 0.24657
272.28 3.61759 0.254467
272.28 3.68106 0.261339
272.28 3.74452 0.267158
272.28 3.80799 0.271901
272.28 3.87146 0.275551
272.28 3.93492 0.27809
272.28 3.99839 0.279509
272.28 4.06186 0.279804
272.28 4.12532 0.27897
272.28 4.18879 0.277015
272.28 4.25226 0.273944
272.28 4.31572 0.269769
272.28 4.37919 0.264508
272.28 4.44266 0.258183
272.28 4.50612 0.250817
272.28 4.56959 0.242442
272.28 4.63306 0.23309
272.28 4.69652 0.2228
272.28 4.75999 0.211613
272.28 4.82346 0.199573
272.28 4.88692 0.18673
272.28 4.95039 0.173135
272.28 5.01385 0.158843
272.28 5.07732 0.143912
272.28 5.14079 0.1284
272.28 5.20425 0.112372
272.28 5.26772 0.0958916
272.28 5.33119 0.0790249
272.28 5.39465 0.0618399
272.28 5.45812 0.044406
272.28 5.52159 0.0267933
272.28 5.58505 0.00907258
272.28 5.64852 -0.00868463
272.28 5.71199 -0.0264068
272.28 5.77545 -0.0440227
272.28 5.83892 -0.0614615
272.28 5.90239 -0.0786525
272.28 5.96585 -0.095527
272.28 6.02932 -0.112017
272.28 6.09279 -0.128056
272.28 6.15625 -0.143579
272.28 6.21972 -0.158524
272.28 6.28319 -0.17283
273.281 0 0.278154
273.281 0.0634665 0.296794
273.281 0.126933 0.314238
273.281 0.1904 0.330418
273.281 0.253866 0.345267
273.281 0.317333 0.358725
273.281 0.380799 0.37074
273.281 0.444266 0.381261
273.281 0.507732 0.390247
273.281 0.571199 0.397662
273.281 0.634665 0.403476
273.281 0.698132 0.407664
273.281 0.761598 0.410212
273.281 0.825065 0.411107
273.281 0.888531 0.410348
273.281 0.951998 0.407935
273.281 1.01546 0.40388
273.281 1.07893 0.3982
273.281 1.1424 0.390915
273.281 1.20586 0.382057
273.281 1.26933 0.371659
273.281 1.3328 0.359766
273.281 1.39626 0.346424
273.281 1.45973 0.331687
273.281 1.5232 0.315614
273.281 1.58666 0.298271
273.281 1.65013 0.279726
273.281 1.7136 0.260056
273.281 1.77706 0.239337
273.281 1.84053 0.217655
273.281 1.904 0.195098
273.281 1.96746 0.171753
273.281 2.03093 0.147718
273.281 2.0944 0.123088
273.281 2.15786 0.0979621
273.281 2.22133 0.0724419
273.281 2.28479 0.0466301
273.281 2.34826 0.0206301
273.281 2.41173 -0.0054527
273.281 2.47519 -0.0315136
273.281 2.53866 -0.0574475
273.281 2.60213 -0.0831501
273.281 2.66559 -0.108518
273.281 2.72906 -0.133449
273.281 2.79253 -0.157842
273.281 2.85599 -0.1816
273.281 2.91946 -0.204627
273.281 2.98293 -0.22683
273.281 3.04639 -0.248119
273.281 3.10986 -0.268409
273.281 3.17333 -0.287619
273.281 3.23679 -0.305671
273.281 3.30026 -0.322491
273.281 3.36373 -0.338012
273.281 3.42719 -0.352174
273.281 3.49066 -0.364917
273.281 3.55413 -0.37619
273.281 3.61759 -0.385948
273.281 3.68106 -0.394153
273.281 3.74452 -0.400771
273.281 3.80799 -0.405774
273.281 3.87146 -0.409144
273.281 3.93492 -0.410866
273.281 3.99839 -0.410935
273.281 4.06186 -0.409348
273.281 4.12532 -0.406112
273.281 4.18879 -0.401242
273.281 4.25226 -0.394756
273.281 4.31572 -0.386681
273.281 4.37919 -0.377048
273.281 4.44266 -0.365897
273.281 4.50612 -0.353273
273.281 4.56959 -0.339226
273.281 4.63306 -0.323814
273.281 4.69652 -0.307097
273.281 4.75999 -0.289144
273.281 4.82346 -0.270027
273.281 4.88692 -0.249822
273.281 4.95039 -0.228611
273.281 5.01385 -0.20648
273.281 5.07732 -0.183518
273.281 5.14079 -0.159816
273.281 5.20425 -0.135471
273.281 5.26772 -0.110581
273.281 5.33119 -0.0852449
273.281 5.39465 -0.0595658
273.281 5.45812 -0.033647
273.281 5.52159 -0.00759267
273.281 5.58505 0.0184923
273.281 5.64852 0.0445029
273.281 5.71199 0.0703342
273.281 5.77545 0.0958823
273.281 5.83892 0.121044
273.281 5.90239 0.145719
273.281 5.96585 0.169807
273.281 6.02932 0.193211
273.281 6.09279 0.215837
273.281 6.15625 0.237594
273.281 6.21972 0.258394
273.281 6.28319 0.278154
274.282 0 -0.000953111
274.282 0.0634665 -0.00140591
274.282 0.126933 -0.00185294
274.282 0.1904 -0.0022924
274.282 0.253866 -0.00272246
274.282 0.317333 -0.0031423
274.282 0.380799 -0.00354893
274.282 0.444266 -0.0039414
274.282 0.507732 -0.00431789
274.282 0.571199 -0.00467734
274.282 0.634665 -0.00501732
274.282 0.698132 -0.00533742
274.282 0.761598 -0.00563612
274.282 0.825065 -0.00591209
274.282 0.888531 -0.0061643
274.282 0.951998 -0.00639169
274.282 1.01546 -0.00659321
274.282 1.07893 -0.00676837
274.282 1.1424 -0.006916
274.282 1.20586 -0.00703604
274.282 1.26933 -0.00712749
274.282 1.3328 -0.00719042
274.282 1.39626 -0.00722439
274.282 1.45973 -0.00722923
274.282 1.5232 -0.00720499
274.282 1.58666 -0.0071518
274.282 1.65013 -0.00706976
274.282 1.7136 -0.00695922
274.282 1.77706 -0.00682058
274.282 1.84053 -0.00665467
274.282 1.904 -0.00646179
274.282 1.96746 -0.00624298
274.282 2.03093 -0.00599905
274.282 2.0944 -0.0057309
274.282 2.15786 -0.00543988
274.282 2.22133 -0.00512654
274.282 2.28479 -0.00479284
274.282 2.34826 -0.00443992
274.282 2.41173 -0.00406888
274.282 2.47519 -0.00368144
274.282 2.53866 -0.00327942
274.282 2.60213 -0.0028641
274.282 2.66559 -0.00243722
274.282 2.72906 -0.00200068
274.282 2.79253 -0.00155576
274.282 2.85599 -0.00110486
274.282 2.91946 -0.000649327
274.282 2.98293 -0.000191323
274.282 3.04639 0.000267816
274.282 3.10986 0.000725087
274.282 3.17333 0.0011802
274.282 3.23679 0.00163043
274.282 3.30026 0.00207339
274.282 3.36373 0.00250891
274.282 3.42719 0.00293395
274.282 3.49066 0.00334721
274.282 3.55413 0.00374703
274.282 3.61759 0.00413183
274.282 3.68106 0.00449968
274.282 3.74452 0.00484933
274.282 3.80799 0.00518025
274.282 3.87146 0.00548987
274.282 3.93492 0.00577704
274.282 3.99839 0.00604102
274.282 4.06186 0.00628097
274.282 4.12532 0.00649565
274.282 4.18879 0.00668403
274.282 4.25226 0.0068456
274.282 4.31572 0.00697951
274.282 4.37919 0.00708538
274.282 4.44266 0.0071626
274.282 4.50612 0.00721095
274.282 4.56959 0.00723043
274.282 4.63306 0.00722086
274.282 4.69652 0.00718205
274.282 4.75999 0.00711438
274.282 4.82346 0.00701794
274.282 4.88692 0.00689339
274.282 4.95039 0.00674103
274.282 5.01385 0.00656153
274.282 5.07732 0.00635565
274.282 5.14079 0.00612409
274.282 5.20425 0.00586794
274.282 5.26772 0.00558811
274.282 5.33119 0.00528573
274.282 5.39465 0.00496215
274.282 5.45812 0.00461862
274.282 5.52159 0.00425646
274.282 5.58505 0.00387712
274.282 5.64852 0.00348231
274.282 5.71199 0.00307319
274.282 5.77545 0.00265212
274.282 5.83892 0.00221996
274.282 5.90239 0.00177905
274.282 5.96585 0.00133086
274.282 6.02932 0.000877544
274.282 6.09279 0.000420593
274.282 6.15625 -3.81482e-05
274.282 6.21972 -0.000496659
274.282 6.28319 -0.000953125
275.283 0 0.408667
275.283 0.0634665 0.386532
275.283 0.126933 0.362842
275.283 0.1904 0.337689
275.283 0.253866 0.311177
275.283 0.317333 0.283412
275.283 0.380799 0.254506
275.283 0.444266 0.224575
275.283 0.507732 0.19374
275.283 0.571199 0.162125
275.283 0.634665 0.129857
275.283 0.698132 0.0970658
275.283 0.761598 0.063884
275.283 0.825065 0.0304449
275.283 0.888531 -0.00311677
275.283 0.951998 -0.0366659
275.283 1.01546 -0.0700673
275.283 1.07893 -0.103187
275.283 1.1424 -0.13589
275.283 1.20586 -0.168047
275.283 1.26933 -0.199527
275.283 1.3328 -0.230204
275.283 1.39626 -0.259953
275.283 1.45973 -0.288656
275.283 1.5232 -0.316197
275.283 1.58666 -0.342464
275.283 1.65013 -0.367353
275.283 1.7136 -0.390761
275.283 1.77706 -0.412597
275.283 1.84053 -0.432772
275.283 1.904 -0.451203
275.283 1.96746 -0.467818
275.283 2.03093 -0.482549
275.283 2.0944 -0.495337
275.283 2.15786 -0.506131
275.283 2.22133 -0.514886
275.283 2.28479 -0.521569
275.283 2.34826 -0.526151
275.283 2.41173 -0.528614
275.283 2.47519 -0.528949
275.283 2.53866 -0.527154
275.283 2.60213 -0.523236
275.283 2.66559 -0.517212
275.283 2.72906 -0.509105
275.283 2.79253 -0.498948
275.283 2.85599 -0.486781
275.283 2.91946 -0.472655
275.283 2.98293 -0.456626
275.283 3.04639 -0.438757
275.283 3.10986 -0.419122
275.283 3.17333 -0.3978
275.283 3.23679 -0.374875
275.283 3.30026 -0.350441
275.283 3.36373 -0.324596
275.283 3.42719 -0.297445
275.283 3.49066 -0.269095
275.283 3.55413 -0.239661
275.283 3.61759 -0.209263
275.283 3.68106 -0.178022
275.283 3.74452 -0.146064
275.283 3.80799 -0.113518
275.283 3.87146 -0.0805155
275.283 3.93492 -0.0471882
275.283 3.99839 -0.013671
275.283 4.06186 0.0199014
275.283 4.12532 0.0533934
275.283 4.18879 0.0866707
275.283 4.25226 0.119599
275.283 4.31572 0.152046
275.283 4.37919 0.18388
275.283 4.44266 0.214973
275.283 4.50612 0.245202
275.283 4.56959 0.274443
275.283 4.63306 0.302579
275.283 4.69652 0.329497
275.283 4.75999 0.355087
275.283 4.82346 0.379248
275.283 4.88692 0.401882
275.283 4.95039 0.422897
275.283 5.01385 0.44221
275.283 5.07732 0.459742
275.283 5.14079 0.475423
275.283 5.20425 0.48919
275.283 5.26772 0.500986
275.283 5.33119 0.510766
275.283 5.39465 0.518489
275.283 5.45812 0.524124
275.283 5.52159 0.527648
275.283 5.58505 0.529048
275.283 5.64852 0.528318
275.283 5.71199 0.52546
275.283 5.77545 0.520486
275.283 5.83892 0.513416
275.283 5.90239 0.50428
275.283 5.96585 0.493113
275.283 6.02932 0.47996
275.283 6.09279 0.464874
275.283 6.15625 0.447917
275.283 6.21972 0.429156
275.283 6.28319 0.408667
276.284 0 0.118526
276.284 0.0634665 0.105216
276.284 0.126933 0.0914818
276.284 0.1904 0.0773792
276.284 0.253866 0.0629654
276.284 0.317333 0.0482977
276.284 0.380799 0.0334356
276.284 0.444266 0.018439
276.284 0.507732 0.00336811
276.284 0.571199 -0.0117162
276.284 0.634665 -0.0267537
276.284 0.698132 -0.0416832
276.284 0.761598 -0.0564448
276.284 0.825065 -0.0709792
276.284 0.888531 -0.0852279
276.284 0.951998 -0.0991333
276.284 1.01546 -0.11264
276.284 1.07893 -0.125692
276.284 1.1424 -0.138238
276.284 1.20586 -0.150229
276.284 1.26933 -0.161614
276.284 1.3328 -0.172348
276.284 1.39626 -0.182388
276.284 1.45973 -0.191694
276.284 1.5232 -0.200228
276.284 1.58666 -0.207956
276.284 1.65013 -0.214847
276.284 1.7136 -0.220872
276.284 1.77706 -0.226008
276.284 1.84053 -0.230233
276.284 1.904 -0.233532
276.284 1.96746 -0.23589
276.284 2.03093 -0.237299
276.284 2.0944 -0.237752
276.284 2.15786 -0.237248
276.284 2.22133 -0.235788
276.284 2.28479 -0.23338
276.284 2.34826 -0.23003
276.284 2.41173 -0.225756
276.284 2.47519 -0.220572
276.284 2.53866 -0.214499
276.284 2.60213 -0.207563
276.284 2.66559 -0.199791
276.284 2.72906 -0.191215
276.284 2.79253 -0.181869
276.284 2.85599 -0.171791
276.284 2.91946 -0.16102
276.284 2.98293 -0.149602
276.284 3.04639 -0.137581
276.284 3.10986 -0.125006
276.284 3.17333 -0.111927
276.284 3.23679 -0.0983982
276.284 3.30026 -0.084473
276.284 3.36373 -0.0702075
276.284 3.42719 -0.0556595
276.284 3.49066 -0.0408874
276.284 3.55413 -0.0259503
276.284 3.61759 -0.010909
276.284 3.68106 0.00417634
276.284 3.74452 0.0192445
276.284 3.80799 0.0342356
276.284 3.87146 0.0490889
276.284 3.93492 0.0637442
276.284 3.99839 0.078143
276.284 4.06186 0.092227
276.284 4.12532 0.10594
276.284 4.18879 0.119226
276.284 4.25226 0.132032
276.284 4.31572 0.144307
276.284 4.37919 0.156
276.284 4.44266 0.167065
276.284 4.50612 0.177458
276.284 4.56959 0.187136
276.284 4.63306 0.19606
276.284 4.69652 0.204195
276.284 4.75999 0.211508
276.284 4.82346 0.217969
276.284 4.88692 0.223552
276.284 4.95039 0.228235
276.284 5.01385 0.232
276.284 5.07732 0.234829
276.284 5.14079 0.236714
276.284 5.20425 0.237646
276.284 5.26772 0.23762
276.284 5.33119 0.236637
276.284 5.39465 0.234702
276.284 5.45812 0.231822
276.284 5.52159 0.228008
276.284 5.58505 0.223276
276.284 5.64852 0.217645
276.284 5.71199 0.211137
276.284 5.77545 0.20378
276.284 5.83892 0.195602
276.284 5.90239 0.186636
276.284 5.96585 0.176919
276.284 6.02932 0.166489
276.284 6.09279 0.155389
276.284 6.15625 0.143664
276.284 6.21972 0.131359
276.284 6.28319 0.118526
277.285 0 -0.486651
277.285 0.0634665 -0.484123
277.285 0.126933 -0.479646
277.285 0.1904 -0.473237
277.285 0.253866 -0.464922
277.285 0.317333 -0.454735
277.285 0.380799 -0.442718
277.285 0.444266 -0.428918
277.285 0.507732 -0.41339
277.285 0.571199 -0.396198
277.285 0.634665 -0.377411
277.285 0.698132 -0.357104
277.285 0.761598 -0.335359
277.285 0.825065 -0.312264
277.285 0.888531 -0.287911
277.285 0.951998 -0.262399
277.285 1.01546 -0.235831
277.285 1.07893 -0.208313
277.285 1.1424 -0.179955
277.285 1.20586 -0.150874
277.285 1.26933 -0.121185
277.285 1.3328 -0.0910075
277.285 1.39626 -0.0604641
277.285 1.45973 -0.0296771
277.285 1.5232 0.00122958
277.285 1.58666 0.0321312
277.285 1.65013 0.0629032
277.285 1.7136 0.0934222
277.285 1.77706 0.123565
277.285 1.84053 0.15321
277.285 1.904 0.182238
277.285 1.96746 0.210533
277.285 2.03093 0.237979
277.285 2.0944 0.264468
277.285 2.15786 0.289892
277.285 2.22133 0.314147
277.285 2.28479 0.337139
277.285 2.34826 0.358772
277.285 2.41173 0.378962
277.285 2.47519 0.397625
277.285 2.53866 0.414687
277.285 2.60213 0.430079
277.285 2.66559 0.44374
277.285 2.72906 0.455613
277.285 2.79253 0.465652
277.285 2.85599 0.473816
277.285 2.91946 0.480073
277.285 2.98293 0.484396
277.285 3.04639 0.486768
277.285 3.10986 0.487181
277.285 3.17333 0.485631
277.285 3.23679 0.482128
277.285 3.30026 0.476681
277.285 3.36373 0.469316
277.285 3.42719 0.46006
277.285 3.49066 0.448953
277.285 3.55413 0.436037
277.285 3.61759 0.421367
277.285 3.68106 0.404998
277.285 3.74452 0.386999
277.285 3.80799 0.367443
277.285 3.87146 0.346406
277.285 3.93492 0.323974
277.285 3.99839 0.300239
277.285 4.06186 0.275294
277.285 4.12532 0.24924
277.285 4.18879 0.222183
277.285 4.25226 0.194232
277.285 4.31572 0.165498
277.285 4.37919 0.136098
277.285 4.44266 0.10615
277.285 4.50612 0.0757741
277.285 4.56959 0.0450932
277.285 4.63306 0.014231
277.285 4.69652 -0.0166887
277.285 4.75999 -0.0475411
277.285 4.82346 -0.0782021
277.285 4.88692 -0.108548
277.285 4.95039 -0.138457
277.285 5.01385 -0.167809
277.285 5.07732 -0.196484
277.285 5.14079 -0.224369
277.285 5.20425 -0.25135
277.285 5.26772 -0.277319
277.285 5.33119 -0.302172
277.285 5.39465 -0.325808
277.285 5.45812 -0.348131
277.285 5.52159 -0.369053
277.285 5.58505 -0.388489
277.285 5.64852 -0.40636
277.285 5.71199 -0.422596
277.285 5.77545 -0.43713
277.285 5.83892 -0.449903
277.285 5.90239 -0.460865
277.285 5.96585 -0.469971
277.285 6.02932 -0.477185
277.285 6.09279 -0.482477
277.285 6.15625 -0.485827
277.285 6.21972 -0.48722
277.285 6.28319 -0.486651
278.285 0 0.199944
278.285 0.0634665 0.215356
278.285 0.126933 0.229901
278.285 0.1904 0.243521
278.285 0.253866 0.256159
278.285 0.317333 0.267766
278.285 0.380799 0.278295
278.285 0.444266 0.287704
278.285 0.507732 0.295954
278.285 0.571199 0.303012
278.285 0.634665 0.30885
278.285 0.698132 0.313444
278.285 0.761598 0.316777
278.285 0.825065 0.318833
278.285 0.888531 0.319607
278.285 0.951998 0.319092
278.285 1.01546 0.317293
278.285 1.07893 0.314217
278.285 1.1424 0.309875
278.285 1.20586 0.304286
278.285 1.26933 0.297471
278.285 1.3328 0.289459
278.285 1.39626 0.28028
278.285 1.45973 0.269974
278.285 1.5232 0.25858
278.285 1.58666 0.246145
278.285 1.65013 0.232719
278.285 1.7136 0.218355
278.285 1.77706 0.203113
278.285 1.84053 0.187053
278.285 1.904 0.170239
278.285 1.96746 0.15274
278.285 2.03093 0.134626
278.285 2.0944 0.11597
278.285 2.15786 0.0968469
278.285 2.22133 0.0773337
278.285 2.28479 0.0575094
278.285 2.34826 0.0374533
278.285 2.41173 0.0172464
278.285 2.47519 -0.00302982
278.285 2.53866 -0.0232939
278.285 2.60213 -0.0434642
278.285 2.66559 -0.0634593
278.285 2.72906 -0.0831992
278.285 2.79253 -0.102604
278.285 2.85599 -0.121596
278.285 2.91946 -0.140098
278.285 2.98293 -0.158036
278.285 3.04639 -0.175337
278.285 3.10986 -0.191932
278.285 3.17333 -0.207755
278.285 3.23679 -0.222741
278.285 3.30026 -0.23683
278.285 3.36373 -0.249965
278.285 3.42719 -0.262095
278.285 3.49066 -0.273169
278.285 3.55413 -0.283142
278.285 3.61759 -0.291976
278.285 3.68106 -0.299634
278.285 3.74452 -0.306085
278.285 3.80799 -0.311304
278.285 3.87146 -0.315269
278.285 3.93492 -0.317965
278.285 3.99839 -0.319381
278.285 4.06186 -0.31951
278.285 4.12532 -0.318353
278.285 4.18879 -0.315914
278.285 4.25226 -0.312203
278.285 4.31572 -0.307235
278.285 4.37919 -0.30103
278.285 4.44266 -0.293613
278.285 4.50612 -0.285013
278.285 4.56959 -0.275266
278.285 4.63306 -0.26441
278.285 4.69652 -0.252489
278.285 4.75999 -0.239552
278.285 4.82346 -0.225651
278.285 4.88692 -0.21084
278.285 4.95039 -0.195181
278.285 5.01385 -0.178736
278.285 5.07732 -0.161571
278.285 5.14079 -0.143755
278.285 5.20425 -0.125361
278.285 5.26772 -0.106462
278.285 5.33119 -0.0871341
278.285 5.39465 -0.0674554
278.285 5.45812 -0.0475053
278.285 5.52159 -0.0273637
278.285 5.58505 -0.00711215
278.285 5.64852 0.0131684
278.285 5.71199 0.0333959
278.285 5.77545 0.0534888
278.285 5.83892 0.0733664
278.285 5.90239 0.0929483
278.285 5.96585 0.112156
278.285 6.02932 0.130913
278.285 6.09279 0.149141
278.285 6.15625 0.16677
278.285 6.21972 0.183727
278.285 6.28319 0.199944
279.286 0 -0.385158
279.286 0.0634665 -0.388117
279.286 0.126933 -0.389512
279.286 0.1904 -0.389339
279.286 0.253866 -0.387598
279.286 0.317333 -0.384297
279.286 0.380799 -0.379449
279.286 0.444266 -0.373072
279.286 0.507732 -0.365193
279.286 0.571199 -0.355843
279.286 0.634665 -0.345061
279.286 0.698132 -0.332889
279.286 0.761598 -0.319377
279.286 0.825065 -0.304579
279.286 0.888531 -0.288555
279.286 0.951998 -0.271368
279.286 1.01546 -0.253089
279.286 1.07893 -0.233791
279.286 1.1424 -0.213551
279.286 1.20586 -0.192451
279.286 1.26933 -0.170577
279.286 1.3328 -0.148015
279.286 1.39626 -0.124858
279.286 1.45973 -0.101198
279.286 1.5232 -0.0771303
279.286 1.58666 -0.052752
279.286 1.65013 -0.0281614
279.286 1.7136 -0.00345723
279.286 1.77706 0.0212605
279.286 1.84053 0.0458929
279.286 1.904 0.0703406
279.286 1.96746 0.0945047
279.286 2.03093 0.118288
279.286 2.0944 0.141596
279.286 2.15786 0.164333
279.286 2.22133 0.186409
279.286 2.28479 0.207734
279.286 2.34826 0.228222
279.286 2.41173 0.247792
279.286 2.47519 0.266364
279.286 2.53866 0.283863
279.286 2.60213 0.300219
279.286 2.66559 0.315366
279.286 2.72906 0.329244
279.286 2.79253 0.341796
279.286 2.85599 0.352971
279.286 2.91946 0.362725
279.286 2.98293 0.371019
279.286 3.04639 0.377818
279.286 3.10986 0.383096
279.286 3.17333 0.386832
279.286 3.23679 0.38901
279.286 3.30026 0.389622
279.286 3.36373 0.388665
279.286 3.42719 0.386142
279.286 3.49066 0.382065
279.286 3.55413 0.37645
279.286 3.61759 0.369318
279.286 3.68106 0.3607
279.286 3.74452 0.350629
279.286 3.80799 0.339146
279.286 3.87146 0.326298
279.286 3.93492 0.312135
279.286 3.99839 0.296716
279.286 4.06186 0.280102
279.286 4.12532 0.262361
279.286 4.18879 0.243562
279.286 4.25226 0.223783
279.286 4.31572 0.203103
279.286 4.37919 0.181605
279.286 4.44266 0.159376
279.286 4.50612 0.136505
279.286 4.56959 0.113085
279.286 4.63306 0.089209
279.286 4.69652 0.0649737
279.286 4.75999 0.040477
279.286 4.82346 0.0158174
279.286 4.88692 -0.00890596
279.286 4.95039 -0.0335936
279.286 5.01385 -0.0581459
279.286 5.07732 -0.0824641
279.286 5.14079 -0.10645
279.286 5.20425 -0.130008
279.286 5.26772 -0.153042
279.286 5.33119 -0.175459
279.286 5.39465 -0.197171
279.286 5.45812 -0.218088
279.286 5.52159 -0.238127
279.286 5.58505 -0.257207
279.286 5.64852 -0.275252
279.286 5.71199 -0.292188
279.286 5.77545 -0.307948
279.286 5.83892 -0.322467
279.286 5.90239 -0.335689
279.286 5.96585 -0.347558
279.286 6.02932 -0.358028
279.286 6.09279 -0.367057
279.286 6.15625 -0.374607
279.286 6.21972 -0.380649
279.286 6.28319 -0.385158
280.287 0 -0.167912
280.287 0.0634665 -0.169421
280.287 0.126933 -0.170248
280.287 0.1904 -0.17039
280.287 0.253866 -0.169845
280.287 0.317333 -0.168617
280.287 0.380799 -0.166709
280.287 0.444266 -0.164131
280.287 0.507732 -0.160891
280.287 0.571199 -0.157003
280.287 0.634665 -0.152484
280.287 0.698132 -0.14735
280.287 0.761598 -0.141623
280.287 0.825065 -0.135326
280.287 0.888531 -0.128484
280.287 0.951998 -0.121124
280.287 1.01546 -0.113277
280.287 1.07893 -0.104974
280.287 1.1424 -0.0962474
280.287 1.20586 -0.0871338
280.287 1.26933 -0.0776693
280.287 1.3328 -0.0678921
280.287 1.39626 -0.0578415
280.287 1.45973 -0.047558
280.287 1.5232 -0.0370829
280.287 1.58666 -0.0264586
280.287 1.65013 -0.0157278
280.287 1.7136 -0.00493355
280.287 1.77706 0.00588064
280.287 1.84053 0.016671
280.287 1.904 0.0273941
280.287 1.96746 0.0380072
280.287 2.03093 0.0484672
280.287 2.0944 0.058732
280.287 2.15786 0.0687601
280.287 2.22133 0.0785116
280.287 2.28479 0.0879468
280.287 2.34826 0.0970279
280.287 2.41173 0.105718
280.287 2.47519 0.113983
280.287 2.53866 0.121789
280.287 2.60213 0.129104
280.287 2.66559 0.1359
280.287 2.72906 0.142148
280.287 2.79253 0.147824
280.287 2.85599 0.152905
280.287 2.91946 0.15737
280.287 2.98293 0.161201
280.287 3.04639 0.164383
280.287 3.10986 0.166903
280.287 3.17333 0.168752
280.287 3.23679 0.16992
280.287 3.30026 0.170405
280.287 3.36373 0.170203
280.287 3.42719 0.169316
280.287 3.49066 0.167747
280.287 3.55413 0.165503
280.287 3.61759 0.162593
280.287 3.68106 0.159027
280.287 3.74452 0.154822
280.287 3.80799 0.149993
280.287 3.87146 0.144559
280.287 3.93492 0.138544
280.287 3.99839 0.131971
280.287 4.06186 0.124867
280.287 4.12532 0.117259
280.287 4.18879 0.10918
280.287 4.25226 0.100661
280.287 4.31572 0.0917368
280.287 4.37919 0.0824431
280.287 4.44266 0.0728173
280.287 4.50612 0.0628984
280.287 4.56959 0.0527263
280.287 4.63306 0.0423419
280.287 4.69652 0.0317867
280.287 4.75999 0.0211038
280.287 4.82346 0.0103359
280.287 4.88692 -0.000473813
280.287 4.95039 -0.0112814
280.287 5.01385 -0.0220437
280.287 5.07732 -0.0327172
280.287 5.14079 -0.0432589
280.287 5.20425 -0.0536265
280.287 5.26772 -0.0637782
280.287 5.33119 -0.0736728
280.287 5.39465 -0.0832711
280.287 5.45812 -0.0925339
280.287 5.52159 -0.101424
280.287 5.58505 -0.109906
280.287 5.64852 -0.117945
280.287 5.71199 -0.12551
280.287 5.77545 -0.132569
280.287 5.83892 -0.139094
280.287 5.90239 -0.145059
280.287 5.96585 -0.15044
280.287 6.02932 -0.155215
280.287 6.09279 -0.159365
280.287 6.15625 -0.162874
280.287 6.21972 -0.165727
280.287 6.28319 -0.167912
281.288 0 0.0515716
281.288 0.0634665 0.0403087
281.288 0.126933 0.0288832
281.288 0.1904 0.0173415
281.288 0.253866 0.00572986
281.288 0.317333 -0.00590474
281.288 0.380799 -0.0175154
281.288 0.444266 -0.0290558
281.288 0.507732 -0.0404791
281.288 0.571199 -0.0517394
281.288 0.634665 -0.0627914
281.288 0.698132 -0.0735905
281.288 0.761598 -0.0840934
281.288 0.825065 -0.0942576
281.288 0.888531 -0.104042
281.288 0.951998 -0.113408
281.288 1.01546 -0.122317
281.288 1.07893 -0.130734
281.288 1.1424 -0.138624
281.288 1.20586 -0.145956
281.288 1.26933 -0.1527
281.288 1.3328 -0.158829
281.288 1.39626 -0.164319
281.288 1.45973 -0.169147
281.288 1.5232 -0.173294
281.288 1.58666 -0.176744
281.288 1.65013 -0.179481
281.288 1.7136 -0.181496
281.288 1.77706 -0.18278
281.288 1.84053 -0.183328
281.288 1.904 -0.183138
281.288 1.96746 -0.18221
281.288 2.03093 -0.180549
281.288 2.0944 -0.178161
281.288 2.15786 -0.175055
281.288 2.22133 -0.171245
281.288 2.28479 -0.166744
281.288 2.34826 -0.161573
281.288 2.41173 -0.155751
281.288 2.47519 -0.149302
281.288 2.53866 -0.142251
281.288 2.60213 -0.134628
281.288 2.66559 -0.126463
281.288 2.72906 -0.117788
281.288 2.79253 -0.108639
281.288 2.85599 -0.0990529
281.288 2.91946 -0.0890676
281.288 2.98293 -0.0787238
281.288 3.04639 -0.068063
281.288 3.10986 -0.0571281
281.288 3.17333 -0.0459633
281.288 3.23679 -0.0346133
281.288 3.30026 -0.0231239
281.288 3.36373 -0.0115416
281.288 3.42719 8.73597e-05
281.288 3.49066 0.0117159
281.288 3.55413 0.0232974
281.288 3.61759 0.034785
281.288 3.68106 0.0461325
281.288 3.74452 0.0572942
281.288 3.80799 0.0682253
281.288 3.87146 0.0788817
281.288 3.93492 0.0892204
281.288 3.99839 0.0991998
281.288 4.06186 0.10878
281.288 4.12532 0.117922
281.288 4.18879 0.126589
281.288 4.25226 0.134746
281.288 4.31572 0.142361
281.288 4.37919 0.149403
281.288 4.44266 0.155843
281.288 4.50612 0.161655
281.288 4.56959 0.166817
281.288 4.63306 0.171307
281.288 4.69652 0.175107
281.288 4.75999 0.178202
281.288 4.82346 0.180579
281.288 4.88692 0.18223
281.288 4.95039 0.183146
281.288 5.01385 0.183325
281.288 5.07732 0.182766
281.288 5.14079 0.181471
281.288 5.20425 0.179445
281.288 5.26772 0.176697
281.288 5.33119 0.173237
281.288 5.39465 0.169079
281.288 5.45812 0.164241
281.288 5.52159 0.158742
281.288 5.58505 0.152603
281.288 5.64852 0.14585
281.288 5.71199 0.138509
281.288 5.77545 0.130611
281.288 5.83892 0.122187
281.288 5.90239 0.113271
281.288 5.96585 0.103898
281.288 6.02932 0.0941076
281.288 6.09279 0.083938
281.288 6.15625 0.0734304
281.288 6.21972 0.0626271
281.288 6.28319 0.0515715
282.289 0 -0.162143
282.289 0.0634665 -0.158855
282.289 0.126933 -0.154926
282.289 0.1904 -0.150374
282.289 0.253866 -0.145216
282.289 0.317333 -0.139473
282.289 0.380799 -0.133169
282.289 0.444266 -0.126329
282.289 0.507732 -0.11898
282.289 0.571199 -0.111152
282.289 0.634665 -0.102876
282.289 0.698132 -0.0941861
282.289 0.761598 -0.0851167
282.289 0.825065 -0.0757049
282.289 0.888531 -0.0659881
282.289 0.951998 -0.0560056
282.289 1.01546 -0.0457976
282.289 1.07893 -0.0354052
282.289 1.1424 -0.0248702
282.289 1.20586 -0.014235
282.289 1.26933 -0.00354256
282.289 1.3328 0.00716406
282.289 1.39626 0.0178419
282.289 1.45973 0.028448
282.289 1.5232 0.0389395
282.289 1.58666 0.0492741
282.289 1.65013 0.0594104
282.289 1.7136 0.0693073
282.289 1.77706 0.0789253
282.289 1.84053 0.0882255
282.289 1.904 0.0971704
282.289 1.96746 0.105724
282.289 2.03093 0.113852
282.289 2.0944 0.121522
282.289 2.15786 0.128702
282.289 2.22133 0.135364
282.289 2.28479 0.14148
282.289 2.34826 0.147028
282.289 2.41173 0.151983
282.289 2.47519 0.156326
282.289 2.53866 0.16004
282.289 2.60213 0.163109
282.289 2.66559 0.165521
282.289 2.72906 0.167267
282.289 2.79253 0.16834
282.289 2.85599 0.168734
282.289 2.91946 0.16845
282.289 2.98293 0.167486
282.289 3.04639 0.165849
282.289 3.10986 0.163544
282.289 3.17333 0.16058
282.289 3.23679 0.156969
282.289 3.30026 0.152727
282.289 3.36373 0.147869
282.289 3.42719 0.142416
282.289 3.49066 0.13639
282.289 3.55413 0.129815
282.289 3.61759 0.122716
282.289 3.68106 0.115123
282.289 3.74452 0.107068
282.289 3.80799 0.0985806
282.289 3.87146 0.0896965
282.289 3.93492 0.0804514
282.289 3.99839 0.0708821
282.289 4.06186 0.0610276
282.289 4.12532 0.0509273
282.289 4.18879 0.0406218
282.289 4.25226 0.0301529
282.289 4.31572 0.0195624
282.289 4.37919 0.00889318
282.289 4.44266 -0.00181156
282.289 4.50612 -0.0125093
282.289 4.56959 -0.0231565
282.289 4.63306 -0.0337106
282.289 4.69652 -0.0441289
282.289 4.75999 -0.0543696
282.289 4.82346 -0.0643913
282.289 4.88692 -0.0741538
282.289 4.95039 -0.0836175
282.289 5.01385 -0.0927446
282.289 5.07732 -0.101498
282.289 5.14079 -0.109843
282.289 5.20425 -0.117746
282.289 5.26772 -0.125175
282.289 5.33119 -0.132099
282.289 5.39465 -0.138492
282.289 5.45812 -0.144327
282.289 5.52159 -0.14958
282.289 5.58505 -0.154232
282.289 5.64852 -0.158262
282.289 5.71199 -0.161655
282.289 5.77545 -0.164398
282.289 5.83892 -0.166478
282.289 5.90239 -0.167888
282.289 5.96585 -0.168622
282.289 6.02932 -0.168677
282.289 6.09279 -0.168053
282.289 6.15625 -0.166752
282.289 6.21972 -0.164779
282.289 6.28319 -0.162143
283.29 0 -0.177909
283.29 0.0634665 -0.183114
283.29 0.126933 -0.187583
283.29 0.1904 -0.191296
283.29 0.253866 -0.194239
283.29 0.317333 -0.1964
283.29 0.380799 -0.19777
283.29 0.444266 -0.198343
283.29 0.507732 -0.198118
283.29 0.571199 -0.197095
283.29 0.634665 -0.195279
283.29 0.698132 -0.192676
283.29 0.761598 -0.189297
283.29 0.825065 -0.185157
283.29 0.888531 -0.18027
283.29 0.951998 -0.174658
283.29 1.01546 -0.168342
283.29 1.07893 -0.161349
283.29 1.1424 -0.153706
283.29 1.20586 -0.145444
283.29 1.26933 -0.136596
283.29 1.3328 -0.127198
283.29 1.39626 -0.117288
283.29 1.45973 -0.106906
283.29 1.5232 -0.0960935
283.29 1.58666 -0.0848939
283.29 1.65013 -0.0733525
283.29 1.7136 -0.0615156
283.29 1.77706 -0.0494312
283.29 1.84053 -0.0371477
283.29 1.904 -0.0247145
283.29 1.96746 -0.0121819
283.29 2.03093 0.000399776
283.29 2.0944 0.0129799
283.29 2.15786 0.0255077
283.29 2.22133 0.0379327
283.29 2.28479 0.0502052
283.29 2.34826 0.0622754
283.29 2.41173 0.0740948
283.29 2.47519 0.0856159
283.29 2.53866 0.0967923
283.29 2.60213 0.107579
283.29 2.66559 0.117932
283.29 2.72906 0.127811
283.29 2.79253 0.137175
283.29 2.85599 0.145986
283.29 2.91946 0.15421
283.29 2.98293 0.161813
283.29 3.04639 0.168764
283.29 3.10986 0.175036
283.29 3.17333 0.180602
283.29 3.23679 0.185442
283.29 3.30026 0.189535
283.29 3.36373 0.192865
283.29 3.42719 0.195418
283.29 3.49066 0.197184
283.29 3.55413 0.198156
283.29 3.61759 0.198331
283.29 3.68106 0.197706
283.29 3.74452 0.196286
283.29 3.80799 0.194075
283.29 3.87146 0.191083
283.29 3.93492 0.187321
283.29 3.99839 0.182805
283.29 4.06186 0.177553
283.29 4.12532 0.171586
283.29 4.18879 0.164929
283.29 4.25226 0.157606
283.29 4.31572 0.14965
283.29 4.37919 0.141091
283.29 4.44266 0.131964
283.29 4.50612 0.122305
283.29 4.56959 0.112154
283.29 4.63306 0.101551
283.29 4.69652 0.0905393
283.29 4.75999 0.0791631
283.29 4.82346 0.067468
283.29 4.88692 0.0555013
283.29 4.95039 0.0433113
283.29 5.01385 0.0309467
283.29 5.07732 0.0184574
283.29 5.14079 0.005894
283.29 5.20425 -0.00669319
283.29 5.26772 -0.0192535
283.29 5.33119 -0.0317363
283.29 5.39465 -0.0440911
283.29 5.45812 -0.0562685
283.29 5.52159 -0.0682195
283.29 5.58505 -0.0798956
283.29 5.64852 -0.09125
283.29 5.71199 -0.102237
283.29 5.77545 -0.112812
283.29 5.83892 -0.122933
283.29 5.90239 -0.13256
283.29 5.96585 -0.141652
283.29 6.02932 -0.150174
283.29 6.09279 -0.158091
283.29 6.15625 -0.165372
283.29 6.21972 -0.171986
283.29 6.28319 -0.177909
284.291 0 -0.352214
284.291 0.0634665 -0.357123
284.291 0.126933 -0.360595
284.291 0.1904 -0.362614
284.291 0.253866 -0.363174
284.291 0.317333 -0.362271
284.291 0.380799 -0.359909
284.291 0.444266 -0.356098
284.291 0.507732 -0.350853
284.291 0.571199 -0.344196
284.291 0.634665 -0.336152
284.291 0.698132 -0.326754
284.291 0.761598 -0.316042
284.291 0.825065 -0.304056
284.291 0.888531 -0.290846
284.291 0.951998 -0.276466
284.291 1.01546 -0.260971
284.291 1.07893 -0.244426
284.291 1.1424 -0.226897
284.291 1.20586 -0.208454
284.291 1.26933 -0.189172
284.291 1.3328 -0.169128
284.291 1.39626 -0.148403
284.291 1.45973 -0.127081
284.291 1.5232 -0.105246
284.291 1.58666 -0.0829882
284.291 1.65013 -0.0603961
284.291 1.7136 -0.0375606
284.291 1.77706 -0.0145741
284.291 1.84053 0.00847133
284.291 1.904 0.0314827
284.291 1.96746 0.0543672
284.291 2.03093 0.0770326
284.291 2.0944 0.0993879
284.291 2.15786 0.121343
284.291 2.22133 0.14281
284.291 2.28479 0.163701
284.291 2.34826 0.183933
284.291 2.41173 0.203425
284.291 2.47519 0.222098
284.291 2.53866 0.239876
284.291 2.60213 0.256689
284.291 2.66559 0.272467
284.291 2.72906 0.287149
284.291 2.79253 0.300674
284.291 2.85599 0.312989
284.291 2.91946 0.324044
284.291 2.98293 0.333793
284.291 3.04639 0.342198
284.291 3.10986 0.349226
284.291 3.17333 0.354847
284.291 3.23679 0.35904
284.291 3.30026 0.361787
284.291 3.36373 0.363077
284.291 3.42719 0.362905
284.291 3.49066 0.361271
284.291 3.55413 0.358184
284.291 3.61759 0.353653
284.291 3.68106 0.347699
284.291 3.74452 0.340345
284.291 3.80799 0.33162
284.291 3.87146 0.32156
284.291 3.93492 0.310206
284.291 3.99839 0.297601
284.291 4.06186 0.283799
284.291 4.12532 0.268854
284.291 4.18879 0.252826
284.291 4.25226 0.23578
284.291 4.31572 0.217785
284.291 4.37919 0.198913
284.291 4.44266 0.179241
284.291 4.50612 0.158846
284.291 4.56959 0.137811
284.291 4.63306 0.116222
284.291 4.69652 0.0941648
284.291 4.75999 0.0717283
284.291 4.82346 0.0490031
284.291 4.88692 0.0260805
284.291 4.95039 0.00305284
284.291 5.01385 -0.019987
284.291 5.07732 -0.0429464
284.291 5.14079 -0.0657328
284.291 5.20425 -0.0882547
284.291 5.26772 -0.110421
284.291 5.33119 -0.132143
284.291 5.39465 -0.153333
284.291 5.45812 -0.173905
284.291 5.52159 -0.193777
284.291 5.58505 -0.212869
284.291 5.64852 -0.231103
284.291 5.71199 -0.248407
284.291 5.77545 -0.264711
284.291 5.83892 -0.279949
284.291 5.90239 -0.29406
284.291 5.96585 -0.306986
284.291 6.02932 -0.318677
284.291 6.09279 -0.329083
284.291 6.15625 -0.338166
284.291 6.21972 -0.345886
284.291 6.28319 -0.352214
285.292 0 -0.0687854
285.292 0.0634665 -0.0650508
285.292 0.126933 -0.0610543
285.292 0.1904 -0.0568118
285.292 0.253866 -0.0523409
285.292 0.317333 -0.047659
285.292 0.380799 -0.0427852
285.292 0.444266 -0.0377391
285.292 0.507732 -0.0325413
285.292 0.571199 -0.0272121
285.292 0.634665 -0.0217735
285.292 0.698132 -0.0162472
285.292 0.761598 -0.0106555
285.292 0.825065 -0.00502083
285.292 0.888531 0.000633965
285.292 0.951998 0.00628623
285.292 1.01546 0.0119132
285.292 1.07893 0.0174922
285.292 1.1424 0.0230008
285.292 1.20586 0.0284166
285.292 1.26933 0.0337184
285.292 1.3328 0.0388841
285.292 1.39626 0.0438931
285.292 1.45973 0.0487255
285.292 1.5232 0.0533617
285.292 1.58666 0.0577831
285.292 1.65013 0.0619719
285.292 1.7136 0.0659112
285.292 1.77706 0.0695849
285.292 1.84053 0.0729784
285.292 1.904 0.0760781
285.292 1.96746 0.0788715
285.292 2.03093 0.0813473
285.292 2.0944 0.0834955
285.292 2.15786 0.0853077
285.292 2.22133 0.086776
285.292 2.28479 0.087895
285.292 2.34826 0.0886604
285.292 2.41173 0.0890685
285.292 2.47519 0.089118
285.292 2.53866 0.0888087
285.292 2.60213 0.0881417
285.292 2.66559 0.0871198
285.292 2.72906 0.0857472
285.292 2.79253 0.0840292
285.292 2.85599 0.081973
285.292 2.91946 0.0795867
285.292 2.98293 0.07688
285.292 3.04639 0.0738635
285.292 3.10986 0.0705495
285.292 3.17333 0.0669518
285.292 3.23679 0.0630842
285.292 3.30026 0.0589628
285.292 3.36373 0.0546039
285.292 3.42719 0.0500251
285.292 3.49066 0.0452449
285.292 3.55413 0.0402825
285.292 3.61759 0.0351578
285.292 3.68106 0.0298917
285.292 3.74452 0.0245051
285.292 3.80799 0.01902
285.292 3.87146 0.0134582
285.292 3.93492 0.00784213
285.292 3.99839 0.00219455
285.292 4.06186 -0.00346191
285.292 4.12532 -0.00910431
285.292 4.18879 -0.0147102
285.292 4.25226 -0.0202568
285.292 4.31572 -0.0257218
285.292 4.37919 -0.0310832
285.292 4.44266 -0.0363194
285.292 4.50612 -0.0414095
285.292 4.56959 -0.0463327
285.292 4.63306 -0.0510696
285.292 4.69652 -0.0556005
285.292 4.75999 -0.0599079
285.292 4.82346 -0.0639738
285.292 4.88692 -0.0677821
285.292 4.95039 -0.0713175
285.292 5.01385 -0.0745659
285.292 5.07732 -0.0775137
285.292 5.14079 -0.0801496
285.292 5.20425 -0.0824631
285.292 5.26772 -0.0844442
285.292 5.33119 -0.0860849
285.292 5.39465 -0.0873795
285.292 5.45812 -0.0883222
285.292 5.52159 -0.0889092
285.292 5.58505 -0.089138
285.292 5.64852 -0.0890082
285.292 5.71199 -0.08852
285.292 5.77545 -0.087675
285.292 5.83892 -0.0864772
285.292 5.90239 -0.084931
285.292 5.96585 -0.0830428
285.292 6.02932 -0.0808204
285.292 6.09279 -0.0782729
285.292 6.15625 -0.0754096
285.292 6.21972 -0.0722429
285.292 6.28319 -0.0687854
286.293 0 -0.0190845
286.293 0.0634665 -0.0219673
286.293 0.126933 -0.0247618
286.293 0.1904 -0.0274565
286.293 0.253866 -0.0300407
286.293 0.317333 -0.0325039
286.293 0.380799 -0.034836
286.293 0.444266 -0.0370282
286.293 0.507732 -0.0390711
286.293 0.571199 -0.0409568
286.293 0.634665 -0.0426775
286.293 0.698132 -0.0442264
286.293 0.761598 -0.0455972
286.293 0.825065 -0.0467842
286.293 0.888531 -0.0477831
286.293 0.951998 -0.0485895
286.293 1.01546 -0.0492002
286.293 1.07893 -0.0496128
286.293 1.1424 -0.0498256
286.293 1.20586 -0.0498379
286.293 1.26933 -0.0496494
286.293 1.3328 -0.0492609
286.293 1.39626 -0.0486742
286.293 1.45973 -0.0478914
286.293 1.5232 -0.0469158
286.293 1.58666 -0.0457514
286.293 1.65013 -0.0444026
286.293 1.7136 -0.0428752
286.293 1.77706 -0.041175
286.293 1.84053 -0.039309
286.293 1.904 -0.0372847
286.293 1.96746 -0.0351104
286.293 2.03093 -0.0327947
286.293 2.0944 -0.0303469
286.293 2.15786 -0.0277769
286.293 2.22133 -0.0250949
286.293 2.28479 -0.022312
286.293 2.34826 -0.0194394
286.293 2.41173 -0.0164884
286.293 2.47519 -0.0134711
286.293 2.53866 -0.0103993
286.293 2.60213 -0.00728572
286.293 2.66559 -0.00414277
286.293 2.72906 -0.000983403
286.293 2.79253 0.0021803
286.293 2.85599 0.00533496
286.293 2.91946 0.00846815
286.293 2.98293 0.0115672
286.293 3.04639 0.0146198
286.293 3.10986 0.0176136
286.293 3.17333 0.0205362
286.293 3.23679 0.0233763
286.293 3.30026 0.0261223
286.293 3.36373 0.0287631
286.293 3.42719 0.0312881
286.293 3.49066 0.033687
286.293 3.55413 0.0359503
286.293 3.61759 0.0380688
286.293 3.68106 0.0400342
286.293 3.74452 0.0418381
286.293 3.80799 0.0434738
286.293 3.87146 0.0449343
286.293 3.93492 0.046214
286.293 3.99839 0.0473074
286.293 4.06186 0.0482105
286.293 4.12532 0.0489194
286.293 4.18879 0.0494313
286.293 4.25226 0.0497441
286.293 4.31572 0.0498568
286.293 4.37919 0.0497686
286.293 4.44266 0.0494801
286.293 4.50612 0.0489922
286.293 4.56959 0.0483071
286.293 4.63306 0.0474275
286.293 4.69652 0.0463569
286.293 4.75999 0.0450997
286.293 4.82346 0.0436609
286.293 4.88692 0.0420461
286.293 4.95039 0.0402622
286.293 5.01385 0.0383161
286.293 5.07732 0.0362157
286.293 5.14079 0.0339696
286.293 5.20425 0.0315867
286.293 5.26772 0.0290764
286.293 5.33119 0.0264492
286.293 5.39465 0.0237154
286.293 5.45812 0.0208863
286.293 5.52159 0.0179728
286.293 5.58505 0.0149871
286.293 5.64852 0.0119411
286.293 5.71199 0.0088471
286.293 5.77545 0.00571726
286.293 5.83892 0.00256435
286.293 5.90239 -0.00059867
286.293 5.96585 -0.00375944
286.293 6.02932 -0.00690495
286.293 6.09279 -0.0100228
286.293 6.15625 -0.0131001
286.293 6.21972 -0.0161248
286.293 6.28319 -0.0190846
287.294 0 -0.133485
287.294 0.0634665 -0.114563
287.294 0.126933 -0.0951795
287.294 0.1904 -0.0754128
287.294 0.253866 -0.0553426
287.294 0.317333 -0.0350493
287.294 0.380799 -0.014615
287.294 0.444266 0.00587811
287.294 0.507732 0.0263476
287.294 0.571199 0.046711
287.294 0.634665 0.0668863
287.294 0.698132 0.0867924
287.294 0.761598 0.106349
287.294 0.825065 0.125477
287.294 0.888531 0.1441
287.294 0.951998 0.162143
287.294 1.01546 0.179533
287.294 1.07893 0.1962
287.294 1.1424 0.212077
287.294 1.20586 0.2271
287.294 1.26933 0.241208
287.294 1.3328 0.254345
287.294 1.39626 0.266458
287.294 1.45973 0.277499
287.294 1.5232 0.287422
287.294 1.58666 0.296187
287.294 1.65013 0.303759
287.294 1.7136 0.31011
287.294 1.77706 0.31521
287.294 1.84053 0.319043
287.294 1.904 0.321589
287.294 1.96746 0.322841
287.294 2.03093 0.322793
287.294 2.0944 0.321446
287.294 2.15786 0.318804
287.294 2.22133 0.314879
287.294 2.28479 0.309685
287.294 2.34826 0.303244
287.294 2.41173 0.295582
287.294 2.47519 0.28673
287.294 2.53866 0.276724
287.294 2.60213 0.265603
287.294 2.66559 0.253413
287.294 2.72906 0.240203
287.294 2.79253 0.226025
287.294 2.85599 0.210937
287.294 2.91946 0.195
287.294 2.98293 0.178278
287.294 3.04639 0.160837
287.294 3.10986 0.142749
287.294 3.17333 0.124086
287.294 3.23679 0.104924
287.294 3.30026 0.0853392
287.294 3.36373 0.0654106
287.294 3.42719 0.0452187
287.294 3.49066 0.0248447
287.294 3.55413 0.00437069
287.294 3.61759 -0.0161209
287.294 3.68106 -0.0365478
287.294 3.74452 -0.0568272
287.294 3.80799 -0.0768781
287.294 3.87146 -0.0966193
287.294 3.93492 -0.115971
287.294 3.99839 -0.134856
287.294 4.06186 -0.153199
287.294 4.12532 -0.170924
287.294 4.18879 -0.187961
287.294 4.25226 -0.204241
287.294 4.31572 -0.219699
287.294 4.37919 -0.234272
287.294 4.44266 -0.247902
287.294 4.50612 -0.260533
287.294 4.56959 -0.272116
287.294 4.63306 -0.282603
287.294 4.69652 -0.291952
287.294 4.75999 -0.300124
287.294 4.82346 -0.307089
287.294 4.88692 -0.312817
287.294 4.95039 -0.317286
287.294 5.01385 -0.320477
287.294 5.07732 -0.322378
287.294 5.14079 -0.32298
287.294 5.20425 -0.322282
287.294 5.26772 -0.320286
287.294 5.33119 -0.317001
287.294 5.39465 -0.312439
287.294 5.45812 -0.306619
287.294 5.52159 -0.299564
287.294 5.58505 -0.291303
287.294 5.64852 -0.281869
287.294 5.71199 -0.2713
287.294 5.77545 -0.259639
287.294 5.83892 -0.246933
287.294 5.90239 -0.233231
287.294 5.96585 -0.218591
287.294 6.02932 -0.203071
287.294 6.09279 -0.186733
287.294 6.15625 -0.169643
287.294 6.21972 -0.15187
287.294 6.28319 -0.133485
288.295 0 0.287679
288.295 0.0634665 0.27826
288.295 0.126933 0.267721
288.295 0.1904 0.256104
288.295 0.253866 0.243455
288.295 0.317333 0.229827
288.295 0.380799 0.215273
288.295 0.444266 0.199852
288.295 0.507732 0.183626
288.295 0.571199 0.166661
288.295 0.634665 0.149025
288.295 0.698132 0.130789
288.295 0.761598 0.112026
288.295 0.825065 0.0928126
288.295 0.888531 0.073225
288.295 0.951998 0.0533427
288.295 1.01546 0.0332454
288.295 1.07893 0.0130142
288.295 1.1424 -0.0072691
288.295 1.20586 -0.0275234
288.295 1.26933 -0.0476667
288.295 1.3328 -0.0676182
288.295 1.39626 -0.0872975
288.295 1.45973 -0.106625
288.295 1.5232 -0.125523
288.295 1.58666 -0.143916
288.295 1.65013 -0.16173
288.295 1.7136 -0.178892
288.295 1.77706 -0.195334
288.295 1.84053 -0.210989
288.295 1.904 -0.225795
288.295 1.96746 -0.239691
288.295 2.03093 -0.252623
288.295 2.0944 -0.264537
288.295 2.15786 -0.275386
288.295 2.22133 -0.285126
288.295 2.28479 -0.293718
288.295 2.34826 -0.301127
288.295 2.41173 -0.307324
288.295 2.47519 -0.312283
288.295 2.53866 -0.315985
288.295 2.60213 -0.318414
288.295 2.66559 -0.319562
288.295 2.72906 -0.319422
288.295 2.79253 -0.317996
288.295 2.85599 -0.31529
288.295 2.91946 -0.311315
288.295 2.98293 -0.306085
288.295 3.04639 -0.299624
288.295 3.10986 -0.291956
288.295 3.17333 -0.283112
288.295 3.23679 -0.273127
288.295 3.30026 -0.262044
288.295 3.36373 -0.249905
288.295 3.42719 -0.23676
288.295 3.49066 -0.222662
288.295 3.55413 -0.207667
288.295 3.61759 -0.191836
288.295 3.68106 -0.175232
288.295 3.74452 -0.157923
288.295 3.80799 -0.139978
288.295 3.87146 -0.121469
288.295 3.93492 -0.102471
288.295 3.99839 -0.0830607
288.295 4.06186 -0.0633158
288.295 4.12532 -0.0433158
288.295 4.18879 -0.0231414
288.295 4.25226 -0.00287391
288.295 4.31572 0.0174052
288.295 4.37919 0.0376142
288.295 4.44266 0.0576716
288.295 4.50612 0.0774968
288.295 4.56959 0.0970103
288.295 4.63306 0.116133
288.295 4.69652 0.134788
288.295 4.75999 0.1529
288.295 4.82346 0.170397
288.295 4.88692 0.187207
288.295 4.95039 0.203264
288.295 5.01385 0.218502
288.295 5.07732 0.23286
288.295 5.14079 0.246281
288.295 5.20425 0.25871
288.295 5.26772 0.270097
288.295 5.33119 0.280397
288.295 5.39465 0.289568
288.295 5.45812 0.297572
288.295 5.52159 0.304379
288.295 5.58505 0.30996
288.295 5.64852 0.314292
288.295 5.71199 0.317359
288.295 5.77545 0.319148
288.295 5.83892 0.319653
288.295 5.90239 0.31887
288.295 5.96585 0.316803
288.295 6.02932 0.31346
288.295 6.09279 0.308855
288.295 6.15625 0.303007
288.295 6.21972 0.295938
288.295 6.28319 0.287678
289.296 0 -0.277181
289.296 0.0634665 -0.250626
289.296 0.126933 -0.223062
289.296 0.1904 -0.1946
289.296 0.253866 -0.165354
289.296 0.317333 -0.135442
289.296 0.380799 -0.104985
289.296 0.444266 -0.0741058
289.296 0.507732 -0.0429277
289.296 0.571199 -0.0115767
289.296 0.634665 0.0198207
289.296 0.698132 0.0511386
289.296 0.761598 0.0822504
289.296 0.825065 0.113031
289.296 0.888531 0.143356
289.296 0.951998 0.173105
289.296 1.01546 0.202156
289.296 1.07893 0.230393
289.296 1.1424 0.257703
289.296 1.20586 0.283974
289.296 1.26933 0.309103
289.296 1.3328 0.332986
289.296 1.39626 0.355529
289.296 1.45973 0.376641
289.296 1.5232 0.396235
289.296 1.58666 0.414234
289.296 1.65013 0.430565
289.296 1.7136 0.445163
289.296 1.77706 0.457968
289.296 1.84053 0.46893
289.296 1.904 0.478002
289.296 1.96746 0.48515
289.296 2.03093 0.490344
289.296 2.0944 0.493564
289.296 2.15786 0.494797
289.296 2.22133 0.494037
289.296 2.28479 0.491288
289.296 2.34826 0.48656
289.296 2.41173 0.479874
289.296 2.47519 0.471255
289.296 2.53866 0.460738
289.296 2.60213 0.448367
289.296 2.66559 0.43419
289.296 2.72906 0.418264
289.296 2.79253 0.400655
289.296 2.85599 0.381432
289.296 2.91946 0.360673
289.296 2.98293 0.338462
289.296 3.04639 0.314888
289.296 3.10986 0.290046
289.296 3.17333 0.264036
289.296 3.23679 0.236963
289.296 3.30026 0.208936
289.296 3.36373 0.180067
289.296 3.42719 0.150474
289.296 3.49066 0.120274
289.296 3.55413 0.0895906
289.296 3.61759 0.0585463
289.296 3.68106 0.0272659
289.296 3.74452 -0.00412408
289.296 3.80799 -0.0354975
289.296 3.87146 -0.0667279
289.296 3.93492 -0.0976899
289.296 3.99839 -0.128258
289.296 4.06186 -0.15831
289.296 4.12532 -0.187725
289.296 4.18879 -0.216383
289.296 4.25226 -0.244171
289.296 4.31572 -0.270975
289.296 4.37919 -0.296688
289.296 4.44266 -0.321206
289.296 4.50612 -0.344431
289.296 4.56959 -0.366269
289.296 4.63306 -0.386633
289.296 4.69652 -0.405439
289.296 4.75999 -0.422613
289.296 4.82346 -0.438085
289.296 4.88692 -0.451793
289.296 4.95039 -0.463682
289.296 5.01385 -0.473704
289.296 5.07732 -0.481819
289.296 5.14079 -0.487992
289.296 5.20425 -0.492202
289.296 5.26772 -0.494429
289.296 5.33119 -0.494666
289.296 5.39465 -0.49291
289.296 5.45812 -0.48917
289.296 5.52159 -0.48346
289.296 5.58505 -0.475804
289.296 5.64852 -0.466232
289.296 5.71199 -0.454782
289.296 5.77545 -0.4415
289.296 5.83892 -0.426442
289.296 5.90239 -0.409665
289.296 5.96585 -0.39124
289.296 6.02932 -0.371239
289.296 6.09279 -0.349743
289.296 6.15625 -0.32684
289.296 6.21972 -0.302619
289.296 6.28319 -0.277181
290.297 0 0.235363
290.297 0.0634665 0.244227
290.297 0.126933 0.252107
290.297 0.1904 0.258972
290.297 0.253866 0.264794
290.297 0.317333 0.26955
290.297 0.380799 0.27322
290.297 0.444266 0.275791
290.297 0.507732 0.27725
290.297 0.571199 0.277594
290.297 0.634665 0.27682
290.297 0.698132 0.274931
290.297 0.761598 0.271934
290.297 0.825065 0.267844
290.297 0.888531 0.262674
290.297 0.951998 0.256447
290.297 1.01546 0.249187
290.297 1.07893 0.240924
290.297 1.1424 0.23169
290.297 1.20586 0.221524
290.297 1.26933 0.210466
290.297 1.3328 0.19856
290.297 1.39626 0.185855
290.297 1.45973 0.172401
290.297 1.5232 0.158253
290.297 1.58666 0.143468
290.297 1.65013 0.128105
290.297 1.7136 0.112227
290.297 1.77706 0.0958961
290.297 1.84053 0.0791794
290.297 1.904 0.062144
290.297 1.96746 0.0448582
290.297 2.03093 0.0273919
290.297 2.0944 0.00981517
290.297 2.15786 -0.00780095
290.297 2.22133 -0.0253856
290.297 2.28479 -0.0428681
290.297 2.34826 -0.060178
290.297 2.41173 -0.0772455
290.297 2.47519 -0.0940023
290.297 2.53866 -0.110381
290.297 2.60213 -0.126314
290.297 2.66559 -0.141739
290.297 2.72906 -0.156593
290.297 2.79253 -0.170817
290.297 2.85599 -0.184353
290.297 2.91946 -0.197146
290.297 2.98293 -0.209146
290.297 3.04639 -0.220303
290.297 3.10986 -0.230574
290.297 3.17333 -0.239916
290.297 3.23679 -0.248292
290.297 3.30026 -0.255668
290.297 3.36373 -0.262014
290.297 3.42719 -0.267306
290.297 3.49066 -0.271522
290.297 3.55413 -0.274644
290.297 3.61759 -0.27666
290.297 3.68106 -0.277562
290.297 3.74452 -0.277347
290.297 3.80799 -0.276014
290.297 3.87146 -0.27357
290.297 3.93492 -0.270025
290.297 3.99839 -0.265392
290.297 4.06186 -0.259691
290.297 4.12532 -0.252944
290.297 4.18879 -0.245179
290.297 4.25226 -0.236426
290.297 4.31572 -0.226721
290.297 4.37919 -0.216104
290.297 4.44266 -0.204616
290.297 4.50612 -0.192304
290.297 4.56959 -0.179218
290.297 4.63306 -0.16541
290.297 4.69652 -0.150937
290.297 4.75999 -0.135855
290.297 4.82346 -0.120226
290.297 4.88692 -0.104114
290.297 4.95039 -0.0875819
290.297 5.01385 -0.0706972
290.297 5.07732 -0.0535281
290.297 5.14079 -0.0361432
290.297 5.20425 -0.0186129
290.297 5.26772 -0.0010075
290.297 5.33119 0.0166018
290.297 5.39465 0.0341442
290.297 5.45812 0.051549
290.297 5.52159 0.0687465
290.297 5.58505 0.0856668
290.297 5.64852 0.102243
290.297 5.71199 0.118407
290.297 5.77545 0.134094
290.297 5.83892 0.149241
290.297 5.90239 0.163787
290.297 5.96585 0.177674
290.297 6.02932 0.190846
290.297 6.09279 0.203248
290.297 6.15625 0.214832
290.297 6.21972 0.225552
290.297 6.28319 0.235364
291.298 0 -0.386753
291.298 0.0634665 -0.38674
291.298 0.126933 -0.385169
291.298 0.1904 -0.382048
291.298 0.253866 -0.377389
291.298 0.317333 -0.371209
291.298 0.380799 -0.363535
291.298 0.444266 -0.354398
291.298 0.507732 -0.343833
291.298 0.571199 -0.331884
291.298 0.634665 -0.318597
291.298 0.698132 -0.304029
291.298 0.761598 -0.288236
291.298 0.825065 -0.271282
291.298 0.888531 -0.253237
291.298 0.951998 -0.234171
291.298 1.01546 -0.214163
291.298 1.07893 -0.193292
291.298 1.1424 -0.171643
291.298 1.20586 -0.149303
291.298 1.26933 -0.126361
291.298 1.3328 -0.102911
291.298 1.39626 -0.0790462
291.298 1.45973 -0.0548633
291.298 1.5232 -0.0304593
291.298 1.58666 -0.00593282
291.298 1.65013 0.0186175
291.298 1.7136 0.043093
291.298 1.77706 0.067395
291.298 1.84053 0.0914254
291.298 1.904 0.115088
291.298 1.96746 0.138287
291.298 2.03093 0.160929
291.298 2.0944 0.182923
291.298 2.15786 0.204181
291.298 2.22133 0.224616
291.298 2.28479 0.244147
291.298 2.34826 0.262695
291.298 2.41173 0.280185
291.298 2.47519 0.296547
291.298 2.53866 0.311715
291.298 2.60213 0.325627
291.298 2.66559 0.338229
291.298 2.72906 0.349468
291.298 2.79253 0.359301
291.298 2.85599 0.367686
291.298 2.91946 0.374591
291.298 2.98293 0.379988
291.298 3.04639 0.383855
291.298 3.10986 0.386175
291.298 3.17333 0.386941
291.298 3.23679 0.386149
291.298 3.30026 0.383802
291.298 3.36373 0.37991
291.298 3.42719 0.374488
291.298 3.49066 0.367557
291.298 3.55413 0.359147
291.298 3.61759 0.349291
291.298 3.68106 0.338028
291.298 3.74452 0.325404
291.298 3.80799 0.31147
291.298 3.87146 0.296282
291.298 3.93492 0.2799
291.298 3.99839 0.262392
291.298 4.06186 0.243827
291.298 4.12532 0.22428
291.298 4.18879 0.20383
291.298 4.25226 0.182559
291.298 4.31572 0.160554
291.298 4.37919 0.137901
291.298 4.44266 0.114694
291.298 4.50612 0.0910244
291.298 4.56959 0.0669885
291.298 4.63306 0.0426828
291.298 4.69652 0.0182053
291.298 4.75999 -0.00634541
291.298 4.82346 -0.0308708
291.298 4.88692 -0.0552717
291.298 4.95039 -0.0794503
291.298 5.01385 -0.103309
291.298 5.07732 -0.126751
291.298 5.14079 -0.149683
291.298 5.20425 -0.172013
291.298 5.26772 -0.193649
291.298 5.33119 -0.214506
291.298 5.39465 -0.2345
291.298 5.45812 -0.253549
291.298 5.52159 -0.271577
291.298 5.58505 -0.288511
291.298 5.64852 -0.304284
291.298 5.71199 -0.318831
291.298 5.77545 -0.332095
291.298 5.83892 -0.344022
291.298 5.90239 -0.354563
291.298 5.96585 -0.363676
291.298 6.02932 -0.371326
291.298 6.09279 -0.377479
291.298 6.15625 -0.382114
291.298 6.21972 -0.385209
291.298 6.28319 -0.386753
292.299 0 -0.106811
292.299 0.0634665 -0.106488
292.299 0.126933 -0.105735
292.299 0.1904 -0.104557
292.299 0.253866 -0.102958
292.299 0.317333 -0.100945
292.299 0.380799 -0.0985244
292.299 0.444266 -0.0957077
292.299 0.507732 -0.0925054
292.299 0.571199 -0.0889307
292.299 0.634665 -0.0849979
292.299 0.698132 -0.0807229
292.299 0.761598 -0.0761228
292.299 0.825065 -0.0712161
292.299 0.888531 -0.0660228
292.299 0.951998 -0.0605636
292.299 1.01546 -0.0548603
292.299 1.07893 -0.0489364
292.299 1.1424 -0.0428154
292.299 1.20586 -0.0365219
292.299 1.26933 -0.0300814
292.299 1.3328 -0.0235198
292.299 1.39626 -0.0168634
292.299 1.45973 -0.0101391
292.299 1.5232 -0.00337412
292.299 1.58666 0.00340462
292.299 1.65013 0.0101696
292.299 1.7136 0.0168936
292.299 1.77706 0.0235496
292.299 1.84053 0.0301107
292.299 1.904 0.0365507
292.299 1.96746 0.0428433
292.299 2.03093 0.0489636
292.299 2.0944 0.0548867
292.299 2.15786 0.0605887
292.299 2.22133 0.0660468
292.299 2.28479 0.071239
292.299 2.34826 0.0761442
292.299 2.41173 0.0807429
292.299 2.47519 0.0850165
292.299 2.53866 0.0889477
292.299 2.60213 0.0925208
292.299 2.66559 0.0957212
292.299 2.72906 0.0985363
292.299 2.79253 0.100955
292.299 2.85599 0.102966
292.299 2.91946 0.104564
292.299 2.98293 0.10574
292.299 3.04639 0.10649
292.299 3.10986 0.106812
292.299 3.17333 0.106703
292.299 3.23679 0.106165
292.299 3.30026 0.105199
292.299 3.36373 0.10381
292.299 3.42719 0.102003
292.299 3.49066 0.0997848
292.299 3.55413 0.097165
292.299 3.61759 0.0941541
292.299 3.68106 0.0907639
292.299 3.74452 0.0870082
292.299 3.80799 0.0829021
292.299 3.87146 0.0784622
292.299 3.93492 0.0737067
292.299 3.99839 0.068654
292.299 4.06186 0.063325
292.299 4.12532 0.0577411
292.299 4.18879 0.0519245
292.299 4.25226 0.045899
292.299 4.31572 0.0396887
292.299 4.37919 0.0333185
292.299 4.44266 0.0268142
292.299 4.50612 0.0202018
292.299 4.56959 0.0135081
292.299 4.63306 0.00676001
292.299 4.69652 -1.53026e-05
292.299 4.75999 -0.00679053
292.299 4.82346 -0.0135384
292.299 4.88692 -0.0202318
292.299 4.95039 -0.0268437
292.299 5.01385 -0.0333475
292.299 5.07732 -0.039717
292.299 5.14079 -0.0459267
292.299 5.20425 -0.0519514
292.299 5.26772 -0.0577669
292.299 5.33119 -0.0633497
292.299 5.39465 -0.0686775
292.299 5.45812 -0.0737287
292.299 5.52159 -0.078483
292.299 5.58505 -0.0829214
292.299 5.64852 -0.0870257
292.299 5.71199 -0.09078
292.299 5.77545 -0.0941685
292.299 5.83892 -0.0971776
292.299 5.90239 -0.0997959
292.299 5.96585 -0.102012
292.299 6.02932 -0.103817
292.299 6.09279 -0.105205
292.299 6.15625 -0.106169
292.299 6.21972 -0.106705
292.299 6.28319 -0.106811
293.3 0 -0.406848
293.3 0.0634665 -0.415828
293.3 0.126933 -0.423134
293.3 0.1904 -0.428736
293.3 0.253866 -0.432611
293.3 0.317333 -0.434745
293.3 0.380799 -0.435128
293.3 0.444266 -0.433759
293.3 0.507732 -0.430643
293.3 0.571199 -0.425793
293.3 0.634665 -0.419229
293.3 0.698132 -0.410977
293.3 0.761598 -0.40107
293.3 0.825065 -0.389547
293.3 0.888531 -0.376457
293.3 0.951998 -0.36185
293.3 1.01546 -0.345786
293.3 1.07893 -0.32833
293.3 1.1424 -0.309552
293.3 1.20586 -0.289528
293.3 1.26933 -0.268337
293.3 1.3328 -0.246067
293.3 1.39626 -0.222805
293.3 1.45973 -0.198646
293.3 1.5232 -0.173687
293.3 1.58666 -0.148029
293.3 1.65013 -0.121775
293.3 1.7136 -0.0950307
293.3 1.77706 -0.0679035
293.3 1.84053 -0.0405029
293.3 1.904 -0.0129391
293.3 1.96746 0.0146764
293.3 2.03093 0.0422331
293.3 2.0944 0.06962
293.3 2.15786 0.0967263
293.3 2.22133 0.123443
293.3 2.28479 0.149663
293.3 2.34826 0.17528
293.3 2.41173 0.200191
293.3 2.47519 0.224296
293.3 2.53866 0.247498
293.3 2.60213 0.269704
293.3 2.66559 0.290823
293.3 2.72906 0.310772
293.3 2.79253 0.329469
293.3 2.85599 0.346839
293.3 2.91946 0.362813
293.3 2.98293 0.377326
293.3 3.04639 0.390319
293.3 3.10986 0.401741
293.3 3.17333 0.411545
293.3 3.23679 0.419692
293.3 3.30026 0.426149
293.3 3.36373 0.430891
293.3 3.42719 0.433897
293.3 3.49066 0.435155
293.3 3.55413 0.434662
293.3 3.61759 0.432419
293.3 3.68106 0.428434
293.3 3.74452 0.422724
293.3 3.80799 0.415312
293.3 3.87146 0.406228
293.3 3.93492 0.395508
293.3 3.99839 0.383195
293.3 4.06186 0.369339
293.3 4.12532 0.353997
293.3 4.18879 0.337228
293.3 4.25226 0.319102
293.3 4.31572 0.299691
293.3 4.37919 0.279073
293.3 4.44266 0.257332
293.3 4.50612 0.234554
293.3 4.56959 0.210832
293.3 4.63306 0.186261
293.3 4.69652 0.160939
293.3 4.75999 0.13497
293.3 4.82346 0.108457
293.3 4.88692 0.0815082
293.3 4.95039 0.0542304
293.3 5.01385 0.0267345
293.3 5.07732 -0.000869113
293.3 5.14079 -0.0284693
293.3 5.20425 -0.0559549
293.3 5.26772 -0.083215
293.3 5.33119 -0.11014
293.3 5.39465 -0.136622
293.3 5.45812 -0.162553
293.3 5.52159 -0.18783
293.3 5.58505 -0.212351
293.3 5.64852 -0.236016
293.3 5.71199 -0.258731
293.3 5.77545 -0.280405
293.3 5.83892 -0.300949
293.3 5.90239 -0.320281
293.3 5.96585 -0.338324
293.3 6.02932 -0.355005
293.3 6.09279 -0.370256
293.3 6.15625 -0.384015
293.3 6.21972 -0.39623
293.3 6.28319 -0.406848
294.301 0 0.274283
294.301 0.0634665 0.261502
294.301 0.126933 0.247669
294.301 0.1904 0.232838
294.301 0.253866 0.217069
294.301 0.317333 0.200427
294.301 0.380799 0.182977
294.301 0.444266 0.164791
294.301 0.507732 0.145941
294.301 0.571199 0.126503
294.301 0.634665 0.106556
294.301 0.698132 0.0861801
294.301 0.761598 0.065457
294.301 0.825065 0.0444705
294.301 0.888531 0.0233048
294.301 0.951998 0.0020453
294.301 1.01546 -0.0192224
294.301 1.07893 -0.0404128
294.301 1.1424 -0.0614405
294.301 1.20586 -0.0822207
294.301 1.26933 -0.10267
294.301 1.3328 -0.122706
294.301 1.39626 -0.142247
294.301 1.45973 -0.161216
294.301 1.5232 -0.179536
294.301 1.58666 -0.197133
294.301 1.65013 -0.213936
294.301 1.7136 -0.229877
294.301 1.77706 -0.244893
294.301 1.84053 -0.258923
294.301 1.904 -0.27191
294.301 1.96746 -0.283803
294.301 2.03093 -0.294552
294.301 2.0944 -0.304115
294.301 2.15786 -0.312454
294.301 2.22133 -0.319536
294.301 2.28479 -0.32533
294.301 2.34826 -0.329814
294.301 2.41173 -0.33297
294.301 2.47519 -0.334785
294.301 2.53866 -0.335252
294.301 2.60213 -0.33437
294.301 2.66559 -0.332141
294.301 2.72906 -0.328575
294.301 2.79253 -0.323685
294.301 2.85599 -0.317492
294.301 2.91946 -0.310021
294.301 2.98293 -0.301301
294.301 3.04639 -0.291368
294.301 3.10986 -0.280262
294.301 3.17333 -0.268028
294.301 3.23679 -0.254713
294.301 3.30026 -0.240374
294.301 3.36373 -0.225067
294.301 3.42719 -0.208853
294.301 3.49066 -0.191798
294.301 3.55413 -0.173971
294.301 3.61759 -0.155444
294.301 3.68106 -0.13629
294.301 3.74452 -0.116588
294.301 3.80799 -0.0964168
294.301 3.87146 -0.0758569
294.301 3.93492 -0.0549915
294.301 3.99839 -0.0339046
294.301 4.06186 -0.0126814
294.301 4.12532 0.00859295
294.301 4.18879 0.0298327
294.301 4.25226 0.0509523
294.301 4.31572 0.0718669
294.301 4.37919 0.092492
294.301 4.44266 0.112744
294.301 4.50612 0.132543
294.301 4.56959 0.151808
294.301 4.63306 0.170462
294.301 4.69652 0.188429
294.301 4.75999 0.205638
294.301 4.82346 0.222018
294.301 4.88692 0.237505
294.301 4.95039 0.252035
294.301 5.01385 0.26555
294.301 5.07732 0.277996
294.301 5.14079 0.289323
294.301 5.20425 0.299485
294.301 5.26772 0.308441
294.301 5.33119 0.316154
294.301 5.39465 0.322595
294.301 5.45812 0.327737
294.301 5.52159 0.331559
294.301 5.58505 0.334046
294.301 5.64852 0.335188
294.301 5.71199 0.33498
294.301 5.77545 0.333423
294.301 5.83892 0.330524
294.301 5.90239 0.326294
294.301 5.96585 0.32075
294.301 6.02932 0.313915
294.301 6.09279 0.305815
294.301 6.15625 0.296484
294.301 6.21972 0.28596
294.301 6.28319 0.274283
295.302 0 -0.273319
295.302 0.0634665 -0.261766
295.302 0.126933 -0.249159
295.302 0.1904 -0.235549
295.302 0.253866 -0.22099
295.302 0.317333 -0.205541
295.302 0.380799 -0.189264
295.302 0.444266 -0.172226
295.302 0.507732 -0.154494
295.302 0.571199 -0.13614
295.302 0.634665 -0.117238
295.302 0.698132 -0.0978632
295.302 0.761598 -0.0780946
295.302 0.825065 -0.0580123
295.302 0.888531 -0.0376956
295.302 0.951998 -0.0172273
295.302 1.01546 0.00331039
295.302 1.07893 0.0238347
295.302 1.1424 0.0442629
295.302 1.20586 0.0645131
295.302 1.26933 0.0845034
295.302 1.3328 0.104153
295.302 1.39626 0.123384
295.302 1.45973 0.142118
295.302 1.5232 0.160279
295.302 1.58666 0.177796
295.302 1.65013 0.194596
295.302 1.7136 0.210613
295.302 1.77706 0.225781
295.302 1.84053 0.240041
295.302 1.904 0.253334
295.302 1.96746 0.265606
295.302 2.03093 0.27681
295.302 2.0944 0.286899
295.302 2.15786 0.295832
295.302 2.22133 0.303574
295.302 2.28479 0.310094
295.302 2.34826 0.315366
295.302 2.41173 0.319367
295.302 2.47519 0.322082
295.302 2.53866 0.323501
295.302 2.60213 0.323617
295.302 2.66559 0.322429
295.302 2.72906 0.319944
295.302 2.79253 0.31617
295.302 2.85599 0.311123
295.302 2.91946 0.304823
295.302 2.98293 0.297296
295.302 3.04639 0.288572
295.302 3.10986 0.278686
295.302 3.17333 0.267678
295.302 3.23679 0.255591
295.302 3.30026 0.242476
295.302 3.36373 0.228384
295.302 3.42719 0.213373
295.302 3.49066 0.197502
295.302 3.55413 0.180836
295.302 3.61759 0.163442
295.302 3.68106 0.14539
295.302 3.74452 0.126753
295.302 3.80799 0.107605
295.302 3.87146 0.0880235
295.302 3.93492 0.0680875
295.302 3.99839 0.0478779
295.302 4.06186 0.0274754
295.302 4.12532 0.00696188
295.302 4.18879 -0.0135794
295.302 4.25226 -0.034066
295.302 4.31572 -0.0544154
295.302 4.37919 -0.0745457
295.302 4.44266 -0.0943758
295.302 4.50612 -0.113826
295.302 4.56959 -0.132818
295.302 4.63306 -0.151275
295.302 4.69652 -0.169123
295.302 4.75999 -0.186289
295.302 4.82346 -0.202706
295.302 4.88692 -0.218307
295.302 4.95039 -0.233028
295.302 5.01385 -0.246811
295.302 5.07732 -0.259601
295.302 5.14079 -0.271345
295.302 5.20425 -0.281996
295.302 5.26772 -0.291512
295.302 5.33119 -0.299854
295.302 5.39465 -0.306989
295.302 5.45812 -0.312887
295.302 5.52159 -0.317526
295.302 5.58505 -0.320886
295.302 5.64852 -0.322954
295.302 5.71199 -0.323722
295.302 5.77545 -0.323186
295.302 5.83892 -0.321348
295.302 5.90239 -0.318217
295.302 5.96585 -0.313804
295.302 6.02932 -0.308128
295.302 6.09279 -0.301212
295.302 6.15625 -0.293082
295.302 6.21972 -0.283772
295.302 6.28319 -0.273319
296.303 0 -0.415954
296.303 0.0634665 -0.388392
296.303 0.126933 -0.359265
296.303 0.1904 -0.328692
296.303 0.253866 -0.296796
296.303 0.317333 -0.263704
296.303 0.380799 -0.22955
296.303 0.444266 -0.194473
296.303 0.507732 -0.158612
296.303 0.571199 -0.122112
296.303 0.634665 -0.0851206
296.303 0.698132 -0.0477866
296.303 0.761598 -0.0102602
296.303 0.825065 0.0273076
296.303 0.888531 0.0647654
296.303 0.951998 0.101963
296.303 1.01546 0.138749
296.303 1.07893 0.174977
296.303 1.1424 0.2105
296.303 1.20586 0.245176
296.303 1.26933 0.278864
296.303 1.3328 0.31143
296.303 1.39626 0.342741
296.303 1.45973 0.372672
296.303 1.5232 0.401103
296.303 1.58666 0.427919
296.303 1.65013 0.453011
296.303 1.7136 0.47628
296.303 1.77706 0.497631
296.303 1.84053 0.516977
296.303 1.904 0.534242
296.303 1.96746 0.549357
296.303 2.03093 0.562258
296.303 2.0944 0.572897
296.303 2.15786 0.581227
296.303 2.22133 0.587218
296.303 2.28479 0.590844
296.303 2.34826 0.592091
296.303 2.41173 0.590954
296.303 2.47519 0.587438
296.303 2.53866 0.581555
296.303 2.60213 0.573331
296.303 2.66559 0.562799
296.303 2.72906 0.55
296.303 2.79253 0.534987
296.303 2.85599 0.517819
296.303 2.91946 0.498567
296.303 2.98293 0.477307
296.303 3.04639 0.454125
296.303 3.10986 0.429114
296.303 3.17333 0.402375
296.303 3.23679 0.374017
296.303 3.30026 0.344152
296.303 3.36373 0.312901
296.303 3.42719 0.280391
296.303 3.49066 0.246751
296.303 3.55413 0.212118
296.303 3.61759 0.176631
296.303 3.68106 0.140432
296.303 3.74452 0.103669
296.303 3.80799 0.066487
296.303 3.87146 0.0290378
296.303 3.93492 -0.00852812
296.303 3.99839 -0.0460599
296.303 4.06186 -0.0834059
296.303 4.12532 -0.120416
296.303 4.18879 -0.156942
296.303 4.25226 -0.192836
296.303 4.31572 -0.227953
296.303 4.37919 -0.262152
296.303 4.44266 -0.295295
296.303 4.50612 -0.32725
296.303 4.56959 -0.357887
296.303 4.63306 -0.387082
296.303 4.69652 -0.41472
296.303 4.75999 -0.440687
296.303 4.82346 -0.46488
296.303 4.88692 -0.4872
296.303 4.95039 -0.507559
296.303 5.01385 -0.525875
296.303 5.07732 -0.542072
296.303 5.14079 -0.556087
296.303 5.20425 -0.567863
296.303 5.26772 -0.577352
296.303 5.33119 -0.584516
296.303 5.39465 -0.589328
296.303 5.45812 -0.591765
296.303 5.52159 -0.59182
296.303 5.58505 -0.589492
296.303 5.64852 -0.584791
296.303 5.71199 -0.577734
296.303 5.77545 -0.568351
296.303 5.83892 -0.55668
296.303 5.90239 -0.542767
296.303 5.96585 -0.526668
296.303 6.02932 -0.508449
296.303 6.09279 -0.488183
296.303 6.15625 -0.46595
296.303 6.21972 -0.441842
296.303 6.28319 -0.415954
297.304 0 -0.0127619
297.304 0.0634665 -0.0293706
297.304 0.126933 -0.0458608
297.304 0.1904 -0.0621665
297.304 0.253866 -0.0782218
297.304 0.317333 -0.0939623
297.304 0.380799 -0.109324
297.304 0.444266 -0.124246
297.304 0.507732 -0.138668
297.304 0.571199 -0.152531
297.304 0.634665 -0.16578
297.304 0.698132 -0.178361
297.304 0.761598 -0.190224
297.304 0.825065 -0.201322
297.304 0.888531 -0.211608
297.304 0.951998 -0.221043
297.304 1.01546 -0.229587
297.304 1.07893 -0.237207
297.304 1.1424 -0.243872
297.304 1.20586 -0.249555
297.304 1.26933 -0.254233
297.304 1.3328 -0.257887
297.304 1.39626 -0.260503
297.304 1.45973 -0.26207
297.304 1.5232 -0.262582
297.304 1.58666 -0.262036
297.304 1.65013 -0.260435
297.304 1.7136 -0.257786
297.304 1.77706 -0.254098
297.304 1.84053 -0.249388
297.304 1.904 -0.243673
297.304 1.96746 -0.236977
297.304 2.03093 -0.229327
297.304 2.0944 -0.220753
297.304 2.15786 -0.21129
297.304 2.22133 -0.200977
297.304 2.28479 -0.189854
297.304 2.34826 -0.177967
297.304 2.41173 -0.165364
297.304 2.47519 -0.152094
297.304 2.53866 -0.138212
297.304 2.60213 -0.123774
297.304 2.66559 -0.108837
297.304 2.72906 -0.0934614
297.304 2.79253 -0.07771
297.304 2.85599 -0.0616455
297.304 2.91946 -0.045333
297.304 2.98293 -0.0288377
297.304 3.04639 -0.0122264
297.304 3.10986 0.00443407
297.304 3.17333 0.0210768
297.304 3.23679 0.0376345
297.304 3.30026 0.0540409
297.304 3.36373 0.0702295
297.304 3.42719 0.0861355
297.304 3.49066 0.101694
297.304 3.55413 0.116844
297.304 3.61759 0.131523
297.304 3.68106 0.145673
297.304 3.74452 0.159235
297.304 3.80799 0.172157
297.304 3.87146 0.184386
297.304 3.93492 0.195872
297.304 3.99839 0.206569
297.304 4.06186 0.216435
297.304 4.12532 0.225429
297.304 4.18879 0.233515
297.304 4.25226 0.240661
297.304 4.31572 0.246838
297.304 4.37919 0.252021
297.304 4.44266 0.256189
297.304 4.50612 0.259326
297.304 4.56959 0.261418
297.304 4.63306 0.262458
297.304 4.69652 0.262441
297.304 4.75999 0.261367
297.304 4.82346 0.259241
297.304 4.88692 0.256071
297.304 4.95039 0.25187
297.304 5.01385 0.246655
297.304 5.07732 0.240446
297.304 5.14079 0.233269
297.304 5.20425 0.225153
297.304 5.26772 0.21613
297.304 5.33119 0.206237
297.304 5.39465 0.195514
297.304 5.45812 0.184004
297.304 5.52159 0.171752
297.304 5.58505 0.158809
297.304 5.64852 0.145226
297.304 5.71199 0.131059
297.304 5.77545 0.116364
297.304 5.83892 0.1012
297.304 5.90239 0.0856288
297.304 5.96585 0.069713
297.304 6.02932 0.0535162
297.304 6.09279 0.037104
297.304 6.15625 0.0205424
297.304 6.21972 0.00389804
297.304 6.28319 -0.0127619
298.305 0 0.100616
298.305 0.0634665 0.0961664
298.305 0.126933 0.09133
298.305 0.1904 0.0861257
298.305 0.253866 0.0805747
298.305 0.317333 0.0746994
298.305 0.380799 0.0685231
298.305 0.444266 0.0620711
298.305 0.507732 0.055369
298.305 0.571199 0.048444
298.305 0.634665 0.0413241
298.305 0.698132 0.0340375
298.305 0.761598 0.0266139
298.305 0.825065 0.0190832
298.305 0.888531 0.0114757
298.305 0.951998 0.00382201
298.305 1.01546 -0.00384716
298.305 1.07893 -0.0115007
298.305 1.1424 -0.019108
298.305 1.20586 -0.0266385
298.305 1.26933 -0.0340616
298.305 1.3328 -0.0413476
298.305 1.39626 -0.048467
298.305 1.45973 -0.0553913
298.305 1.5232 -0.0620926
298.305 1.58666 -0.0685439
298.305 1.65013 -0.0747192
298.305 1.7136 -0.0805935
298.305 1.77706 -0.0861434
298.305 1.84053 -0.0913462
298.305 1.904 -0.0961816
298.305 1.96746 -0.100629
298.305 2.03093 -0.104672
298.305 2.0944 -0.108293
298.305 2.15786 -0.111479
298.305 2.22133 -0.114215
298.305 2.28479 -0.116491
298.305 2.34826 -0.118298
298.305 2.41173 -0.119629
298.305 2.47519 -0.120479
298.305 2.53866 -0.120843
298.305 2.60213 -0.12072
298.305 2.66559 -0.120112
298.305 2.72906 -0.119019
298.305 2.79253 -0.117448
298.305 2.85599 -0.115403
298.305 2.91946 -0.112894
298.305 2.98293 -0.109931
298.305 3.04639 -0.106525
298.305 3.10986 -0.102689
298.305 3.17333 -0.0984407
298.305 3.23679 -0.0937952
298.305 3.30026 -0.0887725
298.305 3.36373 -0.0833923
298.305 3.42719 -0.0776763
298.305 3.49066 -0.0716473
298.305 3.55413 -0.0653301
298.305 3.61759 -0.0587496
298.305 3.68106 -0.0519327
298.305 3.74452 -0.0449066
298.305 3.80799 -0.0376996
298.305 3.87146 -0.0303411
298.305 3.93492 -0.0228601
298.305 3.99839 -0.0152872
298.305 4.06186 -0.00765267
298.305 4.12532 1.25201e-05
298.305 4.18879 0.00767774
298.305 4.25226 0.0153121
298.305 4.31572 0.0228848
298.305 4.37919 0.0303654
298.305 4.44266 0.0377236
298.305 4.50612 0.0449298
298.305 4.56959 0.0519553
298.305 4.63306 0.0587717
298.305 4.69652 0.0653511
298.305 4.75999 0.0716675
298.305 4.82346 0.0776955
298.305 4.88692 0.0834104
298.305 4.95039 0.0887896
298.305 5.01385 0.0938111
298.305 5.07732 0.098455
298.305 5.14079 0.102702
298.305 5.20425 0.106536
298.305 5.26772 0.109941
298.305 5.33119 0.112903
298.305 5.39465 0.115411
298.305 5.45812 0.117454
298.305 5.52159 0.119024
298.305 5.58505 0.120114
298.305 5.64852 0.120721
298.305 5.71199 0.120842
298.305 5.77545 0.120476
298.305 5.83892 0.119626
298.305 5.90239 0.118293
298.305 5.96585 0.116484
298.305 6.02932 0.114207
298.305 6.09279 0.111469
298.305 6.15625 0.108282
298.305 6.21972 0.10466
298.305 6.28319 0.100616
299.306 0 -0.090176
299.306 0.0634665 -0.0971672
299.306 0.126933 -0.103767
299.306 0.1904 -0.109949
299.306 0.253866 -0.115689
299.306 0.317333 -0.120962
299.306 0.380799 -0.125749
299.306 0.444266 -0.130029
299.306 0.507732 -0.133785
299.306 0.571199 -0.137003
299.306 0.634665 -0.139669
299.306 0.698132 -0.141773
299.306 0.761598 -0.143306
299.306 0.825065 -0.144262
299.306 0.888531 -0.144637
299.306 0.951998 -0.144429
299.306 1.01546 -0.14364
299.306 1.07893 -0.142273
299.306 1.1424 -0.140332
299.306 1.20586 -0.137827
299.306 1.26933 -0.134767
299.306 1.3328 -0.131164
299.306 1.39626 -0.127033
299.306 1.45973 -0.12239
299.306 1.5232 -0.117254
299.306 1.58666 -0.111647
299.306 1.65013 -0.10559
299.306 1.7136 -0.0991073
299.306 1.77706 -0.0922259
299.306 1.84053 -0.084973
299.306 1.904 -0.0773783
299.306 1.96746 -0.0694717
299.306 2.03093 -0.0612855
299.306 2.0944 -0.0528524
299.306 2.15786 -0.0442065
299.306 2.22133 -0.0353827
299.306 2.28479 -0.0264164
299.306 2.34826 -0.0173436
299.306 2.41173 -0.00820111
299.306 2.47519 0.000974434
299.306 2.53866 0.010146
299.306 2.60213 0.0192768
299.306 2.66559 0.0283299
299.306 2.72906 0.037269
299.306 2.79253 0.0460581
299.306 2.85599 0.0546616
299.306 2.91946 0.063045
299.306 2.98293 0.0711747
299.306 3.04639 0.0790176
299.306 3.10986 0.0865425
299.306 3.17333 0.0937188
299.306 3.23679 0.100518
299.306 3.30026 0.106912
299.306 3.36373 0.112876
299.306 3.42719 0.118385
299.306 3.49066 0.123417
299.306 3.55413 0.127953
299.306 3.61759 0.131973
299.306 3.68106 0.135462
299.306 3.74452 0.138406
299.306 3.80799 0.140792
299.306 3.87146 0.142611
299.306 3.93492 0.143856
299.306 3.99839 0.144522
299.306 4.06186 0.144606
299.306 4.12532 0.144107
299.306 4.18879 0.143028
299.306 4.25226 0.141374
299.306 4.31572 0.13915
299.306 4.37919 0.136366
299.306 4.44266 0.133032
299.306 4.50612 0.129163
299.306 4.56959 0.124774
299.306 4.63306 0.119883
299.306 4.69652 0.114508
299.306 4.75999 0.108673
299.306 4.82346 0.1024
299.306 4.88692 0.0957148
299.306 4.95039 0.0886442
299.306 5.01385 0.0812165
299.306 5.07732 0.073462
299.306 5.14079 0.0654115
299.306 5.20425 0.0570976
299.306 5.26772 0.0485539
299.306 5.33119 0.0398147
299.306 5.39465 0.0309151
299.306 5.45812 0.0218911
299.306 5.52159 0.0127788
299.306 5.58505 0.00361529
299.306 5.64852 -0.00556294
299.306 5.71199 -0.0147188
299.306 5.77545 -0.0238153
299.306 5.83892 -0.032816
299.306 5.90239 -0.0416845
299.306 5.96585 -0.0503851
299.306 6.02932 -0.058883
299.306 6.09279 -0.0671436
299.306 6.15625 -0.075134
299.306 6.21972 -0.0828218
299.306 6.28319 -0.090176
300.307 0 -0.250063
300.307 0.0634665 -0.262239
300.307 0.126933 -0.27336
300.307 0.1904 -0.28338
300.307 0.253866 -0.292258
300.307 0.317333 -0.29996
300.307 0.380799 -0.306455
300.307 0.444266 -0.311715
300.307 0.507732 -0.31572
300.307 0.571199 -0.318453
300.307 0.634665 -0.319905
300.307 0.698132 -0.320068
300.307 0.761598 -0.318942
300.307 0.825065 -0.316533
300.307 0.888531 -0.312848
300.307 0.951998 -0.307904
300.307 1.01546 -0.30172
300.307 1.07893 -0.294321
300.307 1.1424 -0.285738
300.307 1.20586 -0.276003
300.307 1.26933 -0.265157
300.307 1.3328 -0.253243
300.307 1.39626 -0.24031
300.307 1.45973 -0.226409
300.307 1.5232 -0.211596
300.307 1.58666 -0.195932
300.307 1.65013 -0.179478
300.307 1.7136 -0.162302
300.307 1.77706 -0.144472
300.307 1.84053 -0.126061
300.307 1.904 -0.107141
300.307 1.96746 -0.0877908
300.307 2.03093 -0.0680866
300.307 2.0944 -0.0481084
300.307 2.15786 -0.0279364
300.307 2.22133 -0.0076522
300.307 2.28479 0.0126632
300.307 2.34826 0.0329276
300.307 2.41173 0.0530593
300.307 2.47519 0.0729773
300.307 2.53866 0.0926014
300.307 2.60213 0.111853
300.307 2.66559 0.130654
300.307 2.72906 0.148929
300.307 2.79253 0.166604
300.307 2.85599 0.183608
300.307 2.91946 0.199873
300.307 2.98293 0.215333
300.307 3.04639 0.229926
300.307 3.10986 0.243593
300.307 3.17333 0.25628
300.307 3.23679 0.267934
300.307 3.30026 0.27851
300.307 3.36373 0.287964
300.307 3.42719 0.296259
300.307 3.49066 0.30336
300.307 3.55413 0.30924
300.307 3.61759 0.313875
300.307 3.68106 0.317246
300.307 3.74452 0.31934
300.307 3.80799 0.320147
300.307 3.87146 0.319666
300.307 3.93492 0.317898
300.307 3.99839 0.314849
300.307 4.06186 0.310533
300.307 4.12532 0.304966
300.307 4.18879 0.298171
300.307 4.25226 0.290175
300.307 4.31572 0.281012
300.307 4.37919 0.270716
300.307 4.44266 0.259331
300.307 4.50612 0.246901
300.307 4.56959 0.233477
300.307 4.63306 0.219113
300.307 4.69652 0.203867
300.307 4.75999 0.1878
300.307 4.82346 0.170976
300.307 4.88692 0.153464
300.307 4.95039 0.135334
300.307 5.01385 0.11666
300.307 5.07732 0.0975151
300.307 5.14079 0.0779779
300.307 5.20425 0.0581267
300.307 5.26772 0.0380415
300.307 5.33119 0.0178031
300.307 5.39465 -0.00250699
300.307 5.45812 -0.0228068
300.307 5.52159 -0.0430149
300.307 5.58505 -0.06305
300.307 5.64852 -0.0828311
300.307 5.71199 -0.102279
300.307 5.77545 -0.121314
300.307 5.83892 -0.139861
300.307 5.90239 -0.157845
300.307 5.96585 -0.175194
300.307 6.02932 -0.191837
300.307 6.09279 -0.207708
300.307 6.15625 -0.222742
300.307 6.21972 -0.236879
300.307 6.28319 -0.250063
301.308 0 0.0784376
301.308 0.0634665 0.0793294
301.308 0.126933 0.0799014
301.308 0.1904 0.0801518
301.308 0.253866 0.0800795
301.308 0.317333 0.0796847
301.308 0.380799 0.0789692
301.308 0.444266 0.0779356
301.308 0.507732 0.0765879
301.308 0.571199 0.0749322
301.308 0.634665 0.0729747
301.308 0.698132 0.0707233
301.308 0.761598 0.0681871
301.308 0.825065 0.0653763
301.308 0.888531 0.0623022
301.308 0.951998 0.0589776
301.308 1.01546 0.0554153
301.308 1.07893 0.0516297
301.308 1.1424 0.0476363
301.308 1.20586 0.0434512
301.308 1.26933 0.039091
301.308 1.3328 0.0345733
301.308 1.39626 0.0299168
301.308 1.45973 0.0251393
301.308 1.5232 0.0202609
301.308 1.58666 0.0153007
301.308 1.65013 0.0102793
301.308 1.7136 0.00521613
301.308 1.77706 0.000132082
301.308 1.84053 -0.00495232
301.308 1.904 -0.0100169
301.308 1.96746 -0.0150414
301.308 2.03093 -0.0200051
301.308 2.0944 -0.0248883
301.308 2.15786 -0.0296712
301.308 2.22133 -0.0343347
301.308 2.28479 -0.0388599
301.308 2.34826 -0.0432287
301.308 2.41173 -0.0474235
301.308 2.47519 -0.0514273
301.308 2.53866 -0.0552238
301.308 2.60213 -0.0587982
301.308 2.66559 -0.0621357
301.308 2.72906 -0.0652229
301.308 2.79253 -0.0680478
301.308 2.85599 -0.0705983
301.308 2.91946 -0.0728648
301.308 2.98293 -0.0748379
301.308 3.04639 -0.0765096
301.308 3.10986 -0.0778732
301.308 3.17333 -0.0789232
301.308 3.23679 -0.0796555
301.308 3.30026 -0.0800669
301.308 3.36373 -0.0801561
301.308 3.42719 -0.0799224
301.308 3.49066 -0.0793668
301.308 3.55413 -0.0784919
301.308 3.61759 -0.0773007
301.308 3.68106 -0.0757984
301.308 3.74452 -0.0739907
301.308 3.80799 -0.0718852
301.308 3.87146 -0.06949
301.308 3.93492 -0.0668153
301.308 3.99839 -0.0638715
301.308 4.06186 -0.0606705
301.308 4.12532 -0.0572253
301.308 4.18879 -0.0535493
301.308 4.25226 -0.049658
301.308 4.31572 -0.0455667
301.308 4.37919 -0.041292
301.308 4.44266 -0.0368508
301.308 4.50612 -0.0322615
301.308 4.56959 -0.0275417
301.308 4.63306 -0.0227117
301.308 4.69652 -0.0177901
301.308 4.75999 -0.0127966
301.308 4.82346 -0.00775148
301.308 4.88692 -0.00267539
301.308 4.95039 0.00241125
301.308 5.01385 0.00748847
301.308 5.07732 0.0125356
301.308 5.14079 0.0175321
301.308 5.20425 0.0224578
301.308 5.26772 0.0272936
301.308 5.33119 0.0320191
301.308 5.39465 0.0366157
301.308 5.45812 0.041065
301.308 5.52159 0.045349
301.308 5.58505 0.0494501
301.308 5.64852 0.0533525
301.308 5.71199 0.0570397
301.308 5.77545 0.0604973
301.308 5.83892 0.0637114
301.308 5.90239 0.066669
301.308 5.96585 0.0693581
301.308 6.02932 0.0717678
301.308 6.09279 0.0738886
301.308 6.15625 0.0757119
301.308 6.21972 0.0772303
301.308 6.28319 0.0784377
302.309 0 -0.116279
302.309 0.0634665 -0.108319
302.309 0.126933 -0.0999236
302.309 0.1904 -0.0911257
302.309 0.253866 -0.0819608
302.309 0.317333 -0.0724658
302.309 0.380799 -0.0626792
302.309 0.444266 -0.05264
302.309 0.507732 -0.042389
302.309 0.571199 -0.0319673
302.309 0.634665 -0.0214165
302.309 0.698132 -0.0107799
302.309 0.761598 -9.96146e-05
302.309 0.825065 0.0105811
302.309 0.888531 0.0212187
302.309 0.951998 0.0317712
302.309 1.01546 0.0421958
302.309 1.07893 0.0524504
302.309 1.1424 0.062494
302.309 1.20586 0.0722856
302.309 1.26933 0.0817865
302.309 1.3328 0.0909579
302.309 1.39626 0.0997632
302.309 1.45973 0.108167
302.309 1.5232 0.116135
302.309 1.58666 0.123635
302.309 1.65013 0.130637
302.309 1.7136 0.137113
302.309 1.77706 0.143038
302.309 1.84053 0.148386
302.309 1.904 0.153137
302.309 1.96746 0.157271
302.309 2.03093 0.160772
302.309 2.0944 0.163626
302.309 2.15786 0.165821
302.309 2.22133 0.167348
302.309 2.28479 0.168201
302.309 2.34826 0.168377
302.309 2.41173 0.167874
302.309 2.47519 0.166696
302.309 2.53866 0.164847
302.309 2.60213 0.162334
302.309 2.66559 0.159167
302.309 2.72906 0.155359
302.309 2.79253 0.150926
302.309 2.85599 0.145885
302.309 2.91946 0.140257
302.309 2.98293 0.134063
302.309 3.04639 0.127331
302.309 3.10986 0.120085
302.309 3.17333 0.112356
302.309 3.23679 0.104174
302.309 3.30026 0.0955729
302.309 3.36373 0.0865869
302.309 3.42719 0.0772522
302.309 3.49066 0.0676066
302.309 3.55413 0.0576885
302.309 3.61759 0.0475384
302.309 3.68106 0.0371967
302.309 3.74452 0.0267054
302.309 3.80799 0.0161064
302.309 3.87146 0.00544255
302.309 3.93492 -0.00524309
302.309 3.99839 -0.0159078
302.309 4.06186 -0.0265082
302.309 4.12532 -0.0370022
302.309 4.18879 -0.0473469
302.309 4.25226 -0.057501
302.309 4.31572 -0.0674236
302.309 4.37919 -0.0770747
302.309 4.44266 -0.0864155
302.309 4.50612 -0.0954086
302.309 4.56959 -0.104017
302.309 4.63306 -0.112207
302.309 4.69652 -0.119945
302.309 4.75999 -0.1272
302.309 4.82346 -0.133943
302.309 4.88692 -0.140146
302.309 4.95039 -0.145785
302.309 5.01385 -0.150837
302.309 5.07732 -0.155283
302.309 5.14079 -0.159102
302.309 5.20425 -0.162281
302.309 5.26772 -0.164806
302.309 5.33119 -0.166668
302.309 5.39465 -0.167858
302.309 5.45812 -0.168373
302.309 5.52159 -0.16821
302.309 5.58505 -0.16737
302.309 5.64852 -0.165855
302.309 5.71199 -0.163673
302.309 5.77545 -0.160831
302.309 5.83892 -0.157343
302.309 5.90239 -0.15322
302.309 5.96585 -0.14848
302.309 6.02932 -0.143143
302.309 6.09279 -0.137229
302.309 6.15625 -0.130763
302.309 6.21972 -0.12377
302.309 6.28319 -0.116279
303.31 0 0.251732
303.31 0.0634665 0.244142
303.31 0.126933 0.235569
303.31 0.1904 0.226048
303.31 0.253866 0.215616
303.31 0.317333 0.204316
303.31 0.380799 0.192193
303.31 0.444266 0.179296
303.31 0.507732 0.165678
303.31 0.571199 0.151391
303.31 0.634665 0.136496
303.31 0.698132 0.121051
303.31 0.761598 0.105119
303.31 0.825065 0.0887633
303.31 0.888531 0.0720501
303.31 0.951998 0.055047
303.31 1.01546 0.0378221
303.31 1.07893 0.020445
303.31 1.1424 0.00298549
303.31 1.20586 -0.014486
303.31 1.26933 -0.0318991
303.31 1.3328 -0.0491839
303.31 1.39626 -0.0662705
303.31 1.45973 -0.0830903
303.31 1.5232 -0.0995756
303.31 1.58666 -0.11566
303.31 1.65013 -0.131278
303.31 1.7136 -0.146368
303.31 1.77706 -0.160869
303.31 1.84053 -0.174722
303.31 1.904 -0.187871
303.31 1.96746 -0.200264
303.31 2.03093 -0.21185
303.31 2.0944 -0.222584
303.31 2.15786 -0.232421
303.31 2.22133 -0.241322
303.31 2.28479 -0.249252
303.31 2.34826 -0.256177
303.31 2.41173 -0.262071
303.31 2.47519 -0.266911
303.31 2.53866 -0.270675
303.31 2.60213 -0.273349
303.31 2.66559 -0.274923
303.31 2.72906 -0.27539
303.31 2.79253 -0.274748
303.31 2.85599 -0.272999
303.31 2.91946 -0.270151
303.31 2.98293 -0.266216
303.31 3.04639 -0.261208
303.31 3.10986 -0.255149
303.31 3.17333 -0.248062
303.31 3.23679 -0.239976
303.31 3.30026 -0.230924
303.31 3.36373 -0.220943
303.31 3.42719 -0.210071
303.31 3.49066 -0.198354
303.31 3.55413 -0.185838
303.31 3.61759 -0.172573
303.31 3.68106 -0.158614
303.31 3.74452 -0.144016
303.31 3.80799 -0.128839
303.31 3.87146 -0.113142
303.31 3.93492 -0.0969899
303.31 3.99839 -0.0804473
303.31 4.06186 -0.0635805
303.31 4.12532 -0.046458
303.31 4.18879 -0.0291481
303.31 4.25226 -0.0117211
303.31 4.31572 0.0057532
303.31 4.37919 0.0232044
303.31 4.44266 0.0405619
303.31 4.50612 0.0577562
303.31 4.56959 0.074718
303.31 4.63306 0.091379
303.31 4.69652 0.107672
303.31 4.75999 0.123531
303.31 4.82346 0.138893
303.31 4.88692 0.153696
303.31 4.95039 0.16788
303.31 5.01385 0.181388
303.31 5.07732 0.194165
303.31 5.14079 0.206161
303.31 5.20425 0.217327
303.31 5.26772 0.227617
303.31 5.33119 0.236991
303.31 5.39465 0.24541
303.31 5.45812 0.252842
303.31 5.52159 0.259255
303.31 5.58505 0.264624
303.31 5.64852 0.268928
303.31 5.71199 0.272149
303.31 5.77545 0.274274
303.31 5.83892 0.275295
303.31 5.90239 0.275207
303.31 5.96585 0.274011
303.31 6.02932 0.271712
303.31 6.09279 0.268318
303.31 6.15625 0.263844
303.31 6.21972 0.258308
303.31 6.28319 0.251732
304.311 0 -0.389022
304.311 0.0634665 -0.418887
304.311 0.126933 -0.447064
304.311 0.1904 -0.473442
304.311 0.253866 -0.497913
304.311 0.317333 -0.52038
304.311 0.380799 -0.54075
304.311 0.444266 -0.558943
304.311 0.507732 -0.574886
304.311 0.571199 -0.588514
304.311 0.634665 -0.599772
304.311 0.698132 -0.608615
304.311 0.761598 -0.615007
304.311 0.825065 -0.618923
304.311 0.888531 -0.620347
304.311 0.951998 -0.619273
304.311 1.01546 -0.615705
304.311 1.07893 -0.609658
304.311 1.1424 -0.601156
304.311 1.20586 -0.590234
304.311 1.26933 -0.576935
304.311 1.3328 -0.561312
304.311 1.39626 -0.54343
304.311 1.45973 -0.523359
304.311 1.5232 -0.501181
304.311 1.58666 -0.476984
304.311 1.65013 -0.450868
304.311 1.7136 -0.422936
304.311 1.77706 -0.3933
304.311 1.84053 -0.362081
304.311 1.904 -0.329404
304.311 1.96746 -0.295401
304.311 2.03093 -0.260208
304.311 2.0944 -0.223967
304.311 2.15786 -0.186825
304.311 2.22133 -0.14893
304.311 2.28479 -0.110436
304.311 2.34826 -0.0714968
304.311 2.41173 -0.0322697
304.311 2.47519 0.00708724
304.311 2.53866 0.0464156
304.311 2.60213 0.085557
304.311 2.66559 0.124354
304.311 2.72906 0.16265
304.311 2.79253 0.200292
304.311 2.85599 0.237126
304.311 2.91946 0.273007
304.311 2.98293 0.307787
304.311 3.04639 0.341329
304.311 3.10986 0.373496
304.311 3.17333 0.404158
304.311 3.23679 0.433194
304.311 3.30026 0.460485
304.311 3.36373 0.485922
304.311 3.42719 0.509403
304.311 3.49066 0.530832
304.311 3.55413 0.550123
304.311 3.61759 0.5672
304.311 3.68106 0.581993
304.311 3.74452 0.594442
304.311 3.80799 0.604498
304.311 3.87146 0.61212
304.311 3.93492 0.617276
304.311 3.99839 0.619947
304.311 4.06186 0.620122
304.311 4.12532 0.6178
304.311 4.18879 0.61299
304.311 4.25226 0.605712
304.311 4.31572 0.595995
304.311 4.37919 0.583878
304.311 4.44266 0.56941
304.311 4.50612 0.552649
304.311 4.56959 0.533663
304.311 4.63306 0.512528
304.311 4.69652 0.489329
304.311 4.75999 0.46416
304.311 4.82346 0.437122
304.311 4.88692 0.408323
304.311 4.95039 0.377881
304.311 5.01385 0.345917
304.311 5.07732 0.31256
304.311 5.14079 0.277944
304.311 5.20425 0.24221
304.311 5.26772 0.2055
304.311 5.33119 0.167962
304.311 5.39465 0.129748
304.311 5.45812 0.0910122
304.311 5.52159 0.0519095
304.311 5.58505 0.0125977
304.311 5.64852 -0.0267646
304.311 5.71199 -0.0660195
304.311 5.77545 -0.105008
304.311 5.83892 -0.143574
304.311 5.90239 -0.181562
304.311 5.96585 -0.218819
304.311 6.02932 -0.255195
304.311 6.09279 -0.290543
304.311 6.15625 -0.324721
304.311 6.21972 -0.357592
304.311 6.28319 -0.389023
305.312 0 -0.130055
305.312 0.0634665 -0.134037
305.312 0.126933 -0.13748
305.312 0.1904 -0.140369
305.312 0.253866 -0.142693
305.312 0.317333 -0.144442
305.312 0.380799 -0.145609
305.312 0.444266 -0.146191
305.312 0.507732 -0.146183
305.312 0.571199 -0.145587
305.312 0.634665 -0.144405
305.312 0.698132 -0.142642
305.312 0.761598 -0.140304
305.312 0.825065 -0.137401
305.312 0.888531 -0.133944
305.312 0.951998 -0.129949
305.312 1.01546 -0.12543
305.312 1.07893 -0.120406
305.312 1.1424 -0.114897
305.312 1.20586 -0.108926
305.312 1.26933 -0.102516
305.312 1.3328 -0.0956932
305.312 1.39626 -0.0884849
305.312 1.45973 -0.0809206
305.312 1.5232 -0.0730303
305.312 1.58666 -0.064846
305.312 1.65013 -0.0564005
305.312 1.7136 -0.0477281
305.312 1.77706 -0.0388631
305.312 1.84053 -0.0298422
305.312 1.904 -0.0207008
305.312 1.96746 -0.0114759
305.312 2.03093 -0.00220466
305.312 2.0944 0.00707486
305.312 2.15786 0.0163262
305.312 2.22133 0.0255116
305.312 2.28479 0.0345945
305.312 2.34826 0.0435381
305.312 2.41173 0.0523065
305.312 2.47519 0.0608637
305.312 2.53866 0.0691764
305.312 2.60213 0.0772106
305.312 2.66559 0.0849334
305.312 2.72906 0.0923145
305.312 2.79253 0.099324
305.312 2.85599 0.105934
305.312 2.91946 0.112117
305.312 2.98293 0.117848
305.312 3.04639 0.123105
305.312 3.10986 0.127866
305.312 3.17333 0.132112
305.312 3.23679 0.135827
305.312 3.30026 0.138994
305.312 3.36373 0.141602
305.312 3.42719 0.143639
305.312 3.49066 0.145099
305.312 3.55413 0.145974
305.312 3.61759 0.146261
305.312 3.68106 0.145959
305.312 3.74452 0.145069
305.312 3.80799 0.143596
305.312 3.87146 0.141544
305.312 3.93492 0.138922
305.312 3.99839 0.135741
305.312 4.06186 0.132013
305.312 4.12532 0.127753
305.312 4.18879 0.12298
305.312 4.25226 0.117711
305.312 4.31572 0.111968
305.312 4.37919 0.105774
305.312 4.44266 0.0991546
305.312 4.50612 0.0921355
305.312 4.56959 0.0847457
305.312 4.63306 0.0770142
305.312 4.69652 0.0689729
305.312 4.75999 0.0606538
305.312 4.82346 0.0520903
305.312 4.88692 0.0433178
305.312 4.95039 0.0343701
305.312 5.01385 0.0252843
305.312 5.07732 0.0160965
305.312 5.14079 0.00684387
305.312 5.20425 -0.00243617
305.312 5.26772 -0.0117063
305.312 5.33119 -0.0209291
305.312 5.39465 -0.0300684
305.312 5.45812 -0.039086
305.312 5.52159 -0.0479461
305.312 5.58505 -0.0566137
305.312 5.64852 -0.0650529
305.312 5.71199 -0.0732302
305.312 5.77545 -0.081113
305.312 5.83892 -0.0886689
305.312 5.90239 -0.0958677
305.312 5.96585 -0.102681
305.312 6.02932 -0.10908
305.312 6.09279 -0.11504
305.312 6.15625 -0.120537
305.312 6.21972 -0.125549
305.312 6.28319 -0.130055
306.313 0 0.00203936
306.313 0.0634665 -0.00940335
306.313 0.126933 -0.0208083
306.313 0.1904 -0.0321295
306.313 0.253866 -0.0433214
306.313 0.317333 -0.0543388
306.313 0.380799 -0.0651372
306.313 0.444266 -0.0756736
306.313 0.507732 -0.0859053
306.313 0.571199 -0.095791
306.313 0.634665 -0.105291
306.313 0.698132 -0.114367
306.313 0.761598 -0.122982
306.313 0.825065 -0.131103
306.313 0.888531 -0.138695
306.313 0.951998 -0.145729
306.313 1.01546 -0.152176
306.313 1.07893 -0.15801
306.313 1.1424 -0.163208
306.313 1.20586 -0.167749
306.313 1.26933 -0.171615
306.313 1.3328 -0.174789
306.313 1.39626 -0.17726
306.313 1.45973 -0.179016
306.313 1.5232 -0.180052
306.313 1.58666 -0.180364
306.313 1.65013 -0.179948
306.313 1.7136 -0.178808
306.313 1.77706 -0.176948
306.313 1.84053 -0.174376
306.313 1.904 -0.171102
306.313 1.96746 -0.167138
306.313 2.03093 -0.162502
306.313 2.0944 -0.157211
306.313 2.15786 -0.151287
306.313 2.22133 -0.144754
306.313 2.28479 -0.137638
306.313 2.34826 -0.129968
306.313 2.41173 -0.121774
306.313 2.47519 -0.11309
306.313 2.53866 -0.103951
306.313 2.60213 -0.0943933
306.313 2.66559 -0.0844559
306.313 2.72906 -0.0741777
306.313 2.79253 -0.0636012
306.313 2.85599 -0.0527684
306.313 2.91946 -0.0417234
306.313 2.98293 -0.0305098
306.313 3.04639 -0.019174
306.313 3.10986 -0.00776064
306.313 3.17333 0.00368394
306.313 3.23679 0.0151135
306.313 3.30026 0.0264824
306.313 3.36373 0.0377445
306.313 3.42719 0.0488545
306.313 3.49066 0.0597682
306.313 3.55413 0.070441
306.313 3.61759 0.0808301
306.313 3.68106 0.0908938
306.313 3.74452 0.100592
306.313 3.80799 0.109884
306.313 3.87146 0.118734
306.313 3.93492 0.127106
306.313 3.99839 0.134967
306.313 4.06186 0.142284
306.313 4.12532 0.149028
306.313 4.18879 0.155171
306.313 4.25226 0.16069
306.313 4.31572 0.165562
306.313 4.37919 0.169767
306.313 4.44266 0.173289
306.313 4.50612 0.176113
306.313 4.56959 0.178228
306.313 4.63306 0.179625
306.313 4.69652 0.180299
306.313 4.75999 0.180247
306.313 4.82346 0.179469
306.313 4.88692 0.177968
306.313 4.95039 0.175751
306.313 5.01385 0.172826
306.313 5.07732 0.169205
306.313 5.14079 0.164903
306.313 5.20425 0.159937
306.313 5.26772 0.154326
306.313 5.33119 0.148095
306.313 5.39465 0.141267
306.313 5.45812 0.13387
306.313 5.52159 0.125934
306.313 5.58505 0.117492
306.313 5.64852 0.108576
306.313 5.71199 0.0992222
306.313 5.77545 0.0894695
306.313 5.83892 0.0793566
306.313 5.90239 0.0689241
306.313 5.96585 0.0582142
306.313 6.02932 0.0472695
306.313 6.09279 0.0361349
306.313 6.15625 0.0248545
306.313 6.21972 0.013474
306.313 6.28319 0.00203949
307.314 0 0.388036
307.314 0.0634665 0.405882
307.314 0.126933 0.422094
307.314 0.1904 0.436607
307.314 0.253866 0.449362
307.314 0.317333 0.460307
307.314 0.380799 0.469399
307.314 0.444266 0.4766
307.314 0.507732 0.481883
307.314 0.571199 0.485225
307.314 0.634665 0.486613
307.314 0.698132 0.486042
307.314 0.761598 0.483514
307.314 0.825065 0.479038
307.314 0.888531 0.472634
307.314 0.951998 0.464327
307.314 1.01546 0.45415
307.314 1.07893 0.442145
307.314 1.1424 0.428359
307.314 1.20586 0.412848
307.314 1.26933 0.395675
307.314 1.3328 0.376908
307.314 1.39626 0.356624
307.314 1.45973 0.334904
307.314 1.5232 0.311835
307.314 1.58666 0.287511
307.314 1.65013 0.262029
307.314 1.7136 0.235492
307.314 1.77706 0.208006
307.314 1.84053 0.179683
307.314 1.904 0.150637
307.314 1.96746 0.120984
307.314 2.03093 0.0908435
307.314 2.0944 0.0603375
307.314 2.15786 0.0295885
307.314 2.22133 -0.00127951
307.314 2.28479 -0.0321423
307.314 2.34826 -0.062876
307.314 2.41173 -0.0933562
307.314 2.47519 -0.123461
307.314 2.53866 -0.153068
307.314 2.60213 -0.182059
307.314 2.66559 -0.210317
307.314 2.72906 -0.237728
307.314 2.79253 -0.264181
307.314 2.85599 -0.289571
307.314 2.91946 -0.313795
307.314 2.98293 -0.336756
307.314 3.04639 -0.35836
307.314 3.10986 -0.378522
307.314 3.17333 -0.397159
307.314 3.23679 -0.414197
307.314 3.30026 -0.429567
307.314 3.36373 -0.443208
307.314 3.42719 -0.455063
307.314 3.49066 -0.465087
307.314 3.55413 -0.473238
307.314 3.61759 -0.479483
307.314 3.68106 -0.483797
307.314 3.74452 -0.486164
307.314 3.80799 -0.486572
307.314 3.87146 -0.485022
307.314 3.93492 -0.481518
307.314 3.99839 -0.476076
307.314 4.06186 -0.468717
307.314 4.12532 -0.45947
307.314 4.18879 -0.448374
307.314 4.25226 -0.435471
307.314 4.31572 -0.420815
307.314 4.37919 -0.404465
307.314 4.44266 -0.386486
307.314 4.50612 -0.366951
307.314 4.56959 -0.345938
307.314 4.63306 -0.323532
307.314 4.69652 -0.299824
307.314 4.75999 -0.274908
307.314 4.82346 -0.248885
307.314 4.88692 -0.221861
307.314 4.95039 -0.193943
307.314 5.01385 -0.165243
307.314 5.07732 -0.135879
307.314 5.14079 -0.105967
307.314 5.20425 -0.0756287
307.314 5.26772 -0.0449856
307.314 5.33119 -0.0141617
307.314 5.39465 0.0167194
307.314 5.45812 0.0475329
307.314 5.52159 0.0781552
307.314 5.58505 0.108463
307.314 5.64852 0.138334
307.314 5.71199 0.167648
307.314 5.77545 0.196287
307.314 5.83892 0.224135
307.314 5.90239 0.251081
307.314 5.96585 0.277016
307.314 6.02932 0.301835
307.314 6.09279 0.325439
307.314 6.15625 0.347733
307.314 6.21972 0.368627
307.314 6.28319 0.388036
308.315 0 0.307233
308.315 0.0634665 0.312696
308.315 0.126933 0.316901
308.315 0.1904 0.319829
308.315 0.253866 0.32147
308.315 0.317333 0.321816
308.315 0.380799 0.320866
308.315 0.444266 0.318624
308.315 0.507732 0.315099
308.315 0.571199 0.310306
308.315 0.634665 0.304263
308.315 0.698132 0.296995
308.315 0.761598 0.288531
308.315 0.825065 0.278905
308.315 0.888531 0.268156
308.315 0.951998 0.256327
308.315 1.01546 0.243466
308.315 1.07893 0.229625
308.315 1.1424 0.214859
308.315 1.20586 0.199228
308.315 1.26933 0.182795
308.315 1.3328 0.165625
308.315 1.39626 0.147789
308.315 1.45973 0.129358
308.315 1.5232 0.110406
308.315 1.58666 0.0910091
308.315 1.65013 0.0712458
308.315 1.7136 0.0511956
308.315 1.77706 0.0309394
308.315 1.84053 0.0105586
308.315 1.904 -0.00986467
308.315 1.96746 -0.0302483
308.315 2.03093 -0.05051
308.315 2.0944 -0.0705685
308.315 2.15786 -0.0903428
308.315 2.22133 -0.109753
308.315 2.28479 -0.128722
308.315 2.34826 -0.147172
308.315 2.41173 -0.16503
308.315 2.47519 -0.182223
308.315 2.53866 -0.198682
308.315 2.60213 -0.214342
308.315 2.66559 -0.229138
308.315 2.72906 -0.243011
308.315 2.79253 -0.255906
308.315 2.85599 -0.267771
308.315 2.91946 -0.278557
308.315 2.98293 -0.288222
308.315 3.04639 -0.296726
308.315 3.10986 -0.304036
308.315 3.17333 -0.310121
308.315 3.23679 -0.314957
308.315 3.30026 -0.318525
308.315 3.36373 -0.320811
308.315 3.42719 -0.321805
308.315 3.49066 -0.321503
308.315 3.55413 -0.319906
308.315 3.61759 -0.317021
308.315 3.68106 -0.31286
308.315 3.74452 -0.307439
308.315 3.80799 -0.30078
308.315 3.87146 -0.29291
308.315 3.93492 -0.283861
308.315 3.99839 -0.273668
308.315 4.06186 -0.262373
308.315 4.12532 -0.250022
308.315 4.18879 -0.236665
308.315 4.25226 -0.222353
308.315 4.31572 -0.207148
308.315 4.37919 -0.191107
308.315 4.44266 -0.174298
308.315 4.50612 -0.156786
308.315 4.56959 -0.138643
308.315 4.63306 -0.119942
308.315 4.69652 -0.100758
308.315 4.75999 -0.0811682
308.315 4.82346 -0.0612516
308.315 4.88692 -0.0410882
308.315 4.95039 -0.0207595
308.315 5.01385 -0.000347108
308.315 5.07732 0.0200666
308.315 5.14079 0.0403996
308.315 5.20425 0.0605699
308.315 5.26772 0.0804963
308.315 5.33119 0.100098
308.315 5.39465 0.119298
308.315 5.45812 0.138016
308.315 5.52159 0.156179
308.315 5.58505 0.173714
308.315 5.64852 0.190548
308.315 5.71199 0.206616
308.315 5.77545 0.221851
308.315 5.83892 0.236193
308.315 5.90239 0.249584
308.315 5.96585 0.26197
308.315 6.02932 0.273302
308.315 6.09279 0.283533
308.315 6.15625 0.292622
308.315 6.21972 0.300532
308.315 6.28319 0.307233
309.316 0 0.0776647
309.316 0.0634665 0.0901928
309.316 0.126933 0.102358
309.316 0.1904 0.11411
309.316 0.253866 0.125403
309.316 0.317333 0.136192
309.316 0.380799 0.146432
309.316 0.444266 0.156082
309.316 0.507732 0.165103
309.316 0.571199 0.17346
309.316 0.634665 0.181119
309.316 0.698132 0.188048
309.316 0.761598 0.19422
309.316 0.825065 0.19961
309.316 0.888531 0.204196
309.316 0.951998 0.20796
309.316 1.01546 0.210886
309.316 1.07893 0.212964
309.316 1.1424 0.214183
309.316 1.20586 0.214541
309.316 1.26933 0.214034
309.316 1.3328 0.212666
309.316 1.39626 0.210441
309.316 1.45973 0.207369
309.316 1.5232 0.203462
309.316 1.58666 0.198736
309.316 1.65013 0.193209
309.316 1.7136 0.186905
309.316 1.77706 0.179848
309.316 1.84053 0.172066
309.316 1.904 0.163592
309.316 1.96746 0.15446
309.316 2.03093 0.144704
309.316 2.0944 0.134367
309.316 2.15786 0.123488
309.316 2.22133 0.112113
309.316 2.28479 0.100285
309.316 2.34826 0.0880544
309.316 2.41173 0.0754687
309.316 2.47519 0.0625791
309.316 2.53866 0.0494376
309.316 2.60213 0.036097
309.316 2.66559 0.0226111
309.316 2.72906 0.00903411
309.316 2.79253 -0.00457913
309.316 2.85599 -0.0181742
309.316 2.91946 -0.0316959
309.316 2.98293 -0.04509
309.316 3.04639 -0.0583025
309.316 3.10986 -0.0712802
309.316 3.17333 -0.0839711
309.316 3.23679 -0.0963236
309.316 3.30026 -0.108288
309.316 3.36373 -0.119817
309.316 3.42719 -0.130863
309.316 3.49066 -0.141383
309.316 3.55413 -0.151333
309.316 3.61759 -0.160673
309.316 3.68106 -0.169367
309.316 3.74452 -0.177379
309.316 3.80799 -0.184676
309.316 3.87146 -0.19123
309.316 3.93492 -0.197014
309.316 3.99839 -0.202005
309.316 4.06186 -0.206181
309.316 4.12532 -0.209529
309.316 4.18879 -0.212032
309.316 4.25226 -0.213681
309.316 4.31572 -0.21447
309.316 4.37919 -0.214396
309.316 4.44266 -0.213458
309.316 4.50612 -0.21166
309.316 4.56959 -0.209011
309.316 4.63306 -0.205519
309.316 4.69652 -0.201201
309.316 4.75999 -0.196071
309.316 4.82346 -0.190153
309.316 4.88692 -0.183469
309.316 4.95039 -0.176046
309.316 5.01385 -0.167914
309.316 5.07732 -0.159106
309.316 5.14079 -0.149657
309.316 5.20425 -0.139606
309.316 5.26772 -0.128993
309.316 5.33119 -0.11786
309.316 5.39465 -0.106252
309.316 5.45812 -0.0942174
309.316 5.52159 -0.0818027
309.316 5.58505 -0.0690587
309.316 5.64852 -0.0560366
309.316 5.71199 -0.0427888
309.316 5.77545 -0.0293688
309.316 5.83892 -0.0158307
309.316 5.90239 -0.00222859
309.316 5.96585 0.0113824
309.316 6.02932 0.0249476
309.316 6.09279 0.0384123
309.316 6.15625 0.0517222
309.316 6.21972 0.064824
309.316 6.28319 0.0776647
310.317 0 -0.154165
310.317 0.0634665 -0.157727
310.317 0.126933 -0.160654
310.317 0.1904 -0.162934
310.317 0.253866 -0.164558
310.317 0.317333 -0.16552
310.317 0.380799 -0.165815
310.317 0.444266 -0.165442
310.317 0.507732 -0.164403
310.317 0.571199 -0.162702
310.317 0.634665 -0.160346
310.317 0.698132 -0.157344
310.317 0.761598 -0.153708
310.317 0.825065 -0.149454
310.317 0.888531 -0.144598
310.317 0.951998 -0.13916
310.317 1.01546 -0.133161
310.317 1.07893 -0.126626
310.317 1.1424 -0.119582
310.317 1.20586 -0.112055
310.317 1.26933 -0.104078
310.317 1.3328 -0.0956813
310.317 1.39626 -0.0868996
310.317 1.45973 -0.0777678
310.317 1.5232 -0.068323
310.317 1.58666 -0.0586029
310.317 1.65013 -0.048647
310.317 1.7136 -0.0384952
310.317 1.77706 -0.0281882
310.317 1.84053 -0.0177679
310.317 1.904 -0.00727604
310.317 1.96746 0.00324519
310.317 2.03093 0.0137533
310.317 2.0944 0.024206
310.317 2.15786 0.0345613
310.317 2.22133 0.0447774
310.317 2.28479 0.0548132
310.317 2.34826 0.0646283
310.317 2.41173 0.0741832
310.317 2.47519 0.0834394
310.317 2.53866 0.0923596
310.317 2.60213 0.100908
310.317 2.66559 0.10905
310.317 2.72906 0.116753
310.317 2.79253 0.123985
310.317 2.85599 0.130719
310.317 2.91946 0.136926
310.317 2.98293 0.142582
310.317 3.04639 0.147663
310.317 3.10986 0.152151
310.317 3.17333 0.156025
310.317 3.23679 0.159271
310.317 3.30026 0.161876
310.317 3.36373 0.163829
310.317 3.42719 0.165122
310.317 3.49066 0.165751
310.317 3.55413 0.165711
310.317 3.61759 0.165005
310.317 3.68106 0.163635
310.317 3.74452 0.161605
310.317 3.80799 0.158925
310.317 3.87146 0.155605
310.317 3.93492 0.151658
310.317 3.99839 0.1471
310.317 4.06186 0.141951
310.317 4.12532 0.136229
310.317 4.18879 0.129959
310.317 4.25226 0.123166
310.317 4.31572 0.115877
310.317 4.37919 0.108121
310.317 4.44266 0.09993
310.317 4.50612 0.0913365
310.317 4.56959 0.0823751
310.317 4.63306 0.0730822
310.317 4.69652 0.0634949
310.317 4.75999 0.0536521
310.317 4.82346 0.043593
310.317 4.88692 0.0333586
310.317 4.95039 0.0229897
310.317 5.01385 0.0125283
310.317 5.07732 0.00201645
310.317 5.14079 -0.00850358
310.317 5.20425 -0.0189892
310.317 5.26772 -0.0293986
310.317 5.33119 -0.0396893
310.317 5.39465 -0.0498204
310.317 5.45812 -0.0597508
310.317 5.52159 -0.0694407
310.317 5.58505 -0.0788509
310.317 5.64852 -0.0879437
310.317 5.71199 -0.0966824
310.317 5.77545 -0.105032
310.317 5.83892 -0.112958
310.317 5.90239 -0.12043
310.317 5.96585 -0.127416
310.317 6.02932 -0.13389
310.317 6.09279 -0.139824
310.317 6.15625 -0.145196
310.317 6.21972 -0.149983
310.317 6.28319 -0.154165
311.318 0 0.295015
311.318 0.0634665 0.28796
311.318 0.126933 0.279746
311.318 0.1904 0.270405
311.318 0.253866 0.259976
311.318 0.317333 0.248499
311.318 0.380799 0.236022
311.318 0.444266 0.222595
311.318 0.507732 0.208271
311.318 0.571199 0.193109
311.318 0.634665 0.177169
311.318 0.698132 0.160516
311.318 0.761598 0.143216
311.318 0.825065 0.12534
311.318 0.888531 0.106959
311.318 0.951998 0.0881473
311.318 1.01546 0.0689807
311.318 1.07893 0.0495363
311.318 1.1424 0.0298925
311.318 1.20586 0.0101282
311.318 1.26933 -0.0096768
311.318 1.3328 -0.0294427
311.318 1.39626 -0.0490903
311.318 1.45973 -0.06854
311.318 1.5232 -0.087714
311.318 1.58666 -0.106535
311.318 1.65013 -0.124926
311.318 1.7136 -0.142815
311.318 1.77706 -0.160128
311.318 1.84053 -0.176797
311.318 1.904 -0.192754
311.318 1.96746 -0.207935
311.318 2.03093 -0.222278
311.318 2.0944 -0.235727
311.318 2.15786 -0.248226
311.318 2.22133 -0.259725
311.318 2.28479 -0.270179
311.318 2.34826 -0.279545
311.318 2.41173 -0.287785
311.318 2.47519 -0.294867
311.318 2.53866 -0.300761
311.318 2.60213 -0.305445
311.318 2.66559 -0.308897
311.318 2.72906 -0.311107
311.318 2.79253 -0.312064
311.318 2.85599 -0.311764
311.318 2.91946 -0.310209
311.318 2.98293 -0.307404
311.318 3.04639 -0.303362
311.318 3.10986 -0.298098
311.318 3.17333 -0.291635
311.318 3.23679 -0.283996
311.318 3.30026 -0.275214
311.318 3.36373 -0.265324
311.318 3.42719 -0.254366
311.318 3.49066 -0.242383
311.318 3.55413 -0.229424
311.318 3.61759 -0.215542
311.318 3.68106 -0.200791
311.318 3.74452 -0.185232
311.318 3.80799 -0.168928
311.318 3.87146 -0.151943
311.318 3.93492 -0.134346
311.318 3.99839 -0.116208
311.318 4.06186 -0.0976024
311.318 4.12532 -0.0786036
311.318 4.18879 -0.0592883
311.318 4.25226 -0.0397343
311.318 4.31572 -0.0200204
311.318 4.37919 -0.000225818
311.318 4.44266 0.0195695
311.318 4.50612 0.0392862
311.318 4.56959 0.0588447
311.318 4.63306 0.0781663
311.318 4.69652 0.097173
311.318 4.75999 0.115789
311.318 4.82346 0.133938
311.318 4.88692 0.151548
311.318 4.95039 0.168547
311.318 5.01385 0.184868
311.318 5.07732 0.200445
311.318 5.14079 0.215215
311.318 5.20425 0.229118
311.318 5.26772 0.242098
311.318 5.33119 0.254103
311.318 5.39465 0.265086
311.318 5.45812 0.275001
311.318 5.52159 0.283808
311.318 5.58505 0.291473
311.318 5.64852 0.297964
311.318 5.71199 0.303256
311.318 5.77545 0.307326
311.318 5.83892 0.310159
311.318 5.90239 0.311742
311.318 5.96585 0.312071
311.318 6.02932 0.311143
311.318 6.09279 0.308962
311.318 6.15625 0.305537
311.318 6.21972 0.300882
311.318 6.28319 0.295015
312.319 0 -0.039736
312.319 0.0634665 -0.0286295
312.319 0.126933 -0.0174078
312.319 0.1904 -0.00611602
312.319 0.253866 0.00520057
312.319 0.317333 0.0164961
312.319 0.380799 0.0277252
312.319 0.444266 0.0388426
312.319 0.507732 0.0498037
312.319 0.571199 0.0605642
312.319 0.634665 0.0710809
312.319 0.698132 0.0813113
312.319 0.761598 0.0912143
312.319 0.825065 0.10075
312.319 0.888531 0.10988
312.319 0.951998 0.118568
312.319 1.01546 0.126778
312.319 1.07893 0.134478
312.319 1.1424 0.141636
312.319 1.20586 0.148224
312.319 1.26933 0.154215
312.319 1.3328 0.159585
312.319 1.39626 0.164312
312.319 1.45973 0.168378
312.319 1.5232 0.171766
312.319 1.58666 0.174462
312.319 1.65013 0.176456
312.319 1.7136 0.177739
312.319 1.77706 0.178306
312.319 1.84053 0.178156
312.319 1.904 0.177288
312.319 1.96746 0.175706
312.319 2.03093 0.173417
312.319 2.0944 0.170429
312.319 2.15786 0.166756
312.319 2.22133 0.162411
312.319 2.28479 0.157411
312.319 2.34826 0.151778
312.319 2.41173 0.145534
312.319 2.47519 0.138704
312.319 2.53866 0.131315
312.319 2.60213 0.123397
312.319 2.66559 0.114983
312.319 2.72906 0.106106
312.319 2.79253 0.096801
312.319 2.85599 0.0871065
312.319 2.91946 0.0770614
312.319 2.98293 0.0667059
312.319 3.04639 0.0560819
312.319 3.10986 0.045232
312.319 3.17333 0.0342
312.319 3.23679 0.0230303
312.319 3.30026 0.0117677
312.319 3.36373 0.00045785
312.319 3.42719 -0.0108538
312.319 3.49066 -0.0221217
312.319 3.55413 -0.0333007
312.319 3.61759 -0.0443456
312.319 3.68106 -0.0552118
312.319 3.74452 -0.0658557
312.319 3.80799 -0.0762344
312.319 3.87146 -0.0863063
312.319 3.93492 -0.0960305
312.319 3.99839 -0.105368
312.319 4.06186 -0.114282
312.319 4.12532 -0.122735
312.319 4.18879 -0.130693
312.319 4.25226 -0.138126
312.319 4.31572 -0.145002
312.319 4.37919 -0.151295
312.319 4.44266 -0.156979
312.319 4.50612 -0.16203
312.319 4.56959 -0.166429
312.319 4.63306 -0.170158
312.319 4.69652 -0.173201
312.319 4.75999 -0.175547
312.319 4.82346 -0.177187
312.319 4.88692 -0.178112
312.319 4.95039 -0.178321
312.319 5.01385 -0.177811
312.319 5.07732 -0.176586
312.319 5.14079 -0.17465
312.319 5.20425 -0.17201
312.319 5.26772 -0.168677
312.319 5.33119 -0.164666
312.319 5.39465 -0.159991
312.319 5.45812 -0.154673
312.319 5.52159 -0.148731
312.319 5.58505 -0.14219
312.319 5.64852 -0.135077
312.319 5.71199 -0.12742
312.319 5.77545 -0.11925
312.319 5.83892 -0.1106
312.319 5.90239 -0.101504
312.319 5.96585 -0.0919999
312.319 6.02932 -0.0821253
312.319 6.09279 -0.0719198
312.319 6.15625 -0.0614248
312.319 6.21972 -0.0506825
312.319 6.28319 -0.039736
313.32 0 -0.251026
313.32 0.0634665 -0.252606
313.32 0.126933 -0.253168
313.32 0.1904 -0.252711
313.32 0.253866 -0.251236
313.32 0.317333 -0.24875
313.32 0.380799 -0.245261
313.32 0.444266 -0.240786
313.32 0.507732 -0.235341
313.32 0.571199 -0.228948
313.32 0.634665 -0.221633
313.32 0.698132 -0.213426
313.32 0.761598 -0.20436
313.32 0.825065 -0.19447
313.32 0.888531 -0.183798
313.32 0.951998 -0.172385
313.32 1.01546 -0.160279
313.32 1.07893 -0.147527
313.32 1.1424 -0.13418
313.32 1.20586 -0.120294
313.32 1.26933 -0.105923
313.32 1.3328 -0.091126
313.32 1.39626 -0.0759618
313.32 1.45973 -0.0604917
313.32 1.5232 -0.044778
313.32 1.58666 -0.0288841
313.32 1.65013 -0.0128738
313.32 1.7136 0.00318843
313.32 1.77706 0.0192377
313.32 1.84053 0.0352095
313.32 1.904 0.0510396
313.32 1.96746 0.066664
313.32 2.03093 0.0820202
313.32 2.0944 0.097046
313.32 2.15786 0.111681
313.32 2.22133 0.125866
313.32 2.28479 0.139545
313.32 2.34826 0.152662
313.32 2.41173 0.165164
313.32 2.47519 0.177
313.32 2.53866 0.188125
313.32 2.60213 0.198491
313.32 2.66559 0.208059
313.32 2.72906 0.216788
313.32 2.79253 0.224645
313.32 2.85599 0.231597
313.32 2.91946 0.237617
313.32 2.98293 0.242679
313.32 3.04639 0.246765
313.32 3.10986 0.249857
313.32 3.17333 0.251943
313.32 3.23679 0.253014
313.32 3.30026 0.253067
313.32 3.36373 0.2521
313.32 3.42719 0.250119
313.32 3.49066 0.24713
313.32 3.55413 0.243146
313.32 3.61759 0.238183
313.32 3.68106 0.232261
313.32 3.74452 0.225404
313.32 3.80799 0.217639
313.32 3.87146 0.208998
313.32 3.93492 0.199515
313.32 3.99839 0.189229
313.32 4.06186 0.178181
313.32 4.12532 0.166416
313.32 4.18879 0.15398
313.32 4.25226 0.140924
313.32 4.31572 0.127301
313.32 4.37919 0.113166
313.32 4.44266 0.0985743
313.32 4.50612 0.083586
313.32 4.56959 0.0682611
313.32 4.63306 0.0526614
313.32 4.69652 0.0368496
313.32 4.75999 0.0208894
313.32 4.82346 0.00484505
313.32 4.88692 -0.0112186
313.32 4.95039 -0.0272373
313.32 5.01385 -0.0431463
313.32 5.07732 -0.0588814
313.32 5.14079 -0.0743797
313.32 5.20425 -0.0895782
313.32 5.26772 -0.104416
313.32 5.33119 -0.118834
313.32 5.39465 -0.132773
313.32 5.45812 -0.146177
313.32 5.52159 -0.158993
313.32 5.58505 -0.171168
313.32 5.64852 -0.182654
313.32 5.71199 -0.193405
313.32 5.77545 -0.203377
313.32 5.83892 -0.21253
313.32 5.90239 -0.220828
313.32 5.96585 -0.228236
313.32 6.02932 -0.234725
313.32 6.09279 -0.240269
313.32 6.15625 -0.244845
313.32 6.21972 -0.248436
313.32 6.28319 -0.251026
314.321 0 0.0930177
314.321 0.0634665 0.084175
314.321 0.126933 0.0749932
314.321 0.1904 0.0655096
314.321 0.253866 0.0557618
314.321 0.317333 0.0457901
314.321 0.380799 0.0356337
314.321 0.444266 0.0253339
314.321 0.507732 0.0149317
314.321 0.571199 0.00447009
314.321 0.634665 -0.00601007
314.321 0.698132 -0.0164659
314.321 0.761598 -0.0268554
314.321 0.825065 -0.0371369
314.321 0.888531 -0.0472685
314.321 0.951998 -0.05721
314.321 1.01546 -0.0669211
314.321 1.07893 -0.0763627
314.321 1.1424 -0.0854969
314.321 1.20586 -0.094287
314.321 1.26933 -0.102697
314.321 1.3328 -0.110694
314.321 1.39626 -0.118245
314.321 1.45973 -0.12532
314.321 1.5232 -0.13189
314.321 1.58666 -0.137929
314.321 1.65013 -0.143413
314.321 1.7136 -0.148319
314.321 1.77706 -0.152628
314.321 1.84053 -0.156323
314.321 1.904 -0.159388
314.321 1.96746 -0.161811
314.321 2.03093 -0.163583
314.321 2.0944 -0.164696
314.321 2.15786 -0.165146
314.321 2.22133 -0.16493
314.321 2.28479 -0.164051
314.321 2.34826 -0.162511
314.321 2.41173 -0.160317
314.321 2.47519 -0.157477
314.321 2.53866 -0.154004
314.321 2.60213 -0.149909
314.321 2.66559 -0.145212
314.321 2.72906 -0.139929
314.321 2.79253 -0.134084
314.321 2.85599 -0.127698
314.321 2.91946 -0.120798
314.321 2.98293 -0.113412
314.321 3.04639 -0.105569
314.321 3.10986 -0.0973009
314.321 3.17333 -0.0886409
314.321 3.23679 -0.0796242
314.321 3.30026 -0.0702869
314.321 3.36373 -0.0606663
314.321 3.42719 -0.0508018
314.321 3.49066 -0.0407324
314.321 3.55413 -0.0304991
314.321 3.61759 -0.0201429
314.321 3.68106 -0.00970574
314.321 3.74452 0.000770418
314.321 3.80799 0.0112435
314.321 3.87146 0.0216717
314.321 3.93492 0.0320123
314.321 3.99839 0.042224
314.321 4.06186 0.0522657
314.321 4.12532 0.0620969
314.321 4.18879 0.071678
314.321 4.25226 0.0809708
314.321 4.31572 0.0899374
314.321 4.37919 0.0985418
314.321 4.44266 0.106749
314.321 4.50612 0.114527
314.321 4.56959 0.121844
314.321 4.63306 0.12867
314.321 4.69652 0.134977
314.321 4.75999 0.140742
314.321 4.82346 0.14594
314.321 4.88692 0.15055
314.321 4.95039 0.154553
314.321 5.01385 0.157935
314.321 5.07732 0.16068
314.321 5.14079 0.162779
314.321 5.20425 0.164222
314.321 5.26772 0.165004
314.321 5.33119 0.165121
314.321 5.39465 0.164574
314.321 5.45812 0.163364
314.321 5.52159 0.161495
314.321 5.58505 0.158977
314.321 5.64852 0.155819
314.321 5.71199 0.152033
314.321 5.77545 0.147635
314.321 5.83892 0.142642
314.321 5.90239 0.137076
314.321 5.96585 0.130957
314.321 6.02932 0.124311
314.321 6.09279 0.117164
314.321 6.15625 0.109545
314.321 6.21972 0.101486
314.321 6.28319 0.0930176
315.322 0 0.398563
315.322 0.0634665 0.376834
315.322 0.126933 0.353587
315.322 0.1904 0.328916
315.322 0.253866 0.302921
315.322 0.317333 0.275706
315.322 0.380799 0.247381
315.322 0.444266 0.21806
315.322 0.507732 0.18786
315.322 0.571199 0.156905
315.322 0.634665 0.125317
315.322 0.698132 0.0932254
315.322 0.761598 0.0607581
315.322 0.825065 0.0280459
315.322 0.888531 -0.00477912
315.322 0.951998 -0.0375849
315.322 1.01546 -0.0702393
315.322 1.07893 -0.102611
315.322 1.1424 -0.134569
315.322 1.20586 -0.165986
315.322 1.26933 -0.196734
315.322 1.3328 -0.22669
315.322 1.39626 -0.255734
315.322 1.45973 -0.283747
315.322 1.5232 -0.310618
315.322 1.58666 -0.336238
315.322 1.65013 -0.360504
315.322 1.7136 -0.383319
315.322 1.77706 -0.40459
315.322 1.84053 -0.424232
315.322 1.904 -0.442166
315.322 1.96746 -0.458319
315.322 2.03093 -0.472627
315.322 2.0944 -0.485032
315.322 2.15786 -0.495483
315.322 2.22133 -0.50394
315.322 2.28479 -0.510367
315.322 2.34826 -0.514739
315.322 2.41173 -0.517039
315.322 2.47519 -0.517257
315.322 2.53866 -0.515392
315.322 2.60213 -0.511451
315.322 2.66559 -0.505452
315.322 2.72906 -0.497416
315.322 2.79253 -0.487378
315.322 2.85599 -0.475378
315.322 2.91946 -0.461463
315.322 2.98293 -0.44569
315.322 3.04639 -0.428123
315.322 3.10986 -0.408831
315.322 3.17333 -0.387894
315.322 3.23679 -0.365394
315.322 3.30026 -0.341423
315.322 3.36373 -0.316077
315.322 3.42719 -0.289459
315.322 3.49066 -0.261675
315.322 3.55413 -0.232838
315.322 3.61759 -0.203062
315.322 3.68106 -0.172469
315.322 3.74452 -0.141182
315.322 3.80799 -0.109327
315.322 3.87146 -0.0770305
315.322 3.93492 -0.0444244
315.322 3.99839 -0.0116393
315.322 4.06186 0.0211926
315.322 4.12532 0.0539392
315.322 4.18879 0.0864687
315.322 4.25226 0.11865
315.322 4.31572 0.150353
315.322 4.37919 0.181451
315.322 4.44266 0.211818
315.322 4.50612 0.241333
315.322 4.56959 0.269876
315.322 4.63306 0.297332
315.322 4.69652 0.323591
315.322 4.75999 0.348547
315.322 4.82346 0.372099
315.322 4.88692 0.394153
315.322 4.95039 0.41462
315.322 5.01385 0.433417
315.322 5.07732 0.450469
315.322 5.14079 0.465708
315.322 5.20425 0.47907
315.322 5.26772 0.490505
315.322 5.33119 0.499963
315.322 5.39465 0.507409
315.322 5.45812 0.512812
315.322 5.52159 0.516149
315.322 5.58505 0.517408
315.322 5.64852 0.516584
315.322 5.71199 0.51368
315.322 5.77545 0.508708
315.322 5.83892 0.501687
315.322 5.90239 0.492645
315.322 5.96585 0.48162
315.322 6.02932 0.468657
315.322 6.09279 0.453805
315.322 6.15625 0.437126
315.322 6.21972 0.418687
315.322 6.28319 0.398563
316.323 0 0.174881
316.323 0.0634665 0.193838
316.323 0.126933 0.212014
316.323 0.1904 0.229337
316.323 0.253866 0.245736
316.323 0.317333 0.261146
316.323 0.380799 0.275505
316.323 0.444266 0.288754
316.323 0.507732 0.30084
316.323 0.571199 0.311715
316.323 0.634665 0.321334
316.323 0.698132 0.32966
316.323 0.761598 0.336658
316.323 0.825065 0.342301
316.323 0.888531 0.346566
316.323 0.951998 0.349435
316.323 1.01546 0.350896
316.323 1.07893 0.350946
316.323 1.1424 0.349581
316.323 1.20586 0.34681
316.323 1.26933 0.342641
316.323 1.3328 0.337093
316.323 1.39626 0.330188
316.323 1.45973 0.321953
316.323 1.5232 0.312422
316.323 1.58666 0.301633
316.323 1.65013 0.289628
316.323 1.7136 0.276458
316.323 1.77706 0.262175
316.323 1.84053 0.246836
316.323 1.904 0.230503
316.323 1.96746 0.213242
316.323 2.03093 0.195123
316.323 2.0944 0.176217
316.323 2.15786 0.156602
316.323 2.22133 0.136356
316.323 2.28479 0.115562
316.323 2.34826 0.0943019
316.323 2.41173 0.0726625
316.323 2.47519 0.0507301
316.323 2.53866 0.0285937
316.323 2.60213 0.00634193
316.323 2.66559 -0.0159353
316.323 2.72906 -0.0381481
316.323 2.79253 -0.0602077
316.323 2.85599 -0.0820246
316.323 2.91946 -0.103511
316.323 2.98293 -0.124581
316.323 3.04639 -0.145149
316.323 3.10986 -0.165133
316.323 3.17333 -0.184452
316.323 3.23679 -0.203028
316.323 3.30026 -0.220787
316.323 3.36373 -0.237657
316.323 3.42719 -0.253569
316.323 3.49066 -0.26846
316.323 3.55413 -0.282271
316.323 3.61759 -0.294945
316.323 3.68106 -0.306431
316.323 3.74452 -0.316684
316.323 3.80799 -0.325661
316.323 3.87146 -0.333327
316.323 3.93492 -0.339651
316.323 3.99839 -0.344607
316.323 4.06186 -0.348175
316.323 4.12532 -0.350342
316.323 4.18879 -0.351098
316.323 4.25226 -0.35044
316.323 4.31572 -0.348371
316.323 4.37919 -0.344899
316.323 4.44266 -0.340038
316.323 4.50612 -0.333809
316.323 4.56959 -0.326235
316.323 4.63306 -0.317347
316.323 4.69652 -0.307182
316.323 4.75999 -0.295779
316.323 4.82346 -0.283186
316.323 4.88692 -0.269452
316.323 4.95039 -0.254634
316.323 5.01385 -0.23879
316.323 5.07732 -0.221984
316.323 5.14079 -0.204285
316.323 5.20425 -0.185763
316.323 5.26772 -0.166493
316.323 5.33119 -0.146553
316.323 5.39465 -0.126023
316.323 5.45812 -0.104985
316.323 5.52159 -0.0835243
316.323 5.58505 -0.0617271
316.323 5.64852 -0.0396817
316.323 5.71199 -0.0174765
316.323 5.77545 0.00479918
316.323 5.83892 0.0270556
316.323 5.90239 0.0492027
316.323 5.96585 0.0711521
316.323 6.02932 0.0928149
316.323 6.09279 0.114104
316.323 6.15625 0.134933
316.323 6.21972 0.15522
316.323 6.28319 0.174881
317.324 0 0.175707
317.324 0.0634665 0.204873
317.324 0.126933 0.233213
317.324 0.1904 0.260614
317.324 0.253866 0.286966
317.324 0.317333 0.312162
317.324 0.380799 0.336101
317.324 0.444266 0.358687
317.324 0.507732 0.379829
317.324 0.571199 0.399441
317.324 0.634665 0.417445
317.324 0.698132 0.433767
317.324 0.761598 0.448344
317.324 0.825065 0.461115
317.324 0.888531 0.472029
317.324 0.951998 0.481042
317.324 1.01546 0.488118
317.324 1.07893 0.493229
317.324 1.1424 0.496354
317.324 1.20586 0.49748
317.324 1.26933 0.496604
317.324 1.3328 0.493727
317.324 1.39626 0.488862
317.324 1.45973 0.482029
317.324 1.5232 0.473255
317.324 1.58666 0.462576
317.324 1.65013 0.450033
317.324 1.7136 0.435678
317.324 1.77706 0.41957
317.324 1.84053 0.401772
317.324 1.904 0.382356
317.324 1.96746 0.3614
317.324 2.03093 0.338989
317.324 2.0944 0.315213
317.324 2.15786 0.290168
317.324 2.22133 0.263955
317.324 2.28479 0.236679
317.324 2.34826 0.208449
317.324 2.41173 0.17938
317.324 2.47519 0.149589
317.324 2.53866 0.119196
317.324 2.60213 0.0883225
317.324 2.66559 0.0570935
317.324 2.72906 0.0256346
317.324 2.79253 -0.00592745
317.324 2.85599 -0.0374657
317.324 2.91946 -0.0688531
317.324 2.98293 -0.0999634
317.324 3.04639 -0.130671
317.324 3.10986 -0.160852
317.324 3.17333 -0.190386
317.324 3.23679 -0.219153
317.324 3.30026 -0.247038
317.324 3.36373 -0.273928
317.324 3.42719 -0.299715
317.324 3.49066 -0.324295
317.324 3.55413 -0.347569
317.324 3.61759 -0.369444
317.324 3.68106 -0.389831
317.324 3.74452 -0.408648
317.324 3.80799 -0.42582
317.324 3.87146 -0.441278
317.324 3.93492 -0.454958
317.324 3.99839 -0.466806
317.324 4.06186 -0.476775
317.324 4.12532 -0.484824
317.324 4.18879 -0.490921
317.324 4.25226 -0.495041
317.324 4.31572 -0.497168
317.324 4.37919 -0.497293
317.324 4.44266 -0.495415
317.324 4.50612 -0.491542
317.324 4.56959 -0.48569
317.324 4.63306 -0.477883
317.324 4.69652 -0.468151
317.324 4.75999 -0.456534
317.324 4.82346 -0.443079
317.324 4.88692 -0.42784
317.324 4.95039 -0.410878
317.324 5.01385 -0.392261
317.324 5.07732 -0.372065
317.324 5.14079 -0.350371
317.324 5.20425 -0.327266
317.324 5.26772 -0.302843
317.324 5.33119 -0.277201
317.324 5.39465 -0.250442
317.324 5.45812 -0.222676
317.324 5.52159 -0.194012
317.324 5.58505 -0.164568
317.324 5.64852 -0.13446
317.324 5.71199 -0.103811
317.324 5.77545 -0.0727446
317.324 5.83892 -0.041385
317.324 5.90239 -0.00985839
317.324 5.96585 0.0217075
317.324 6.02932 0.0531862
317.324 6.09279 0.0844508
317.324 6.15625 0.115375
317.324 6.21972 0.145835
317.324 6.28319 0.175708
318.325 0 0.0891219
318.325 0.0634665 0.0772693
318.325 0.126933 0.0651058
318.325 0.1904 0.0526796
318.325 0.253866 0.0400415
318.325 0.317333 0.0272424
318.325 0.380799 0.0143331
318.325 0.444266 0.00136666
318.325 0.507732 -0.0116056
318.325 0.571199 -0.024531
318.325 0.634665 -0.0373577
318.325 0.698132 -0.0500341
318.325 0.761598 -0.0625088
318.325 0.825065 -0.074732
318.325 0.888531 -0.0866541
318.325 0.951998 -0.0982273
318.325 1.01546 -0.109405
318.325 1.07893 -0.120142
318.325 1.1424 -0.130396
318.325 1.20586 -0.140124
318.325 1.26933 -0.149288
318.325 1.3328 -0.157851
318.325 1.39626 -0.165779
318.325 1.45973 -0.173038
318.325 1.5232 -0.179602
318.325 1.58666 -0.185441
318.325 1.65013 -0.190535
318.325 1.7136 -0.194861
318.325 1.77706 -0.198402
318.325 1.84053 -0.201144
318.325 1.904 -0.203077
318.325 1.96746 -0.204192
318.325 2.03093 -0.204484
318.325 2.0944 -0.203954
318.325 2.15786 -0.202602
318.325 2.22133 -0.200434
318.325 2.28479 -0.197459
318.325 2.34826 -0.193689
318.325 2.41173 -0.189139
318.325 2.47519 -0.183827
318.325 2.53866 -0.177775
318.325 2.60213 -0.171008
318.325 2.66559 -0.163551
318.325 2.72906 -0.155437
318.325 2.79253 -0.146697
318.325 2.85599 -0.137365
318.325 2.91946 -0.12748
318.325 2.98293 -0.117083
318.325 3.04639 -0.106213
318.325 3.10986 -0.0949167
318.325 3.17333 -0.0832374
318.325 3.23679 -0.0712233
318.325 3.30026 -0.0589222
318.325 3.36373 -0.046384
318.325 3.42719 -0.0336589
318.325 3.49066 -0.0207981
318.325 3.55413 -0.00785394
318.325 3.61759 0.00512206
318.325 3.68106 0.0180776
318.325 3.74452 0.0309601
318.325 3.80799 0.043718
318.325 3.87146 0.0562998
318.325 3.93492 0.068655
318.325 3.99839 0.0807338
318.325 4.06186 0.0924875
318.325 4.12532 0.103869
318.325 4.18879 0.114832
318.325 4.25226 0.125332
318.325 4.31572 0.135328
318.325 4.37919 0.144779
318.325 4.44266 0.153647
318.325 4.50612 0.161896
318.325 4.56959 0.169494
318.325 4.63306 0.176409
318.325 4.69652 0.182613
318.325 4.75999 0.188083
318.325 4.82346 0.192795
318.325 4.88692 0.196731
318.325 4.95039 0.199874
318.325 5.01385 0.202213
318.325 5.07732 0.203737
318.325 5.14079 0.204441
318.325 5.20425 0.204322
318.325 5.26772 0.20338
318.325 5.33119 0.20162
318.325 5.39465 0.199047
318.325 5.45812 0.195672
318.325 5.52159 0.19151
318.325 5.58505 0.186577
318.325 5.64852 0.180893
318.325 5.71199 0.174479
318.325 5.77545 0.167364
318.325 5.83892 0.159575
318.325 5.90239 0.151143
318.325 5.96585 0.142102
318.325 6.02932 0.132489
318.325 6.09279 0.122343
318.325 6.15625 0.111704
318.325 6.21972 0.100616
318.325 6.28319 0.089122
319.326 0 -0.106422
319.326 0.0634665 -0.114553
319.326 0.126933 -0.122223
319.326 0.1904 -0.129401
319.326 0.253866 -0.136058
319.326 0.317333 -0.142167
319.326 0.380799 -0.147704
319.326 0.444266 -0.152645
319.326 0.507732 -0.156973
319.326 0.571199 -0.160668
319.326 0.634665 -0.163716
319.326 0.698132 -0.166105
319.326 0.761598 -0.167825
319.326 0.825065 -0.16887
319.326 0.888531 -0.169234
319.326 0.951998 -0.168917
319.326 1.01546 -0.16792
319.326 1.07893 -0.166246
319.326 1.1424 -0.163904
319.326 1.20586 -0.160901
319.326 1.26933 -0.15725
319.326 1.3328 -0.152966
319.326 1.39626 -0.148066
319.326 1.45973 -0.14257
319.326 1.5232 -0.1365
319.326 1.58666 -0.129881
319.326 1.65013 -0.122738
319.326 1.7136 -0.115101
319.326 1.77706 -0.107001
319.326 1.84053 -0.0984692
319.326 1.904 -0.0895415
319.326 1.96746 -0.0802532
319.326 2.03093 -0.0706416
319.326 2.0944 -0.0607458
319.326 2.15786 -0.0506053
319.326 2.22133 -0.0402609
319.326 2.28479 -0.0297546
319.326 2.34826 -0.0191283
319.326 2.41173 -0.00842507
319.326 2.47519 0.00231193
319.326 2.53866 0.0130399
319.326 2.60213 0.0237153
319.326 2.66559 0.0342951
319.326 2.72906 0.0447368
319.326 2.79253 0.0549985
319.326 2.85599 0.0650387
319.326 2.91946 0.0748171
319.326 2.98293 0.084294
319.326 3.04639 0.0934316
319.326 3.10986 0.102193
319.326 3.17333 0.110543
319.326 3.23679 0.118448
319.326 3.30026 0.125875
319.326 3.36373 0.132796
319.326 3.42719 0.139182
319.326 3.49066 0.145008
319.326 3.55413 0.15025
319.326 3.61759 0.154887
319.326 3.68106 0.1589
319.326 3.74452 0.162274
319.326 3.80799 0.164994
319.326 3.87146 0.167049
319.326 3.93492 0.168432
319.326 3.99839 0.169137
319.326 4.06186 0.169161
319.326 4.12532 0.168503
319.326 4.18879 0.167167
319.326 4.25226 0.165158
319.326 4.31572 0.162484
319.326 4.37919 0.159155
319.326 4.44266 0.155186
319.326 4.50612 0.150592
319.326 4.56959 0.145392
319.326 4.63306 0.139606
319.326 4.69652 0.133258
319.326 4.75999 0.126373
319.326 4.82346 0.118979
319.326 4.88692 0.111107
319.326 4.95039 0.102787
319.326 5.01385 0.0940526
319.326 5.07732 0.08494
319.326 5.14079 0.0754856
319.326 5.20425 0.0657269
319.326 5.26772 0.0557035
319.326 5.33119 0.0454559
319.326 5.39465 0.0350254
319.326 5.45812 0.0244538
319.326 5.52159 0.0137837
319.326 5.58505 0.00305807
319.326 5.64852 -0.00767992
319.326 5.71199 -0.0183868
319.326 5.77545 -0.0290197
319.326 5.83892 -0.0395359
319.326 5.90239 -0.0498928
319.326 5.96585 -0.0600488
319.326 6.02932 -0.0699631
319.326 6.09279 -0.0795955
319.326 6.15625 -0.0889075
319.326 6.21972 -0.0978616
319.326 6.28319 -0.106422
320.327 0 0.125751
320.327 0.0634665 0.125004
320.327 0.126933 0.123753
320.327 0.1904 0.122003
320.327 0.253866 0.119763
320.327 0.317333 0.11704
320.327 0.380799 0.113846
320.327 0.444266 0.110193
320.327 0.507732 0.106097
320.327 0.571199 0.101573
320.327 0.634665 0.096641
320.327 0.698132 0.0913193
320.327 0.761598 0.0856299
320.327 0.825065 0.079596
320.327 0.888531 0.0732412
320.327 0.951998 0.0665918
320.327 1.01546 0.0596741
320.327 1.07893 0.0525161
320.327 1.1424 0.0451467
320.327 1.20586 0.0375956
320.327 1.26933 0.0298929
320.327 1.3328 0.02207
320.327 1.39626 0.0141582
320.327 1.45973 0.00618949
320.327 1.5232 -0.00180437
320.327 1.58666 -0.00979093
320.327 1.65013 -0.0177379
320.327 1.7136 -0.0256136
320.327 1.77706 -0.0333862
320.327 1.84053 -0.0410241
320.327 1.904 -0.0484972
320.327 1.96746 -0.0557747
320.327 2.03093 -0.0628278
320.327 2.0944 -0.0696278
320.327 2.15786 -0.0761474
320.327 2.22133 -0.0823606
320.327 2.28479 -0.0882419
320.327 2.34826 -0.0937678
320.327 2.41173 -0.0989166
320.327 2.47519 -0.103667
320.327 2.53866 -0.108
320.327 2.60213 -0.111897
320.327 2.66559 -0.115345
320.327 2.72906 -0.118328
320.327 2.79253 -0.120834
320.327 2.85599 -0.122854
320.327 2.91946 -0.124379
320.327 2.98293 -0.125403
320.327 3.04639 -0.125923
320.327 3.10986 -0.125935
320.327 3.17333 -0.12544
320.327 3.23679 -0.124441
320.327 3.30026 -0.12294
320.327 3.36373 -0.120944
320.327 3.42719 -0.118461
320.327 3.49066 -0.115501
320.327 3.55413 -0.112076
320.327 3.61759 -0.108199
320.327 3.68106 -0.103887
320.327 3.74452 -0.0991571
320.327 3.80799 -0.0940275
320.327 3.87146 -0.0885193
320.327 3.93492 -0.0826545
320.327 3.99839 -0.0764572
320.327 4.06186 -0.0699518
320.327 4.12532 -0.0631647
320.327 4.18879 -0.0561234
320.327 4.25226 -0.048856
320.327 4.31572 -0.041392
320.327 4.37919 -0.0337613
320.327 4.44266 -0.0259947
320.327 4.50612 -0.0181233
320.327 4.56959 -0.010179
320.327 4.63306 -0.00219364
320.327 4.69652 0.00580056
320.327 4.75999 0.0137713
320.327 4.82346 0.0216867
320.327 4.88692 0.0295146
320.327 4.95039 0.037224
320.327 5.01385 0.0447832
320.327 5.07732 0.0521622
320.327 5.14079 0.0593309
320.327 5.20425 0.066261
320.327 5.26772 0.0729242
320.327 5.33119 0.0792939
320.327 5.39465 0.0853443
320.327 5.45812 0.0910506
320.327 5.52159 0.0963907
320.327 5.58505 0.101343
320.327 5.64852 0.105886
320.327 5.71199 0.110004
320.327 5.77545 0.113678
320.327 5.83892 0.116895
320.327 5.90239 0.119641
320.327 5.96585 0.121905
320.327 6.02932 0.123679
320.327 6.09279 0.124954
320.327 6.15625 0.125726
320.327 6.21972 0.125992
320.327 6.28319 0.125751
321.328 0 -0.333701
321.328 0.0634665 -0.338554
321.328 0.126933 -0.342044
321.328 0.1904 -0.344156
321.328 0.253866 -0.344883
321.328 0.317333 -0.344221
321.328 0.380799 -0.342173
321.328 0.444266 -0.338747
321.328 0.507732 -0.333957
321.328 0.571199 -0.327823
321.328 0.634665 -0.320368
321.328 0.698132 -0.311623
321.328 0.761598 -0.301624
321.328 0.825065 -0.29041
321.328 0.888531 -0.278027
321.328 0.951998 -0.264524
321.328 1.01546 -0.249956
321.328 1.07893 -0.234381
321.328 1.1424 -0.217863
321.328 1.20586 -0.200468
321.328 1.26933 -0.182265
321.328 1.3328 -0.163328
321.328 1.39626 -0.143734
321.328 1.45973 -0.123561
321.328 1.5232 -0.10289
321.328 1.58666 -0.0818051
321.328 1.65013 -0.0603907
321.328 1.7136 -0.0387332
321.328 1.77706 -0.0169199
321.328 1.84053 0.00496176
321.328 1.904 0.0268233
321.328 1.96746 0.048577
321.328 2.03093 0.0701349
321.328 2.0944 0.0914105
321.328 2.15786 0.112318
321.328 2.22133 0.132773
321.328 2.28479 0.152694
321.328 2.34826 0.172
321.328 2.41173 0.190613
321.328 2.47519 0.208458
321.328 2.53866 0.225465
321.328 2.60213 0.241563
321.328 2.66559 0.256689
321.328 2.72906 0.270781
321.328 2.79253 0.283783
321.328 2.85599 0.295642
321.328 2.91946 0.30631
321.328 2.98293 0.315746
321.328 3.04639 0.32391
321.328 3.10986 0.330769
321.328 3.17333 0.336296
321.328 3.23679 0.340471
321.328 3.30026 0.343273
321.328 3.36373 0.344693
321.328 3.42719 0.344726
321.328 3.49066 0.34337
321.328 3.55413 0.340631
321.328 3.61759 0.336521
321.328 3.68106 0.331056
321.328 3.74452 0.324258
321.328 3.80799 0.316155
321.328 3.87146 0.306778
321.328 3.93492 0.296166
321.328 3.99839 0.284361
321.328 4.06186 0.271412
321.328 4.12532 0.257369
321.328 4.18879 0.24229
321.328 4.25226 0.226236
321.328 4.31572 0.20927
321.328 4.37919 0.191462
321.328 4.44266 0.172883
321.328 4.50612 0.153608
321.328 4.56959 0.133715
321.328 4.63306 0.113282
321.328 4.69652 0.0923942
321.328 4.75999 0.0711339
321.328 4.82346 0.0495869
321.328 4.88692 0.0278406
321.328 4.95039 0.00598208
321.328 5.01385 -0.0159005
321.328 5.07732 -0.0377191
321.328 5.14079 -0.0593859
321.328 5.20425 -0.0808134
321.328 5.26772 -0.101916
321.328 5.33119 -0.122607
321.328 5.39465 -0.142806
321.328 5.45812 -0.162428
321.328 5.52159 -0.181398
321.328 5.58505 -0.199636
321.328 5.64852 -0.217071
321.328 5.71199 -0.233632
321.328 5.77545 -0.249251
321.328 5.83892 -0.263868
321.328 5.90239 -0.277421
321.328 5.96585 -0.289858
321.328 6.02932 -0.301128
321.328 6.09279 -0.311185
321.328 6.15625 -0.319989
321.328 6.21972 -0.327504
321.328 6.28319 -0.333701
322.329 0 0.080161
322.329 0.0634665 0.0895682
322.329 0.126933 0.0986145
322.329 0.1904 0.107264
322.329 0.253866 0.115481
322.329 0.317333 0.123234
322.329 0.380799 0.130489
322.329 0.444266 0.13722
322.329 0.507732 0.143398
322.329 0.571199 0.148999
322.329 0.634665 0.154
322.329 0.698132 0.158381
322.329 0.761598 0.162123
322.329 0.825065 0.165213
322.329 0.888531 0.167638
322.329 0.951998 0.169388
322.329 1.01546 0.170456
322.329 1.07893 0.170837
322.329 1.1424 0.170531
322.329 1.20586 0.169538
322.329 1.26933 0.167862
322.329 1.3328 0.16551
322.329 1.39626 0.162492
322.329 1.45973 0.158819
322.329 1.5232 0.154507
322.329 1.58666 0.149573
322.329 1.65013 0.144037
322.329 1.7136 0.13792
322.329 1.77706 0.131248
322.329 1.84053 0.124048
322.329 1.904 0.116348
322.329 1.96746 0.10818
322.329 2.03093 0.0995761
322.329 2.0944 0.0905714
322.329 2.15786 0.0812019
322.329 2.22133 0.0715053
322.329 2.28479 0.0615209
322.329 2.34826 0.0512889
322.329 2.41173 0.0408502
322.329 2.47519 0.030247
322.329 2.53866 0.0195218
322.329 2.60213 0.00871839
322.329 2.66559 -0.0021203
322.329 2.72906 -0.0129504
322.329 2.79253 -0.0237283
322.329 2.85599 -0.0344109
322.329 2.91946 -0.0449545
322.329 2.98293 -0.0553176
322.329 3.04639 -0.0654577
322.329 3.10986 -0.0753341
322.329 3.17333 -0.0849075
322.329 3.23679 -0.0941387
322.329 3.30026 -0.102991
322.329 3.36373 -0.111428
322.329 3.42719 -0.119417
322.329 3.49066 -0.126925
322.329 3.55413 -0.133922
322.329 3.61759 -0.14038
322.329 3.68106 -0.146272
322.329 3.74452 -0.151576
322.329 3.80799 -0.156269
322.329 3.87146 -0.160333
322.329 3.93492 -0.163751
322.329 3.99839 -0.16651
322.329 4.06186 -0.168598
322.329 4.12532 -0.170007
322.329 4.18879 -0.170732
322.329 4.25226 -0.17077
322.329 4.31572 -0.17012
322.329 4.37919 -0.168785
322.329 4.44266 -0.16677
322.329 4.50612 -0.164083
322.329 4.56959 -0.160736
322.329 4.63306 -0.156742
322.329 4.69652 -0.152117
322.329 4.75999 -0.146879
322.329 4.82346 -0.141049
322.329 4.88692 -0.134652
322.329 4.95039 -0.127712
322.329 5.01385 -0.120259
322.329 5.07732 -0.112321
322.329 5.14079 -0.10393
322.329 5.20425 -0.0951217
322.329 5.26772 -0.08593
322.329 5.33119 -0.076392
322.329 5.39465 -0.0665467
322.329 5.45812 -0.0564333
322.329 5.52159 -0.0460928
322.329 5.58505 -0.0355665
322.329 5.64852 -0.0248971
322.329 5.71199 -0.0141274
322.329 5.77545 -0.00330076
322.329 5.83892 0.00753901
322.329 5.90239 0.0183486
322.329 5.96585 0.0290843
322.329 6.02932 0.0397025
322.329 6.09279 0.0501614
322.329 6.15625 0.060418
322.329 6.21972 0.0704315
322.329 6.28319 0.0801611
323.33 0 -0.64169
323.33 0.0634665 -0.645702
323.33 0.126933 -0.647114
323.33 0.1904 -0.64592
323.33 0.253866 -0.642125
323.33 0.317333 -0.635745
323.33 0.380799 -0.626804
323.33 0.444266 -0.61534
323.33 0.507732 -0.601398
323.33 0.571199 -0.585034
323.33 0.634665 -0.566315
323.33 0.698132 -0.545316
323.33 0.761598 -0.52212
323.33 0.825065 -0.496822
323.33 0.888531 -0.469524
323.33 0.951998 -0.440335
323.33 1.01546 -0.409373
323.33 1.07893 -0.376762
323.33 1.1424 -0.342635
323.33 1.20586 -0.307128
323.33 1.26933 -0.270383
323.33 1.3328 -0.232551
323.33 1.39626 -0.193782
323.33 1.45973 -0.154232
323.33 1.5232 -0.114062
323.33 1.58666 -0.0734323
323.33 1.65013 -0.032507
323.33 1.7136 0.00854934
323.33 1.77706 0.0495713
323.33 1.84053 0.0903932
323.33 1.904 0.130852
323.33 1.96746 0.170783
323.33 2.03093 0.210027
323.33 2.0944 0.248425
323.33 2.15786 0.285822
323.33 2.22133 0.322069
323.33 2.28479 0.357019
323.33 2.34826 0.390531
323.33 2.41173 0.422471
323.33 2.47519 0.45271
323.33 2.53866 0.481126
323.33 2.60213 0.507604
323.33 2.66559 0.532038
323.33 2.72906 0.554331
323.33 2.79253 0.57439
323.33 2.85599 0.592137
323.33 2.91946 0.607501
323.33 2.98293 0.620417
323.33 3.04639 0.630836
323.33 3.10986 0.638714
323.33 3.17333 0.64402
323.33 3.23679 0.646734
323.33 3.30026 0.646842
323.33 3.36373 0.644347
323.33 3.42719 0.639257
323.33 3.49066 0.631593
323.33 3.55413 0.621385
323.33 3.61759 0.608675
323.33 3.68106 0.593515
323.33 3.74452 0.575965
323.33 3.80799 0.556095
323.33 3.87146 0.533986
323.33 3.93492 0.509728
323.33 3.99839 0.483416
323.33 4.06186 0.455158
323.33 4.12532 0.425068
323.33 4.18879 0.393265
323.33 4.25226 0.35988
323.33 4.31572 0.325045
323.33 4.37919 0.288901
323.33 4.44266 0.251594
323.33 4.50612 0.213274
323.33 4.56959 0.174095
323.33 4.63306 0.134215
323.33 4.69652 0.0937945
323.33 4.75999 0.0529964
323.33 4.82346 0.0119849
323.33 4.88692 -0.0290747
323.33 4.95039 -0.0700175
323.33 5.01385 -0.110678
323.33 5.07732 -0.150893
323.33 5.14079 -0.190501
323.33 5.20425 -0.229341
323.33 5.26772 -0.267258
323.33 5.33119 -0.304099
323.33 5.39465 -0.339715
323.33 5.45812 -0.373963
323.33 5.52159 -0.406706
323.33 5.58505 -0.437811
323.33 5.64852 -0.467153
323.33 5.71199 -0.494614
323.33 5.77545 -0.520083
323.33 5.83892 -0.543458
323.33 5.90239 -0.564645
323.33 5.96585 -0.583558
323.33 6.02932 -0.600121
323.33 6.09279 -0.614268
323.33 6.15625 -0.625942
323.33 6.21972 -0.635095
323.33 6.28319 -0.64169
324.331 0 0.280405
324.331 0.0634665 0.278509
324.331 0.126933 0.275489
324.331 0.1904 0.271361
324.331 0.253866 0.266141
324.331 0.317333 0.259849
324.331 0.380799 0.25251
324.331 0.444266 0.244155
324.331 0.507732 0.234816
324.331 0.571199 0.224532
324.331 0.634665 0.213343
324.331 0.698132 0.201296
324.331 0.761598 0.188439
324.331 0.825065 0.174822
324.331 0.888531 0.160501
324.331 0.951998 0.145535
324.331 1.01546 0.129982
324.331 1.07893 0.113905
324.331 1.1424 0.0973707
324.331 1.20586 0.0804439
324.331 1.26933 0.0631929
324.331 1.3328 0.0456871
324.331 1.39626 0.0279984
324.331 1.45973 0.010196
324.331 1.5232 -0.00764707
324.331 1.58666 -0.025459
324.331 1.65013 -0.0431691
324.331 1.7136 -0.0607052
324.331 1.77706 -0.0779965
324.331 1.84053 -0.094974
324.331 1.904 -0.111569
324.331 1.96746 -0.127715
324.331 2.03093 -0.143346
324.331 2.0944 -0.158401
324.331 2.15786 -0.172817
324.331 2.22133 -0.186538
324.331 2.28479 -0.199507
324.331 2.34826 -0.211673
324.331 2.41173 -0.222987
324.331 2.47519 -0.233403
324.331 2.53866 -0.242879
324.331 2.60213 -0.251377
324.331 2.66559 -0.258863
324.331 2.72906 -0.265307
324.331 2.79253 -0.270682
324.331 2.85599 -0.274967
324.331 2.91946 -0.278145
324.331 2.98293 -0.280203
324.331 3.04639 -0.281133
324.331 3.10986 -0.280931
324.331 3.17333 -0.279598
324.331 3.23679 -0.277139
324.331 3.30026 -0.273563
324.331 3.36373 -0.268887
324.331 3.42719 -0.263127
324.331 3.49066 -0.256308
324.331 3.55413 -0.248457
324.331 3.61759 -0.239606
324.331 3.68106 -0.22979
324.331 3.74452 -0.219048
324.331 3.80799 -0.207424
324.331 3.87146 -0.194966
324.331 3.93492 -0.181722
324.331 3.99839 -0.167746
324.331 4.06186 -0.153095
324.331 4.12532 -0.137828
324.331 4.18879 -0.122005
324.331 4.25226 -0.105691
324.331 4.31572 -0.0889518
324.331 4.37919 -0.0718543
324.331 4.44266 -0.0544674
324.331 4.50612 -0.0368613
324.331 4.56959 -0.0191068
324.331 4.63306 -0.00127508
324.331 4.69652 0.0165615
324.331 4.75999 0.0343314
324.331 4.82346 0.0519632
324.331 4.88692 0.0693857
324.331 4.95039 0.086529
324.331 5.01385 0.103323
324.331 5.07732 0.119702
324.331 5.14079 0.135599
324.331 5.20425 0.150949
324.331 5.26772 0.165692
324.331 5.33119 0.179768
324.331 5.39465 0.19312
324.331 5.45812 0.205694
324.331 5.52159 0.21744
324.331 5.58505 0.22831
324.331 5.64852 0.238261
324.331 5.71199 0.247253
324.331 5.77545 0.255249
324.331 5.83892 0.262217
324.331 5.90239 0.268129
324.331 5.96585 0.272962
324.331 6.02932 0.276696
324.331 6.09279 0.279315
324.331 6.15625 0.28081
324.331 6.21972 0.281174
324.331 6.28319 0.280406
325.332 0 0.120654
325.332 0.0634665 0.112781
325.332 0.126933 0.104454
325.332 0.1904 0.0957061
325.332 0.253866 0.0865728
325.332 0.317333 0.077091
325.332 0.380799 0.0672987
325.332 0.444266 0.0572354
325.332 0.507732 0.0469417
325.332 0.571199 0.036459
325.332 0.634665 0.0258294
325.332 0.698132 0.0150959
325.332 0.761598 0.00430151
325.332 0.825065 -0.00651008
325.332 0.888531 -0.0172956
325.332 0.951998 -0.0280114
325.332 1.01546 -0.0386143
325.332 1.07893 -0.0490619
325.332 1.1424 -0.059312
325.332 1.20586 -0.069323
325.332 1.26933 -0.079055
325.332 1.3328 -0.0884687
325.332 1.39626 -0.0975261
325.332 1.45973 -0.106191
325.332 1.5232 -0.114428
325.332 1.58666 -0.122204
325.332 1.65013 -0.129489
325.332 1.7136 -0.136252
325.332 1.77706 -0.142466
325.332 1.84053 -0.148106
325.332 1.904 -0.153151
325.332 1.96746 -0.157578
325.332 2.03093 -0.161371
325.332 2.0944 -0.164515
325.332 2.15786 -0.166995
325.332 2.22133 -0.168804
325.332 2.28479 -0.169933
325.332 2.34826 -0.170377
325.332 2.41173 -0.170135
325.332 2.47519 -0.169208
325.332 2.53866 -0.1676
325.332 2.60213 -0.165317
325.332 2.66559 -0.162369
325.332 2.72906 -0.158766
325.332 2.79253 -0.154525
325.332 2.85599 -0.149661
325.332 2.91946 -0.144194
325.332 2.98293 -0.138147
325.332 3.04639 -0.131544
325.332 3.10986 -0.124411
325.332 3.17333 -0.116777
325.332 3.23679 -0.108672
325.332 3.30026 -0.10013
325.332 3.36373 -0.0911854
325.332 3.42719 -0.0818731
325.332 3.49066 -0.0722312
325.332 3.55413 -0.0622985
325.332 3.61759 -0.0521148
325.332 3.68106 -0.0417213
325.332 3.74452 -0.0311599
325.332 3.80799 -0.020473
325.332 3.87146 -0.00970358
325.332 3.93492 0.00110482
325.332 3.99839 0.0119088
325.332 4.06186 0.0226649
325.332 4.12532 0.0333296
325.332 4.18879 0.0438602
325.332 4.25226 0.0542143
325.332 4.31572 0.0643498
325.332 4.37919 0.0742264
325.332 4.44266 0.083804
325.332 4.50612 0.0930442
325.332 4.56959 0.10191
325.332 4.63306 0.110365
325.332 4.69652 0.118376
325.332 4.75999 0.12591
325.332 4.82346 0.132937
325.332 4.88692 0.139429
325.332 4.95039 0.145359
325.332 5.01385 0.150704
325.332 5.07732 0.155443
325.332 5.14079 0.159555
325.332 5.20425 0.163025
325.332 5.26772 0.165838
325.332 5.33119 0.167984
325.332 5.39465 0.169453
325.332 5.45812 0.17024
325.332 5.52159 0.170342
325.332 5.58505 0.169757
325.332 5.64852 0.168489
325.332 5.71199 0.166543
325.332 5.77545 0.163926
325.332 5.83892 0.160648
325.332 5.90239 0.156724
325.332 5.96585 0.152169
325.332 6.02932 0.147002
325.332 6.09279 0.141242
325.332 6.15625 0.134913
325.332 6.21972 0.128042
325.332 6.28319 0.120654
326.333 0 -0.151266
326.333 0.0634665 -0.153394
326.333 0.126933 -0.154903
326.333 0.1904 -0.155789
326.333 0.253866 -0.156048
326.333 0.317333 -0.155678
326.333 0.380799 -0.154682
326.333 0.444266 -0.153062
326.333 0.507732 -0.150826
326.333 0.571199 -0.147983
326.333 0.634665 -0.144544
326.333 0.698132 -0.140523
326.333 0.761598 -0.135936
326.333 0.825065 -0.130802
326.333 0.888531 -0.125142
326.333 0.951998 -0.118977
326.333 1.01546 -0.112333
326.333 1.07893 -0.105237
326.333 1.1424 -0.0977169
326.333 1.20586 -0.0898034
326.333 1.26933 -0.0815283
326.333 1.3328 -0.0729252
326.333 1.39626 -0.0640283
326.333 1.45973 -0.0548735
326.333 1.5232 -0.0454977
326.333 1.58666 -0.0359388
326.333 1.65013 -0.0262353
326.333 1.7136 -0.016426
326.333 1.77706 -0.00655072
326.333 1.84053 0.00335094
326.333 1.904 0.0132393
326.333 1.96746 0.0230744
326.333 2.03093 0.0328165
326.333 2.0944 0.0424265
326.333 2.15786 0.0518656
326.333 2.22133 0.0610957
326.333 2.28479 0.0700801
326.333 2.34826 0.0787819
326.333 2.41173 0.0871667
326.333 2.47519 0.0952006
326.333 2.53866 0.102851
326.333 2.60213 0.110087
326.333 2.66559 0.116881
326.333 2.72906 0.123203
326.333 2.79253 0.129029
326.333 2.85599 0.134336
326.333 2.91946 0.139102
326.333 2.98293 0.143307
326.333 3.04639 0.146936
326.333 3.10986 0.149973
326.333 3.17333 0.152406
326.333 3.23679 0.154226
326.333 3.30026 0.155424
326.333 3.36373 0.155997
326.333 3.42719 0.155941
326.333 3.49066 0.155258
326.333 3.55413 0.153949
326.333 3.61759 0.152021
326.333 3.68106 0.14948
326.333 3.74452 0.146337
326.333 3.80799 0.142606
326.333 3.87146 0.1383
326.333 3.93492 0.133437
326.333 3.99839 0.128036
326.333 4.06186 0.12212
326.333 4.12532 0.115713
326.333 4.18879 0.10884
326.333 4.25226 0.101528
326.333 4.31572 0.0938073
326.333 4.37919 0.085709
326.333 4.44266 0.0772658
326.333 4.50612 0.0685113
326.333 4.56959 0.0594809
326.333 4.63306 0.050211
326.333 4.69652 0.0407389
326.333 4.75999 0.0311028
326.333 4.82346 0.0213414
326.333 4.88692 0.0114943
326.333 4.95039 0.00160055
326.333 5.01385 -0.00829962
326.333 5.07732 -0.0181661
326.333 5.14079 -0.0279595
326.333 5.20425 -0.0376402
326.333 5.26772 -0.0471697
326.333 5.33119 -0.0565092
326.333 5.39465 -0.0656208
326.333 5.45812 -0.0744684
326.333 5.52159 -0.0830163
326.333 5.58505 -0.0912295
326.333 5.64852 -0.0990757
326.333 5.71199 -0.106523
326.333 5.77545 -0.113541
326.333 5.83892 -0.120102
326.333 5.90239 -0.12618
326.333 5.96585 -0.131749
326.333 6.02932 -0.136788
326.333 6.09279 -0.141276
326.333 6.15625 -0.145195
326.333 6.21972 -0.14853
326.333 6.28319 -0.151266
327.334 0 0.397588
327.334 0.0634665 0.405777
327.334 0.126933 0.412332
327.334 0.1904 0.417226
327.334 0.253866 0.420441
327.334 0.317333 0.421962
327.334 0.380799 0.421785
327.334 0.444266 0.419909
327.334 0.507732 0.416342
327.334 0.571199 0.411099
327.334 0.634665 0.4042
327.334 0.698132 0.395674
327.334 0.761598 0.385554
327.334 0.825065 0.373882
327.334 0.888531 0.360705
327.334 0.951998 0.346075
327.334 1.01546 0.330052
327.334 1.07893 0.312699
327.334 1.1424 0.294088
327.334 1.20586 0.274292
327.334 1.26933 0.253392
327.334 1.3328 0.231471
327.334 1.39626 0.208619
327.334 1.45973 0.184926
327.334 1.5232 0.160489
327.334 1.58666 0.135406
327.334 1.65013 0.109777
327.334 1.7136 0.0837064
327.334 1.77706 0.0572986
327.334 1.84053 0.03066
327.334 1.904 0.00389824
327.334 1.96746 -0.0228794
327.334 2.03093 -0.049565
327.334 2.0944 -0.076051
327.334 2.15786 -0.102231
327.334 2.22133 -0.127999
327.334 2.28479 -0.153251
327.334 2.34826 -0.177887
327.334 2.41173 -0.201806
327.334 2.47519 -0.224913
327.334 2.53866 -0.247114
327.334 2.60213 -0.26832
327.334 2.66559 -0.288445
327.334 2.72906 -0.307409
327.334 2.79253 -0.325136
327.334 2.85599 -0.341553
327.334 2.91946 -0.356594
327.334 2.98293 -0.3702
327.334 3.04639 -0.382316
327.334 3.10986 -0.392891
327.334 3.17333 -0.401885
327.334 3.23679 -0.40926
327.334 3.30026 -0.414988
327.334 3.36373 -0.419044
327.334 3.42719 -0.421414
327.334 3.49066 -0.422086
327.334 3.55413 -0.421058
327.334 3.61759 -0.418336
327.334 3.68106 -0.413929
327.334 3.74452 -0.407855
327.334 3.80799 -0.400138
327.334 3.87146 -0.390811
327.334 3.93492 -0.37991
327.334 3.99839 -0.367479
327.334 4.06186 -0.353568
327.334 4.12532 -0.338234
327.334 4.18879 -0.321537
327.334 4.25226 -0.303546
327.334 4.31572 -0.284333
327.334 4.37919 -0.263975
327.334 4.44266 -0.242554
327.334 4.50612 -0.220156
327.334 4.56959 -0.196872
327.334 4.63306 -0.172795
327.334 4.69652 -0.148022
327.334 4.75999 -0.122653
327.334 4.82346 -0.0967906
327.334 4.88692 -0.0705379
327.334 4.95039 -0.0440015
327.334 5.01385 -0.0172877
327.334 5.07732 0.00949553
327.334 5.14079 0.0362405
327.334 5.20425 0.0628397
327.334 5.26772 0.0891858
327.334 5.33119 0.115173
327.334 5.39465 0.140696
327.334 5.45812 0.165652
327.334 5.52159 0.189942
327.334 5.58505 0.213467
327.334 5.64852 0.236132
327.334 5.71199 0.257847
327.334 5.77545 0.278523
327.334 5.83892 0.298077
327.334 5.90239 0.316432
327.334 5.96585 0.333512
327.334 6.02932 0.349249
327.334 6.09279 0.36358
327.334 6.15625 0.376447
327.334 6.21972 0.387799
327.334 6.28319 0.397588
328.335 0 -0.00206481
328.335 0.0634665 0.016449
328.335 0.126933 0.0348966
328.335 0.1904 0.0532039
328.335 0.253866 0.071297
328.335 0.317333 0.0891028
328.335 0.380799 0.10655
328.335 0.444266 0.123568
328.335 0.507732 0.140088
328.335 0.571199 0.156045
328.335 0.634665 0.171373
328.335 0.698132 0.186011
328.335 0.761598 0.1999
328.335 0.825065 0.212984
328.335 0.888531 0.22521
328.335 0.951998 0.23653
328.335 1.01546 0.246897
328.335 1.07893 0.25627
328.335 1.1424 0.264611
328.335 1.20586 0.271887
328.335 1.26933 0.278068
328.335 1.3328 0.283129
328.335 1.39626 0.28705
328.335 1.45973 0.289815
328.335 1.5232 0.291413
328.335 1.58666 0.291838
328.335 1.65013 0.291088
328.335 1.7136 0.289165
328.335 1.77706 0.286079
328.335 1.84053 0.28184
328.335 1.904 0.276466
328.335 1.96746 0.269979
328.335 2.03093 0.262406
328.335 2.0944 0.253775
328.335 2.15786 0.244122
328.335 2.22133 0.233487
328.335 2.28479 0.221912
328.335 2.34826 0.209443
328.335 2.41173 0.19613
328.335 2.47519 0.182028
328.335 2.53866 0.167193
328.335 2.60213 0.151684
328.335 2.66559 0.135565
328.335 2.72906 0.1189
328.335 2.79253 0.101756
328.335 2.85599 0.0842025
328.335 2.91946 0.06631
328.335 2.98293 0.0481502
328.335 3.04639 0.0297969
328.335 3.10986 0.0113233
328.335 3.17333 -0.00719596
328.335 3.23679 -0.0256858
328.335 3.30026 -0.0440725
328.335 3.36373 -0.0622819
328.335 3.42719 -0.0802401
328.335 3.49066 -0.0978753
328.335 3.55413 -0.115117
328.335 3.61759 -0.131894
328.335 3.68106 -0.148141
328.335 3.74452 -0.163791
328.335 3.80799 -0.178782
328.335 3.87146 -0.193052
328.335 3.93492 -0.206546
328.335 3.99839 -0.219207
328.335 4.06186 -0.230986
328.335 4.12532 -0.241835
328.335 4.18879 -0.25171
328.335 4.25226 -0.260572
328.335 4.31572 -0.268384
328.335 4.37919 -0.275115
328.335 4.44266 -0.280739
328.335 4.50612 -0.285233
328.335 4.56959 -0.288578
328.335 4.63306 -0.29076
328.335 4.69652 -0.291773
328.335 4.75999 -0.29161
328.335 4.82346 -0.290273
328.335 4.88692 -0.287767
328.335 4.95039 -0.284102
328.335 5.01385 -0.279294
328.335 5.07732 -0.27336
328.335 5.14079 -0.266327
328.335 5.20425 -0.25822
328.335 5.26772 -0.249074
328.335 5.33119 -0.238925
328.335 5.39465 -0.227814
328.335 5.45812 -0.215786
328.335 5.52159 -0.202888
328.335 5.58505 -0.189174
328.335 5.64852 -0.174698
328.335 5.71199 -0.159519
328.335 5.77545 -0.143697
328.335 5.83892 -0.127297
328.335 5.90239 -0.110384
328.335 5.96585 -0.0930262
328.335 6.02932 -0.0752943
328.335 6.09279 -0.0572589
328.335 6.15625 -0.0389931
328.335 6.21972 -0.0205702
328.335 6.28319 -0.00206478
329.336 0 0.252078
329.336 0.0634665 0.2553
329.336 0.126933 0.257494
329.336 0.1904 0.258651
329.336 0.253866 0.258767
329.336 0.317333 0.257841
329.336 0.380799 0.255876
329.336 0.444266 0.252882
329.336 0.507732 0.248869
329.336 0.571199 0.243854
329.336 0.634665 0.237857
329.336 0.698132 0.230902
329.336 0.761598 0.223017
329.336 0.825065 0.214235
329.336 0.888531 0.20459
329.336 0.951998 0.194121
329.336 1.01546 0.18287
329.336 1.07893 0.170883
329.336 1.1424 0.158208
329.336 1.20586 0.144896
329.336 1.26933 0.131001
329.336 1.3328 0.116577
329.336 1.39626 0.101685
329.336 1.45973 0.0863831
329.336 1.5232 0.0707333
329.336 1.58666 0.0547987
329.336 1.65013 0.0386435
329.336 1.7136 0.0223325
329.336 1.77706 0.0059319
329.336 1.84053 -0.0104928
329.336 1.904 -0.0268751
329.336 1.96746 -0.0431495
329.336 2.03093 -0.0592499
329.336 2.0944 -0.0751115
329.336 2.15786 -0.0906711
329.336 2.22133 -0.105865
329.336 2.28479 -0.120633
329.336 2.34826 -0.134916
329.336 2.41173 -0.148655
329.336 2.47519 -0.161795
329.336 2.53866 -0.174284
329.336 2.60213 -0.186071
329.336 2.66559 -0.197109
329.336 2.72906 -0.207353
329.336 2.79253 -0.216763
329.336 2.85599 -0.225299
329.336 2.91946 -0.232929
329.336 2.98293 -0.23962
329.336 3.04639 -0.245346
329.336 3.10986 -0.250085
329.336 3.17333 -0.253816
329.336 3.23679 -0.256526
329.336 3.30026 -0.258202
329.336 3.36373 -0.258839
329.336 3.42719 -0.258434
329.336 3.49066 -0.256988
329.336 3.55413 -0.254507
329.336 3.61759 -0.251002
329.336 3.68106 -0.246486
329.336 3.74452 -0.240977
329.336 3.80799 -0.234498
329.336 3.87146 -0.227074
329.336 3.93492 -0.218736
329.336 3.99839 -0.209518
329.336 4.06186 -0.199456
329.336 4.12532 -0.188591
329.336 4.18879 -0.176966
329.336 4.25226 -0.164629
329.336 4.31572 -0.151628
329.336 4.37919 -0.138018
329.336 4.44266 -0.123851
329.336 4.50612 -0.109186
329.336 4.56959 -0.0940814
329.336 4.63306 -0.0785978
329.336 4.69652 -0.0627977
329.336 4.75999 -0.0467447
329.336 4.82346 -0.0305034
329.336 4.88692 -0.0141394
329.336 4.95039 0.00228162
329.336 5.01385 0.0186935
329.336 5.07732 0.0350298
329.336 5.14079 0.0512254
329.336 5.20425 0.0672146
329.336 5.26772 0.0829331
329.336 5.33119 0.0983177
329.336 5.39465 0.113306
329.336 5.45812 0.127839
329.336 5.52159 0.141857
329.336 5.58505 0.155303
329.336 5.64852 0.168124
329.336 5.71199 0.180268
329.336 5.77545 0.191687
329.336 5.83892 0.202333
329.336 5.90239 0.212165
329.336 5.96585 0.221142
329.336 6.02932 0.229229
329.336 6.09279 0.236393
329.336 6.15625 0.242605
329.336 6.21972 0.24784
329.336 6.28319 0.252078
330.337 0 -0.193879
330.337 0.0634665 -0.182717
330.337 0.126933 -0.170818
330.337 0.1904 -0.158232
330.337 0.253866 -0.145009
330.337 0.317333 -0.131202
330.337 0.380799 -0.116866
330.337 0.444266 -0.10206
330.337 0.507732 -0.0868428
330.337 0.571199 -0.0712761
330.337 0.634665 -0.0554223
330.337 0.698132 -0.0393453
330.337 0.761598 -0.0231099
330.337 0.825065 -0.00678146
330.337 0.888531 0.00957431
330.337 0.951998 0.0258913
330.337 1.01546 0.0421045
330.337 1.07893 0.0581478
330.337 1.1424 0.0739571
330.337 1.20586 0.0894684
330.337 1.26933 0.10462
330.337 1.3328 0.119349
330.337 1.39626 0.133599
330.337 1.45973 0.14731
330.337 1.5232 0.160428
330.337 1.58666 0.172901
330.337 1.65013 0.184677
330.337 1.7136 0.195709
330.337 1.77706 0.205953
330.337 1.84053 0.215369
330.337 1.904 0.223916
330.337 1.96746 0.231563
330.337 2.03093 0.238276
330.337 2.0944 0.244031
330.337 2.15786 0.248802
330.337 2.22133 0.252572
330.337 2.28479 0.255325
330.337 2.34826 0.25705
330.337 2.41173 0.25774
330.337 2.47519 0.257391
330.337 2.53866 0.256007
330.337 2.60213 0.253591
330.337 2.66559 0.250155
330.337 2.72906 0.245711
330.337 2.79253 0.240278
330.337 2.85599 0.233877
330.337 2.91946 0.226535
330.337 2.98293 0.21828
330.337 3.04639 0.209146
330.337 3.10986 0.199171
330.337 3.17333 0.188393
330.337 3.23679 0.176857
330.337 3.30026 0.164608
330.337 3.36373 0.151697
330.337 3.42719 0.138175
330.337 3.49066 0.124097
330.337 3.55413 0.109518
330.337 3.61759 0.0944988
330.337 3.68106 0.0790995
330.337 3.74452 0.0633811
330.337 3.80799 0.0474077
330.337 3.87146 0.0312434
330.337 3.93492 0.0149533
330.337 3.99839 -0.00139712
330.337 4.06186 -0.017742
330.337 4.12532 -0.034015
330.337 4.18879 -0.0501514
330.337 4.25226 -0.0660856
330.337 4.31572 -0.0817539
330.337 4.37919 -0.097093
330.337 4.44266 -0.112041
330.337 4.50612 -0.126538
330.337 4.56959 -0.140525
330.337 4.63306 -0.153947
330.337 4.69652 -0.166749
330.337 4.75999 -0.178879
330.337 4.82346 -0.190289
330.337 4.88692 -0.200933
330.337 4.95039 -0.210767
330.337 5.01385 -0.219753
330.337 5.07732 -0.227854
330.337 5.14079 -0.235038
330.337 5.20425 -0.241275
330.337 5.26772 -0.246541
330.337 5.33119 -0.250814
330.337 5.39465 -0.254077
330.337 5.45812 -0.256316
330.337 5.52159 -0.257524
330.337 5.58505 -0.257695
330.337 5.64852 -0.256828
330.337 5.71199 -0.254927
330.337 5.77545 -0.252
330.337 5.83892 -0.248058
330.337 5.90239 -0.243117
330.337 5.96585 -0.237197
330.337 6.02932 -0.230322
330.337 6.09279 -0.22252
330.337 6.15625 -0.213821
330.337 6.21972 -0.204261
330.337 6.28319 -0.193879
331.338 0 -0.377703
331.338 0.0634665 -0.360525
331.338 0.126933 -0.341895
331.338 0.1904 -0.321889
331.338 0.253866 -0.300587
331.338 0.317333 -0.278074
331.338 0.380799 -0.254441
331.338 0.444266 -0.229784
331.338 0.507732 -0.204202
331.338 0.571199 -0.177797
331.338 0.634665 -0.150677
331.338 0.698132 -0.12295
331.338 0.761598 -0.0947274
331.338 0.825065 -0.0661238
331.338 0.888531 -0.0372537
331.338 0.951998 -0.00823374
331.338 1.01546 0.0208194
331.338 1.07893 0.0497886
331.338 1.1424 0.0785573
331.338 1.20586 0.10701
331.338 1.26933 0.135032
331.338 1.3328 0.16251
331.338 1.39626 0.189333
331.338 1.45973 0.215394
331.338 1.5232 0.240588
331.338 1.58666 0.264813
331.338 1.65013 0.287972
331.338 1.7136 0.309971
331.338 1.77706 0.330722
331.338 1.84053 0.350141
331.338 1.904 0.368151
331.338 1.96746 0.384678
331.338 2.03093 0.399656
331.338 2.0944 0.413025
331.338 2.15786 0.424731
331.338 2.22133 0.434726
331.338 2.28479 0.442971
331.338 2.34826 0.449432
331.338 2.41173 0.454084
331.338 2.47519 0.456907
331.338 2.53866 0.45789
331.338 2.60213 0.45703
331.338 2.66559 0.454329
331.338 2.72906 0.449799
331.338 2.79253 0.443458
331.338 2.85599 0.435331
331.338 2.91946 0.425451
331.338 2.98293 0.413858
331.338 3.04639 0.400598
331.338 3.10986 0.385726
331.338 3.17333 0.3693
331.338 3.23679 0.351387
331.338 3.30026 0.332059
331.338 3.36373 0.311395
331.338 3.42719 0.289476
331.338 3.49066 0.266392
331.338 3.55413 0.242235
331.338 3.61759 0.217102
331.338 3.68106 0.191096
331.338 3.74452 0.16432
331.338 3.80799 0.136882
331.338 3.87146 0.108893
331.338 3.93492 0.0804662
331.338 3.99839 0.0517148
331.338 4.06186 0.0227552
331.338 4.12532 -0.00629604
331.338 4.18879 -0.0353218
331.338 4.25226 -0.0642055
331.338 4.31572 -0.0928306
331.338 4.37919 -0.121082
331.338 4.44266 -0.148845
331.338 4.50612 -0.17601
331.338 4.56959 -0.202465
331.338 4.63306 -0.228106
331.338 4.69652 -0.252828
331.338 4.75999 -0.276532
331.338 4.82346 -0.299122
331.338 4.88692 -0.320508
331.338 4.95039 -0.340603
331.338 5.01385 -0.359327
331.338 5.07732 -0.376604
331.338 5.14079 -0.392365
331.338 5.20425 -0.406545
331.338 5.26772 -0.419089
331.338 5.33119 -0.429945
331.338 5.39465 -0.439069
331.338 5.45812 -0.446426
331.338 5.52159 -0.451985
331.338 5.58505 -0.455724
331.338 5.64852 -0.457629
331.338 5.71199 -0.45769
331.338 5.77545 -0.455909
331.338 5.83892 -0.452292
331.338 5.90239 -0.446853
331.338 5.96585 -0.439615
331.338 6.02932 -0.430608
331.338 6.09279 -0.419865
331.338 6.15625 -0.407433
331.338 6.21972 -0.39336
331.338 6.28319 -0.377703
332.339 0 0.122164
332.339 0.0634665 0.128737
332.339 0.126933 0.134791
332.339 0.1904 0.140301
332.339 0.253866 0.145247
332.339 0.317333 0.149608
332.339 0.380799 0.153367
332.339 0.444266 0.156509
332.339 0.507732 0.15902
332.339 0.571199 0.16089
332.339 0.634665 0.162113
332.339 0.698132 0.162684
332.339 0.761598 0.162598
332.339 0.825065 0.161858
332.339 0.888531 0.160467
332.339 0.951998 0.15843
332.339 1.01546 0.155754
332.339 1.07893 0.152451
332.339 1.1424 0.148535
332.339 1.20586 0.14402
332.339 1.26933 0.138925
332.339 1.3328 0.133272
332.339 1.39626 0.127081
332.339 1.45973 0.120379
332.339 1.5232 0.113191
332.339 1.58666 0.105549
332.339 1.65013 0.0974808
332.339 1.7136 0.0890204
332.339 1.77706 0.0802016
332.339 1.84053 0.0710599
332.339 1.904 0.0616319
332.339 1.96746 0.0519559
332.339 2.03093 0.0420706
332.339 2.0944 0.0320158
332.339 2.15786 0.0218323
332.339 2.22133 0.0115607
332.339 2.28479 0.00124286
332.339 2.34826 -0.00908025
332.339 2.41173 -0.0193668
332.339 2.47519 -0.0295753
332.339 2.53866 -0.0396648
332.339 2.60213 -0.0495944
332.339 2.66559 -0.0593246
332.339 2.72906 -0.0688156
332.339 2.79253 -0.0780299
332.339 2.85599 -0.0869294
332.339 2.91946 -0.0954794
332.339 2.98293 -0.103645
332.339 3.04639 -0.111393
332.339 3.10986 -0.118692
332.339 3.17333 -0.125514
332.339 3.23679 -0.13183
332.339 3.30026 -0.137615
332.339 3.36373 -0.142847
332.339 3.42719 -0.147502
332.339 3.49066 -0.151564
332.339 3.55413 -0.155016
332.339 3.61759 -0.157844
332.339 3.68106 -0.160035
332.339 3.74452 -0.161583
332.339 3.80799 -0.16248
332.339 3.87146 -0.162723
332.339 3.93492 -0.16231
332.339 3.99839 -0.161244
332.339 4.06186 -0.159529
332.339 4.12532 -0.157171
332.339 4.18879 -0.15418
332.339 4.25226 -0.150569
332.339 4.31572 -0.146351
332.339 4.37919 -0.141544
332.339 4.44266 -0.136167
332.339 4.50612 -0.130242
332.339 4.56959 -0.123792
332.339 4.63306 -0.116844
332.339 4.69652 -0.109425
332.339 4.75999 -0.101566
332.339 4.82346 -0.0932975
332.339 4.88692 -0.0846536
332.339 4.95039 -0.0756689
332.339 5.01385 -0.0663793
332.339 5.07732 -0.0568225
332.339 5.14079 -0.0470369
332.339 5.20425 -0.0370618
332.339 5.26772 -0.0269376
332.339 5.33119 -0.0167049
332.339 5.39465 -0.00640493
332.339 5.45812 0.00392076
332.339 5.52159 0.0142308
332.339 5.58505 0.0244833
332.339 5.64852 0.0346376
332.339 5.71199 0.0446523
332.339 5.77545 0.0544869
332.339 5.83892 0.0641024
332.339 5.90239 0.0734598
332.339 5.96585 0.0825211
332.339 6.02932 0.0912503
332.339 6.09279 0.0996122
332.339 6.15625 0.107573
332.339 6.21972 0.115101
332.339 6.28319 0.122164
333.34 0 -0.249628
333.34 0.0634665 -0.253008
333.34 0.126933 -0.25537
333.34 0.1904 -0.256704
333.34 0.253866 -0.257004
333.34 0.317333 -0.256269
333.34 0.380799 -0.254502
333.34 0.444266 -0.25171
333.34 0.507732 -0.247905
333.34 0.571199 -0.243102
333.34 0.634665 -0.237319
333.34 0.698132 -0.230582
333.34 0.761598 -0.222915
333.34 0.825065 -0.214351
333.34 0.888531 -0.204924
333.34 0.951998 -0.194672
333.34 1.01546 -0.183636
333.34 1.07893 -0.171861
333.34 1.1424 -0.159393
333.34 1.20586 -0.146284
333.34 1.26933 -0.132585
333.34 1.3328 -0.118353
333.34 1.39626 -0.103644
333.34 1.45973 -0.088518
333.34 1.5232 -0.0730352
333.34 1.58666 -0.0572586
333.34 1.65013 -0.0412514
333.34 1.7136 -0.025078
333.34 1.77706 -0.00880363
333.34 1.84053 0.00750608
333.34 1.904 0.0237857
333.34 1.96746 0.0399695
333.34 2.03093 0.0559923
333.34 2.0944 0.0717897
333.34 2.15786 0.0872981
333.34 2.22133 0.102455
333.34 2.28479 0.117199
333.34 2.34826 0.131471
333.34 2.41173 0.145214
333.34 2.47519 0.158373
333.34 2.53866 0.170893
333.34 2.60213 0.182725
333.34 2.66559 0.193822
333.34 2.72906 0.204138
333.34 2.79253 0.213632
333.34 2.85599 0.222266
333.34 2.91946 0.230005
333.34 2.98293 0.236818
333.34 3.04639 0.242677
333.34 3.10986 0.247559
333.34 3.17333 0.251445
333.34 3.23679 0.254317
333.34 3.30026 0.256166
333.34 3.36373 0.256983
333.34 3.42719 0.256766
333.34 3.49066 0.255514
333.34 3.55413 0.253234
333.34 3.61759 0.249934
333.34 3.68106 0.245627
333.34 3.74452 0.240332
333.34 3.80799 0.234068
333.34 3.87146 0.226863
333.34 3.93492 0.218743
333.34 3.99839 0.209743
333.34 4.06186 0.199899
333.34 4.12532 0.189249
333.34 4.18879 0.177838
333.34 4.25226 0.16571
333.34 4.31572 0.152915
333.34 4.37919 0.139505
333.34 4.44266 0.125532
333.34 4.50612 0.111054
333.34 4.56959 0.0961295
333.34 4.63306 0.0808174
333.34 4.69652 0.0651798
333.34 4.75999 0.0492799
333.34 4.82346 0.0331814
333.34 4.88692 0.0169493
333.34 4.95039 0.000649127
333.34 5.01385 -0.0156539
333.34 5.07732 -0.0318937
333.34 5.14079 -0.048005
333.34 5.20425 -0.0639232
333.34 5.26772 -0.0795839
333.34 5.33119 -0.0949243
333.34 5.39465 -0.109882
333.34 5.45812 -0.124398
333.34 5.52159 -0.138413
333.34 5.58505 -0.15187
333.34 5.64852 -0.164716
333.34 5.71199 -0.176898
333.34 5.77545 -0.188368
333.34 5.83892 -0.19908
333.34 5.90239 -0.20899
333.34 5.96585 -0.218059
333.34 6.02932 -0.22625
333.34 6.09279 -0.233529
333.34 6.15625 -0.239868
333.34 6.21972 -0.245242
333.34 6.28319 -0.249628
334.341 0 -0.128462
334.341 0.0634665 -0.134266
334.341 0.126933 -0.13953
334.341 0.1904 -0.144232
334.341 0.253866 -0.148353
334.341 0.317333 -0.151877
334.341 0.380799 -0.154789
334.341 0.444266 -0.157078
334.341 0.507732 -0.158734
334.341 0.571199 -0.159752
334.341 0.634665 -0.160126
334.341 0.698132 -0.159855
334.341 0.761598 -0.158941
334.341 0.825065 -0.157386
334.341 0.888531 -0.155198
334.341 0.951998 -0.152385
334.341 1.01546 -0.148958
334.341 1.07893 -0.144931
334.341 1.1424 -0.140321
334.341 1.20586 -0.135146
334.341 1.26933 -0.129427
334.341 1.3328 -0.123186
334.341 1.39626 -0.11645
334.341 1.45973 -0.109245
334.341 1.5232 -0.101599
334.341 1.58666 -0.093545
334.341 1.65013 -0.0851139
334.341 1.7136 -0.0763401
334.341 1.77706 -0.0672589
334.341 1.84053 -0.0579068
334.341 1.904 -0.0483216
334.341 1.96746 -0.0385418
334.341 2.03093 -0.0286069
334.341 2.0944 -0.0185567
334.341 2.15786 -0.00843194
334.341 2.22133 0.00172694
334.341 2.28479 0.0118788
334.341 2.34826 0.021983
334.341 2.41173 0.0319983
334.341 2.47519 0.0418849
334.341 2.53866 0.051603
334.341 2.60213 0.0611132
334.341 2.66559 0.0703775
334.341 2.72906 0.0793582
334.341 2.79253 0.0880194
334.341 2.85599 0.096326
334.341 2.91946 0.104245
334.341 2.98293 0.111744
334.341 3.04639 0.118794
334.341 3.10986 0.125364
334.341 3.17333 0.13143
334.341 3.23679 0.136967
334.341 3.30026 0.141953
334.341 3.36373 0.146366
334.341 3.42719 0.150191
334.341 3.49066 0.15341
334.341 3.55413 0.156012
334.341 3.61759 0.157986
334.341 3.68106 0.159323
334.341 3.74452 0.160019
334.341 3.80799 0.160071
334.341 3.87146 0.159478
334.341 3.93492 0.158243
334.341 3.99839 0.156371
334.341 4.06186 0.153869
334.341 4.12532 0.150747
334.341 4.18879 0.147019
334.341 4.25226 0.142698
334.341 4.31572 0.137803
334.341 4.37919 0.132353
334.341 4.44266 0.12637
334.341 4.50612 0.119879
334.341 4.56959 0.112904
334.341 4.63306 0.105475
334.341 4.69652 0.0976214
334.341 4.75999 0.0893744
334.341 4.82346 0.0807677
334.341 4.88692 0.0718357
334.341 4.95039 0.0626144
334.341 5.01385 0.0531411
334.341 5.07732 0.0434538
334.341 5.14079 0.0335913
334.341 5.20425 0.0235937
334.341 5.26772 0.0135011
334.341 5.33119 0.00335411
334.341 5.39465 -0.0068063
334.341 5.45812 -0.0169392
334.341 5.52159 -0.027004
334.341 5.58505 -0.0369601
334.341 5.64852 -0.0467675
334.341 5.71199 -0.0563866
334.341 5.77545 -0.0657784
334.341 5.83892 -0.0749054
334.341 5.90239 -0.0837309
334.341 5.96585 -0.0922191
334.341 6.02932 -0.100336
334.341 6.09279 -0.108049
334.341 6.15625 -0.115327
334.341 6.21972 -0.122141
334.341 6.28319 -0.128462
335.342 0 -0.0103432
335.342 0.0634665 0.0109316
335.342 0.126933 0.0321624
335.342 0.1904 0.0532637
335.342 0.253866 0.0741504
335.342 0.317333 0.0947385
335.342 0.380799 0.114945
335.342 0.444266 0.134689
335.342 0.507732 0.153891
335.342 0.571199 0.172473
335.342 0.634665 0.19036
335.342 0.698132 0.207481
335.342 0.761598 0.223766
335.342 0.825065 0.239151
335.342 0.888531 0.253572
335.342 0.951998 0.266973
335.342 1.01546 0.279298
335.342 1.07893 0.290499
335.342 1.1424 0.30053
335.342 1.20586 0.309351
335.342 1.26933 0.316926
335.342 1.3328 0.323225
335.342 1.39626 0.328222
335.342 1.45973 0.331898
335.342 1.5232 0.334238
335.342 1.58666 0.335231
335.342 1.65013 0.334875
335.342 1.7136 0.33317
335.342 1.77706 0.330124
335.342 1.84053 0.325749
335.342 1.904 0.320062
335.342 1.96746 0.313086
335.342 2.03093 0.304849
335.342 2.0944 0.295385
335.342 2.15786 0.284731
335.342 2.22133 0.272932
335.342 2.28479 0.260033
335.342 2.34826 0.246086
335.342 2.41173 0.231149
335.342 2.47519 0.215281
335.342 2.53866 0.198546
335.342 2.60213 0.181012
335.342 2.66559 0.16275
335.342 2.72906 0.143831
335.342 2.79253 0.124334
335.342 2.85599 0.104336
335.342 2.91946 0.0839172
335.342 2.98293 0.063161
335.342 3.04639 0.0421505
335.342 3.10986 0.0209702
335.342 3.17333 -0.000294381
335.342 3.23679 -0.0215577
335.342 3.30026 -0.0427345
335.342 3.36373 -0.0637391
335.342 3.42719 -0.084487
335.342 3.49066 -0.104895
335.342 3.55413 -0.12488
335.342 3.61759 -0.144362
335.342 3.68106 -0.163264
335.342 3.74452 -0.181508
335.342 3.80799 -0.199021
335.342 3.87146 -0.215732
335.342 3.93492 -0.231575
335.342 3.99839 -0.246486
335.342 4.06186 -0.260403
335.342 4.12532 -0.273273
335.342 4.18879 -0.285042
335.342 4.25226 -0.295663
335.342 4.31572 -0.305094
335.342 4.37919 -0.313296
335.342 4.44266 -0.320236
335.342 4.50612 -0.325888
335.342 4.56959 -0.330227
335.342 4.63306 -0.333236
335.342 4.69652 -0.334903
335.342 4.75999 -0.335222
335.342 4.82346 -0.334191
335.342 4.88692 -0.331815
335.342 4.95039 -0.328101
335.342 5.01385 -0.323068
335.342 5.07732 -0.316733
335.342 5.14079 -0.309123
335.342 5.20425 -0.300268
335.342 5.26772 -0.290204
335.342 5.33119 -0.278972
335.342 5.39465 -0.266616
335.342 5.45812 -0.253187
335.342 5.52159 -0.238738
335.342 5.58505 -0.223328
335.342 5.64852 -0.207018
335.342 5.71199 -0.189875
335.342 5.77545 -0.171968
335.342 5.83892 -0.153368
335.342 5.90239 -0.13415
335.342 5.96585 -0.114392
335.342 6.02932 -0.0941738
335.342 6.09279 -0.0735762
335.342 6.15625 -0.0526823
335.342 6.21972 -0.0315763
335.342 6.28319 -0.0103432
336.343 0 -0.0483395
336.343 0.0634665 -0.0418827
336.343 0.126933 -0.035257
336.343 0.1904 -0.0284896
336.343 0.253866 -0.0216072
336.343 0.317333 -0.0146379
336.343 0.380799 -0.00760957
336.343 0.444266 -0.000550938
336.343 0.507732 0.00651009
336.343 0.571199 0.0135449
336.343 0.634665 0.0205251
336.343 0.698132 0.027423
336.343 0.761598 0.0342101
336.343 0.825065 0.0408594
336.343 0.888531 0.0473447
336.343 0.951998 0.053639
336.343 1.01546 0.0597172
336.343 1.07893 0.065555
336.343 1.1424 0.0711288
336.343 1.20586 0.0764165
336.343 1.26933 0.081396
336.343 1.3328 0.0860481
336.343 1.39626 0.0903538
336.343 1.45973 0.0942955
336.343 1.5232 0.0978574
336.343 1.58666 0.101026
336.343 1.65013 0.103787
336.343 1.7136 0.10613
336.343 1.77706 0.108046
336.343 1.84053 0.109527
336.343 1.904 0.110567
336.343 1.96746 0.111161
336.343 2.03093 0.111308
336.343 2.0944 0.111007
336.343 2.15786 0.110259
336.343 2.22133 0.109067
336.343 2.28479 0.107436
336.343 2.34826 0.105372
336.343 2.41173 0.102883
336.343 2.47519 0.0999808
336.343 2.53866 0.0966758
336.343 2.60213 0.0929814
336.343 2.66559 0.0889128
336.343 2.72906 0.0844861
336.343 2.79253 0.079719
336.343 2.85599 0.0746311
336.343 2.91946 0.0692426
336.343 2.98293 0.0635752
336.343 3.04639 0.0576521
336.343 3.10986 0.0514966
336.343 3.17333 0.0451337
336.343 3.23679 0.0385892
336.343 3.30026 0.031889
336.343 3.36373 0.0250609
336.343 3.42719 0.0181317
336.343 3.49066 0.0111296
336.343 3.55413 0.00408233
336.343 3.61759 -0.00298076
336.343 3.68106 -0.010033
336.343 3.74452 -0.0170436
336.343 3.80799 -0.023986
336.343 3.87146 -0.0308319
336.343 3.93492 -0.0375536
336.343 3.99839 -0.0441242
336.343 4.06186 -0.0505172
336.343 4.12532 -0.0567066
336.343 4.18879 -0.0626677
336.343 4.25226 -0.0683765
336.343 4.31572 -0.07381
336.343 4.37919 -0.0789462
336.343 4.44266 -0.0837645
336.343 4.50612 -0.0882454
336.343 4.56959 -0.0923713
336.343 4.63306 -0.0961251
336.343 4.69652 -0.0994917
336.343 4.75999 -0.102457
336.343 4.82346 -0.105011
336.343 4.88692 -0.107142
336.343 4.95039 -0.108841
336.343 5.01385 -0.110102
336.343 5.07732 -0.11092
336.343 5.14079 -0.111291
336.343 5.20425 -0.111214
336.343 5.26772 -0.110689
336.343 5.33119 -0.109718
336.343 5.39465 -0.108306
336.343 5.45812 -0.106457
336.343 5.52159 -0.10418
336.343 5.58505 -0.101483
336.343 5.64852 -0.0983778
336.343 5.71199 -0.0948765
336.343 5.77545 -0.0909929
336.343 5.83892 -0.086743
336.343 5.90239 -0.0821438
336.343 5.96585 -0.077214
336.343 6.02932 -0.071973
336.343 6.09279 -0.0664423
336.343 6.15625 -0.060644
336.343 6.21972 -0.0546017
336.343 6.28319 -0.0483395
337.344 0 -0.0878894
337.344 0.0634665 -0.0925631
337.344 0.126933 -0.0968643
337.344 0.1904 -0.100775
337.344 0.253866 -0.10428
337.344 0.317333 -0.107366
337.344 0.380799 -0.110019
337.344 0.444266 -0.112228
337.344 0.507732 -0.113987
337.344 0.571199 -0.115286
337.344 0.634665 -0.116121
337.344 0.698132 -0.116488
337.344 0.761598 -0.116386
337.344 0.825065 -0.115816
337.344 0.888531 -0.114779
337.344 0.951998 -0.11328
337.344 1.01546 -0.111325
337.344 1.07893 -0.108922
337.344 1.1424 -0.10608
337.344 1.20586 -0.102811
337.344 1.26933 -0.0991276
337.344 1.3328 -0.0950454
337.344 1.39626 -0.0905805
337.344 1.45973 -0.0857508
337.344 1.5232 -0.0805758
337.344 1.58666 -0.0750764
337.344 1.65013 -0.0692747
337.344 1.7136 -0.0631942
337.344 1.77706 -0.0568591
337.344 1.84053 -0.050295
337.344 1.904 -0.0435285
337.344 1.96746 -0.0365866
337.344 2.03093 -0.0294974
337.344 2.0944 -0.0222894
337.344 2.15786 -0.0149918
337.344 2.22133 -0.00763368
337.344 2.28479 -0.000244796
337.344 2.34826 0.0071449
337.344 2.41173 0.0145059
337.344 2.47519 0.0218086
337.344 2.53866 0.0290234
337.344 2.60213 0.0361212
337.344 2.66559 0.0430738
337.344 2.72906 0.0498528
337.344 2.79253 0.0564311
337.344 2.85599 0.0627821
337.344 2.91946 0.0688804
337.344 2.98293 0.0747013
337.344 3.04639 0.0802215
337.344 3.10986 0.0854187
337.344 3.17333 0.0902716
337.344 3.23679 0.0947613
337.344 3.30026 0.0988693
337.344 3.36373 0.102579
337.344 3.42719 0.105876
337.344 3.49066 0.108747
337.344 3.55413 0.11118
337.344 3.61759 0.113165
337.344 3.68106 0.114694
337.344 3.74452 0.115761
337.344 3.80799 0.116363
337.344 3.87146 0.116496
337.344 3.93492 0.11616
337.344 3.99839 0.115355
337.344 4.06186 0.114087
337.344 4.12532 0.112359
337.344 4.18879 0.110179
337.344 4.25226 0.107555
337.344 4.31572 0.104498
337.344 4.37919 0.10102
337.344 4.44266 0.0971354
337.344 4.50612 0.0928598
337.344 4.56959 0.0882101
337.344 4.63306 0.0832053
337.344 4.69652 0.0778654
337.344 4.75999 0.072212
337.344 4.82346 0.0662679
337.344 4.88692 0.0600568
337.344 4.95039 0.0536041
337.344 5.01385 0.0469353
337.344 5.07732 0.0400777
337.344 5.14079 0.0330586
337.344 5.20425 0.0259064
337.344 5.26772 0.01865
337.344 5.33119 0.0113184
337.344 5.39465 0.00394126
337.344 5.45812 -0.00345172
337.344 5.52159 -0.0108309
337.344 5.58505 -0.0181663
337.344 5.64852 -0.0254286
337.344 5.71199 -0.0325888
337.344 5.77545 -0.0396175
337.344 5.83892 -0.0464867
337.344 5.90239 -0.0531687
337.344 5.96585 -0.0596367
337.344 6.02932 -0.0658645
337.344 6.09279 -0.0718271
337.344 6.15625 -0.0775004
337.344 6.21972 -0.0828617
337.344 6.28319 -0.0878894
338.345 0 -0.110013
338.345 0.0634665 -0.132904
338.345 0.126933 -0.155259
338.345 0.1904 -0.176989
338.345 0.253866 -0.198007
338.345 0.317333 -0.218227
338.345 0.380799 -0.237569
338.345 0.444266 -0.255954
338.345 0.507732 -0.273308
338.345 0.571199 -0.289562
338.345 0.634665 -0.30465
338.345 0.698132 -0.318511
338.345 0.761598 -0.331089
338.345 0.825065 -0.342335
338.345 0.888531 -0.352202
338.345 0.951998 -0.360651
338.345 1.01546 -0.367647
338.345 1.07893 -0.373163
338.345 1.1424 -0.377177
338.345 1.20586 -0.379672
338.345 1.26933 -0.380637
338.345 1.3328 -0.380071
338.345 1.39626 -0.377974
338.345 1.45973 -0.374355
338.345 1.5232 -0.369228
338.345 1.58666 -0.362615
338.345 1.65013 -0.354542
338.345 1.7136 -0.345041
338.345 1.77706 -0.33415
338.345 1.84053 -0.321914
338.345 1.904 -0.308383
338.345 1.96746 -0.293609
338.345 2.03093 -0.277653
338.345 2.0944 -0.260578
338.345 2.15786 -0.242455
338.345 2.22133 -0.223356
338.345 2.28479 -0.203357
338.345 2.34826 -0.182539
338.345 2.41173 -0.160986
338.345 2.47519 -0.138785
338.345 2.53866 -0.116025
338.345 2.60213 -0.0927977
338.345 2.66559 -0.069197
338.345 2.72906 -0.0453176
338.345 2.79253 -0.0212557
338.345 2.85599 0.00289183
338.345 2.91946 0.0270276
338.345 2.98293 0.0510546
338.345 3.04639 0.0748761
338.345 3.10986 0.098396
338.345 3.17333 0.12152
338.345 3.23679 0.144154
338.345 3.30026 0.166208
338.345 3.36373 0.187593
338.345 3.42719 0.208222
338.345 3.49066 0.228013
338.345 3.55413 0.246886
338.345 3.61759 0.264764
338.345 3.68106 0.281577
338.345 3.74452 0.297255
338.345 3.80799 0.311737
338.345 3.87146 0.324964
338.345 3.93492 0.336882
338.345 3.99839 0.347443
338.345 4.06186 0.356606
338.345 4.12532 0.364332
338.345 4.18879 0.370592
338.345 4.25226 0.375359
338.345 4.31572 0.378615
338.345 4.37919 0.380346
338.345 4.44266 0.380546
338.345 4.50612 0.379213
338.345 4.56959 0.376354
338.345 4.63306 0.371979
338.345 4.69652 0.366106
338.345 4.75999 0.358759
338.345 4.82346 0.349967
338.345 4.88692 0.339766
338.345 4.95039 0.328198
338.345 5.01385 0.315307
338.345 5.07732 0.301147
338.345 5.14079 0.285774
338.345 5.20425 0.269251
338.345 5.26772 0.251643
338.345 5.33119 0.233022
338.345 5.39465 0.213463
338.345 5.45812 0.193045
338.345 5.52159 0.171849
338.345 5.58505 0.149961
338.345 5.64852 0.127469
338.345 5.71199 0.104464
338.345 5.77545 0.0810383
338.345 5.83892 0.0572861
338.345 5.90239 0.0333034
338.345 5.96585 0.00918663
338.345 6.02932 -0.0149673
338.345 6.09279 -0.0390608
338.345 6.15625 -0.062997
338.345 6.21972 -0.0866797
338.345 6.28319 -0.110013
339.346 0 0.264758
339.346 0.0634665 0.278885
339.346 0.126933 0.291888
339.346 0.1904 0.303716
339.346 0.253866 0.314321
339.346 0.317333 0.323661
339.346 0.380799 0.331697
339.346 0.444266 0.338398
339.346 0.507732 0.343736
339.346 0.571199 0.347689
339.346 0.634665 0.350244
339.346 0.698132 0.351387
339.346 0.761598 0.351115
339.346 0.825065 0.34943
339.346 0.888531 0.346339
339.346 0.951998 0.341852
339.346 1.01546 0.335988
339.346 1.07893 0.328772
339.346 1.1424 0.320232
339.346 1.20586 0.310403
339.346 1.26933 0.299323
339.346 1.3328 0.287039
339.346 1.39626 0.273598
339.346 1.45973 0.259056
339.346 1.5232 0.24347
339.346 1.58666 0.226905
339.346 1.65013 0.209426
339.346 1.7136 0.191103
339.346 1.77706 0.172011
339.346 1.84053 0.152226
339.346 1.904 0.131828
339.346 1.96746 0.1109
339.346 2.03093 0.0895249
339.346 2.0944 0.0677895
339.346 2.15786 0.045781
339.346 2.22133 0.023588
339.346 2.28479 0.00130041
339.346 2.34826 -0.0209927
339.346 2.41173 -0.0432013
339.346 2.47519 -0.065236
339.346 2.53866 -0.0870078
339.346 2.60213 -0.108429
339.346 2.66559 -0.129414
339.346 2.72906 -0.149878
339.346 2.79253 -0.169739
339.346 2.85599 -0.188915
339.346 2.91946 -0.207332
339.346 2.98293 -0.224913
339.346 3.04639 -0.241588
339.346 3.10986 -0.257292
339.346 3.17333 -0.271959
339.346 3.23679 -0.28553
339.346 3.30026 -0.297952
339.346 3.36373 -0.309175
339.346 3.42719 -0.319152
339.346 3.49066 -0.327844
339.346 3.55413 -0.335216
339.346 3.61759 -0.341238
339.346 3.68106 -0.345887
339.346 3.74452 -0.349142
339.346 3.80799 -0.350992
339.346 3.87146 -0.351428
339.346 3.93492 -0.350449
339.346 3.99839 -0.34806
339.346 4.06186 -0.344269
339.346 4.12532 -0.339091
339.346 4.18879 -0.332548
339.346 4.25226 -0.324665
339.346 4.31572 -0.315476
339.346 4.37919 -0.305016
339.346 4.44266 -0.293328
339.346 4.50612 -0.28046
339.346 4.56959 -0.266461
339.346 4.63306 -0.25139
339.346 4.69652 -0.235306
339.346 4.75999 -0.218276
339.346 4.82346 -0.200365
339.346 4.88692 -0.181648
339.346 4.95039 -0.1622
339.346 5.01385 -0.142099
339.346 5.07732 -0.121425
339.346 5.14079 -0.100263
339.346 5.20425 -0.0786971
339.346 5.26772 -0.0568138
339.346 5.33119 -0.034702
339.346 5.39465 -0.0124506
339.346 5.45812 0.00985102
339.346 5.52159 0.0321132
339.346 5.58505 0.0542458
339.346 5.64852 0.0761601
339.346 5.71199 0.0977678
339.346 5.77545 0.118982
339.346 5.83892 0.139717
339.346 5.90239 0.159889
339.346 5.96585 0.179417
339.346 6.02932 0.198223
339.346 6.09279 0.216231
339.346 6.15625 0.233368
339.346 6.21972 0.249566
339.346 6.28319 0.264758
340.347 0 -0.0834196
340.347 0.0634665 -0.0831216
340.347 0.126933 -0.0824888
340.347 0.1904 -0.0815238
340.347 0.253866 -0.0802307
340.347 0.317333 -0.0786144
340.347 0.380799 -0.0766817
340.347 0.444266 -0.0744401
340.347 0.507732 -0.0718988
340.347 0.571199 -0.0690679
340.347 0.634665 -0.0659589
340.347 0.698132 -0.0625845
340.347 0.761598 -0.0589579
340.347 0.825065 -0.0550939
340.347 0.888531 -0.0510081
340.347 0.951998 -0.0467169
340.347 1.01546 -0.0422377
340.347 1.07893 -0.0375884
340.347 1.1424 -0.0327876
340.347 1.20586 -0.027855
340.347 1.26933 -0.0228099
340.347 1.3328 -0.0176732
340.347 1.39626 -0.0124654
340.347 1.45973 -0.00720728
340.347 1.5232 -0.00191997
340.347 1.58666 0.00337472
340.347 1.65013 0.00865634
340.347 1.7136 0.0139026
340.347 1.77706 0.019093
340.347 1.84053 0.0242065
340.347 1.904 0.0292227
340.347 1.96746 0.0341211
340.347 2.03093 0.0388821
340.347 2.0944 0.0434866
340.347 2.15786 0.047916
340.347 2.22133 0.0521524
340.347 2.28479 0.0561787
340.347 2.34826 0.059979
340.347 2.41173 0.0635375
340.347 2.47519 0.0668405
340.347 2.53866 0.0698742
340.347 2.60213 0.0726266
340.347 2.66559 0.0750864
340.347 2.72906 0.0772439
340.347 2.79253 0.0790906
340.347 2.85599 0.0806186
340.347 2.91946 0.081822
340.347 2.98293 0.0826958
340.347 3.04639 0.0832369
340.347 3.10986 0.0834426
340.347 3.17333 0.0833125
340.347 3.23679 0.0828469
340.347 3.30026 0.0820477
340.347 3.36373 0.080918
340.347 3.42719 0.0794626
340.347 3.49066 0.0776872
340.347 3.55413 0.0755989
340.347 3.61759 0.0732064
340.347 3.68106 0.0705189
340.347 3.74452 0.0675474
340.347 3.80799 0.0643041
340.347 3.87146 0.0608018
340.347 3.93492 0.0570546
340.347 3.99839 0.0530778
340.347 4.06186 0.0488872
340.347 4.12532 0.0444998
340.347 4.18879 0.0399333
340.347 4.25226 0.0352056
340.347 4.31572 0.0303366
340.347 4.37919 0.0253452
340.347 4.44266 0.0202518
340.347 4.50612 0.0150769
340.347 4.56959 0.00984131
340.347 4.63306 0.00456579
340.347 4.69652 -0.000727913
340.347 4.75999 -0.00601848
340.347 4.82346 -0.0112851
340.347 4.88692 -0.0165062
340.347 4.95039 -0.0216607
340.347 5.01385 -0.0267282
340.347 5.07732 -0.0316878
340.347 5.14079 -0.0365199
340.347 5.20425 -0.0412051
340.347 5.26772 -0.0457243
340.347 5.33119 -0.0500593
340.347 5.39465 -0.0541929
340.347 5.45812 -0.058108
340.347 5.52159 -0.0617892
340.347 5.58505 -0.0652218
340.347 5.64852 -0.0683917
340.347 5.71199 -0.0712863
340.347 5.77545 -0.0738938
340.347 5.83892 -0.0762036
340.347 5.90239 -0.0782067
340.347 5.96585 -0.0798948
340.347 6.02932 -0.0812612
340.347 6.09279 -0.0823004
340.347 6.15625 -0.0830084
340.347 6.21972 -0.0833817
340.347 6.28319 -0.0834197
341.348 0 0.00618479
341.348 0.0634665 0.0127573
341.348 0.126933 0.0192791
341.348 0.1904 0.0257228
341.348 0.253866 0.0320635
341.348 0.317333 0.0382744
341.348 0.380799 0.0443312
341.348 0.444266 0.0502101
341.348 0.507732 0.0558865
341.348 0.571199 0.0613377
341.348 0.634665 0.0665421
341.348 0.698132 0.0714789
341.348 0.761598 0.0761272
341.348 0.825065 0.0804692
341.348 0.888531 0.0844871
341.348 0.951998 0.0881648
341.348 1.01546 0.0914876
341.348 1.07893 0.0944424
341.348 1.1424 0.0970169
341.348 1.20586 0.0991999
341.348 1.26933 0.100984
341.348 1.3328 0.102361
341.348 1.39626 0.103327
341.348 1.45973 0.103876
341.348 1.5232 0.104007
341.348 1.58666 0.103719
341.348 1.65013 0.103013
341.348 1.7136 0.101893
341.348 1.77706 0.100363
341.348 1.84053 0.0984276
341.348 1.904 0.0960968
341.348 1.96746 0.0933788
341.348 2.03093 0.0902847
341.348 2.0944 0.0868271
341.348 2.15786 0.0830197
341.348 2.22133 0.0788784
341.348 2.28479 0.0744194
341.348 2.34826 0.0696607
341.348 2.41173 0.0646214
341.348 2.47519 0.059322
341.348 2.53866 0.0537835
341.348 2.60213 0.0480288
341.348 2.66559 0.0420807
341.348 2.72906 0.0359628
341.348 2.79253 0.0297002
341.348 2.85599 0.023318
341.348 2.91946 0.0168421
341.348 2.98293 0.0102983
341.348 3.04639 0.00371288
341.348 3.10986 -0.00288746
341.348 3.17333 -0.00947599
341.348 3.23679 -0.0160264
341.348 3.30026 -0.0225124
341.348 3.36373 -0.0289077
341.348 3.42719 -0.0351865
341.348 3.49066 -0.0413238
341.348 3.55413 -0.0472944
341.348 3.61759 -0.0530749
341.348 3.68106 -0.0586419
341.348 3.74452 -0.0639722
341.348 3.80799 -0.0690451
341.348 3.87146 -0.0738402
341.348 3.93492 -0.0783371
341.348 3.99839 -0.0825199
341.348 4.06186 -0.0863696
341.348 4.12532 -0.0898718
341.348 4.18879 -0.0930121
341.348 4.25226 -0.0957775
341.348 4.31572 -0.0981579
341.348 4.37919 -0.100143
341.348 4.44266 -0.101724
341.348 4.50612 -0.102896
341.348 4.56959 -0.103653
341.348 4.63306 -0.103994
341.348 4.69652 -0.103915
341.348 4.75999 -0.103418
341.348 4.82346 -0.102505
341.348 4.88692 -0.101179
341.348 4.95039 -0.0994452
341.348 5.01385 -0.0973111
341.348 5.07732 -0.0947853
341.348 5.14079 -0.0918777
341.348 5.20425 -0.0886004
341.348 5.26772 -0.0849661
341.348 5.33119 -0.08099
341.348 5.39465 -0.0766877
341.348 5.45812 -0.0720764
341.348 5.52159 -0.0671749
341.348 5.58505 -0.0620029
341.348 5.64852 -0.0565813
341.348 5.71199 -0.0509319
341.348 5.77545 -0.0450773
341.348 5.83892 -0.0390413
341.348 5.90239 -0.032848
341.348 5.96585 -0.0265225
341.348 6.02932 -0.0200902
341.348 6.09279 -0.0135771
341.348 6.15625 -0.00700907
341.348 6.21972 -0.000412917
341.348 6.28319 0.00618485
342.349 0 0.590083
342.349 0.0634665 0.573606
342.349 0.126933 0.554818
342.349 0.1904 0.533797
342.349 0.253866 0.510627
342.349 0.317333 0.4854
342.349 0.380799 0.458218
342.349 0.444266 0.429192
342.349 0.507732 0.398437
342.349 0.571199 0.366078
342.349 0.634665 0.332245
342.349 0.698132 0.297075
342.349 0.761598 0.260708
342.349 0.825065 0.223291
342.349 0.888531 0.184975
342.349 0.951998 0.145914
342.349 1.01546 0.106266
342.349 1.07893 0.0661896
342.349 1.1424 0.0258469
342.349 1.20586 -0.0145999
342.349 1.26933 -0.0549878
342.349 1.3328 -0.0951545
342.349 1.39626 -0.134938
342.349 1.45973 -0.174178
342.349 1.5232 -0.212717
342.349 1.58666 -0.250399
342.349 1.65013 -0.287073
342.349 1.7136 -0.322591
342.349 1.77706 -0.35681
342.349 1.84053 -0.389592
342.349 1.904 -0.420806
342.349 1.96746 -0.450325
342.349 2.03093 -0.478031
342.349 2.0944 -0.503812
342.349 2.15786 -0.527564
342.349 2.22133 -0.549192
342.349 2.28479 -0.568608
342.349 2.34826 -0.585735
342.349 2.41173 -0.600504
342.349 2.47519 -0.612854
342.349 2.53866 -0.622736
342.349 2.60213 -0.630112
342.349 2.66559 -0.63495
342.349 2.72906 -0.637231
342.349 2.79253 -0.636947
342.349 2.85599 -0.634095
342.349 2.91946 -0.628694
342.349 2.98293 -0.620759
342.349 3.04639 -0.610325
342.349 3.10986 -0.597434
342.349 3.17333 -0.582137
342.349 3.23679 -0.564496
342.349 3.30026 -0.544581
342.349 3.36373 -0.522475
342.349 3.42719 -0.498264
342.349 3.49066 -0.472046
342.349 3.55413 -0.443928
342.349 3.61759 -0.414023
342.349 3.68106 -0.382451
342.349 3.74452 -0.349338
342.349 3.80799 -0.314819
342.349 3.87146 -0.279032
342.349 3.93492 -0.242121
342.349 3.99839 -0.204236
342.349 4.06186 -0.165528
342.349 4.12532 -0.126154
342.349 4.18879 -0.0862714
342.349 4.25226 -0.0460413
342.349 4.31572 -0.00562632
342.349 4.37919 0.0348115
342.349 4.44266 0.0751088
342.349 4.50612 0.115104
342.349 4.56959 0.154636
342.349 4.63306 0.193545
342.349 4.69652 0.231674
342.349 4.75999 0.268871
342.349 4.82346 0.304985
342.349 4.88692 0.339871
342.349 4.95039 0.373389
342.349 5.01385 0.405403
342.349 5.07732 0.435785
342.349 5.14079 0.464412
342.349 5.20425 0.491168
342.349 5.26772 0.515947
342.349 5.33119 0.538649
342.349 5.39465 0.559182
342.349 5.45812 0.577463
342.349 5.52159 0.593418
342.349 5.58505 0.606985
342.349 5.64852 0.618107
342.349 5.71199 0.62674
342.349 5.77545 0.632849
342.349 5.83892 0.636411
342.349 5.90239 0.637409
342.349 5.96585 0.635842
342.349 6.02932 0.631713
342.349 6.09279 0.625042
342.349 6.15625 0.615852
342.349 6.21972 0.604184
342.349 6.28319 0.590083
343.35 0 -0.028485
343.35 0.0634665 -0.0335527
343.35 0.126933 -0.0384851
343.35 0.1904 -0.043263
343.35 0.253866 -0.0478665
343.35 0.317333 -0.0522771
343.35 0.380799 -0.0564772
343.35 0.444266 -0.0604501
343.35 0.507732 -0.0641795
343.35 0.571199 -0.0676504
343.35 0.634665 -0.0708489
343.35 0.698132 -0.0737623
343.35 0.761598 -0.0763785
343.35 0.825065 -0.0786872
343.35 0.888531 -0.0806791
343.35 0.951998 -0.082346
343.35 1.01546 -0.0836815
343.35 1.07893 -0.0846799
343.35 1.1424 -0.0853374
343.35 1.20586 -0.0856513
343.35 1.26933 -0.0856203
343.35 1.3328 -0.0852445
343.35 1.39626 -0.0845254
343.35 1.45973 -0.0834661
343.35 1.5232 -0.0820705
343.35 1.58666 -0.0803447
343.35 1.65013 -0.0782954
343.35 1.7136 -0.0759306
343.35 1.77706 -0.0732599
343.35 1.84053 -0.0702946
343.35 1.904 -0.067046
343.35 1.96746 -0.0635274
343.35 2.03093 -0.059753
343.35 2.0944 -0.0557383
343.35 2.15786 -0.0514988
343.35 2.22133 -0.0470521
343.35 2.28479 -0.0424159
343.35 2.34826 -0.037609
343.35 2.41173 -0.0326507
343.35 2.47519 -0.0275608
343.35 2.53866 -0.0223601
343.35 2.60213 -0.017069
343.35 2.66559 -0.011709
343.35 2.72906 -0.0063024
343.35 2.79253 -0.000870611
343.35 2.85599 0.00456542
343.35 2.91946 0.00998248
343.35 2.98293 0.0153594
343.35 3.04639 0.0206747
343.35 3.10986 0.025907
343.35 3.17333 0.0310345
343.35 3.23679 0.036037
343.35 3.30026 0.0408947
343.35 3.36373 0.0455875
343.35 3.42719 0.0500969
343.35 3.49066 0.0544045
343.35 3.55413 0.058493
343.35 3.61759 0.0623462
343.35 3.68106 0.0659482
343.35 3.74452 0.0692847
343.35 3.80799 0.0723421
343.35 3.87146 0.0751082
343.35 3.93492 0.077572
343.35 3.99839 0.0797233
343.35 4.06186 0.0815536
343.35 4.12532 0.0830556
343.35 4.18879 0.0842231
343.35 4.25226 0.0850515
343.35 4.31572 0.0855375
343.35 4.37919 0.0856789
343.35 4.44266 0.0854754
343.35 4.50612 0.0849277
343.35 4.56959 0.0840379
343.35 4.63306 0.08281
343.35 4.69652 0.0812485
343.35 4.75999 0.0793597
343.35 4.82346 0.0771517
343.35 4.88692 0.0746326
343.35 4.95039 0.0718133
343.35 5.01385 0.0687049
343.35 5.07732 0.0653195
343.35 5.14079 0.0616713
343.35 5.20425 0.0577746
343.35 5.26772 0.0536456
343.35 5.33119 0.0493003
343.35 5.39465 0.0447565
343.35 5.45812 0.0400328
343.35 5.52159 0.0351474
343.35 5.58505 0.0301206
343.35 5.64852 0.0249729
343.35 5.71199 0.0197243
343.35 5.77545 0.0143963
343.35 5.83892 0.00901041
343.35 5.90239 0.00358859
343.35 5.96585 -0.00184853
343.35 6.02932 -0.0072775
343.35 6.09279 -0.0126774
343.35 6.15625 -0.0180265
343.35 6.21972 -0.0233023
343.35 6.28319 -0.028485
344.351 0 0.400307
344.351 0.0634665 0.357001
344.351 0.126933 0.312259
344.351 0.1904 0.266259
344.351 0.253866 0.219186
344.351 0.317333 0.171231
344.351 0.380799 0.122587
344.351 0.444266 0.0734489
344.351 0.507732 0.0240152
344.351 0.571199 -0.0255152
344.351 0.634665 -0.074943
344.351 0.698132 -0.124069
344.351 0.761598 -0.172695
344.351 0.825065 -0.220626
344.351 0.888531 -0.267669
344.351 0.951998 -0.313634
344.351 1.01546 -0.358335
344.351 1.07893 -0.401595
344.351 1.1424 -0.443237
344.351 1.20586 -0.483094
344.351 1.26933 -0.521006
344.351 1.3328 -0.55682
344.351 1.39626 -0.590392
344.351 1.45973 -0.621586
344.351 1.5232 -0.650278
344.351 1.58666 -0.676351
344.351 1.65013 -0.699701
344.351 1.7136 -0.720233
344.351 1.77706 -0.737866
344.351 1.84053 -0.752527
344.351 1.904 -0.764157
344.351 1.96746 -0.772711
344.351 2.03093 -0.778155
344.351 2.0944 -0.780463
344.351 2.15786 -0.77963
344.351 2.22133 -0.775657
344.351 2.28479 -0.76856
344.351 2.34826 -0.75837
344.351 2.41173 -0.745126
344.351 2.47519 -0.728881
344.351 2.53866 -0.709702
344.351 2.60213 -0.687664
344.351 2.66559 -0.662857
344.351 2.72906 -0.635382
344.351 2.79253 -0.605348
344.351 2.85599 -0.572876
344.351 2.91946 -0.538098
344.351 2.98293 -0.501153
344.351 3.04639 -0.46219
344.351 3.10986 -0.421366
344.351 3.17333 -0.378845
344.351 3.23679 -0.334799
344.351 3.30026 -0.289404
344.351 3.36373 -0.242845
344.351 3.42719 -0.195307
344.351 3.49066 -0.146983
344.351 3.55413 -0.0980674
344.351 3.61759 -0.0487565
344.351 3.68106 0.000750524
344.351 3.74452 0.0502543
344.351 3.80799 0.099556
344.351 3.87146 0.148457
344.351 3.93492 0.19676
344.351 3.99839 0.244271
344.351 4.06186 0.290798
344.351 4.12532 0.336154
344.351 4.18879 0.380157
344.351 4.25226 0.422628
344.351 4.31572 0.463399
344.351 4.37919 0.502303
344.351 4.44266 0.539184
344.351 4.50612 0.573894
344.351 4.56959 0.606294
344.351 4.63306 0.636252
344.351 4.69652 0.663648
344.351 4.75999 0.688373
344.351 4.82346 0.710325
344.351 4.88692 0.729417
344.351 4.95039 0.745571
344.351 5.01385 0.758725
344.351 5.07732 0.768822
344.351 5.14079 0.775824
344.351 5.20425 0.779702
344.351 5.26772 0.78044
344.351 5.33119 0.778036
344.351 5.39465 0.772499
344.351 5.45812 0.76385
344.351 5.52159 0.752126
344.351 5.58505 0.737374
344.351 5.64852 0.719654
344.351 5.71199 0.699035
344.351 5.77545 0.6756
344.351 5.83892 0.649447
344.351 5.90239 0.620677
344.351 5.96585 0.589409
344.351 6.02932 0.555767
344.351 6.09279 0.519887
344.351 6.15625 0.481914
344.351 6.21972 0.442
344.351 6.28319 0.400307
345.352 0 -0.1533
345.352 0.0634665 -0.167543
345.352 0.126933 -0.181112
345.352 0.1904 -0.193951
345.352 0.253866 -0.206009
345.352 0.317333 -0.217237
345.352 0.380799 -0.227591
345.352 0.444266 -0.237029
345.352 0.507732 -0.245512
345.352 0.571199 -0.253006
345.352 0.634665 -0.259482
345.352 0.698132 -0.264913
345.352 0.761598 -0.269277
345.352 0.825065 -0.272557
345.352 0.888531 -0.274739
345.352 0.951998 -0.275815
345.352 1.01546 -0.27578
345.352 1.07893 -0.274635
345.352 1.1424 -0.272384
345.352 1.20586 -0.269037
345.352 1.26933 -0.264605
345.352 1.3328 -0.259109
345.352 1.39626 -0.252569
345.352 1.45973 -0.245012
345.352 1.5232 -0.236469
345.352 1.58666 -0.226973
345.352 1.65013 -0.216564
345.352 1.7136 -0.205282
345.352 1.77706 -0.193174
345.352 1.84053 -0.180288
345.352 1.904 -0.166676
345.352 1.96746 -0.152393
345.352 2.03093 -0.137496
345.352 2.0944 -0.122046
345.352 2.15786 -0.106104
345.352 2.22133 -0.0897349
345.352 2.28479 -0.0730045
345.352 2.34826 -0.0559802
345.352 2.41173 -0.0387303
345.352 2.47519 -0.0213247
345.352 2.53866 -0.00383304
345.352 2.60213 0.0136737
345.352 2.66559 0.0311257
345.352 2.72906 0.0484525
345.352 2.79253 0.0655841
345.352 2.85599 0.0824519
345.352 2.91946 0.0989871
345.352 2.98293 0.115124
345.352 3.04639 0.130797
345.352 3.10986 0.145944
345.352 3.17333 0.160503
345.352 3.23679 0.174415
345.352 3.30026 0.187626
345.352 3.36373 0.20008
345.352 3.42719 0.21173
345.352 3.49066 0.222526
345.352 3.55413 0.232427
345.352 3.61759 0.241392
345.352 3.68106 0.249385
345.352 3.74452 0.256373
345.352 3.80799 0.262329
345.352 3.87146 0.267229
345.352 3.93492 0.271053
345.352 3.99839 0.273785
345.352 4.06186 0.275415
345.352 4.12532 0.275936
345.352 4.18879 0.275346
345.352 4.25226 0.273647
345.352 4.31572 0.270847
345.352 4.37919 0.266956
345.352 4.44266 0.261989
345.352 4.50612 0.255968
345.352 4.56959 0.248916
345.352 4.63306 0.240862
345.352 4.69652 0.231838
345.352 4.75999 0.22188
345.352 4.82346 0.211029
345.352 4.88692 0.199329
345.352 4.95039 0.186825
345.352 5.01385 0.173569
345.352 5.07732 0.159615
345.352 5.14079 0.145018
345.352 5.20425 0.129836
345.352 5.26772 0.114132
345.352 5.33119 0.0979687
345.352 5.39465 0.0814106
345.352 5.45812 0.064525
345.352 5.52159 0.0473792
345.352 5.58505 0.0300427
345.352 5.64852 0.0125854
345.352 5.71199 -0.00492289
345.352 5.77545 -0.0224111
345.352 5.83892 -0.0398096
345.352 5.90239 -0.0570466
345.352 5.96585 -0.0740551
345.352 6.02932 -0.0907652
345.352 6.09279 -0.107109
345.352 6.15625 -0.123023
345.352 6.21972 -0.13844
345.352 6.28319 -0.1533
346.353 0 0.242037
346.353 0.0634665 0.244596
346.353 0.126933 0.246172
346.353 0.1904 0.246755
346.353 0.253866 0.246345
346.353 0.317333 0.244944
346.353 0.380799 0.242555
346.353 0.444266 0.239191
346.353 0.507732 0.234863
346.353 0.571199 0.229589
346.353 0.634665 0.223391
346.353 0.698132 0.216294
346.353 0.761598 0.208325
346.353 0.825065 0.199517
346.353 0.888531 0.189907
346.353 0.951998 0.179531
346.353 1.01546 0.168433
346.353 1.07893 0.156656
346.353 1.1424 0.144249
346.353 1.20586 0.131261
346.353 1.26933 0.117744
346.353 1.3328 0.103753
346.353 1.39626 0.0893444
346.353 1.45973 0.0745759
346.353 1.5232 0.0595071
346.353 1.58666 0.0441988
346.353 1.65013 0.0287124
346.353 1.7136 0.0131106
346.353 1.77706 -0.00254418
346.353 1.84053 -0.0181885
346.353 1.904 -0.0337598
346.353 1.96746 -0.0491953
346.353 2.03093 -0.0644323
346.353 2.0944 -0.0794101
346.353 2.15786 -0.0940681
346.353 2.22133 -0.108347
346.353 2.28479 -0.12219
346.353 2.34826 -0.135541
346.353 2.41173 -0.148346
346.353 2.47519 -0.160554
346.353 2.53866 -0.172116
346.353 2.60213 -0.182984
346.353 2.66559 -0.193115
346.353 2.72906 -0.202469
346.353 2.79253 -0.211008
346.353 2.85599 -0.218697
346.353 2.91946 -0.225505
346.353 2.98293 -0.231405
346.353 3.04639 -0.236374
346.353 3.10986 -0.24039
346.353 3.17333 -0.243439
346.353 3.23679 -0.245507
346.353 3.30026 -0.246587
346.353 3.36373 -0.246674
346.353 3.42719 -0.245768
346.353 3.49066 -0.243872
346.353 3.55413 -0.240994
346.353 3.61759 -0.237146
346.353 3.68106 -0.232343
346.353 3.74452 -0.226604
346.353 3.80799 -0.219953
346.353 3.87146 -0.212416
346.353 3.93492 -0.204024
346.353 3.99839 -0.19481
346.353 4.06186 -0.184812
346.353 4.12532 -0.17407
346.353 4.18879 -0.162626
346.353 4.25226 -0.150528
346.353 4.31572 -0.137824
346.353 4.37919 -0.124565
346.353 4.44266 -0.110804
346.353 4.50612 -0.0965973
346.353 4.56959 -0.0820013
346.353 4.63306 -0.0670753
346.353 4.69652 -0.0518791
346.353 4.75999 -0.0364741
346.353 4.82346 -0.020922
346.353 4.88692 -0.00528589
346.353 4.95039 0.0103715
346.353 5.01385 0.0259871
346.353 5.07732 0.0414983
346.353 5.14079 0.0568424
346.353 5.20425 0.0719574
346.353 5.26772 0.0867828
346.353 5.33119 0.101259
346.353 5.39465 0.115327
346.353 5.45812 0.12893
346.353 5.52159 0.142015
346.353 5.58505 0.154528
346.353 5.64852 0.166418
346.353 5.71199 0.177639
346.353 5.77545 0.188144
346.353 5.83892 0.197892
346.353 5.90239 0.206843
346.353 5.96585 0.21496
346.353 6.02932 0.222212
346.353 6.09279 0.22857
346.353 6.15625 0.234007
346.353 6.21972 0.238502
346.353 6.28319 0.242037
347.354 0 0.137604
347.354 0.0634665 0.154772
347.354 0.126933 0.171316
347.354 0.1904 0.187171
347.354 0.253866 0.202272
347.354 0.317333 0.216559
347.354 0.380799 0.229973
347.354 0.444266 0.242462
347.354 0.507732 0.253974
347.354 0.571199 0.264464
347.354 0.634665 0.273889
347.354 0.698132 0.28221
347.354 0.761598 0.289395
347.354 0.825065 0.295416
347.354 0.888531 0.300246
347.354 0.951998 0.303868
347.354 1.01546 0.306266
347.354 1.07893 0.307431
347.354 1.1424 0.307358
347.354 1.20586 0.306047
347.354 1.26933 0.303504
347.354 1.3328 0.299739
347.354 1.39626 0.294767
347.354 1.45973 0.288608
347.354 1.5232 0.281287
347.354 1.58666 0.272833
347.354 1.65013 0.263281
347.354 1.7136 0.252669
347.354 1.77706 0.241038
347.354 1.84053 0.228438
347.354 1.904 0.214918
347.354 1.96746 0.200532
347.354 2.03093 0.185339
347.354 2.0944 0.169399
347.354 2.15786 0.152778
347.354 2.22133 0.135541
347.354 2.28479 0.117758
347.354 2.34826 0.0995015
347.354 2.41173 0.0808443
347.354 2.47519 0.0618613
347.354 2.53866 0.0426295
347.354 2.60213 0.0232255
347.354 2.66559 0.00372857
347.354 2.72906 -0.0157837
347.354 2.79253 -0.0352323
347.354 2.85599 -0.0545391
347.354 2.91946 -0.0736263
347.354 2.98293 -0.092417
347.354 3.04639 -0.110836
347.354 3.10986 -0.128808
347.354 3.17333 -0.146261
347.354 3.23679 -0.163126
347.354 3.30026 -0.179334
347.354 3.36373 -0.19482
347.354 3.42719 -0.209521
347.354 3.49066 -0.223378
347.354 3.55413 -0.236336
347.354 3.61759 -0.248343
347.354 3.68106 -0.259349
347.354 3.74452 -0.269312
347.354 3.80799 -0.278189
347.354 3.87146 -0.285947
347.354 3.93492 -0.292553
347.354 3.99839 -0.297981
347.354 4.06186 -0.302209
347.354 4.12532 -0.305221
347.354 4.18879 -0.307003
347.354 4.25226 -0.307549
347.354 4.31572 -0.306857
347.354 4.37919 -0.304929
347.354 4.44266 -0.301774
347.354 4.50612 -0.297403
347.354 4.56959 -0.291835
347.354 4.63306 -0.285091
347.354 4.69652 -0.2772
347.354 4.75999 -0.268192
347.354 4.82346 -0.258104
347.354 4.88692 -0.246978
347.354 4.95039 -0.234857
347.354 5.01385 -0.22179
347.354 5.07732 -0.207829
347.354 5.14079 -0.193033
347.354 5.20425 -0.177458
347.354 5.26772 -0.161169
347.354 5.33119 -0.144232
347.354 5.39465 -0.126713
347.354 5.45812 -0.108685
347.354 5.52159 -0.0902184
347.354 5.58505 -0.0713888
347.354 5.64852 -0.0522719
347.354 5.71199 -0.0329442
347.354 5.77545 -0.0134839
347.354 5.83892 0.00603061
347.354 5.90239 0.0255208
347.354 5.96585 0.0449083
347.354 6.02932 0.064115
347.354 6.09279 0.0830635
347.354 6.15625 0.101678
347.354 6.21972 0.119882
347.354 6.28319 0.137604
348.355 0 0.168075
348.355 0.0634665 0.182524
348.355 0.126933 0.196238
348.355 0.1904 0.209161
348.355 0.253866 0.221242
348.355 0.317333 0.232432
348.355 0.380799 0.242686
348.355 0.444266 0.251963
348.355 0.507732 0.260225
348.355 0.571199 0.26744
348.355 0.634665 0.273578
348.355 0.698132 0.278614
348.355 0.761598 0.282528
348.355 0.825065 0.285305
348.355 0.888531 0.286933
348.355 0.951998 0.287405
348.355 1.01546 0.28672
348.355 1.07893 0.284881
348.355 1.1424 0.281894
348.355 1.20586 0.277773
348.355 1.26933 0.272533
348.355 1.3328 0.266195
348.355 1.39626 0.258786
348.355 1.45973 0.250334
348.355 1.5232 0.240875
348.355 1.58666 0.230445
348.355 1.65013 0.219088
348.355 1.7136 0.206849
348.355 1.77706 0.193776
348.355 1.84053 0.179924
348.355 1.904 0.165347
348.355 1.96746 0.150104
348.355 2.03093 0.134256
348.355 2.0944 0.117869
348.355 2.15786 0.101006
348.355 2.22133 0.0837368
348.355 2.28479 0.0661305
348.355 2.34826 0.0482577
348.355 2.41173 0.0301907
348.355 2.47519 0.0120021
348.355 2.53866 -0.00623476
348.355 2.60213 -0.0244464
348.355 2.66559 -0.0425601
348.355 2.72906 -0.0605021
348.355 2.79253 -0.0782005
348.355 2.85599 -0.0955838
348.355 2.91946 -0.112582
348.355 2.98293 -0.129128
348.355 3.04639 -0.145153
348.355 3.10986 -0.160594
348.355 3.17333 -0.175388
348.355 3.23679 -0.189476
348.355 3.30026 -0.202801
348.355 3.36373 -0.21531
348.355 3.42719 -0.226951
348.355 3.49066 -0.237679
348.355 3.55413 -0.247449
348.355 3.61759 -0.256223
348.355 3.68106 -0.263966
348.355 3.74452 -0.270645
348.355 3.80799 -0.276235
348.355 3.87146 -0.280712
348.355 3.93492 -0.284059
348.355 3.99839 -0.286263
348.355 4.06186 -0.287313
348.355 4.12532 -0.287207
348.355 4.18879 -0.285944
348.355 4.25226 -0.28353
348.355 4.31572 -0.279974
348.355 4.37919 -0.275291
348.355 4.44266 -0.269499
348.355 4.50612 -0.262623
348.355 4.56959 -0.254688
348.355 4.63306 -0.245728
348.355 4.69652 -0.235779
348.355 4.75999 -0.22488
348.355 4.82346 -0.213076
348.355 4.88692 -0.200413
348.355 4.95039 -0.186944
348.355 5.01385 -0.172722
348.355 5.07732 -0.157805
348.355 5.14079 -0.142252
348.355 5.20425 -0.126126
348.355 5.26772 -0.109492
348.355 5.33119 -0.0924179
348.355 5.39465 -0.0749713
348.355 5.45812 -0.0572228
348.355 5.52159 -0.039244
348.355 5.58505 -0.0211071
348.355 5.64852 -0.00288502
348.355 5.71199 0.0153484
348.355 5.77545 0.0335203
348.355 5.83892 0.051557
348.355 5.90239 0.0693862
348.355 5.96585 0.086936
348.355 6.02932 0.104136
348.355 6.09279 0.120916
348.355 6.15625 0.137209
348.355 6.21972 0.152951
348.355 6.28319 0.168076
349.356 0 0.0360973
349.356 0.0634665 0.0170011
349.356 0.126933 -0.00216348
349.356 0.1904 -0.0213193
349.356 0.253866 -0.0403896
349.356 0.317333 -0.059297
349.356 0.380799 -0.0779657
349.356 0.444266 -0.0963204
349.356 0.507732 -0.114287
349.356 0.571199 -0.131794
349.356 0.634665 -0.14877
349.356 0.698132 -0.165147
349.356 0.761598 -0.180859
349.356 0.825065 -0.195843
349.356 0.888531 -0.210038
349.356 0.951998 -0.223387
349.356 1.01546 -0.235837
349.356 1.07893 -0.247337
349.356 1.1424 -0.257842
349.356 1.20586 -0.267308
349.356 1.26933 -0.275697
349.356 1.3328 -0.282977
349.356 1.39626 -0.289117
349.356 1.45973 -0.294093
349.356 1.5232 -0.297885
349.356 1.58666 -0.300477
349.356 1.65013 -0.301859
349.356 1.7136 -0.302026
349.356 1.77706 -0.300977
349.356 1.84053 -0.298716
349.356 1.904 -0.295252
349.356 1.96746 -0.290599
349.356 2.03093 -0.284776
349.356 2.0944 -0.277806
349.356 2.15786 -0.269718
349.356 2.22133 -0.260543
349.356 2.28479 -0.25032
349.356 2.34826 -0.239088
349.356 2.41173 -0.226894
349.356 2.47519 -0.213786
349.356 2.53866 -0.199818
349.356 2.60213 -0.185044
349.356 2.66559 -0.169526
349.356 2.72906 -0.153325
349.356 2.79253 -0.136506
349.356 2.85599 -0.119138
349.356 2.91946 -0.101291
349.356 2.98293 -0.0830349
349.356 3.04639 -0.0644449
349.356 3.10986 -0.0455956
349.356 3.17333 -0.0265625
349.356 3.23679 -0.00742248
349.356 3.30026 0.0117475
349.356 3.36373 0.0308701
349.356 3.42719 0.0498683
349.356 3.49066 0.0686659
349.356 3.55413 0.0871868
349.356 3.61759 0.105357
349.356 3.68106 0.123103
349.356 3.74452 0.140353
349.356 3.80799 0.157037
349.356 3.87146 0.17309
349.356 3.93492 0.188446
349.356 3.99839 0.203042
349.356 4.06186 0.216821
349.356 4.12532 0.229727
349.356 4.18879 0.241709
349.356 4.25226 0.252717
349.356 4.31572 0.262707
349.356 4.37919 0.271639
349.356 4.44266 0.279478
349.356 4.50612 0.286191
349.356 4.56959 0.291752
349.356 4.63306 0.296138
349.356 4.69652 0.299332
349.356 4.75999 0.30132
349.356 4.82346 0.302095
349.356 4.88692 0.301653
349.356 4.95039 0.299997
349.356 5.01385 0.297133
349.356 5.07732 0.293073
349.356 5.14079 0.287832
349.356 5.20425 0.281432
349.356 5.26772 0.2739
349.356 5.33119 0.265264
349.356 5.39465 0.25556
349.356 5.45812 0.244827
349.356 5.52159 0.233109
349.356 5.58505 0.220451
349.356 5.64852 0.206906
349.356 5.71199 0.192528
349.356 5.77545 0.177374
349.356 5.83892 0.161507
349.356 5.90239 0.144989
349.356 5.96585 0.127887
349.356 6.02932 0.11027
349.356 6.09279 0.0922092
349.356 6.15625 0.0737772
349.356 6.21972 0.0550479
349.356 6.28319 0.0360973
350.357 0 0.354079
350.357 0.0634665 0.345432
350.357 0.126933 0.335395
350.357 0.1904 0.324006
350.357 0.253866 0.311313
350.357 0.317333 0.297366
350.357 0.380799 0.282222
350.357 0.444266 0.265942
350.357 0.507732 0.24859
350.357 0.571199 0.230238
350.357 0.634665 0.210959
350.357 0.698132 0.19083
350.357 0.761598 0.169933
350.357 0.825065 0.148351
350.357 0.888531 0.126172
350.357 0.951998 0.103485
350.357 1.01546 0.0803818
350.357 1.07893 0.0569545
350.357 1.1424 0.0332979
350.357 1.20586 0.00950728
350.357 1.26933 -0.0143218
350.357 1.3328 -0.038093
350.357 1.39626 -0.0617109
350.357 1.45973 -0.0850804
350.357 1.5232 -0.108107
350.357 1.58666 -0.130699
350.357 1.65013 -0.152764
350.357 1.7136 -0.174214
350.357 1.77706 -0.194963
350.357 1.84053 -0.214926
350.357 1.904 -0.234024
350.357 1.96746 -0.25218
350.357 2.03093 -0.269321
350.357 2.0944 -0.285377
350.357 2.15786 -0.300283
350.357 2.22133 -0.313981
350.357 2.28479 -0.326414
350.357 2.34826 -0.337533
350.357 2.41173 -0.347293
350.357 2.47519 -0.355655
350.357 2.53866 -0.362584
350.357 2.60213 -0.368053
350.357 2.66559 -0.372041
350.357 2.72906 -0.37453
350.357 2.79253 -0.375511
350.357 2.85599 -0.374981
350.357 2.91946 -0.37294
350.357 2.98293 -0.369397
350.357 3.04639 -0.364367
350.357 3.10986 -0.35787
350.357 3.17333 -0.349932
350.357 3.23679 -0.340585
350.357 3.30026 -0.329866
350.357 3.36373 -0.31782
350.357 3.42719 -0.304493
350.357 3.49066 -0.28994
350.357 3.55413 -0.27422
350.357 3.61759 -0.257395
350.357 3.68106 -0.239535
350.357 3.74452 -0.22071
350.357 3.80799 -0.200995
350.357 3.87146 -0.180472
350.357 3.93492 -0.159222
350.357 3.99839 -0.137331
350.357 4.06186 -0.114887
350.357 4.12532 -0.0919799
350.357 4.18879 -0.0687026
350.357 4.25226 -0.0451488
350.357 4.31572 -0.0214132
350.357 4.37919 0.00240873
350.357 4.44266 0.0262204
350.357 4.50612 0.0499271
350.357 4.56959 0.0734326
350.357 4.63306 0.0966425
350.357 4.69652 0.119463
350.357 4.75999 0.141803
350.357 4.82346 0.163571
350.357 4.88692 0.184681
350.357 4.95039 0.205048
350.357 5.01385 0.224588
350.357 5.07732 0.243225
350.357 5.14079 0.260882
350.357 5.20425 0.277488
350.357 5.26772 0.292977
350.357 5.33119 0.307287
350.357 5.39465 0.320359
350.357 5.45812 0.332141
350.357 5.52159 0.342586
350.357 5.58505 0.351651
350.357 5.64852 0.3593
350.357 5.71199 0.365503
350.357 5.77545 0.370234
350.357 5.83892 0.373474
350.357 5.90239 0.375209
350.357 5.96585 0.375435
350.357 6.02932 0.374148
350.357 6.09279 0.371355
350.357 6.15625 0.367067
350.357 6.21972 0.361301
350.357 6.28319 0.354079
351.358 0 -0.180173
351.358 0.0634665 -0.174989
351.358 0.126933 -0.169101
351.358 0.1904 -0.162532
351.358 0.253866 -0.155308
351.358 0.317333 -0.147459
351.358 0.380799 -0.139016
351.358 0.444266 -0.130014
351.358 0.507732 -0.120487
351.358 0.571199 -0.110476
351.358 0.634665 -0.10002
351.358 0.698132 -0.0891612
351.358 0.761598 -0.0779435
351.358 0.825065 -0.0664116
351.358 0.888531 -0.0546125
351.358 0.951998 -0.0425936
351.358 1.01546 -0.030403
351.358 1.07893 -0.0180901
351.358 1.1424 -0.00570426
351.358 1.20586 0.00670449
351.358 1.26933 0.0190863
351.358 1.3328 0.0313913
351.358 1.39626 0.0435696
351.358 1.45973 0.0555728
351.358 1.5232 0.0673522
351.358 1.58666 0.0788603
351.358 1.65013 0.0900508
351.358 1.7136 0.100879
351.358 1.77706 0.1113
351.358 1.84053 0.121274
351.358 1.904 0.130759
351.358 1.96746 0.139718
351.358 2.03093 0.148114
351.358 2.0944 0.155914
351.358 2.15786 0.163086
351.358 2.22133 0.169601
351.358 2.28479 0.175434
351.358 2.34826 0.180559
351.358 2.41173 0.184958
351.358 2.47519 0.188612
351.358 2.53866 0.191507
351.358 2.60213 0.19363
351.358 2.66559 0.194975
351.358 2.72906 0.195533
351.358 2.79253 0.195305
351.358 2.85599 0.194289
351.358 2.91946 0.192492
351.358 2.98293 0.189919
351.358 3.04639 0.186582
351.358 3.10986 0.182494
351.358 3.17333 0.177671
351.358 3.23679 0.172132
351.358 3.30026 0.1659
351.358 3.36373 0.159
351.358 3.42719 0.15146
351.358 3.49066 0.14331
351.358 3.55413 0.134583
351.358 3.61759 0.125314
351.358 3.68106 0.11554
351.358 3.74452 0.105301
351.358 3.80799 0.0946384
351.358 3.87146 0.0835945
351.358 3.93492 0.0722139
351.358 3.99839 0.0605426
351.358 4.06186 0.0486276
351.358 4.12532 0.0365169
351.358 4.18879 0.0242587
351.358 4.25226 0.011903
351.358 4.31572 -0.000500362
351.358 4.37919 -0.0129019
351.358 4.44266 -0.0252514
351.358 4.50612 -0.0374993
351.358 4.56959 -0.0495963
351.358 4.63306 -0.0614935
351.358 4.69652 -0.0731431
351.358 4.75999 -0.0844981
351.358 4.82346 -0.095513
351.358 4.88692 -0.106143
351.358 4.95039 -0.116346
351.358 5.01385 -0.12608
351.358 5.07732 -0.135307
351.358 5.14079 -0.143989
351.358 5.20425 -0.152091
351.358 5.26772 -0.15958
351.358 5.33119 -0.166427
351.358 5.39465 -0.172604
351.358 5.45812 -0.178086
351.358 5.52159 -0.182851
351.358 5.58505 -0.186879
351.358 5.64852 -0.190155
351.358 5.71199 -0.192666
351.358 5.77545 -0.1944
351.358 5.83892 -0.195352
351.358 5.90239 -0.195517
351.358 5.96585 -0.194895
351.358 6.02932 -0.193488
351.358 6.09279 -0.191302
351.358 6.15625 -0.188346
351.358 6.21972 -0.184631
351.358 6.28319 -0.180173
352.359 0 0.322396
352.359 0.0634665 0.311503
352.359 0.126933 0.299357
352.359 0.1904 0.286004
352.359 0.253866 0.271501
352.359 0.317333 0.255904
352.359 0.380799 0.239277
352.359 0.444266 0.221686
352.359 0.507732 0.203202
352.359 0.571199 0.183901
352.359 0.634665 0.163858
352.359 0.698132 0.143156
352.359 0.761598 0.121878
352.359 0.825065 0.100109
352.359 0.888531 0.0779366
352.359 0.951998 0.0554506
352.359 1.01546 0.0327411
352.359 1.07893 0.00989985
352.359 1.1424 -0.0129811
352.359 1.20586 -0.0358099
352.359 1.26933 -0.0584947
352.359 1.3328 -0.0809437
352.359 1.39626 -0.103067
352.359 1.45973 -0.124775
352.359 1.5232 -0.145981
352.359 1.58666 -0.166599
352.359 1.65013 -0.186546
352.359 1.7136 -0.205742
352.359 1.77706 -0.224109
352.359 1.84053 -0.241574
352.359 1.904 -0.258066
352.359 1.96746 -0.27352
352.359 2.03093 -0.287871
352.359 2.0944 -0.301064
352.359 2.15786 -0.313044
352.359 2.22133 -0.323764
352.359 2.28479 -0.33318
352.359 2.34826 -0.341255
352.359 2.41173 -0.347955
352.359 2.47519 -0.353255
352.359 2.53866 -0.357132
352.359 2.60213 -0.35957
352.359 2.66559 -0.360561
352.359 2.72906 -0.360101
352.359 2.79253 -0.35819
352.359 2.85599 -0.354837
352.359 2.91946 -0.350055
352.359 2.98293 -0.343863
352.359 3.04639 -0.336287
352.359 3.10986 -0.327357
352.359 3.17333 -0.317109
352.359 3.23679 -0.305583
352.359 3.30026 -0.292828
352.359 3.36373 -0.278893
352.359 3.42719 -0.263835
352.359 3.49066 -0.247715
352.359 3.55413 -0.230597
352.359 3.61759 -0.212551
352.359 3.68106 -0.193649
352.359 3.74452 -0.173967
352.359 3.80799 -0.153585
352.359 3.87146 -0.132584
352.359 3.93492 -0.111049
352.359 3.99839 -0.0890674
352.359 4.06186 -0.0667271
352.359 4.12532 -0.0441181
352.359 4.18879 -0.0213311
352.359 4.25226 0.00154151
352.359 4.31572 0.0244079
352.359 4.37919 0.0471761
352.359 4.44266 0.0697542
352.359 4.50612 0.0920514
352.359 4.56959 0.113978
352.359 4.63306 0.135446
352.359 4.69652 0.156368
352.359 4.75999 0.176661
352.359 4.82346 0.196242
352.359 4.88692 0.215033
352.359 4.95039 0.232959
352.359 5.01385 0.249946
352.359 5.07732 0.265927
352.359 5.14079 0.280837
352.359 5.20425 0.294616
352.359 5.26772 0.307208
352.359 5.33119 0.318565
352.359 5.39465 0.328638
352.359 5.45812 0.337387
352.359 5.52159 0.344779
352.359 5.58505 0.350782
352.359 5.64852 0.355372
352.359 5.71199 0.358531
352.359 5.77545 0.360248
352.359 5.83892 0.360513
352.359 5.90239 0.359326
352.359 5.96585 0.356693
352.359 6.02932 0.352623
352.359 6.09279 0.347134
352.359 6.15625 0.340247
352.359 6.21972 0.33199
352.359 6.28319 0.322395
353.36 0 -0.126456
353.36 0.0634665 -0.148067
353.36 0.126933 -0.169081
353.36 0.1904 -0.189415
353.36 0.253866 -0.208986
353.36 0.317333 -0.227716
353.36 0.380799 -0.245528
353.36 0.444266 -0.262352
353.36 0.507732 -0.27812
353.36 0.571199 -0.292768
353.36 0.634665 -0.306236
353.36 0.698132 -0.318472
353.36 0.761598 -0.329426
353.36 0.825065 -0.339053
353.36 0.888531 -0.347314
353.36 0.951998 -0.354177
353.36 1.01546 -0.359614
353.36 1.07893 -0.363603
353.36 1.1424 -0.366128
353.36 1.20586 -0.367178
353.36 1.26933 -0.366751
353.36 1.3328 -0.364846
353.36 1.39626 -0.361472
353.36 1.45973 -0.356643
353.36 1.5232 -0.350377
353.36 1.58666 -0.342701
353.36 1.65013 -0.333645
353.36 1.7136 -0.323245
353.36 1.77706 -0.311544
353.36 1.84053 -0.298588
353.36 1.904 -0.28443
353.36 1.96746 -0.269127
353.36 2.03093 -0.25274
353.36 2.0944 -0.235335
353.36 2.15786 -0.216983
353.36 2.22133 -0.197757
353.36 2.28479 -0.177734
353.36 2.34826 -0.156996
353.36 2.41173 -0.135626
353.36 2.47519 -0.11371
353.36 2.53866 -0.0913359
353.36 2.60213 -0.0685939
353.36 2.66559 -0.0455758
353.36 2.72906 -0.0223741
353.36 2.79253 0.000917646
353.36 2.85599 0.0242057
353.36 2.91946 0.0473962
353.36 2.98293 0.0703962
353.36 3.04639 0.0931124
353.36 3.10986 0.115454
353.36 3.17333 0.13733
353.36 3.23679 0.158654
353.36 3.30026 0.179338
353.36 3.36373 0.199301
353.36 3.42719 0.218461
353.36 3.49066 0.236741
353.36 3.55413 0.254068
353.36 3.61759 0.270372
353.36 3.68106 0.285587
353.36 3.74452 0.299653
353.36 3.80799 0.312512
353.36 3.87146 0.324112
353.36 3.93492 0.334408
353.36 3.99839 0.343356
353.36 4.06186 0.350922
353.36 4.12532 0.357075
353.36 4.18879 0.361791
353.36 4.25226 0.365049
353.36 4.31572 0.366838
353.36 4.37919 0.367149
353.36 4.44266 0.365982
353.36 4.50612 0.363342
353.36 4.56959 0.359238
353.36 4.63306 0.353689
353.36 4.69652 0.346714
353.36 4.75999 0.338343
353.36 4.82346 0.32861
353.36 4.88692 0.317554
353.36 4.95039 0.30522
353.36 5.01385 0.291656
353.36 5.07732 0.276918
353.36 5.14079 0.261065
353.36 5.20425 0.24416
353.36 5.26772 0.226273
353.36 5.33119 0.207474
353.36 5.39465 0.18784
353.36 5.45812 0.16745
353.36 5.52159 0.146385
353.36 5.58505 0.124731
353.36 5.64852 0.102575
353.36 5.71199 0.0800051
353.36 5.77545 0.0571136
353.36 5.83892 0.0339921
353.36 5.90239 0.0107336
353.36 5.96585 -0.012568
353.36 6.02932 -0.0358191
353.36 6.09279 -0.0589259
353.36 6.15625 -0.0817954
353.36 6.21972 -0.104336
353.36 6.28319 -0.126456
354.361 0 0.0549695
354.361 0.0634665 0.0517659
354.361 0.126933 0.0483539
354.361 0.1904 0.0447476
354.361 0.253866 0.0409606
354.361 0.317333 0.037009
354.361 0.380799 0.0329083
354.361 0.444266 0.0286751
354.361 0.507732 0.0243265
354.361 0.571199 0.0198797
354.361 0.634665 0.0153531
354.361 0.698132 0.0107646
354.361 0.761598 0.00613266
354.361 0.825065 0.0014763
354.361 0.888531 -0.00318632
354.361 0.951998 -0.00783607
354.361 1.01546 -0.0124542
354.361 1.07893 -0.0170222
354.361 1.1424 -0.0215216
354.361 1.20586 -0.025934
354.361 1.26933 -0.0302427
354.361 1.3328 -0.0344293
354.361 1.39626 -0.0384772
354.361 1.45973 -0.0423702
354.361 1.5232 -0.0460925
354.361 1.58666 -0.0496293
354.361 1.65013 -0.0529663
354.361 1.7136 -0.0560898
354.361 1.77706 -0.0589875
354.361 1.84053 -0.061648
354.361 1.904 -0.0640598
354.361 1.96746 -0.066214
354.361 2.03093 -0.0681015
354.361 2.0944 -0.0697151
354.361 2.15786 -0.0710475
354.361 2.22133 -0.0720939
354.361 2.28479 -0.0728501
354.361 2.34826 -0.0733129
354.361 2.41173 -0.0734805
354.361 2.47519 -0.0733523
354.361 2.53866 -0.0729287
354.361 2.60213 -0.0722113
354.361 2.66559 -0.0712034
354.361 2.72906 -0.0699085
354.361 2.79253 -0.0683323
354.361 2.85599 -0.0664809
354.361 2.91946 -0.0643619
354.361 2.98293 -0.0619835
354.361 3.04639 -0.0593557
354.361 3.10986 -0.0564889
354.361 3.17333 -0.0533944
354.361 3.23679 -0.0500851
354.361 3.30026 -0.0465742
354.361 3.36373 -0.0428758
354.361 3.42719 -0.0390046
354.361 3.49066 -0.0349763
354.361 3.55413 -0.0308073
354.361 3.61759 -0.0265142
354.361 3.68106 -0.0221142
354.361 3.74452 -0.0176254
354.361 3.80799 -0.0130652
354.361 3.87146 -0.00845284
354.361 3.93492 -0.00380623
354.361 3.99839 0.000855135
354.361 4.06186 0.00551386
354.361 4.12532 0.0101502
354.361 4.18879 0.0147456
354.361 4.25226 0.0192816
354.361 4.31572 0.0237399
354.361 4.37919 0.0281028
354.361 4.44266 0.0323525
354.361 4.50612 0.0364715
354.361 4.56959 0.0404438
354.361 4.63306 0.0442535
354.361 4.69652 0.0478849
354.361 4.75999 0.0513236
354.361 4.82346 0.0545554
354.361 4.88692 0.0575677
354.361 4.95039 0.0603482
354.361 5.01385 0.0628855
354.361 5.07732 0.0651699
354.361 5.14079 0.0671917
354.361 5.20425 0.0689431
354.361 5.26772 0.0704166
354.361 5.33119 0.0716067
354.361 5.39465 0.0725086
354.361 5.45812 0.0731182
354.361 5.52159 0.0734337
354.361 5.58505 0.0734535
354.361 5.64852 0.0731772
354.361 5.71199 0.0726065
354.361 5.77545 0.0717434
354.361 5.83892 0.0705915
354.361 5.90239 0.0691554
354.361 5.96585 0.0674405
354.361 6.02932 0.0654542
354.361 6.09279 0.0632045
354.361 6.15625 0.0607001
354.361 6.21972 0.0579514
354.361 6.28319 0.0549694
355.362 0 -0.1724
355.362 0.0634665 -0.160197
355.362 0.126933 -0.14735
355.362 0.1904 -0.133909
355.362 0.253866 -0.119929
355.362 0.317333 -0.105466
355.362 0.380799 -0.090578
355.362 0.444266 -0.0753257
355.362 0.507732 -0.0597698
355.362 0.571199 -0.0439737
355.362 0.634665 -0.0280002
355.362 0.698132 -0.011914
355.362 0.761598 0.0042202
355.362 0.825065 0.0203375
355.362 0.888531 0.0363725
355.362 0.951998 0.0522614
355.362 1.01546 0.0679401
355.362 1.07893 0.0833447
355.362 1.1424 0.0984139
355.362 1.20586 0.113087
355.362 1.26933 0.127304
355.362 1.3328 0.141009
355.362 1.39626 0.154147
355.362 1.45973 0.166663
355.362 1.5232 0.178508
355.362 1.58666 0.189635
355.362 1.65013 0.199998
355.362 1.7136 0.209556
355.362 1.77706 0.21827
355.362 1.84053 0.226104
355.362 1.904 0.233029
355.362 1.96746 0.239015
355.362 2.03093 0.244039
355.362 2.0944 0.24808
355.362 2.15786 0.251122
355.362 2.22133 0.253153
355.362 2.28479 0.254165
355.362 2.34826 0.254153
355.362 2.41173 0.253118
355.362 2.47519 0.251063
355.362 2.53866 0.247998
355.362 2.60213 0.243934
355.362 2.66559 0.238888
355.362 2.72906 0.23288
355.362 2.79253 0.225934
355.362 2.85599 0.218078
355.362 2.91946 0.209345
355.362 2.98293 0.199768
355.362 3.04639 0.189387
355.362 3.10986 0.178244
355.362 3.17333 0.166382
355.362 3.23679 0.153851
355.362 3.30026 0.1407
355.362 3.36373 0.126983
355.362 3.42719 0.112754
355.362 3.49066 0.0980711
355.362 3.55413 0.0829934
355.362 3.61759 0.0675818
355.362 3.68106 0.051898
355.362 3.74452 0.0360049
355.362 3.80799 0.019967
355.362 3.87146 0.00384882
355.362 3.93492 -0.012285
355.362 3.99839 -0.0283695
355.362 4.06186 -0.0443395
355.362 4.12532 -0.0601312
355.362 4.18879 -0.0756804
355.362 4.25226 -0.090925
355.362 4.31572 -0.105804
355.362 4.37919 -0.120256
355.362 4.44266 -0.134224
355.362 4.50612 -0.147652
355.362 4.56959 -0.160485
355.362 4.63306 -0.172673
355.362 4.69652 -0.184164
355.362 4.75999 -0.194915
355.362 4.82346 -0.20488
355.362 4.88692 -0.21402
355.362 4.95039 -0.222299
355.362 5.01385 -0.229682
355.362 5.07732 -0.236141
355.362 5.14079 -0.241649
355.362 5.20425 -0.246184
355.362 5.26772 -0.249727
355.362 5.33119 -0.252265
355.362 5.39465 -0.253787
355.362 5.45812 -0.254287
355.362 5.52159 -0.253763
355.362 5.58505 -0.252218
355.362 5.64852 -0.249657
355.362 5.71199 -0.24609
355.362 5.77545 -0.241533
355.362 5.83892 -0.236003
355.362 5.90239 -0.229523
355.362 5.96585 -0.222118
355.362 6.02932 -0.213819
355.362 6.09279 -0.20466
355.362 6.15625 -0.194676
355.362 6.21972 -0.183908
355.362 6.28319 -0.172399
356.363 0 -0.774697
356.363 0.0634665 -0.790638
356.363 0.126933 -0.803396
356.363 0.1904 -0.812918
356.363 0.253866 -0.819167
356.363 0.317333 -0.822117
356.363 0.380799 -0.821757
356.363 0.444266 -0.818088
356.363 0.507732 -0.811125
356.363 0.571199 -0.800896
356.363 0.634665 -0.787442
356.363 0.698132 -0.770818
356.363 0.761598 -0.751088
356.363 0.825065 -0.728336
356.363 0.888531 -0.70265
356.363 0.951998 -0.674134
356.363 1.01546 -0.642906
356.363 1.07893 -0.609087
356.363 1.1424 -0.572816
356.363 1.20586 -0.534239
356.363 1.26933 -0.49351
356.363 1.3328 -0.450794
356.363 1.39626 -0.406263
356.363 1.45973 -0.360096
356.363 1.5232 -0.312479
356.363 1.58666 -0.263604
356.363 1.65013 -0.213668
356.363 1.7136 -0.162871
356.363 1.77706 -0.111418
356.363 1.84053 -0.0595167
356.363 1.904 -0.00737577
356.363 1.96746 0.0447952
356.363 2.03093 0.0967856
356.363 2.0944 0.148386
356.363 2.15786 0.199389
356.363 2.22133 0.249589
356.363 2.28479 0.298785
356.363 2.34826 0.346777
356.363 2.41173 0.393373
356.363 2.47519 0.438385
356.363 2.53866 0.481631
356.363 2.60213 0.522938
356.363 2.66559 0.56214
356.363 2.72906 0.599078
356.363 2.79253 0.633604
356.363 2.85599 0.665579
356.363 2.91946 0.694873
356.363 2.98293 0.721369
356.363 3.04639 0.744962
356.363 3.10986 0.765553
356.363 3.17333 0.783062
356.363 3.23679 0.797418
356.363 3.30026 0.808564
356.363 3.36373 0.816454
356.363 3.42719 0.821056
356.363 3.49066 0.822351
356.363 3.55413 0.820335
356.363 3.61759 0.815017
356.363 3.68106 0.806417
356.363 3.74452 0.794569
356.363 3.80799 0.779522
356.363 3.87146 0.761337
356.363 3.93492 0.740085
356.363 3.99839 0.715853
356.363 4.06186 0.688739
356.363 4.12532 0.658852
356.363 4.18879 0.626311
356.363 4.25226 0.591249
356.363 4.31572 0.553805
356.363 4.37919 0.514133
356.363 4.44266 0.47239
356.363 4.50612 0.428745
356.363 4.56959 0.383373
356.363 4.63306 0.336457
356.363 4.69652 0.288187
356.363 4.75999 0.238756
356.363 4.82346 0.188364
356.363 4.88692 0.137213
356.363 4.95039 0.0855104
356.363 5.01385 0.0334629
356.363 5.07732 -0.0187192
356.363 5.14079 -0.0708261
356.363 5.20425 -0.122648
356.363 5.26772 -0.173975
356.363 5.33119 -0.224603
356.363 5.39465 -0.274326
356.363 5.45812 -0.322943
356.363 5.52159 -0.370261
356.363 5.58505 -0.416088
356.363 5.64852 -0.46024
356.363 5.71199 -0.502538
356.363 5.77545 -0.542813
356.363 5.83892 -0.580902
356.363 5.90239 -0.616651
356.363 5.96585 -0.649918
356.363 6.02932 -0.680568
356.363 6.09279 -0.708478
356.363 6.15625 -0.733533
356.363 6.21972 -0.755637
356.363 6.28319 -0.774697
357.364 0 0.305213
357.364 0.0634665 0.2998
357.364 0.126933 0.29318
357.364 0.1904 0.28538
357.364 0.253866 0.276431
357.364 0.317333 0.266368
357.364 0.380799 0.255233
357.364 0.444266 0.243071
357.364 0.507732 0.229929
357.364 0.571199 0.215861
357.364 0.634665 0.200925
357.364 0.698132 0.185179
357.364 0.761598 0.168688
357.364 0.825065 0.151517
357.364 0.888531 0.133737
357.364 0.951998 0.115418
357.364 1.01546 0.0966337
357.364 1.07893 0.0774608
357.364 1.1424 0.0579757
357.364 1.20586 0.0382575
357.364 1.26933 0.018385
357.364 1.3328 -0.00156148
357.364 1.39626 -0.0215018
357.364 1.45973 -0.0413552
357.364 1.5232 -0.0610423
357.364 1.58666 -0.0804835
357.364 1.65013 -0.0996007
357.364 1.7136 -0.118317
357.364 1.77706 -0.136557
357.364 1.84053 -0.154246
357.364 1.904 -0.171315
357.364 1.96746 -0.187694
357.364 2.03093 -0.203317
357.364 2.0944 -0.218122
357.364 2.15786 -0.232048
357.364 2.22133 -0.24504
357.364 2.28479 -0.257045
357.364 2.34826 -0.268015
357.364 2.41173 -0.277906
357.364 2.47519 -0.286677
357.364 2.53866 -0.294295
357.364 2.60213 -0.300728
357.364 2.66559 -0.305949
357.364 2.72906 -0.309939
357.364 2.79253 -0.31268
357.364 2.85599 -0.314163
357.364 2.91946 -0.31438
357.364 2.98293 -0.313332
357.364 3.04639 -0.311022
357.364 3.10986 -0.307459
357.364 3.17333 -0.302659
357.364 3.23679 -0.29664
357.364 3.30026 -0.289426
357.364 3.36373 -0.281047
357.364 3.42719 -0.271536
357.364 3.49066 -0.260932
357.364 3.55413 -0.249277
357.364 3.61759 -0.236619
357.364 3.68106 -0.223008
357.364 3.74452 -0.208498
357.364 3.80799 -0.193149
357.364 3.87146 -0.177023
357.364 3.93492 -0.160183
357.364 3.99839 -0.142699
357.364 4.06186 -0.12464
357.364 4.12532 -0.106079
357.364 4.18879 -0.0870912
357.364 4.25226 -0.0677523
357.364 4.31572 -0.0481409
357.364 4.37919 -0.0283353
357.364 4.44266 -0.00841602
357.364 4.50612 0.0115374
357.364 4.56959 0.0314441
357.364 4.63306 0.0512244
357.364 4.69652 0.0707986
357.364 4.75999 0.0900875
357.364 4.82346 0.109014
357.364 4.88692 0.127501
357.364 4.95039 0.145475
357.364 5.01385 0.162863
357.364 5.07732 0.179595
357.364 5.14079 0.195604
357.364 5.20425 0.210826
357.364 5.26772 0.225198
357.364 5.33119 0.238664
357.364 5.39465 0.251169
357.364 5.45812 0.262662
357.364 5.52159 0.273098
357.364 5.58505 0.282434
357.364 5.64852 0.290633
357.364 5.71199 0.297661
357.364 5.77545 0.303491
357.364 5.83892 0.308099
357.364 5.90239 0.311466
357.364 5.96585 0.313579
357.364 6.02932 0.31443
357.364 6.09279 0.314014
357.364 6.15625 0.312334
357.364 6.21972 0.309396
357.364 6.28319 0.305213
358.365 0 -0.330895
358.365 0.0634665 -0.332818
358.365 0.126933 -0.3334
358.365 0.1904 -0.33264
358.365 0.253866 -0.33054
358.365 0.317333 -0.32711
358.365 0.380799 -0.322362
358.365 0.444266 -0.316316
358.365 0.507732 -0.308996
358.365 0.571199 -0.300433
358.365 0.634665 -0.29066
358.365 0.698132 -0.279716
358.365 0.761598 -0.267646
358.365 0.825065 -0.254498
358.365 0.888531 -0.240325
358.365 0.951998 -0.225185
358.365 1.01546 -0.209138
358.365 1.07893 -0.192249
358.365 1.1424 -0.174586
358.365 1.20586 -0.15622
358.365 1.26933 -0.137224
358.365 1.3328 -0.117676
358.365 1.39626 -0.0976546
358.365 1.45973 -0.0772397
358.365 1.5232 -0.0565137
358.365 1.58666 -0.0355603
358.365 1.65013 -0.0144637
358.365 1.7136 0.00669133
358.365 1.77706 0.0278192
358.365 1.84053 0.0488353
358.365 1.904 0.0696546
358.365 1.96746 0.0901934
358.365 2.03093 0.110369
358.365 2.0944 0.1301
358.365 2.15786 0.149308
358.365 2.22133 0.167914
358.365 2.28479 0.185844
358.365 2.34826 0.203026
358.365 2.41173 0.21939
358.365 2.47519 0.234871
358.365 2.53866 0.249406
358.365 2.60213 0.262937
358.365 2.66559 0.275408
358.365 2.72906 0.286772
358.365 2.79253 0.29698
358.365 2.85599 0.305992
358.365 2.91946 0.313773
358.365 2.98293 0.32029
358.365 3.04639 0.325517
358.365 3.10986 0.329434
358.365 3.17333 0.332023
358.365 3.23679 0.333276
358.365 3.30026 0.333187
358.365 3.36373 0.331757
358.365 3.42719 0.32899
358.365 3.49066 0.324899
358.365 3.55413 0.3195
358.365 3.61759 0.312814
358.365 3.68106 0.304868
358.365 3.74452 0.295695
358.365 3.80799 0.285331
358.365 3.87146 0.273819
358.365 3.93492 0.261203
358.365 3.99839 0.247537
358.365 4.06186 0.232873
358.365 4.12532 0.217271
358.365 4.18879 0.200795
358.365 4.25226 0.18351
358.365 4.31572 0.165486
358.365 4.37919 0.146796
358.365 4.44266 0.127515
358.365 4.50612 0.10772
358.365 4.56959 0.0874913
358.365 4.63306 0.0669105
358.365 4.69652 0.0460602
358.365 4.75999 0.0250246
358.365 4.82346 0.00388812
358.365 4.88692 -0.0172641
358.365 4.95039 -0.0383466
358.365 5.01385 -0.0592748
358.365 5.07732 -0.0799642
358.365 5.14079 -0.100332
358.365 5.20425 -0.120295
358.365 5.26772 -0.139774
358.365 5.33119 -0.158691
358.365 5.39465 -0.176968
358.365 5.45812 -0.194532
358.365 5.52159 -0.211314
358.365 5.58505 -0.227245
358.365 5.64852 -0.24226
358.365 5.71199 -0.2563
358.365 5.77545 -0.269308
358.365 5.83892 -0.281232
358.365 5.90239 -0.292023
358.365 5.96585 -0.301638
358.365 6.02932 -0.310039
358.365 6.09279 -0.317191
358.365 6.15625 -0.323066
358.365 6.21972 -0.32764
358.365 6.28319 -0.330895
359.366 0 0.142571
359.366 0.0634665 0.15711
359.366 0.126933 0.171017
359.366 0.1904 0.184235
359.366 0.253866 0.196711
359.366 0.317333 0.208395
359.366 0.380799 0.21924
359.366 0.444266 0.229203
359.366 0.507732 0.238242
359.366 0.571199 0.246322
359.366 0.634665 0.25341
359.366 0.698132 0.259478
359.366 0.761598 0.264501
359.366 0.825065 0.268459
359.366 0.888531 0.271335
359.366 0.951998 0.273119
359.366 1.01546 0.273804
359.366 1.07893 0.273386
359.366 1.1424 0.271867
359.366 1.20586 0.269253
359.366 1.26933 0.265556
359.366 1.3328 0.260789
359.366 1.39626 0.254971
359.366 1.45973 0.248128
359.366 1.5232 0.240285
359.366 1.58666 0.231475
359.366 1.65013 0.221733
359.366 1.7136 0.211097
359.366 1.77706 0.199612
359.366 1.84053 0.187322
359.366 1.904 0.174279
359.366 1.96746 0.160533
359.366 2.03093 0.146142
359.366 2.0944 0.131162
359.366 2.15786 0.115653
359.366 2.22133 0.0996797
359.366 2.28479 0.0833045
359.366 2.34826 0.0665936
359.366 2.41173 0.0496147
359.366 2.47519 0.0324364
359.366 2.53866 0.015127
359.366 2.60213 -0.00224333
359.366 2.66559 -0.0196044
359.366 2.72906 -0.0368865
359.366 2.79253 -0.0540203
359.366 2.85599 -0.0709364
359.366 2.91946 -0.0875669
359.366 2.98293 -0.103845
359.366 3.04639 -0.119705
359.366 3.10986 -0.135082
359.366 3.17333 -0.149916
359.366 3.23679 -0.164146
359.366 3.30026 -0.177716
359.366 3.36373 -0.190569
359.366 3.42719 -0.202655
359.366 3.49066 -0.213926
359.366 3.55413 -0.224335
359.366 3.61759 -0.23384
359.366 3.68106 -0.242404
359.366 3.74452 -0.249992
359.366 3.80799 -0.256573
359.366 3.87146 -0.262121
359.366 3.93492 -0.266614
359.366 3.99839 -0.270033
359.366 4.06186 -0.272365
359.366 4.12532 -0.273599
359.366 4.18879 -0.273733
359.366 4.25226 -0.272764
359.366 4.31572 -0.270697
359.366 4.37919 -0.26754
359.366 4.44266 -0.263305
359.366 4.50612 -0.25801
359.366 4.56959 -0.251677
359.366 4.63306 -0.24433
359.366 4.69652 -0.235999
359.366 4.75999 -0.226718
359.366 4.82346 -0.216524
359.366 4.88692 -0.205457
359.366 4.95039 -0.193564
359.366 5.01385 -0.180891
359.366 5.07732 -0.16749
359.366 5.14079 -0.153415
359.366 5.20425 -0.138722
359.366 5.26772 -0.12347
359.366 5.33119 -0.107721
359.366 5.39465 -0.0915382
359.366 5.45812 -0.0749871
359.366 5.52159 -0.0581336
359.366 5.58505 -0.0410464
359.366 5.64852 -0.0237935
359.366 5.71199 -0.00644486
359.366 5.77545 0.0109292
359.366 5.83892 0.0282595
359.366 5.90239 0.0454763
359.366 5.96585 0.0625099
359.366 6.02932 0.0792916
359.366 6.09279 0.0957541
359.366 6.15625 0.111831
359.366 6.21972 0.127458
359.366 6.28319 0.142571
360.367 0 -0.0736045
360.367 0.0634665 -0.0643808
360.367 0.126933 -0.0548978
360.367 0.1904 -0.0451936
360.367 0.253866 -0.0353078
360.367 0.317333 -0.0252794
360.367 0.380799 -0.0151495
360.367 0.444266 -0.00495839
360.367 0.507732 0.00525259
360.367 0.571199 0.0154424
360.367 0.634665 0.0255699
360.367 0.698132 0.0355946
360.367 0.761598 0.0454761
360.367 0.825065 0.0551742
360.367 0.888531 0.0646503
360.367 0.951998 0.0738662
360.367 1.01546 0.0827845
360.367 1.07893 0.0913694
360.367 1.1424 0.0995864
360.367 1.20586 0.107403
360.367 1.26933 0.114786
360.367 1.3328 0.121708
360.367 1.39626 0.128139
360.367 1.45973 0.134054
360.367 1.5232 0.13943
360.367 1.58666 0.144244
360.367 1.65013 0.148477
360.367 1.7136 0.152113
360.367 1.77706 0.155136
360.367 1.84053 0.157534
360.367 1.904 0.159298
360.367 1.96746 0.16042
360.367 2.03093 0.160897
360.367 2.0944 0.160725
360.367 2.15786 0.159907
360.367 2.22133 0.158444
360.367 2.28479 0.156344
360.367 2.34826 0.153614
360.367 2.41173 0.150265
360.367 2.47519 0.146312
360.367 2.53866 0.141769
360.367 2.60213 0.136655
360.367 2.66559 0.130992
360.367 2.72906 0.1248
360.367 2.79253 0.118107
360.367 2.85599 0.110937
360.367 2.91946 0.103321
360.367 2.98293 0.095289
360.367 3.04639 0.0868732
360.367 3.10986 0.0781076
360.367 3.17333 0.0690274
360.367 3.23679 0.0596693
360.367 3.30026 0.050071
360.367 3.36373 0.040271
360.367 3.42719 0.0303087
360.367 3.49066 0.0202246
360.367 3.55413 0.010059
360.367 3.61759 -0.000147107
360.367 3.68106 -0.0103527
360.367 3.74452 -0.0205165
360.367 3.80799 -0.0305978
360.367 3.87146 -0.0405559
360.367 3.93492 -0.0503505
360.367 3.99839 -0.0599425
360.367 4.06186 -0.0692932
360.367 4.12532 -0.0783648
360.367 4.18879 -0.0871208
360.367 4.25226 -0.095526
360.367 4.31572 -0.103547
360.367 4.37919 -0.11115
360.367 4.44266 -0.118306
360.367 4.50612 -0.124986
360.367 4.56959 -0.131163
360.367 4.63306 -0.136811
360.367 4.69652 -0.141908
360.367 4.75999 -0.146434
360.367 4.82346 -0.15037
360.367 4.88692 -0.153702
360.367 4.95039 -0.156413
360.367 5.01385 -0.158495
360.367 5.07732 -0.159939
360.367 5.14079 -0.160739
360.367 5.20425 -0.160892
360.367 5.26772 -0.160397
360.367 5.33119 -0.159256
360.367 5.39465 -0.157473
360.367 5.45812 -0.155057
360.367 5.52159 -0.152016
360.367 5.58505 -0.148364
360.367 5.64852 -0.144113
360.367 5.71199 -0.139283
360.367 5.77545 -0.133891
360.367 5.83892 -0.12796
360.367 5.90239 -0.121515
360.367 5.96585 -0.11458
360.367 6.02932 -0.107183
360.367 6.09279 -0.0993551
360.367 6.15625 -0.091127
360.367 6.21972 -0.082532
360.367 6.28319 -0.0736046
361.368 0 -0.107301
361.368 0.0634665 -0.120522
361.368 0.126933 -0.133258
361.368 0.1904 -0.145457
361.368 0.253866 -0.157071
361.368 0.317333 -0.168051
361.368 0.380799 -0.178356
361.368 0.444266 -0.187942
361.368 0.507732 -0.196771
361.368 0.571199 -0.204808
361.368 0.634665 -0.21202
361.368 0.698132 -0.218379
361.368 0.761598 -0.223858
361.368 0.825065 -0.228436
361.368 0.888531 -0.232094
361.368 0.951998 -0.234817
361.368 1.01546 -0.236595
361.368 1.07893 -0.237421
361.368 1.1424 -0.23729
361.368 1.20586 -0.236203
361.368 1.26933 -0.234166
361.368 1.3328 -0.231186
361.368 1.39626 -0.227275
361.368 1.45973 -0.222448
361.368 1.5232 -0.216726
361.368 1.58666 -0.210132
361.368 1.65013 -0.202691
361.368 1.7136 -0.194433
361.368 1.77706 -0.185394
361.368 1.84053 -0.175607
361.368 1.904 -0.165114
361.368 1.96746 -0.153955
361.368 2.03093 -0.142177
361.368 2.0944 -0.129826
361.368 2.15786 -0.116952
361.368 2.22133 -0.103608
361.368 2.28479 -0.0898463
361.368 2.34826 -0.0757226
361.368 2.41173 -0.0612943
361.368 2.47519 -0.0466191
361.368 2.53866 -0.0317562
361.368 2.60213 -0.0167653
361.368 2.66559 -0.00170715
361.368 2.72906 0.0133581
361.368 2.79253 0.0283696
361.368 2.85599 0.0432668
361.368 2.91946 0.0579897
361.368 2.98293 0.0724791
361.368 3.04639 0.0866769
361.368 3.10986 0.100525
361.368 3.17333 0.113969
361.368 3.23679 0.126954
361.368 3.30026 0.139428
361.368 3.36373 0.15134
361.368 3.42719 0.162643
361.368 3.49066 0.173291
361.368 3.55413 0.183241
361.368 3.61759 0.192453
361.368 3.68106 0.200891
361.368 3.74452 0.208519
361.368 3.80799 0.215308
361.368 3.87146 0.22123
361.368 3.93492 0.226261
361.368 3.99839 0.230381
361.368 4.06186 0.233573
361.368 4.12532 0.235825
361.368 4.18879 0.237127
361.368 4.25226 0.237475
361.368 4.31572 0.236866
361.368 4.37919 0.235303
361.368 4.44266 0.232793
361.368 4.50612 0.229346
361.368 4.56959 0.224975
361.368 4.63306 0.219698
361.368 4.69652 0.213536
361.368 4.75999 0.206515
361.368 4.82346 0.198662
361.368 4.88692 0.190009
361.368 4.95039 0.180591
361.368 5.01385 0.170446
361.368 5.07732 0.159615
361.368 5.14079 0.148141
361.368 5.20425 0.13607
361.368 5.26772 0.123451
361.368 5.33119 0.110336
361.368 5.39465 0.0967757
361.368 5.45812 0.0828263
361.368 5.52159 0.0685431
361.368 5.58505 0.0539839
361.368 5.64852 0.0392073
361.368 5.71199 0.024273
361.368 5.77545 0.0092407
361.368 5.83892 -0.00582858
361.368 5.90239 -0.0208744
361.368 5.96585 -0.0358362
361.368 6.02932 -0.0506538
361.368 6.09279 -0.0652673
361.368 6.15625 -0.079618
361.368 6.21972 -0.0936482
361.368 6.28319 -0.107301
362.369 0 0.255023
362.369 0.0634665 0.248075
362.369 0.126933 0.240128
362.369 0.1904 0.231214
362.369 0.253866 0.221369
362.369 0.317333 0.210632
362.369 0.380799 0.199048
362.369 0.444266 0.186662
362.369 0.507732 0.173524
362.369 0.571199 0.159688
362.369 0.634665 0.145209
362.369 0.698132 0.130145
362.369 0.761598 0.114556
362.369 0.825065 0.0985072
362.369 0.888531 0.0820612
362.369 0.951998 0.0652847
362.369 1.01546 0.0482454
362.369 1.07893 0.0310118
362.369 1.1424 0.0136534
362.369 1.20586 -0.00376012
362.369 1.26933 -0.0211584
362.369 1.3328 -0.0384715
362.369 1.39626 -0.0556296
362.369 1.45973 -0.0725638
362.369 1.5232 -0.0892059
362.369 1.58666 -0.105489
362.369 1.65013 -0.121347
362.369 1.7136 -0.136716
362.369 1.77706 -0.151535
362.369 1.84053 -0.165744
362.369 1.904 -0.179285
362.369 1.96746 -0.192104
362.369 2.03093 -0.20415
362.369 2.0944 -0.215374
362.369 2.15786 -0.225731
362.369 2.22133 -0.235179
362.369 2.28479 -0.243679
362.369 2.34826 -0.251199
362.369 2.41173 -0.257707
362.369 2.47519 -0.263177
362.369 2.53866 -0.267587
362.369 2.60213 -0.27092
362.369 2.66559 -0.273163
362.369 2.72906 -0.274305
362.369 2.79253 -0.274343
362.369 2.85599 -0.273276
362.369 2.91946 -0.271108
362.369 2.98293 -0.267849
362.369 3.04639 -0.263512
362.369 3.10986 -0.258113
362.369 3.17333 -0.251675
362.369 3.23679 -0.244224
362.369 3.30026 -0.235789
362.369 3.36373 -0.226405
362.369 3.42719 -0.216109
362.369 3.49066 -0.204943
362.369 3.55413 -0.192952
362.369 3.61759 -0.180184
362.369 3.68106 -0.16669
362.369 3.74452 -0.152525
362.369 3.80799 -0.137746
362.369 3.87146 -0.122412
362.369 3.93492 -0.106585
362.369 3.99839 -0.0903296
362.369 4.06186 -0.07371
362.369 4.12532 -0.0567936
362.369 4.18879 -0.0396486
362.369 4.25226 -0.0223438
362.369 4.31572 -0.00494906
362.369 4.37919 0.0124656
362.369 4.44266 0.0298299
362.369 4.50612 0.0470743
362.369 4.56959 0.064129
362.369 4.63306 0.0809254
362.369 4.69652 0.0973962
362.369 4.75999 0.113475
362.369 4.82346 0.129096
362.369 4.88692 0.144198
362.369 4.95039 0.158719
362.369 5.01385 0.172601
362.369 5.07732 0.185788
362.369 5.14079 0.198227
362.369 5.20425 0.209868
362.369 5.26772 0.220664
362.369 5.33119 0.230571
362.369 5.39465 0.23955
362.369 5.45812 0.247563
362.369 5.52159 0.254581
362.369 5.58505 0.260573
362.369 5.64852 0.265516
362.369 5.71199 0.26939
362.369 5.77545 0.272179
362.369 5.83892 0.273872
362.369 5.90239 0.274462
362.369 5.96585 0.273947
362.369 6.02932 0.272329
362.369 6.09279 0.269615
362.369 6.15625 0.265814
362.369 6.21972 0.260944
362.369 6.28319 0.255023
363.37 0 0.0268034
363.37 0.0634665 0.0451138
363.37 0.126933 0.0632429
363.37 0.1904 0.0811172
363.37 0.253866 0.0986649
363.37 0.317333 0.115815
363.37 0.380799 0.132499
363.37 0.444266 0.14865
363.37 0.507732 0.164201
363.37 0.571199 0.179092
363.37 0.634665 0.193262
363.37 0.698132 0.206653
363.37 0.761598 0.219213
363.37 0.825065 0.230889
363.37 0.888531 0.241636
363.37 0.951998 0.25141
363.37 1.01546 0.260171
363.37 1.07893 0.267886
363.37 1.1424 0.274521
363.37 1.20586 0.28005
363.37 1.26933 0.284453
363.37 1.3328 0.287709
363.37 1.39626 0.289808
363.37 1.45973 0.290739
363.37 1.5232 0.2905
363.37 1.58666 0.289091
363.37 1.65013 0.286518
363.37 1.7136 0.282791
363.37 1.77706 0.277925
363.37 1.84053 0.27194
363.37 1.904 0.264861
363.37 1.96746 0.256715
363.37 2.03093 0.247535
363.37 2.0944 0.237358
363.37 2.15786 0.226225
363.37 2.22133 0.214182
363.37 2.28479 0.201277
363.37 2.34826 0.187561
363.37 2.41173 0.173089
363.37 2.47519 0.157921
363.37 2.53866 0.142116
363.37 2.60213 0.12574
363.37 2.66559 0.108857
363.37 2.72906 0.0915358
363.37 2.79253 0.0738459
363.37 2.85599 0.0558588
363.37 2.91946 0.0376467
363.37 2.98293 0.019283
363.37 3.04639 0.000841842
363.37 3.10986 -0.017603
363.37 3.17333 -0.0359768
363.37 3.23679 -0.0542056
363.37 3.30026 -0.0722164
363.37 3.36373 -0.0899362
363.37 3.42719 -0.107294
363.37 3.49066 -0.12422
363.37 3.55413 -0.140645
363.37 3.61759 -0.156504
363.37 3.68106 -0.171733
363.37 3.74452 -0.186271
363.37 3.80799 -0.200058
363.37 3.87146 -0.21304
363.37 3.93492 -0.225164
363.37 3.99839 -0.236382
363.37 4.06186 -0.246647
363.37 4.12532 -0.255919
363.37 4.18879 -0.264162
363.37 4.25226 -0.27134
363.37 4.31572 -0.277425
363.37 4.37919 -0.282394
363.37 4.44266 -0.286225
363.37 4.50612 -0.288904
363.37 4.56959 -0.29042
363.37 4.63306 -0.290766
363.37 4.69652 -0.289941
363.37 4.75999 -0.287949
363.37 4.82346 -0.284798
363.37 4.88692 -0.280499
363.37 4.95039 -0.275071
363.37 5.01385 -0.268536
363.37 5.07732 -0.260919
363.37 5.14079 -0.252251
363.37 5.20425 -0.242569
363.37 5.26772 -0.231909
363.37 5.33119 -0.220315
363.37 5.39465 -0.207834
363.37 5.45812 -0.194517
363.37 5.52159 -0.180416
363.37 5.58505 -0.165588
363.37 5.64852 -0.150094
363.37 5.71199 -0.133996
363.37 5.77545 -0.117357
363.37 5.83892 -0.100247
363.37 5.90239 -0.0827326
363.37 5.96585 -0.0648848
363.37 6.02932 -0.0467762
363.37 6.09279 -0.0284792
363.37 6.15625 -0.0100674
363.37 6.21972 0.00838478
363.37 6.28319 0.0268034
364.371 0 0.0275454
364.371 0.0634665 0.0516384
364.371 0.126933 0.0755235
364.371 0.1904 0.0991043
364.371 0.253866 0.122286
364.371 0.317333 0.144976
364.371 0.380799 0.167082
364.371 0.444266 0.188514
364.371 0.507732 0.209188
364.371 0.571199 0.22902
364.371 0.634665 0.247929
364.371 0.698132 0.26584
364.371 0.761598 0.282681
364.371 0.825065 0.298383
364.371 0.888531 0.312884
364.371 0.951998 0.326125
364.371 1.01546 0.338053
364.371 1.07893 0.34862
364.371 1.1424 0.357782
364.371 1.20586 0.365504
364.371 1.26933 0.371755
364.371 1.3328 0.376508
364.371 1.39626 0.379745
364.371 1.45973 0.381454
364.371 1.5232 0.381626
364.371 1.58666 0.380262
364.371 1.65013 0.377366
364.371 1.7136 0.372951
364.371 1.77706 0.367034
364.371 1.84053 0.359639
364.371 1.904 0.350797
364.371 1.96746 0.340541
364.371 2.03093 0.328915
364.371 2.0944 0.315964
364.371 2.15786 0.30174
364.371 2.22133 0.286302
364.371 2.28479 0.269711
364.371 2.34826 0.252033
364.371 2.41173 0.233341
364.371 2.47519 0.21371
364.371 2.53866 0.193218
364.371 2.60213 0.171947
364.371 2.66559 0.149985
364.371 2.72906 0.127418
364.371 2.79253 0.104339
364.371 2.85599 0.0808392
364.371 2.91946 0.0570139
364.371 2.98293 0.0329591
364.371 3.04639 0.00877147
364.371 3.10986 -0.0154512
364.371 3.17333 -0.0396119
364.371 3.23679 -0.0636129
364.371 3.30026 -0.0873579
364.371 3.36373 -0.110751
364.371 3.42719 -0.133698
364.371 3.49066 -0.156107
364.371 3.55413 -0.177888
364.371 3.61759 -0.198952
364.371 3.68106 -0.219214
364.371 3.74452 -0.238595
364.371 3.80799 -0.257014
364.371 3.87146 -0.274399
364.371 3.93492 -0.290678
364.371 3.99839 -0.305787
364.371 4.06186 -0.319666
364.371 4.12532 -0.332256
364.371 4.18879 -0.343509
364.371 4.25226 -0.353379
364.371 4.31572 -0.361825
364.371 4.37919 -0.368815
364.371 4.44266 -0.37432
364.371 4.50612 -0.378317
364.371 4.56959 -0.380791
364.371 4.63306 -0.381732
364.371 4.69652 -0.381136
364.371 4.75999 -0.379005
364.371 4.82346 -0.375348
364.371 4.88692 -0.370179
364.371 4.95039 -0.36352
364.371 5.01385 -0.355397
364.371 5.07732 -0.345843
364.371 5.14079 -0.334897
364.371 5.20425 -0.322602
364.371 5.26772 -0.309008
364.371 5.33119 -0.294169
364.371 5.39465 -0.278146
364.371 5.45812 -0.261004
364.371 5.52159 -0.24281
364.371 5.58505 -0.223638
364.371 5.64852 -0.203566
364.371 5.71199 -0.182674
364.371 5.77545 -0.161047
364.371 5.83892 -0.138771
364.371 5.90239 -0.115937
364.371 5.96585 -0.0926356
364.371 6.02932 -0.0689612
364.371 6.09279 -0.045009
364.371 6.15625 -0.0208758
364.371 6.21972 0.00334147
364.371 6.28319 0.0275455
365.372 0 -0.133188
365.372 0.0634665 -0.152866
365.372 0.126933 -0.171929
365.372 0.1904 -0.1903
365.372 0.253866 -0.207904
365.372 0.317333 -0.224671
365.372 0.380799 -0.240534
365.372 0.444266 -0.255428
365.372 0.507732 -0.269293
365.372 0.571199 -0.282075
365.372 0.634665 -0.29372
365.372 0.698132 -0.304182
365.372 0.761598 -0.31342
365.372 0.825065 -0.321396
365.372 0.888531 -0.328078
365.372 0.951998 -0.333438
365.372 1.01546 -0.337456
365.372 1.07893 -0.340115
365.372 1.1424 -0.341405
365.372 1.20586 -0.34132
365.372 1.26933 -0.33986
365.372 1.3328 -0.337032
365.372 1.39626 -0.332847
365.372 1.45973 -0.327322
365.372 1.5232 -0.320478
365.372 1.58666 -0.312345
365.372 1.65013 -0.302953
365.372 1.7136 -0.292342
365.372 1.77706 -0.280553
365.372 1.84053 -0.267635
365.372 1.904 -0.253639
365.372 1.96746 -0.238622
365.372 2.03093 -0.222643
365.372 2.0944 -0.205769
365.372 2.15786 -0.188066
365.372 2.22133 -0.169605
365.372 2.28479 -0.150462
365.372 2.34826 -0.130713
365.372 2.41173 -0.110437
365.372 2.47519 -0.0897167
365.372 2.53866 -0.0686353
365.372 2.60213 -0.0472773
365.372 2.66559 -0.0257291
365.372 2.72906 -0.00407728
365.372 2.79253 0.017591
365.372 2.85599 0.0391884
365.372 2.91946 0.060628
365.372 2.98293 0.0818236
365.372 3.04639 0.10269
365.372 3.10986 0.123142
365.372 3.17333 0.143099
365.372 3.23679 0.162479
365.372 3.30026 0.181205
365.372 3.36373 0.199202
365.372 3.42719 0.216397
365.372 3.49066 0.23272
365.372 3.55413 0.248106
365.372 3.61759 0.262493
365.372 3.68106 0.275823
365.372 3.74452 0.288042
365.372 3.80799 0.299102
365.372 3.87146 0.308957
365.372 3.93492 0.317568
365.372 3.99839 0.3249
365.372 4.06186 0.330925
365.372 4.12532 0.335616
365.372 4.18879 0.338956
365.372 4.25226 0.340932
365.372 4.31572 0.341534
365.372 4.37919 0.340762
365.372 4.44266 0.338617
365.372 4.50612 0.335108
365.372 4.56959 0.33025
365.372 4.63306 0.324063
365.372 4.69652 0.316571
365.372 4.75999 0.307804
365.372 4.82346 0.297797
365.372 4.88692 0.286592
365.372 4.95039 0.274232
365.372 5.01385 0.260768
365.372 5.07732 0.246254
365.372 5.14079 0.230749
365.372 5.20425 0.214314
365.372 5.26772 0.197016
365.372 5.33119 0.178925
365.372 5.39465 0.160114
365.372 5.45812 0.140658
365.372 5.52159 0.120636
365.372 5.58505 0.100127
365.372 5.64852 0.079216
365.372 5.71199 0.0579855
365.372 5.77545 0.0365217
365.372 5.83892 0.0149107
365.372 5.90239 -0.00676029
365.372 5.96585 -0.028404
365.372 6.02932 -0.0499334
365.372 6.09279 -0.0712618
365.372 6.15625 -0.0923032
365.372 6.21972 -0.112973
365.372 6.28319 -0.133188
366.373 0 0.316344
366.373 0.0634665 0.327808
366.373 0.126933 0.337951
366.373 0.1904 0.346733
366.373 0.253866 0.354119
366.373 0.317333 0.360079
366.373 0.380799 0.364589
366.373 0.444266 0.367631
366.373 0.507732 0.369193
366.373 0.571199 0.369269
366.373 0.634665 0.367857
366.373 0.698132 0.364964
366.373 0.761598 0.360602
366.373 0.825065 0.354787
366.373 0.888531 0.347544
366.373 0.951998 0.338901
366.373 1.01546 0.328894
366.373 1.07893 0.317562
366.373 1.1424 0.304952
366.373 1.20586 0.291114
366.373 1.26933 0.276104
366.373 1.3328 0.259982
366.373 1.39626 0.242812
366.373 1.45973 0.224666
366.373 1.5232 0.205614
366.373 1.58666 0.185735
366.373 1.65013 0.165108
366.373 1.7136 0.143816
366.373 1.77706 0.121945
366.373 1.84053 0.0995826
366.373 1.904 0.0768194
366.373 1.96746 0.0537469
366.373 2.03093 0.0304579
366.373 2.0944 0.00704642
366.373 2.15786 -0.0163935
366.373 2.22133 -0.0397672
366.373 2.28479 -0.062981
366.373 2.34826 -0.0859412
366.373 2.41173 -0.108555
366.373 2.47519 -0.130732
366.373 2.53866 -0.152383
366.373 2.60213 -0.17342
366.373 2.66559 -0.193759
366.373 2.72906 -0.213317
366.373 2.79253 -0.232017
366.373 2.85599 -0.249782
366.373 2.91946 -0.266541
366.373 2.98293 -0.282228
366.373 3.04639 -0.296778
366.373 3.10986 -0.310132
366.373 3.17333 -0.322238
366.373 3.23679 -0.333047
366.373 3.30026 -0.342514
366.373 3.36373 -0.350603
366.373 3.42719 -0.357279
366.373 3.49066 -0.362517
366.373 3.55413 -0.366295
366.373 3.61759 -0.368598
366.373 3.68106 -0.369417
366.373 3.74452 -0.368748
366.373 3.80799 -0.366595
366.373 3.87146 -0.362965
366.373 3.93492 -0.357875
366.373 3.99839 -0.351342
366.373 4.06186 -0.343395
366.373 4.12532 -0.334066
366.373 4.18879 -0.323391
366.373 4.25226 -0.311414
366.373 4.31572 -0.298183
366.373 4.37919 -0.283752
366.373 4.44266 -0.268178
366.373 4.50612 -0.251524
366.373 4.56959 -0.233857
366.373 4.63306 -0.215248
366.373 4.69652 -0.195773
366.373 4.75999 -0.17551
366.373 4.82346 -0.15454
366.373 4.88692 -0.132947
366.373 4.95039 -0.11082
366.373 5.01385 -0.0882453
366.373 5.07732 -0.0653159
366.373 5.14079 -0.0421237
366.373 5.20425 -0.0187618
366.373 5.26772 0.00467582
366.373 5.33119 0.0280945
366.373 5.39465 0.0514002
366.373 5.45812 0.0744985
366.373 5.52159 0.0972972
366.373 5.58505 0.119704
366.373 5.64852 0.141629
366.373 5.71199 0.162983
366.373 5.77545 0.183682
366.373 5.83892 0.20364
366.373 5.90239 0.222779
366.373 5.96585 0.241021
366.373 6.02932 0.258292
366.373 6.09279 0.274523
366.373 6.15625 0.289648
366.373 6.21972 0.303608
366.373 6.28319 0.316344
367.374 0 -0.122505
367.374 0.0634665 -0.124665
367.374 0.126933 -0.126324
367.374 0.1904 -0.127474
367.374 0.253866 -0.128111
367.374 0.317333 -0.128232
367.374 0.380799 -0.127836
367.374 0.444266 -0.126926
367.374 0.507732 -0.125505
367.374 0.571199 -0.123578
367.374 0.634665 -0.121153
367.374 0.698132 -0.118241
367.374 0.761598 -0.114853
367.374 0.825065 -0.111002
367.374 0.888531 -0.106705
367.374 0.951998 -0.101977
367.374 1.01546 -0.0968389
367.374 1.07893 -0.0913111
367.374 1.1424 -0.0854156
367.374 1.20586 -0.0791758
367.374 1.26933 -0.0726175
367.374 1.3328 -0.0657669
367.374 1.39626 -0.0586512
367.374 1.45973 -0.0512995
367.374 1.5232 -0.043741
367.374 1.58666 -0.0360065
367.374 1.65013 -0.0281271
367.374 1.7136 -0.0201345
367.374 1.77706 -0.0120606
367.374 1.84053 -0.00393822
367.374 1.904 0.00419994
367.374 1.96746 0.0123213
367.374 2.03093 0.0203929
367.374 2.0944 0.0283826
367.374 2.15786 0.0362578
367.374 2.22133 0.0439871
367.374 2.28479 0.0515393
367.374 2.34826 0.0588838
367.374 2.41173 0.0659914
367.374 2.47519 0.0728333
367.374 2.53866 0.0793818
367.374 2.60213 0.0856106
367.374 2.66559 0.0914949
367.374 2.72906 0.0970104
367.374 2.79253 0.102136
367.374 2.85599 0.10685
367.374 2.91946 0.111133
367.374 2.98293 0.114969
367.374 3.04639 0.118342
367.374 3.10986 0.121239
367.374 3.17333 0.123648
367.374 3.23679 0.125558
367.374 3.30026 0.126963
367.374 3.36373 0.127857
367.374 3.42719 0.128236
367.374 3.49066 0.128098
367.374 3.55413 0.127445
367.374 3.61759 0.126279
367.374 3.68106 0.124604
367.374 3.74452 0.122427
367.374 3.80799 0.119757
367.374 3.87146 0.116606
367.374 3.93492 0.112984
367.374 3.99839 0.108908
367.374 4.06186 0.104393
367.374 4.12532 0.0994582
367.374 4.18879 0.0941225
367.374 4.25226 0.0884078
367.374 4.31572 0.082337
367.374 4.37919 0.0759348
367.374 4.44266 0.0692271
367.374 4.50612 0.0622403
367.374 4.56959 0.0550029
367.374 4.63306 0.0475441
367.374 4.69652 0.0398938
367.374 4.75999 0.032083
367.374 4.82346 0.0241428
367.374 4.88692 0.0161055
367.374 4.95039 0.00800346
367.374 5.01385 -0.000130978
367.374 5.07732 -0.00826478
367.374 5.14079 -0.0163653
367.374 5.20425 -0.0244
367.374 5.26772 -0.0323364
367.374 5.33119 -0.0401426
367.374 5.39465 -0.0477872
367.374 5.45812 -0.0552394
367.374 5.52159 -0.0624691
367.374 5.58505 -0.0694472
367.374 5.64852 -0.0761459
367.374 5.71199 -0.0825378
367.374 5.77545 -0.0885972
367.374 5.83892 -0.0943001
367.374 5.90239 -0.0996232
367.374 5.96585 -0.104545
367.374 6.02932 -0.109046
367.374 6.09279 -0.113108
367.374 6.15625 -0.116714
367.374 6.21972 -0.119851
367.374 6.28319 -0.122505
368.375 0 -0.0657465
368.375 0.0634665 -0.0590056
368.375 0.126933 -0.0520268
368.375 0.1904 -0.0448388
368.375 0.253866 -0.0374702
368.375 0.317333 -0.0299507
368.375 0.380799 -0.0223106
368.375 0.444266 -0.0145806
368.375 0.507732 -0.00679202
368.375 0.571199 0.00102404
368.375 0.634665 0.00883593
368.375 0.698132 0.0166121
368.375 0.761598 0.0243217
368.375 0.825065 0.0319331
368.375 0.888531 0.039416
368.375 0.951998 0.0467403
368.375 1.01546 0.0538762
368.375 1.07893 0.0607953
368.375 1.1424 0.0674695
368.375 1.20586 0.073872
368.375 1.26933 0.0799772
368.375 1.3328 0.0857603
368.375 1.39626 0.0911979
368.375 1.45973 0.0962684
368.375 1.5232 0.100951
368.375 1.58666 0.105228
368.375 1.65013 0.10908
368.375 1.7136 0.112494
368.375 1.77706 0.115454
368.375 1.84053 0.11795
368.375 1.904 0.11997
368.375 1.96746 0.121508
368.375 2.03093 0.122556
368.375 2.0944 0.123111
368.375 2.15786 0.12317
368.375 2.22133 0.122733
368.375 2.28479 0.121802
368.375 2.34826 0.12038
368.375 2.41173 0.118474
368.375 2.47519 0.116091
368.375 2.53866 0.11324
368.375 2.60213 0.109933
368.375 2.66559 0.106184
368.375 2.72906 0.102007
368.375 2.79253 0.0974192
368.375 2.85599 0.0924392
368.375 2.91946 0.087087
368.375 2.98293 0.0813841
368.375 3.04639 0.0753535
368.375 3.10986 0.0690194
368.375 3.17333 0.0624075
368.375 3.23679 0.0555442
368.375 3.30026 0.0484572
368.375 3.36373 0.0411753
368.375 3.42719 0.0337274
368.375 3.49066 0.0261438
368.375 3.55413 0.0184549
368.375 3.61759 0.0106917
368.375 3.68106 0.00288544
368.375 3.74452 -0.00493242
368.375 3.80799 -0.0127305
368.375 3.87146 -0.0204772
368.375 3.93492 -0.0281415
368.375 3.99839 -0.0356925
368.375 4.06186 -0.0430999
368.375 4.12532 -0.0503335
368.375 4.18879 -0.0573646
368.375 4.25226 -0.0641646
368.375 4.31572 -0.0707065
368.375 4.37919 -0.0769634
368.375 4.44266 -0.0829104
368.375 4.50612 -0.0885236
368.375 4.56959 -0.0937805
368.375 4.63306 -0.0986596
368.375 4.69652 -0.103141
368.375 4.75999 -0.107208
368.375 4.82346 -0.110843
368.375 4.88692 -0.114032
368.375 4.95039 -0.116761
368.375 5.01385 -0.11902
368.375 5.07732 -0.1208
368.375 5.14079 -0.122094
368.375 5.20425 -0.122896
368.375 5.26772 -0.123203
368.375 5.33119 -0.123014
368.375 5.39465 -0.122329
368.375 5.45812 -0.121152
368.375 5.52159 -0.119488
368.375 5.58505 -0.117342
368.375 5.64852 -0.114723
368.375 5.71199 -0.111643
368.375 5.77545 -0.108113
368.375 5.83892 -0.104148
368.375 5.90239 -0.0997632
368.375 5.96585 -0.0949769
368.375 6.02932 -0.0898084
368.375 6.09279 -0.0842779
368.375 6.15625 -0.0784083
368.375 6.21972 -0.0722227
368.375 6.28319 -0.0657465
369.376 0 0.070992
369.376 0.0634665 0.0727347
369.376 0.126933 0.0741845
369.376 0.1904 0.0753355
369.376 0.253866 0.0761832
369.376 0.317333 0.0767241
369.376 0.380799 0.076956
369.376 0.444266 0.0768782
369.376 0.507732 0.0764907
369.376 0.571199 0.0757952
369.376 0.634665 0.0747945
369.376 0.698132 0.0734928
369.376 0.761598 0.0718949
369.376 0.825065 0.0700076
369.376 0.888531 0.0678386
369.376 0.951998 0.0653961
369.376 1.01546 0.0626906
369.376 1.07893 0.0597325
369.376 1.1424 0.0565338
369.376 1.20586 0.0531076
369.376 1.26933 0.0494676
369.376 1.3328 0.0456282
369.376 1.39626 0.0416053
369.376 1.45973 0.0374147
369.376 1.5232 0.0330734
369.376 1.58666 0.0285992
369.376 1.65013 0.0240097
369.376 1.7136 0.0193234
369.376 1.77706 0.0145593
369.376 1.84053 0.00973679
369.376 1.904 0.0048749
369.376 1.96746 -6.51497e-06
369.376 2.03093 -0.004888
369.376 2.0944 -0.00974969
369.376 2.15786 -0.0145723
369.376 2.22133 -0.019336
369.376 2.28479 -0.024022
369.376 2.34826 -0.0286113
369.376 2.41173 -0.0330853
369.376 2.47519 -0.0374261
369.376 2.53866 -0.0416162
369.376 2.60213 -0.0456388
369.376 2.66559 -0.0494776
369.376 2.72906 -0.0531171
369.376 2.79253 -0.0565428
369.376 2.85599 -0.0597407
369.376 2.91946 -0.0626981
369.376 2.98293 -0.0654031
369.376 3.04639 -0.0678447
369.376 3.10986 -0.0700131
369.376 3.17333 -0.0718996
369.376 3.23679 -0.0734966
369.376 3.30026 -0.0747977
369.376 3.36373 -0.0757975
369.376 3.42719 -0.0764921
369.376 3.49066 -0.0768787
369.376 3.55413 -0.0769558
369.376 3.61759 -0.076723
369.376 3.68106 -0.0761812
369.376 3.74452 -0.0753329
369.376 3.80799 -0.074181
369.376 3.87146 -0.0727303
369.376 3.93492 -0.070987
369.376 3.99839 -0.0689578
369.376 4.06186 -0.0666509
369.376 4.12532 -0.0640757
369.376 4.18879 -0.0612424
369.376 4.25226 -0.0581625
369.376 4.31572 -0.0548484
369.376 4.37919 -0.0513134
369.376 4.44266 -0.0475719
369.376 4.50612 -0.0436387
369.376 4.56959 -0.03953
369.376 4.63306 -0.0352619
369.376 4.69652 -0.0308519
369.376 4.75999 -0.0263177
369.376 4.82346 -0.0216774
369.376 4.88692 -0.0169499
369.376 4.95039 -0.0121543
369.376 5.01385 -0.00730956
369.376 5.07732 -0.00243545
369.376 5.14079 0.00244856
369.376 5.20425 0.00732257
369.376 5.26772 0.0121672
369.376 5.33119 0.0169627
369.376 5.39465 0.02169
369.376 5.45812 0.0263299
369.376 5.52159 0.0308639
369.376 5.58505 0.0352735
369.376 5.64852 0.0395411
369.376 5.71199 0.0436495
369.376 5.77545 0.0475821
369.376 5.83892 0.0513231
369.376 5.90239 0.0548575
369.376 5.96585 0.0581711
369.376 6.02932 0.0612502
369.376 6.09279 0.0640828
369.376 6.15625 0.0666575
369.376 6.21972 0.0689636
369.376 6.28319 0.0709921
370.377 0 0.0389222
370.377 0.0634665 0.0451201
370.377 0.126933 0.0511363
370.377 0.1904 0.0569466
370.377 0.253866 0.0625275
370.377 0.317333 0.0678568
370.377 0.380799 0.0729127
370.377 0.444266 0.0776751
370.377 0.507732 0.0821247
370.377 0.571199 0.0862436
370.377 0.634665 0.0900153
370.377 0.698132 0.0934245
370.377 0.761598 0.0964576
370.377 0.825065 0.0991021
370.377 0.888531 0.101348
370.377 0.951998 0.103185
370.377 1.01546 0.104607
370.377 1.07893 0.105608
370.377 1.1424 0.106183
370.377 1.20586 0.106331
370.377 1.26933 0.106051
370.377 1.3328 0.105344
370.377 1.39626 0.104212
370.377 1.45973 0.102661
370.377 1.5232 0.100697
370.377 1.58666 0.0983272
370.377 1.65013 0.0955613
370.377 1.7136 0.0924108
370.377 1.77706 0.0888879
370.377 1.84053 0.0850073
370.377 1.904 0.0807843
370.377 1.96746 0.0762362
370.377 2.03093 0.071381
370.377 2.0944 0.0662383
370.377 2.15786 0.0608289
370.377 2.22133 0.0551747
370.377 2.28479 0.0492982
370.377 2.34826 0.0432232
370.377 2.41173 0.0369741
370.377 2.47519 0.0305763
370.377 2.53866 0.0240553
370.377 2.60213 0.0174375
370.377 2.66559 0.0107493
370.377 2.72906 0.00401797
370.377 2.79253 -0.0027295
370.377 2.85599 -0.00946609
370.377 2.91946 -0.0161646
370.377 2.98293 -0.0227979
370.377 3.04639 -0.0293395
370.377 3.10986 -0.0357629
370.377 3.17333 -0.0420423
370.377 3.23679 -0.0481524
370.377 3.30026 -0.0540687
370.377 3.36373 -0.0597672
370.377 3.42719 -0.0652249
370.377 3.49066 -0.0704203
370.377 3.55413 -0.0753319
370.377 3.61759 -0.0799402
370.377 3.68106 -0.0842266
370.377 3.74452 -0.0881739
370.377 3.80799 -0.0917661
370.377 3.87146 -0.094989
370.377 3.93492 -0.0978291
370.377 3.99839 -0.100275
370.377 4.06186 -0.102318
370.377 4.12532 -0.103949
370.377 4.18879 -0.105161
370.377 4.25226 -0.105949
370.377 4.31572 -0.106311
370.377 4.37919 -0.106245
370.377 4.44266 -0.105751
370.377 4.50612 -0.104831
370.377 4.56959 -0.103489
370.377 4.63306 -0.10173
370.377 4.69652 -0.0995623
370.377 4.75999 -0.0969929
370.377 4.82346 -0.0940333
370.377 4.88692 -0.0906949
370.377 4.95039 -0.0869915
370.377 5.01385 -0.0829376
370.377 5.07732 -0.0785498
370.377 5.14079 -0.0738457
370.377 5.20425 -0.0688442
370.377 5.26772 -0.0635656
370.377 5.33119 -0.058031
370.377 5.39465 -0.0522627
370.377 5.45812 -0.046284
370.377 5.52159 -0.040119
370.377 5.58505 -0.0337924
370.377 5.64852 -0.0273296
370.377 5.71199 -0.0207569
370.377 5.77545 -0.0141005
370.377 5.83892 -0.00738743
370.377 5.90239 -0.00064456
370.377 5.96585 0.00610091
370.377 6.02932 0.0128218
370.377 6.09279 0.0194911
370.377 6.15625 0.0260818
370.377 6.21972 0.0325676
370.377 6.28319 0.0389221
371.378 0 -0.0745267
371.378 0.0634665 -0.0658741
371.378 0.126933 -0.0569561
371.378 0.1904 -0.0478086
371.378 0.253866 -0.0384689
371.378 0.317333 -0.0289743
371.378 0.380799 -0.0193629
371.378 0.444266 -0.00967356
371.378 0.507732 5.47309e-05
371.378 0.571199 0.0097828
371.378 0.634665 0.0194715
371.378 0.698132 0.0290818
371.378 0.761598 0.0385748
371.378 0.825065 0.0479129
371.378 0.888531 0.0570579
371.378 0.951998 0.0659728
371.378 1.01546 0.0746224
371.378 1.07893 0.0829713
371.378 1.1424 0.0909864
371.378 1.20586 0.098635
371.378 1.26933 0.105886
371.378 1.3328 0.112711
371.378 1.39626 0.119083
371.378 1.45973 0.124974
371.378 1.5232 0.130363
371.378 1.58666 0.135226
371.378 1.65013 0.139545
371.378 1.7136 0.143302
371.378 1.77706 0.146483
371.378 1.84053 0.149073
371.378 1.904 0.151063
371.378 1.96746 0.152445
371.378 2.03093 0.153213
371.378 2.0944 0.153363
371.378 2.15786 0.152897
371.378 2.22133 0.151814
371.378 2.28479 0.150121
371.378 2.34826 0.147823
371.378 2.41173 0.14493
371.378 2.47519 0.141453
371.378 2.53866 0.137406
371.378 2.60213 0.132807
371.378 2.66559 0.127672
371.378 2.72906 0.122024
371.378 2.79253 0.115884
371.378 2.85599 0.109277
371.378 2.91946 0.102231
371.378 2.98293 0.0947723
371.378 3.04639 0.0869326
371.378 3.10986 0.0787426
371.378 3.17333 0.0702357
371.378 3.23679 0.061446
371.378 3.30026 0.0524089
371.378 3.36373 0.0431605
371.378 3.42719 0.0337385
371.378 3.49066 0.0241807
371.378 3.55413 0.0145255
371.378 3.61759 0.00481176
371.378 3.68106 -0.00492129
371.378 3.74452 -0.0146345
371.378 3.80799 -0.0242889
371.378 3.87146 -0.0338454
371.378 3.93492 -0.0432656
371.378 3.99839 -0.0525118
371.378 4.06186 -0.0615464
371.378 4.12532 -0.070333
371.378 4.18879 -0.0788367
371.378 4.25226 -0.0870228
371.378 4.31572 -0.0948583
371.378 4.37919 -0.102312
371.378 4.44266 -0.109354
371.378 4.50612 -0.115955
371.378 4.56959 -0.12209
371.378 4.63306 -0.127733
371.378 4.69652 -0.132861
371.378 4.75999 -0.137455
371.378 4.82346 -0.141495
371.378 4.88692 -0.144965
371.378 4.95039 -0.147852
371.378 5.01385 -0.150143
371.378 5.07732 -0.15183
371.378 5.14079 -0.152905
371.378 5.20425 -0.153365
371.378 5.26772 -0.153207
371.378 5.33119 -0.152432
371.378 5.39465 -0.151044
371.378 5.45812 -0.149047
371.378 5.52159 -0.14645
371.378 5.58505 -0.143263
371.378 5.64852 -0.1395
371.378 5.71199 -0.135175
371.378 5.77545 -0.130305
371.378 5.83892 -0.124911
371.378 5.90239 -0.119014
371.378 5.96585 -0.112637
371.378 6.02932 -0.105807
371.378 6.09279 -0.0985511
371.378 6.15625 -0.0908983
371.378 6.21972 -0.0828793
371.378 6.28319 -0.0745267
372.379 0 0.217294
372.379 0.0634665 0.221941
372.379 0.126933 0.225695
372.379 0.1904 0.22854
372.379 0.253866 0.230465
372.379 0.317333 0.231462
372.379 0.380799 0.231526
372.379 0.444266 0.230659
372.379 0.507732 0.228863
372.379 0.571199 0.226145
372.379 0.634665 0.222516
372.379 0.698132 0.217992
372.379 0.761598 0.212589
372.379 0.825065 0.206331
372.379 0.888531 0.199242
372.379 0.951998 0.191351
372.379 1.01546 0.182689
372.379 1.07893 0.173291
372.379 1.1424 0.163196
372.379 1.20586 0.152444
372.379 1.26933 0.141078
372.379 1.3328 0.129143
372.379 1.39626 0.116689
372.379 1.45973 0.103765
372.379 1.5232 0.0904226
372.379 1.58666 0.0767163
372.379 1.65013 0.0627015
372.379 1.7136 0.0484338
372.379 1.77706 0.0339713
372.379 1.84053 0.0193719
372.379 1.904 0.00469467
372.379 1.96746 -0.0100014
372.379 2.03093 -0.0246575
372.379 2.0944 -0.0392142
372.379 2.15786 -0.053613
372.379 2.22133 -0.0677958
372.379 2.28479 -0.0817058
372.379 2.34826 -0.0952866
372.379 2.41173 -0.108484
372.379 2.47519 -0.121244
372.379 2.53866 -0.133516
372.379 2.60213 -0.145251
372.379 2.66559 -0.156401
372.379 2.72906 -0.166921
372.379 2.79253 -0.176768
372.379 2.85599 -0.185904
372.379 2.91946 -0.194292
372.379 2.98293 -0.201897
372.379 3.04639 -0.208689
372.379 3.10986 -0.214641
372.379 3.17333 -0.219728
372.379 3.23679 -0.223931
372.379 3.30026 -0.227232
372.379 3.36373 -0.229618
372.379 3.42719 -0.23108
372.379 3.49066 -0.231611
372.379 3.55413 -0.231209
372.379 3.61759 -0.229877
372.379 3.68106 -0.227618
372.379 3.74452 -0.224443
372.379 3.80799 -0.220365
372.379 3.87146 -0.215399
372.379 3.93492 -0.209566
372.379 3.99839 -0.202889
372.379 4.06186 -0.195395
372.379 4.12532 -0.187114
372.379 4.18879 -0.17808
372.379 4.25226 -0.168328
372.379 4.31572 -0.157899
372.379 4.37919 -0.146834
372.379 4.44266 -0.135178
372.379 4.50612 -0.122978
372.379 4.56959 -0.110282
372.379 4.63306 -0.0971426
372.379 4.69652 -0.0836116
372.379 4.75999 -0.0697441
372.379 4.82346 -0.0555958
372.379 4.88692 -0.0412235
372.379 4.95039 -0.0266851
372.379 5.01385 -0.0120394
372.379 5.07732 0.00265474
372.379 5.14079 0.0173383
372.379 5.20425 0.031952
372.379 5.26772 0.046437
372.379 5.33119 0.060735
372.379 5.39465 0.0747885
372.379 5.45812 0.0885407
372.379 5.52159 0.101937
372.379 5.58505 0.114922
372.379 5.64852 0.127444
372.379 5.71199 0.139454
372.379 5.77545 0.150902
372.379 5.83892 0.161742
372.379 5.90239 0.171931
372.379 5.96585 0.181428
372.379 6.02932 0.190194
372.379 6.09279 0.198194
372.379 6.15625 0.205396
372.379 6.21972 0.211771
372.379 6.28319 0.217294
373.38 0 0.106365
373.38 0.0634665 0.110318
373.38 0.126933 0.113827
373.38 0.1904 0.116878
373.38 0.253866 0.119458
373.38 0.317333 0.121557
373.38 0.380799 0.123167
373.38 0.444266 0.12428
373.38 0.507732 0.124893
373.38 0.571199 0.125004
373.38 0.634665 0.12461
373.38 0.698132 0.123715
373.38 0.761598 0.122322
373.38 0.825065 0.120437
373.38 0.888531 0.118066
373.38 0.951998 0.115221
373.38 1.01546 0.11191
373.38 1.07893 0.10815
373.38 1.1424 0.103954
373.38 1.20586 0.0993395
373.38 1.26933 0.0943249
373.38 1.3328 0.0889305
373.38 1.39626 0.0831781
373.38 1.45973 0.0770906
373.38 1.5232 0.0706927
373.38 1.58666 0.0640102
373.38 1.65013 0.05707
373.38 1.7136 0.0499
373.38 1.77706 0.0425291
373.38 1.84053 0.0349868
373.38 1.904 0.0273037
373.38 1.96746 0.0195107
373.38 2.03093 0.0116391
373.38 2.0944 0.00372057
373.38 2.15786 -0.00421287
373.38 2.22133 -0.0121292
373.38 2.28479 -0.019997
373.38 2.34826 -0.0277841
373.38 2.41173 -0.0354594
373.38 2.47519 -0.0429918
373.38 2.53866 -0.0503512
373.38 2.60213 -0.0575078
373.38 2.66559 -0.0644329
373.38 2.72906 -0.0710985
373.38 2.79253 -0.0774777
373.38 2.85599 -0.083545
373.38 2.91946 -0.089276
373.38 2.98293 -0.0946475
373.38 3.04639 -0.0996378
373.38 3.10986 -0.104227
373.38 3.17333 -0.108396
373.38 3.23679 -0.112129
373.38 3.30026 -0.115411
373.38 3.36373 -0.118228
373.38 3.42719 -0.120568
373.38 3.49066 -0.122423
373.38 3.55413 -0.123785
373.38 3.61759 -0.124649
373.38 3.68106 -0.125011
373.38 3.74452 -0.12487
373.38 3.80799 -0.124225
373.38 3.87146 -0.123081
373.38 3.93492 -0.121441
373.38 3.99839 -0.119312
373.38 4.06186 -0.116702
373.38 4.12532 -0.113623
373.38 4.18879 -0.110086
373.38 4.25226 -0.106105
373.38 4.31572 -0.101698
373.38 4.37919 -0.0968809
373.38 4.44266 -0.0916739
373.38 4.50612 -0.0860977
373.38 4.56959 -0.0801746
373.38 4.63306 -0.073929
373.38 4.69652 -0.0673854
373.38 4.75999 -0.0605707
373.38 4.82346 -0.053512
373.38 4.88692 -0.0462378
373.38 4.95039 -0.0387774
373.38 5.01385 -0.031161
373.38 5.07732 -0.0234189
373.38 5.14079 -0.0155827
373.38 5.20425 -0.00768365
373.38 5.26772 0.00024622
373.38 5.33119 0.00817533
373.38 5.39465 0.0160713
373.38 5.45812 0.0239025
373.38 5.52159 0.0316376
373.38 5.58505 0.0392454
373.38 5.64852 0.046695
373.38 5.71199 0.0539566
373.38 5.77545 0.061001
373.38 5.83892 0.0677998
373.38 5.90239 0.0743255
373.38 5.96585 0.080552
373.38 6.02932 0.0864541
373.38 6.09279 0.092008
373.38 6.15625 0.0971915
373.38 6.21972 0.101984
373.38 6.28319 0.106365
374.381 0 0.155193
374.381 0.0634665 0.158072
374.381 0.126933 0.160314
374.381 0.1904 0.16191
374.381 0.253866 0.162855
374.381 0.317333 0.163144
374.381 0.380799 0.162775
374.381 0.444266 0.161752
374.381 0.507732 0.160077
374.381 0.571199 0.157757
374.381 0.634665 0.154803
374.381 0.698132 0.151224
374.381 0.761598 0.147037
374.381 0.825065 0.142258
374.381 0.888531 0.136907
374.381 0.951998 0.131003
374.381 1.01546 0.124573
374.381 1.07893 0.11764
374.381 1.1424 0.110234
374.381 1.20586 0.102384
374.381 1.26933 0.0941222
374.381 1.3328 0.0854811
374.381 1.39626 0.0764959
374.381 1.45973 0.0672026
374.381 1.5232 0.0576385
374.381 1.58666 0.0478424
374.381 1.65013 0.0378537
374.381 1.7136 0.0277127
374.381 1.77706 0.01746
374.381 1.84053 0.00713689
374.381 1.904 -0.00321478
374.381 1.96746 -0.0135536
374.381 2.03093 -0.023838
374.381 2.0944 -0.0340261
374.381 2.15786 -0.0440772
374.381 2.22133 -0.053951
374.381 2.28479 -0.0636075
374.381 2.34826 -0.0730079
374.381 2.41173 -0.0821142
374.381 2.47519 -0.09089
374.381 2.53866 -0.0992999
374.381 2.60213 -0.10731
374.381 2.66559 -0.114888
374.381 2.72906 -0.122003
374.381 2.79253 -0.128627
374.381 2.85599 -0.134733
374.381 2.91946 -0.140296
374.381 2.98293 -0.145295
374.381 3.04639 -0.149708
374.381 3.10986 -0.153519
374.381 3.17333 -0.156712
374.381 3.23679 -0.159273
374.381 3.30026 -0.161193
374.381 3.36373 -0.162464
374.381 3.42719 -0.163081
374.381 3.49066 -0.163042
374.381 3.55413 -0.162345
374.381 3.61759 -0.160995
374.381 3.68106 -0.158997
374.381 3.74452 -0.156359
374.381 3.80799 -0.153091
374.381 3.87146 -0.149206
374.381 3.93492 -0.144721
374.381 3.99839 -0.139653
374.381 4.06186 -0.134022
374.381 4.12532 -0.127852
374.381 4.18879 -0.121168
374.381 4.25226 -0.113995
374.381 4.31572 -0.106363
374.381 4.37919 -0.0983029
374.381 4.44266 -0.089847
374.381 4.50612 -0.0810294
374.381 4.56959 -0.0718854
374.381 4.63306 -0.062452
374.381 4.69652 -0.0527671
374.381 4.75999 -0.0428698
374.381 4.82346 -0.0327997
374.381 4.88692 -0.0225977
374.381 4.95039 -0.0123047
374.381 5.01385 -0.00196216
374.381 5.07732 0.00838845
374.381 5.14079 0.0187051
374.381 5.20425 0.0289466
374.381 5.26772 0.0390714
374.381 5.33119 0.0490389
374.381 5.39465 0.0588089
374.381 5.45812 0.0683422
374.381 5.52159 0.0776001
374.381 5.58505 0.0865458
374.381 5.64852 0.0951429
374.381 5.71199 0.103357
374.381 5.77545 0.111155
374.381 5.83892 0.118505
374.381 5.90239 0.125378
374.381 5.96585 0.131746
374.381 6.02932 0.137584
374.381 6.09279 0.142868
374.381 6.15625 0.147576
374.381 6.21972 0.15169
374.381 6.28319 0.155194
375.382 0 0.230642
375.382 0.0634665 0.265255
375.382 0.126933 0.298802
375.382 0.1904 0.331144
375.382 0.253866 0.362154
375.382 0.317333 0.391705
375.382 0.380799 0.419679
375.382 0.444266 0.445963
375.382 0.507732 0.470452
375.382 0.571199 0.493046
375.382 0.634665 0.513654
375.382 0.698132 0.532195
375.382 0.761598 0.548593
375.382 0.825065 0.56278
375.382 0.888531 0.574703
375.382 0.951998 0.584311
375.382 1.01546 0.591567
375.382 1.07893 0.59644
375.382 1.1424 0.598912
375.382 1.20586 0.598972
375.382 1.26933 0.59662
375.382 1.3328 0.591866
375.382 1.39626 0.584729
375.382 1.45973 0.575237
375.382 1.5232 0.563429
375.382 1.58666 0.549352
375.382 1.65013 0.533063
375.382 1.7136 0.514627
375.382 1.77706 0.49412
375.382 1.84053 0.471623
375.382 1.904 0.447226
375.382 1.96746 0.421029
375.382 2.03093 0.393137
375.382 2.0944 0.363661
375.382 2.15786 0.332722
375.382 2.22133 0.300442
375.382 2.28479 0.266953
375.382 2.34826 0.232388
375.382 2.41173 0.196888
375.382 2.47519 0.160595
375.382 2.53866 0.123656
375.382 2.60213 0.0862186
375.382 2.66559 0.0484339
375.382 2.72906 0.0104545
375.382 2.79253 -0.0275671
375.382 2.85599 -0.0654777
375.382 2.91946 -0.103125
375.382 2.98293 -0.140356
375.382 3.04639 -0.177024
375.382 3.10986 -0.212977
375.382 3.17333 -0.248073
375.382 3.23679 -0.282171
375.382 3.30026 -0.315132
375.382 3.36373 -0.346824
375.382 3.42719 -0.37712
375.382 3.49066 -0.405897
375.382 3.55413 -0.43304
375.382 3.61759 -0.458439
375.382 3.68106 -0.481991
375.382 3.74452 -0.503604
375.382 3.80799 -0.523188
375.382 3.87146 -0.540667
375.382 3.93492 -0.555967
375.382 3.99839 -0.569028
375.382 4.06186 -0.579799
375.382 4.12532 -0.588235
375.382 4.18879 -0.594303
375.382 4.25226 -0.597977
375.382 4.31572 -0.599244
375.382 4.37919 -0.598098
375.382 4.44266 -0.594543
375.382 4.50612 -0.588594
375.382 4.56959 -0.580274
375.382 4.63306 -0.569619
375.382 4.69652 -0.556671
375.382 4.75999 -0.54148
375.382 4.82346 -0.524109
375.382 4.88692 -0.504628
375.382 4.95039 -0.483115
375.382 5.01385 -0.459656
375.382 5.07732 -0.434347
375.382 5.14079 -0.407288
375.382 5.20425 -0.37859
375.382 5.26772 -0.348367
375.382 5.33119 -0.316741
375.382 5.39465 -0.28384
375.382 5.45812 -0.249796
375.382 5.52159 -0.214747
375.382 5.58505 -0.178832
375.382 5.64852 -0.142197
375.382 5.71199 -0.10499
375.382 5.77545 -0.0673603
375.382 5.83892 -0.0294592
375.382 5.90239 0.00856049
375.382 5.96585 0.046546
375.382 6.02932 0.0843439
375.382 6.09279 0.121802
375.382 6.15625 0.15877
375.382 6.21972 0.195098
375.382 6.28319 0.230642
376.383 0 0.1999
376.383 0.0634665 0.182662
376.383 0.126933 0.164688
376.383 0.1904 0.146052
376.383 0.253866 0.126827
376.383 0.317333 0.107091
376.383 0.380799 0.0869246
376.383 0.444266 0.0664077
376.383 0.507732 0.0456236
376.383 0.571199 0.0246554
376.383 0.634665 0.00358852
376.383 0.698132 -0.0174931
376.383 0.761598 -0.0385041
376.383 0.825065 -0.0593603
376.383 0.888531 -0.0799774
376.383 0.951998 -0.100272
376.383 1.01546 -0.120164
376.383 1.07893 -0.139571
376.383 1.1424 -0.158417
376.383 1.20586 -0.176624
376.383 1.26933 -0.194121
376.383 1.3328 -0.210835
376.383 1.39626 -0.226701
376.383 1.45973 -0.241654
376.383 1.5232 -0.255634
376.383 1.58666 -0.268584
376.383 1.65013 -0.280453
376.383 1.7136 -0.291193
376.383 1.77706 -0.30076
376.383 1.84053 -0.309117
376.383 1.904 -0.316227
376.383 1.96746 -0.322066
376.383 2.03093 -0.326607
376.383 2.0944 -0.329833
376.383 2.15786 -0.331731
376.383 2.22133 -0.332293
376.383 2.28479 -0.331518
376.383 2.34826 -0.329407
376.383 2.41173 -0.32597
376.383 2.47519 -0.321219
376.383 2.53866 -0.315177
376.383 2.60213 -0.307865
376.383 2.66559 -0.299312
376.383 2.72906 -0.289555
376.383 2.79253 -0.278633
376.383 2.85599 -0.266588
376.383 2.91946 -0.253469
376.383 2.98293 -0.23933
376.383 3.04639 -0.224227
376.383 3.10986 -0.208221
376.383 3.17333 -0.191377
376.383 3.23679 -0.173762
376.383 3.30026 -0.155448
376.383 3.36373 -0.136508
376.383 3.42719 -0.117018
376.383 3.49066 -0.0970568
376.383 3.55413 -0.0767047
376.383 3.61759 -0.0560438
376.383 3.68106 -0.0351572
376.383 3.74452 -0.0141293
376.383 3.80799 0.00695587
376.383 3.87146 0.0280126
376.383 3.93492 0.048957
376.383 3.99839 0.0697041
376.383 4.06186 0.0901703
376.383 4.12532 0.110274
376.383 4.18879 0.129933
376.383 4.25226 0.149069
376.383 4.31572 0.167605
376.383 4.37919 0.185466
376.383 4.44266 0.20258
376.383 4.50612 0.218878
376.383 4.56959 0.234296
376.383 4.63306 0.248769
376.383 4.69652 0.262241
376.383 4.75999 0.274657
376.383 4.82346 0.285967
376.383 4.88692 0.296126
376.383 4.95039 0.305091
376.383 5.01385 0.312829
376.383 5.07732 0.319307
376.383 5.14079 0.324499
376.383 5.20425 0.328385
376.383 5.26772 0.330948
376.383 5.33119 0.33218
376.383 5.39465 0.332073
376.383 5.45812 0.330628
376.383 5.52159 0.327853
376.383 5.58505 0.323757
376.383 5.64852 0.318359
376.383 5.71199 0.311677
376.383 5.77545 0.303742
376.383 5.83892 0.294583
376.383 5.90239 0.284237
376.383 5.96585 0.272747
376.383 6.02932 0.260159
376.383 6.09279 0.246523
376.383 6.15625 0.231895
376.383 6.21972 0.216333
376.383 6.28319 0.1999
377.384 0 0.387946
377.384 0.0634665 0.374044
377.384 0.126933 0.358636
377.384 0.1904 0.341783
377.384 0.253866 0.323555
377.384 0.317333 0.304023
377.384 0.380799 0.283268
377.384 0.444266 0.261372
377.384 0.507732 0.238423
377.384 0.571199 0.214514
377.384 0.634665 0.189742
377.384 0.698132 0.164205
377.384 0.761598 0.138008
377.384 0.825065 0.111254
377.384 0.888531 0.0840529
377.384 0.951998 0.0565131
377.384 1.01546 0.0287457
377.384 1.07893 0.000862545
377.384 1.1424 -0.027024
377.384 1.20586 -0.0548018
377.384 1.26933 -0.082359
377.384 1.3328 -0.109585
377.384 1.39626 -0.136369
377.384 1.45973 -0.162604
377.384 1.5232 -0.188184
377.384 1.58666 -0.213007
377.384 1.65013 -0.236972
377.384 1.7136 -0.259982
377.384 1.77706 -0.281946
377.384 1.84053 -0.302775
377.384 1.904 -0.322384
377.384 1.96746 -0.340696
377.384 2.03093 -0.357635
377.384 2.0944 -0.373134
377.384 2.15786 -0.387131
377.384 2.22133 -0.399569
377.384 2.28479 -0.410398
377.384 2.34826 -0.419575
377.384 2.41173 -0.427062
377.384 2.47519 -0.43283
377.384 2.53866 -0.436854
377.384 2.60213 -0.439119
377.384 2.66559 -0.439617
377.384 2.72906 -0.438344
377.384 2.79253 -0.435306
377.384 2.85599 -0.430516
377.384 2.91946 -0.423991
377.384 2.98293 -0.41576
377.384 3.04639 -0.405854
377.384 3.10986 -0.394314
377.384 3.17333 -0.381187
377.384 3.23679 -0.366524
377.384 3.30026 -0.350386
377.384 3.36373 -0.332836
377.384 3.42719 -0.313947
377.384 3.49066 -0.293794
377.384 3.55413 -0.272457
377.384 3.61759 -0.250023
377.384 3.68106 -0.226583
377.384 3.74452 -0.20223
377.384 3.80799 -0.177063
377.384 3.87146 -0.151183
377.384 3.93492 -0.124694
377.384 3.99839 -0.0977029
377.384 4.06186 -0.0703184
377.384 4.12532 -0.0426508
377.384 4.18879 -0.0148116
377.384 4.25226 0.0130873
377.384 4.31572 0.0409336
377.384 4.37919 0.0686152
377.384 4.44266 0.09602
377.384 4.50612 0.123038
377.384 4.56959 0.149561
377.384 4.63306 0.175482
377.384 4.69652 0.200696
377.384 4.75999 0.225103
377.384 4.82346 0.248602
377.384 4.88692 0.271101
377.384 4.95039 0.292508
377.384 5.01385 0.312737
377.384 5.07732 0.331707
377.384 5.14079 0.349341
377.384 5.20425 0.365569
377.384 5.26772 0.380324
377.384 5.33119 0.393548
377.384 5.39465 0.405188
377.384 5.45812 0.415196
377.384 5.52159 0.423532
377.384 5.58505 0.430162
377.384 5.64852 0.435061
377.384 5.71199 0.438207
377.384 5.77545 0.43959
377.384 5.83892 0.439201
377.384 5.90239 0.437045
377.384 5.96585 0.433129
377.384 6.02932 0.427468
377.384 6.09279 0.420087
377.384 6.15625 0.411014
377.384 6.21972 0.400286
377.384 6.28319 0.387946
378.385 0 -0.270701
378.385 0.0634665 -0.276697
378.385 0.126933 -0.281578
378.385 0.1904 -0.285326
378.385 0.253866 -0.287924
378.385 0.317333 -0.289364
378.385 0.380799 -0.289638
378.385 0.444266 -0.288746
378.385 0.507732 -0.286691
378.385 0.571199 -0.283483
378.385 0.634665 -0.279132
378.385 0.698132 -0.273657
378.385 0.761598 -0.267081
378.385 0.825065 -0.259429
378.385 0.888531 -0.250732
378.385 0.951998 -0.241026
378.385 1.01546 -0.230349
378.385 1.07893 -0.218745
378.385 1.1424 -0.20626
378.385 1.20586 -0.192945
378.385 1.26933 -0.178852
378.385 1.3328 -0.164039
378.385 1.39626 -0.148566
378.385 1.45973 -0.132495
378.385 1.5232 -0.11589
378.385 1.58666 -0.0988182
378.385 1.65013 -0.0813488
378.385 1.7136 -0.0635518
378.385 1.77706 -0.0454989
378.385 1.84053 -0.0272627
378.385 1.904 -0.00891657
378.385 1.96746 0.00946498
378.385 2.03093 0.0278089
378.385 2.0944 0.0460406
378.385 2.15786 0.0640869
378.385 2.22133 0.081875
378.385 2.28479 0.0993339
378.385 2.34826 0.116393
378.385 2.41173 0.132982
378.385 2.47519 0.149037
378.385 2.53866 0.164491
378.385 2.60213 0.179283
378.385 2.66559 0.193353
378.385 2.72906 0.206645
378.385 2.79253 0.219104
378.385 2.85599 0.230682
378.385 2.91946 0.24133
378.385 2.98293 0.251006
378.385 3.04639 0.259672
378.385 3.10986 0.267293
378.385 3.17333 0.273837
378.385 3.23679 0.279278
378.385 3.30026 0.283595
378.385 3.36373 0.28677
378.385 3.42719 0.28879
378.385 3.49066 0.289647
378.385 3.55413 0.289338
378.385 3.61759 0.287864
378.385 3.68106 0.285231
378.385 3.74452 0.281449
378.385 3.80799 0.276534
378.385 3.87146 0.270505
378.385 3.93492 0.263387
378.385 3.99839 0.255209
378.385 4.06186 0.246003
378.385 4.12532 0.235807
378.385 4.18879 0.22466
378.385 4.25226 0.21261
378.385 4.31572 0.199703
378.385 4.37919 0.185992
378.385 4.44266 0.171532
378.385 4.50612 0.156382
378.385 4.56959 0.140601
378.385 4.63306 0.124255
378.385 4.69652 0.107408
378.385 4.75999 0.0901288
378.385 4.82346 0.0724868
378.385 4.88692 0.0545529
378.385 4.95039 0.0363991
378.385 5.01385 0.0180987
378.385 5.07732 -0.000274305
378.385 5.14079 -0.0186466
378.385 5.20425 -0.0369433
378.385 5.26772 -0.0550916
378.385 5.33119 -0.0730179
378.385 5.39465 -0.09065
378.385 5.45812 -0.107918
378.385 5.52159 -0.12475
378.385 5.58505 -0.141081
378.385 5.64852 -0.156843
378.385 5.71199 -0.171974
378.385 5.77545 -0.186412
378.385 5.83892 -0.2001
378.385 5.90239 -0.212982
378.385 5.96585 -0.225007
378.385 6.02932 -0.236125
378.385 6.09279 -0.246292
378.385 6.15625 -0.255468
378.385 6.21972 -0.263615
378.385 6.28319 -0.270701
379.386 0 -0.11021
379.386 0.0634665 -0.129369
379.386 0.126933 -0.148007
379.386 0.1904 -0.16605
379.386 0.253866 -0.183423
379.386 0.317333 -0.200058
379.386 0.380799 -0.215888
379.386 0.444266 -0.230848
379.386 0.507732 -0.244879
379.386 0.571199 -0.257924
379.386 0.634665 -0.26993
379.386 0.698132 -0.280849
379.386 0.761598 -0.290638
379.386 0.825065 -0.299256
379.386 0.888531 -0.306669
379.386 0.951998 -0.312847
379.386 1.01546 -0.317766
379.386 1.07893 -0.321404
379.386 1.1424 -0.323749
379.386 1.20586 -0.32479
379.386 1.26933 -0.324524
379.386 1.3328 -0.32295
379.386 1.39626 -0.320076
379.386 1.45973 -0.315914
379.386 1.5232 -0.310479
379.386 1.58666 -0.303794
379.386 1.65013 -0.295886
379.386 1.7136 -0.286786
379.386 1.77706 -0.276532
379.386 1.84053 -0.265164
379.386 1.904 -0.252728
379.386 1.96746 -0.239275
379.386 2.03093 -0.224858
379.386 2.0944 -0.209536
379.386 2.15786 -0.19337
379.386 2.22133 -0.176426
379.386 2.28479 -0.158771
379.386 2.34826 -0.140477
379.386 2.41173 -0.121617
379.386 2.47519 -0.102267
379.386 2.53866 -0.0825056
379.386 2.60213 -0.0624121
379.386 2.66559 -0.0420671
379.386 2.72906 -0.0215529
379.386 2.79253 -0.000951592
379.386 2.85599 0.0196532
379.386 2.91946 0.040179
379.386 2.98293 0.060543
379.386 3.04639 0.0806632
379.386 3.10986 0.100459
379.386 3.17333 0.11985
379.386 3.23679 0.138758
379.386 3.30026 0.157107
379.386 3.36373 0.174824
379.386 3.42719 0.191837
379.386 3.49066 0.208078
379.386 3.55413 0.223481
379.386 3.61759 0.237983
379.386 3.68106 0.251528
379.386 3.74452 0.26406
379.386 3.80799 0.275528
379.386 3.87146 0.285887
379.386 3.93492 0.295095
379.386 3.99839 0.303115
379.386 4.06186 0.309914
379.386 4.12532 0.315465
379.386 4.18879 0.319746
379.386 4.25226 0.322739
379.386 4.31572 0.324433
379.386 4.37919 0.324821
379.386 4.44266 0.3239
379.386 4.50612 0.321675
379.386 4.56959 0.318155
379.386 4.63306 0.313355
379.386 4.69652 0.307291
379.386 4.75999 0.299991
379.386 4.82346 0.291483
379.386 4.88692 0.281801
379.386 4.95039 0.270984
379.386 5.01385 0.259077
379.386 5.07732 0.246126
379.386 5.14079 0.232184
379.386 5.20425 0.217307
379.386 5.26772 0.201555
379.386 5.33119 0.184991
379.386 5.39465 0.167683
379.386 5.45812 0.149699
379.386 5.52159 0.131113
379.386 5.58505 0.111998
379.386 5.64852 0.0924331
379.386 5.71199 0.0724955
379.386 5.77545 0.052266
379.386 5.83892 0.031826
379.386 5.90239 0.011258
379.386 5.96585 -0.00935541
379.386 6.02932 -0.0299311
379.386 6.09279 -0.0503863
379.386 6.15625 -0.0706387
379.386 6.21972 -0.0906067
379.386 6.28319 -0.11021
380.387 0 0.103665
380.387 0.0634665 0.105049
380.387 0.126933 0.10601
380.387 0.1904 0.106544
380.387 0.253866 0.10665
380.387 0.317333 0.106326
380.387 0.380799 0.105573
380.387 0.444266 0.104396
380.387 0.507732 0.102798
380.387 0.571199 0.100787
380.387 0.634665 0.0983692
380.387 0.698132 0.0955556
380.387 0.761598 0.0923571
380.387 0.825065 0.088787
380.387 0.888531 0.0848592
380.387 0.951998 0.0805898
380.387 1.01546 0.0759959
380.387 1.07893 0.0710959
380.387 1.1424 0.0659097
380.387 1.20586 0.0604579
380.387 1.26933 0.0547629
380.387 1.3328 0.0488472
380.387 1.39626 0.042735
380.387 1.45973 0.0364507
380.387 1.5232 0.0300195
380.387 1.58666 0.0234676
380.387 1.65013 0.0168211
380.387 1.7136 0.0101069
380.387 1.77706 0.00335178
380.387 1.84053 -0.00341651
380.387 1.904 -0.0101712
380.387 1.96746 -0.0168849
380.387 2.03093 -0.0235307
380.387 2.0944 -0.0300817
380.387 2.15786 -0.0365116
380.387 2.22133 -0.0427943
380.387 2.28479 -0.0489049
380.387 2.34826 -0.0548185
380.387 2.41173 -0.0605114
380.387 2.47519 -0.0659605
380.387 2.53866 -0.0711441
380.387 2.60213 -0.0760413
380.387 2.66559 -0.0806322
380.387 2.72906 -0.0848984
380.387 2.79253 -0.0888229
380.387 2.85599 -0.0923896
380.387 2.91946 -0.0955843
380.387 2.98293 -0.0983941
380.387 3.04639 -0.100808
380.387 3.10986 -0.102816
380.387 3.17333 -0.104409
380.387 3.23679 -0.105583
380.387 3.30026 -0.106331
380.387 3.36373 -0.106651
380.387 3.42719 -0.106541
380.387 3.49066 -0.106003
380.387 3.55413 -0.105038
380.387 3.61759 -0.103649
380.387 3.68106 -0.101844
380.387 3.74452 -0.099628
380.387 3.80799 -0.0970112
380.387 3.87146 -0.0940038
380.387 3.93492 -0.0906178
380.387 3.99839 -0.0868669
380.387 4.06186 -0.0827661
380.387 4.12532 -0.0783322
380.387 4.18879 -0.0735829
380.387 4.25226 -0.0685373
380.387 4.31572 -0.0632156
380.387 4.37919 -0.0576396
380.387 4.44266 -0.0518313
380.387 4.50612 -0.0458143
380.387 4.56959 -0.0396129
380.387 4.63306 -0.0332519
380.387 4.69652 -0.0267571
380.387 4.75999 -0.0201544
380.387 4.82346 -0.0134707
380.387 4.88692 -0.00673269
380.387 4.95039 3.23783e-05
380.387 5.01385 0.00679738
380.387 5.07732 0.013535
380.387 5.14079 0.020218
380.387 5.20425 0.0268197
380.387 5.26772 0.0333133
380.387 5.33119 0.0396728
380.387 5.39465 0.0458727
380.387 5.45812 0.0518878
380.387 5.52159 0.0576939
380.387 5.58505 0.0632678
380.387 5.64852 0.0685867
380.387 5.71199 0.0736298
380.387 5.77545 0.0783762
380.387 5.83892 0.082807
380.387 5.90239 0.0869044
380.387 5.96585 0.0906519
380.387 6.02932 0.0940343
380.387 6.09279 0.097038
380.387 6.15625 0.0996512
380.387 6.21972 0.101863
380.387 6.28319 0.103665
381.388 0 -0.0424518
381.388 0.0634665 -0.051794
381.388 0.126933 -0.0609281
381.388 0.1904 -0.0698165
381.388 0.253866 -0.0784236
381.388 0.317333 -0.0867152
381.388 0.380799 -0.0946575
381.388 0.444266 -0.102219
381.388 0.507732 -0.109368
381.388 0.571199 -0.116078
381.388 0.634665 -0.12232
381.388 0.698132 -0.128069
381.388 0.761598 -0.133302
381.388 0.825065 -0.137999
381.388 0.888531 -0.14214
381.388 0.951998 -0.145709
381.388 1.01546 -0.148691
381.388 1.07893 -0.151074
381.388 1.1424 -0.15285
381.388 1.20586 -0.154009
381.388 1.26933 -0.154549
381.388 1.3328 -0.154466
381.388 1.39626 -0.153761
381.388 1.45973 -0.152437
381.388 1.5232 -0.150499
381.388 1.58666 -0.147955
381.388 1.65013 -0.144816
381.388 1.7136 -0.141093
381.388 1.77706 -0.136802
381.388 1.84053 -0.13196
381.388 1.904 -0.126587
381.388 1.96746 -0.120704
381.388 2.03093 -0.114336
381.388 2.0944 -0.107506
381.388 2.15786 -0.100244
381.388 2.22133 -0.0925786
381.388 2.28479 -0.0845401
381.388 2.34826 -0.0761611
381.388 2.41173 -0.0674756
381.388 2.47519 -0.0585182
381.388 2.53866 -0.0493254
381.388 2.60213 -0.0399338
381.388 2.66559 -0.0303814
381.388 2.72906 -0.0207067
381.388 2.79253 -0.0109487
381.388 2.85599 -0.0011465
381.388 2.91946 0.00866019
381.388 2.98293 0.018432
381.388 3.04639 0.0281298
381.388 3.10986 0.0377141
381.388 3.17333 0.047147
381.388 3.23679 0.0563893
381.388 3.30026 0.0654052
381.388 3.36373 0.0741573
381.388 3.42719 0.082611
381.388 3.49066 0.0907321
381.388 3.55413 0.0984878
381.388 3.61759 0.105847
381.388 3.68106 0.11278
381.388 3.74452 0.119259
381.388 3.80799 0.125257
381.388 3.87146 0.130751
381.388 3.93492 0.135719
381.388 3.99839 0.14014
381.388 4.06186 0.143997
381.388 4.12532 0.147274
381.388 4.18879 0.149958
381.388 4.25226 0.152039
381.388 4.31572 0.153507
381.388 4.37919 0.154357
381.388 4.44266 0.154585
381.388 4.50612 0.154191
381.388 4.56959 0.153176
381.388 4.63306 0.151544
381.388 4.69652 0.149302
381.388 4.75999 0.146459
381.388 4.82346 0.143026
381.388 4.88692 0.139017
381.388 4.95039 0.134449
381.388 5.01385 0.129339
381.388 5.07732 0.123708
381.388 5.14079 0.117579
381.388 5.20425 0.110977
381.388 5.26772 0.103928
381.388 5.33119 0.0964601
381.388 5.39465 0.0886039
381.388 5.45812 0.0803912
381.388 5.52159 0.0718546
381.388 5.58505 0.0630287
381.388 5.64852 0.0539491
381.388 5.71199 0.0446521
381.388 5.77545 0.0351752
381.388 5.83892 0.025557
381.388 5.90239 0.0158358
381.388 5.96585 0.00605061
381.388 6.02932 -0.00375887
381.388 6.09279 -0.0135529
381.388 6.15625 -0.0232926
381.388 6.21972 -0.0329388
381.388 6.28319 -0.0424519
382.389 0 0.228975
382.389 0.0634665 0.253765
382.389 0.126933 0.277532
382.389 0.1904 0.300183
382.389 0.253866 0.321624
382.389 0.317333 0.34177
382.389 0.380799 0.360541
382.389 0.444266 0.377859
382.389 0.507732 0.393656
382.389 0.571199 0.407868
382.389 0.634665 0.420437
382.389 0.698132 0.431314
382.389 0.761598 0.440454
382.389 0.825065 0.44782
382.389 0.888531 0.453383
382.389 0.951998 0.45712
382.389 1.01546 0.459017
382.389 1.07893 0.459065
382.389 1.1424 0.457265
382.389 1.20586 0.453624
382.389 1.26933 0.448156
382.389 1.3328 0.440883
382.389 1.39626 0.431835
382.389 1.45973 0.421049
382.389 1.5232 0.408567
382.389 1.58666 0.39444
382.389 1.65013 0.378725
382.389 1.7136 0.361484
382.389 1.77706 0.342788
382.389 1.84053 0.322712
382.389 1.904 0.301336
382.389 1.96746 0.278747
382.389 2.03093 0.255035
382.389 2.0944 0.230297
382.389 2.15786 0.204631
382.389 2.22133 0.178141
382.389 2.28479 0.150934
382.389 2.34826 0.12312
382.389 2.41173 0.0948089
382.389 2.47519 0.0661166
382.389 2.53866 0.037158
382.389 2.60213 0.00804973
382.389 2.66559 -0.0210908
382.389 2.72906 -0.0501464
382.389 2.79253 -0.0790001
382.389 2.85599 -0.107536
382.389 2.91946 -0.135639
382.389 2.98293 -0.163195
382.389 3.04639 -0.190094
382.389 3.10986 -0.216228
382.389 3.17333 -0.241491
382.389 3.23679 -0.265782
382.389 3.30026 -0.289003
382.389 3.36373 -0.31106
382.389 3.42719 -0.331864
382.389 3.49066 -0.351332
382.389 3.55413 -0.369386
382.389 3.61759 -0.385952
382.389 3.68106 -0.400964
382.389 3.74452 -0.414361
382.389 3.80799 -0.42609
382.389 3.87146 -0.436103
382.389 3.93492 -0.44436
382.389 3.99839 -0.450828
382.389 4.06186 -0.455481
382.389 4.12532 -0.458299
382.389 4.18879 -0.459272
382.389 4.25226 -0.458396
382.389 4.31572 -0.455674
382.389 4.37919 -0.451117
382.389 4.44266 -0.444743
382.389 4.50612 -0.436579
382.389 4.56959 -0.426657
382.389 4.63306 -0.415017
382.389 4.69652 -0.401706
382.389 4.75999 -0.386777
382.389 4.82346 -0.37029
382.389 4.88692 -0.352313
382.389 4.95039 -0.332917
382.389 5.01385 -0.312181
382.389 5.07732 -0.290187
382.389 5.14079 -0.267025
382.389 5.20425 -0.242788
382.389 5.26772 -0.217574
382.389 5.33119 -0.191483
382.389 5.39465 -0.164621
382.389 5.45812 -0.137096
382.389 5.52159 -0.109019
382.389 5.58505 -0.0805033
382.389 5.64852 -0.0516634
382.389 5.71199 -0.0226153
382.389 5.77545 0.00652378
382.389 5.83892 0.0356366
382.389 5.90239 0.0646059
382.389 5.96585 0.0933151
382.389 6.02932 0.121649
382.389 6.09279 0.149492
382.389 6.15625 0.176734
382.389 6.21972 0.203264
382.389 6.28319 0.228975
383.39 0 0.0894015
383.39 0.0634665 0.0705324
383.39 0.126933 0.0513793
383.39 0.1904 0.0320195
383.39 0.253866 0.0125305
383.39 0.317333 -0.00700876
383.39 0.380799 -0.0265198
383.39 0.444266 -0.0459244
383.39 0.507732 -0.0651437
383.39 0.571199 -0.0841004
383.39 0.634665 -0.102719
383.39 0.698132 -0.120924
383.39 0.761598 -0.138641
383.39 0.825065 -0.155801
383.39 0.888531 -0.172334
383.39 0.951998 -0.188172
383.39 1.01546 -0.203253
383.39 1.07893 -0.217515
383.39 1.1424 -0.230901
383.39 1.20586 -0.243358
383.39 1.26933 -0.254835
383.39 1.3328 -0.265285
383.39 1.39626 -0.274668
383.39 1.45973 -0.282944
383.39 1.5232 -0.290081
383.39 1.58666 -0.29605
383.39 1.65013 -0.300827
383.39 1.7136 -0.304393
383.39 1.77706 -0.306732
383.39 1.84053 -0.307837
383.39 1.904 -0.307703
383.39 1.96746 -0.306329
383.39 2.03093 -0.303721
383.39 2.0944 -0.299892
383.39 2.15786 -0.294853
383.39 2.22133 -0.288629
383.39 2.28479 -0.281242
383.39 2.34826 -0.272721
383.39 2.41173 -0.263104
383.39 2.47519 -0.252427
383.39 2.53866 -0.240733
383.39 2.60213 -0.22807
383.39 2.66559 -0.214488
383.39 2.72906 -0.200043
383.39 2.79253 -0.184793
383.39 2.85599 -0.168798
383.39 2.91946 -0.152123
383.39 2.98293 -0.134837
383.39 3.04639 -0.117007
383.39 3.10986 -0.0987056
383.39 3.17333 -0.0800072
383.39 3.23679 -0.0609866
383.39 3.30026 -0.0417206
383.39 3.36373 -0.0222862
383.39 3.42719 -0.00276228
383.39 3.49066 0.0167728
383.39 3.55413 0.0362403
383.39 3.61759 0.0555619
383.39 3.68106 0.0746597
383.39 3.74452 0.093457
383.39 3.80799 0.111878
383.39 3.87146 0.129848
383.39 3.93492 0.147296
383.39 3.99839 0.16415
383.39 4.06186 0.180343
383.39 4.12532 0.195811
383.39 4.18879 0.21049
383.39 4.25226 0.224321
383.39 4.31572 0.237249
383.39 4.37919 0.249222
383.39 4.44266 0.260191
383.39 4.50612 0.270112
383.39 4.56959 0.278946
383.39 4.63306 0.286657
383.39 4.69652 0.293213
383.39 4.75999 0.298589
383.39 4.82346 0.302762
383.39 4.88692 0.305716
383.39 4.95039 0.30744
383.39 5.01385 0.307925
383.39 5.07732 0.307171
383.39 5.14079 0.305179
383.39 5.20425 0.301958
383.39 5.26772 0.297522
383.39 5.33119 0.291888
383.39 5.39465 0.285078
383.39 5.45812 0.277121
383.39 5.52159 0.268048
383.39 5.58505 0.257895
383.39 5.64852 0.246704
383.39 5.71199 0.234519
383.39 5.77545 0.22139
383.39 5.83892 0.20737
383.39 5.90239 0.192515
383.39 5.96585 0.176884
383.39 6.02932 0.160542
383.39 6.09279 0.143552
383.39 6.15625 0.125985
383.39 6.21972 0.107911
383.39 6.28319 0.0894015
384.391 0 -0.18583
384.391 0.0634665 -0.155986
384.391 0.126933 -0.125513
384.391 0.1904 -0.0945359
384.391 0.253866 -0.0631778
384.391 0.317333 -0.031565
384.391 0.380799 0.000174791
384.391 0.444266 0.0319139
384.391 0.507732 0.0635245
384.391 0.571199 0.0948793
384.391 0.634665 0.125852
384.391 0.698132 0.156318
384.391 0.761598 0.186155
384.391 0.825065 0.215242
384.391 0.888531 0.243462
384.391 0.951998 0.270702
384.391 1.01546 0.296852
384.391 1.07893 0.321806
384.391 1.1424 0.345465
384.391 1.20586 0.367732
384.391 1.26933 0.38852
384.391 1.3328 0.407742
384.391 1.39626 0.425323
384.391 1.45973 0.441191
384.391 1.5232 0.455283
384.391 1.58666 0.467541
384.391 1.65013 0.477917
384.391 1.7136 0.486368
384.391 1.77706 0.492861
384.391 1.84053 0.497369
384.391 1.904 0.499875
384.391 1.96746 0.500367
384.391 2.03093 0.498846
384.391 2.0944 0.495315
384.391 2.15786 0.48979
384.391 2.22133 0.482292
384.391 2.28479 0.472853
384.391 2.34826 0.461509
384.391 2.41173 0.448307
384.391 2.47519 0.4333
384.391 2.53866 0.416549
384.391 2.60213 0.39812
384.391 2.66559 0.378088
384.391 2.72906 0.356533
384.391 2.79253 0.333543
384.391 2.85599 0.30921
384.391 2.91946 0.283631
384.391 2.98293 0.256911
384.391 3.04639 0.229156
384.391 3.10986 0.200479
384.391 3.17333 0.170994
384.391 3.23679 0.14082
384.391 3.30026 0.11008
384.391 3.36373 0.0788963
384.391 3.42719 0.0473952
384.391 3.49066 0.015703
384.391 3.55413 -0.0160525
384.391 3.61759 -0.0477433
384.391 3.68106 -0.079242
384.391 3.74452 -0.110421
384.391 3.80799 -0.141156
384.391 3.87146 -0.171322
384.391 3.93492 -0.200799
384.391 3.99839 -0.229467
384.391 4.06186 -0.257211
384.391 4.12532 -0.283919
384.391 4.18879 -0.309485
384.391 4.25226 -0.333804
384.391 4.31572 -0.356779
384.391 4.37919 -0.378317
384.391 4.44266 -0.398331
384.391 4.50612 -0.416742
384.391 4.56959 -0.433475
384.391 4.63306 -0.448463
384.391 4.69652 -0.461644
384.391 4.75999 -0.472967
384.391 4.82346 -0.482385
384.391 4.88692 -0.489861
384.391 4.95039 -0.495365
384.391 5.01385 -0.498874
384.391 5.07732 -0.500373
384.391 5.14079 -0.499858
384.391 5.20425 -0.49733
384.391 5.26772 -0.4928
384.391 5.33119 -0.486286
384.391 5.39465 -0.477813
384.391 5.45812 -0.467416
384.391 5.52159 -0.455137
384.391 5.58505 -0.441026
384.391 5.64852 -0.425139
384.391 5.71199 -0.407539
384.391 5.77545 -0.388299
384.391 5.83892 -0.367495
384.391 5.90239 -0.345212
384.391 5.96585 -0.321538
384.391 6.02932 -0.29657
384.391 6.09279 -0.270408
384.391 6.15625 -0.243156
384.391 6.21972 -0.214925
384.391 6.28319 -0.18583
385.392 0 -0.151774
385.392 0.0634665 -0.135247
385.392 0.126933 -0.118174
385.392 0.1904 -0.100626
385.392 0.253866 -0.0826723
385.392 0.317333 -0.0643861
385.392 0.380799 -0.0458404
385.392 0.444266 -0.0271102
385.392 0.507732 -0.00827088
385.392 0.571199 0.0106018
385.392 0.634665 0.0294318
385.392 0.698132 0.0481432
385.392 0.761598 0.0666607
385.392 0.825065 0.0849098
385.392 0.888531 0.102817
385.392 0.951998 0.12031
385.392 1.01546 0.137319
385.392 1.07893 0.153775
385.392 1.1424 0.169612
385.392 1.20586 0.184766
385.392 1.26933 0.199175
385.392 1.3328 0.212783
385.392 1.39626 0.225534
385.392 1.45973 0.237377
385.392 1.5232 0.248264
385.392 1.58666 0.258151
385.392 1.65013 0.266999
385.392 1.7136 0.274771
385.392 1.77706 0.281438
385.392 1.84053 0.28697
385.392 1.904 0.291348
385.392 1.96746 0.294553
385.392 2.03093 0.296571
385.392 2.0944 0.297395
385.392 2.15786 0.297021
385.392 2.22133 0.295452
385.392 2.28479 0.292693
385.392 2.34826 0.288755
385.392 2.41173 0.283655
385.392 2.47519 0.277412
385.392 2.53866 0.270053
385.392 2.60213 0.261606
385.392 2.66559 0.252105
385.392 2.72906 0.24159
385.392 2.79253 0.230101
385.392 2.85599 0.217687
385.392 2.91946 0.204395
385.392 2.98293 0.190281
385.392 3.04639 0.1754
385.392 3.10986 0.159813
385.392 3.17333 0.143583
385.392 3.23679 0.126774
385.392 3.30026 0.109455
385.392 3.36373 0.0916953
385.392 3.42719 0.0735662
385.392 3.49066 0.055141
385.392 3.55413 0.0364939
385.392 3.61759 0.0176995
385.392 3.68106 -0.00116605
385.392 3.74452 -0.0200267
385.392 3.80799 -0.0388069
385.392 3.87146 -0.0574308
385.392 3.93492 -0.0758233
385.392 3.99839 -0.0939108
385.392 4.06186 -0.11162
385.392 4.12532 -0.12888
385.392 4.18879 -0.14562
385.392 4.25226 -0.161775
385.392 4.31572 -0.177278
385.392 4.37919 -0.192067
385.392 4.44266 -0.206083
385.392 4.50612 -0.219269
385.392 4.56959 -0.231572
385.392 4.63306 -0.242942
385.392 4.69652 -0.253335
385.392 4.75999 -0.262707
385.392 4.82346 -0.271021
385.392 4.88692 -0.278245
385.392 4.95039 -0.284347
385.392 5.01385 -0.289305
385.392 5.07732 -0.293098
385.392 5.14079 -0.295711
385.392 5.20425 -0.297132
385.392 5.26772 -0.297358
385.392 5.33119 -0.296386
385.392 5.39465 -0.294221
385.392 5.45812 -0.29087
385.392 5.52159 -0.286349
385.392 5.58505 -0.280675
385.392 5.64852 -0.27387
385.392 5.71199 -0.265963
385.392 5.77545 -0.256985
385.392 5.83892 -0.246972
385.392 5.90239 -0.235964
385.392 5.96585 -0.224007
385.392 6.02932 -0.211147
385.392 6.09279 -0.197437
385.392 6.15625 -0.182932
385.392 6.21972 -0.167691
385.392 6.28319 -0.151774
386.393 0 -0.00887365
386.393 0.0634665 -0.0115646
386.393 0.126933 -0.0142089
386.393 0.1904 -0.0167962
386.393 0.253866 -0.0193156
386.393 0.317333 -0.0217572
386.393 0.380799 -0.0241114
386.393 0.444266 -0.0263684
386.393 0.507732 -0.0285192
386.393 0.571199 -0.0305552
386.393 0.634665 -0.0324681
386.393 0.698132 -0.0342505
386.393 0.761598 -0.0358947
386.393 0.825065 -0.0373944
386.393 0.888531 -0.0387436
386.393 0.951998 -0.0399369
386.393 1.01546 -0.0409693
386.393 1.07893 -0.0418366
386.393 1.1424 -0.0425355
386.393 1.20586 -0.0430632
386.393 1.26933 -0.0434174
386.393 1.3328 -0.0435971
386.393 1.39626 -0.0436009
386.393 1.45973 -0.0434292
386.393 1.5232 -0.0430826
386.393 1.58666 -0.0425627
386.393 1.65013 -0.0418712
386.393 1.7136 -0.0410112
386.393 1.77706 -0.0399861
386.393 1.84053 -0.0387999
386.393 1.904 -0.0374574
386.393 1.96746 -0.0359643
386.393 2.03093 -0.0343264
386.393 2.0944 -0.0325501
386.393 2.15786 -0.0306426
386.393 2.22133 -0.0286119
386.393 2.28479 -0.0264662
386.393 2.34826 -0.0242135
386.393 2.41173 -0.0218637
386.393 2.47519 -0.0194257
386.393 2.53866 -0.0169093
386.393 2.60213 -0.0143249
386.393 2.66559 -0.0116829
386.393 2.72906 -0.00899397
386.393 2.79253 -0.00626858
386.393 2.85599 -0.00351806
386.393 2.91946 -0.000753531
386.393 2.98293 0.00201418
386.393 3.04639 0.00477385
386.393 3.10986 0.00751418
386.393 3.17333 0.0102243
386.393 3.23679 0.0128933
386.393 3.30026 0.0155103
386.393 3.36373 0.0180649
386.393 3.42719 0.0205467
386.393 3.49066 0.0229458
386.393 3.55413 0.0252525
386.393 3.61759 0.0274575
386.393 3.68106 0.0295521
386.393 3.74452 0.0315275
386.393 3.80799 0.033376
386.393 3.87146 0.0350902
386.393 3.93492 0.036663
386.393 3.99839 0.0380883
386.393 4.06186 0.0393601
386.393 4.12532 0.0404734
386.393 4.18879 0.0414238
386.393 4.25226 0.0422074
386.393 4.31572 0.042821
386.393 4.37919 0.0432621
386.393 4.44266 0.0435291
386.393 4.50612 0.0436209
386.393 4.56959 0.043537
386.393 4.63306 0.0432777
386.393 4.69652 0.0428443
386.393 4.75999 0.0422381
386.393 4.82346 0.0414621
386.393 4.88692 0.0405191
386.393 4.95039 0.0394127
386.393 5.01385 0.0381479
386.393 5.07732 0.0367294
386.393 5.14079 0.035163
386.393 5.20425 0.0334549
386.393 5.26772 0.0316122
386.393 5.33119 0.0296423
386.393 5.39465 0.0275529
386.393 5.45812 0.0253527
386.393 5.52159 0.0230501
386.393 5.58505 0.0206549
386.393 5.64852 0.0181766
386.393 5.71199 0.015625
386.393 5.77545 0.0130105
386.393 5.83892 0.0103437
386.393 5.90239 0.00763509
386.393 5.96585 0.00489583
386.393 6.02932 0.00213681
386.393 6.09279 -0.000630826
386.393 6.15625 -0.00339587
386.393 6.21972 -0.00614712
386.393 6.28319 -0.00887379
387.394 0 -0.0288629
387.394 0.0634665 -0.0172324
387.394 0.126933 -0.00553248
387.394 0.1904 0.00618962
387.394 0.253866 0.0178869
387.394 0.317333 0.0295122
387.394 0.380799 0.0410186
387.394 0.444266 0.0523599
387.394 0.507732 0.0634902
387.394 0.571199 0.074365
387.394 0.634665 0.0849403
387.394 0.698132 0.0951736
387.394 0.761598 0.105024
387.394 0.825065 0.114451
387.394 0.888531 0.123417
387.394 0.951998 0.131886
387.394 1.01546 0.139825
387.394 1.07893 0.1472
387.394 1.1424 0.153983
387.394 1.20586 0.160145
387.394 1.26933 0.165663
387.394 1.3328 0.170513
387.394 1.39626 0.174677
387.394 1.45973 0.178138
387.394 1.5232 0.180881
387.394 1.58666 0.182896
387.394 1.65013 0.184175
387.394 1.7136 0.184712
387.394 1.77706 0.184505
387.394 1.84053 0.183555
387.394 1.904 0.181866
387.394 1.96746 0.179445
387.394 2.03093 0.176301
387.394 2.0944 0.172448
387.394 2.15786 0.167899
387.394 2.22133 0.162675
387.394 2.28479 0.156796
387.394 2.34826 0.150286
387.394 2.41173 0.14317
387.394 2.47519 0.135478
387.394 2.53866 0.12724
387.394 2.60213 0.11849
387.394 2.66559 0.109263
387.394 2.72906 0.0995959
387.394 2.79253 0.0895278
387.394 2.85599 0.0790991
387.394 2.91946 0.068352
387.394 2.98293 0.0573295
387.394 3.04639 0.0460762
387.394 3.10986 0.0346376
387.394 3.17333 0.0230593
387.394 3.23679 0.0113882
387.394 3.30026 -0.0003287
387.394 3.36373 -0.0120442
387.394 3.42719 -0.0237115
387.394 3.49066 -0.0352831
387.394 3.55413 -0.0467129
387.394 3.61759 -0.0579541
387.394 3.68106 -0.0689624
387.394 3.74452 -0.0796926
387.394 3.80799 -0.0901022
387.394 3.87146 -0.100149
387.394 3.93492 -0.109792
387.394 3.99839 -0.118994
387.394 4.06186 -0.127716
387.394 4.12532 -0.135924
387.394 4.18879 -0.143585
387.394 4.25226 -0.150667
387.394 4.31572 -0.157143
387.394 4.37919 -0.162986
387.394 4.44266 -0.168173
387.394 4.50612 -0.172682
387.394 4.56959 -0.176497
387.394 4.63306 -0.1796
387.394 4.69652 -0.18198
387.394 4.75999 -0.183628
387.394 4.82346 -0.184536
387.394 4.88692 -0.184701
387.394 4.95039 -0.184123
387.394 5.01385 -0.182803
387.394 5.07732 -0.180747
387.394 5.14079 -0.177963
387.394 5.20425 -0.174462
387.394 5.26772 -0.170259
387.394 5.33119 -0.165371
387.394 5.39465 -0.159816
387.394 5.45812 -0.153618
387.394 5.52159 -0.146802
387.394 5.58505 -0.139394
387.394 5.64852 -0.131425
387.394 5.71199 -0.122927
387.394 5.77545 -0.113934
387.394 5.83892 -0.104482
387.394 5.90239 -0.0946095
387.394 5.96585 -0.0843559
387.394 6.02932 -0.0737626
387.394 6.09279 -0.0628725
387.394 6.15625 -0.0517289
387.394 6.21972 -0.0403771
387.394 6.28319 -0.0288629
388.395 0 0.0425146
388.395 0.0634665 0.0268161
388.395 0.126933 0.0110097
388.395 0.1904 -0.00484108
388.395 0.253866 -0.0206723
388.395 0.317333 -0.0364205
388.395 0.380799 -0.0520218
388.395 0.444266 -0.0674137
388.395 0.507732 -0.0825342
388.395 0.571199 -0.0973223
388.395 0.634665 -0.111719
388.395 0.698132 -0.125665
388.395 0.761598 -0.139105
388.395 0.825065 -0.151986
388.395 0.888531 -0.164254
388.395 0.951998 -0.175861
388.395 1.01546 -0.186759
388.395 1.07893 -0.196906
388.395 1.1424 -0.20626
388.395 1.20586 -0.214784
388.395 1.26933 -0.222442
388.395 1.3328 -0.229205
388.395 1.39626 -0.235045
388.395 1.45973 -0.239938
388.395 1.5232 -0.243865
388.395 1.58666 -0.24681
388.395 1.65013 -0.248762
388.395 1.7136 -0.249712
388.395 1.77706 -0.249656
388.395 1.84053 -0.248595
388.395 1.904 -0.246533
388.395 1.96746 -0.243478
388.395 2.03093 -0.239443
388.395 2.0944 -0.234444
388.395 2.15786 -0.228501
388.395 2.22133 -0.221637
388.395 2.28479 -0.213882
388.395 2.34826 -0.205265
388.395 2.41173 -0.195821
388.395 2.47519 -0.185589
388.395 2.53866 -0.17461
388.395 2.60213 -0.162927
388.395 2.66559 -0.150589
388.395 2.72906 -0.137644
388.395 2.79253 -0.124145
388.395 2.85599 -0.110146
388.395 2.91946 -0.0957033
388.395 2.98293 -0.0808754
388.395 3.04639 -0.0657217
388.395 3.10986 -0.0503035
388.395 3.17333 -0.0346828
388.395 3.23679 -0.0189225
388.395 3.30026 -0.00308588
388.395 3.36373 0.0127632
388.395 3.42719 0.0285607
388.395 3.49066 0.0442434
388.395 3.55413 0.0597479
388.395 3.61759 0.0750117
388.395 3.68106 0.0899735
388.395 3.74452 0.104573
388.395 3.80799 0.118752
388.395 3.87146 0.132452
388.395 3.93492 0.145619
388.395 3.99839 0.158199
388.395 4.06186 0.170143
388.395 4.12532 0.181401
388.395 4.18879 0.191929
388.395 4.25226 0.201685
388.395 4.31572 0.210628
388.395 4.37919 0.218723
388.395 4.44266 0.225937
388.395 4.50612 0.232242
388.395 4.56959 0.237611
388.395 4.63306 0.242023
388.395 4.69652 0.245461
388.395 4.75999 0.247911
388.395 4.82346 0.249362
388.395 4.88692 0.24981
388.395 4.95039 0.249251
388.395 5.01385 0.247689
388.395 5.07732 0.245129
388.395 5.14079 0.241582
388.395 5.20425 0.237063
388.395 5.26772 0.231589
388.395 5.33119 0.225183
388.395 5.39465 0.21787
388.395 5.45812 0.209679
388.395 5.52159 0.200644
388.395 5.58505 0.190801
388.395 5.64852 0.18019
388.395 5.71199 0.168853
388.395 5.77545 0.156837
388.395 5.83892 0.144189
388.395 5.90239 0.13096
388.395 5.96585 0.117204
388.395 6.02932 0.102976
388.395 6.09279 0.0883337
388.395 6.15625 0.0733353
388.395 6.21972 0.0580418
388.395 6.28319 0.0425145
389.396 0 -0.27802
389.396 0.0634665 -0.256553
389.396 0.126933 -0.234054
389.396 0.1904 -0.210612
389.396 0.253866 -0.186322
389.396 0.317333 -0.161282
389.396 0.380799 -0.135593
389.396 0.444266 -0.109357
389.396 0.507732 -0.0826811
389.396 0.571199 -0.0556723
389.396 0.634665 -0.0284394
389.396 0.698132 -0.00109187
389.396 0.761598 0.02626
389.396 0.825065 0.0535062
389.396 0.888531 0.080537
389.396 0.951998 0.107243
389.396 1.01546 0.133518
389.396 1.07893 0.159255
389.396 1.1424 0.18435
389.396 1.20586 0.208704
389.396 1.26933 0.232217
389.396 1.3328 0.254795
389.396 1.39626 0.276347
389.396 1.45973 0.296786
389.396 1.5232 0.31603
389.396 1.58666 0.334002
389.396 1.65013 0.350629
389.396 1.7136 0.365843
389.396 1.77706 0.379585
389.396 1.84053 0.391798
389.396 1.904 0.402434
389.396 1.96746 0.411449
389.396 2.03093 0.418808
389.396 2.0944 0.42448
389.396 2.15786 0.428442
389.396 2.22133 0.43068
389.396 2.28479 0.431184
389.396 2.34826 0.429951
389.396 2.41173 0.426987
389.396 2.47519 0.422303
389.396 2.53866 0.415919
389.396 2.60213 0.407861
389.396 2.66559 0.39816
389.396 2.72906 0.386856
389.396 2.79253 0.373994
389.396 2.85599 0.359626
389.396 2.91946 0.34381
389.396 2.98293 0.326609
389.396 3.04639 0.308094
389.396 3.10986 0.288338
389.396 3.17333 0.267421
389.396 3.23679 0.245427
389.396 3.30026 0.222445
389.396 3.36373 0.198567
389.396 3.42719 0.17389
389.396 3.49066 0.148512
389.396 3.55413 0.122536
389.396 3.61759 0.0960674
389.396 3.68106 0.0692115
389.396 3.74452 0.042077
389.396 3.80799 0.0147731
389.396 3.87146 -0.0125905
389.396 3.93492 -0.0399032
389.396 3.99839 -0.0670553
389.396 4.06186 -0.0939373
389.396 4.12532 -0.120441
389.396 4.18879 -0.14646
389.396 4.25226 -0.171889
389.396 4.31572 -0.196626
389.396 4.37919 -0.220572
389.396 4.44266 -0.243629
389.396 4.50612 -0.265704
389.396 4.56959 -0.28671
389.396 4.63306 -0.306563
389.396 4.69652 -0.32518
389.396 4.75999 -0.342488
389.396 4.82346 -0.358417
389.396 4.88692 -0.372902
389.396 4.95039 -0.385886
389.396 5.01385 -0.397316
389.396 5.07732 -0.407146
389.396 5.14079 -0.415338
389.396 5.20425 -0.421856
389.396 5.26772 -0.426676
389.396 5.33119 -0.429778
389.396 5.39465 -0.431149
389.396 5.45812 -0.430784
389.396 5.52159 -0.428684
389.396 5.58505 -0.424859
389.396 5.64852 -0.419322
389.396 5.71199 -0.412097
389.396 5.77545 -0.403213
389.396 5.83892 -0.392705
389.396 5.90239 -0.380616
389.396 5.96585 -0.366995
389.396 6.02932 -0.351895
389.396 6.09279 -0.335379
389.396 6.15625 -0.317512
389.396 6.21972 -0.298366
389.396 6.28319 -0.27802
390.396 0 -0.0809956
390.396 0.0634665 -0.0888877
390.396 0.126933 -0.0964218
390.396 0.1904 -0.103568
390.396 0.253866 -0.110297
390.396 0.317333 -0.116581
390.396 0.380799 -0.122397
390.396 0.444266 -0.127719
390.396 0.507732 -0.132527
390.396 0.571199 -0.136802
390.396 0.634665 -0.140525
390.396 0.698132 -0.143683
390.396 0.761598 -0.146262
390.396 0.825065 -0.148253
390.396 0.888531 -0.149646
390.396 0.951998 -0.150437
390.396 1.01546 -0.150622
390.396 1.07893 -0.1502
390.396 1.1424 -0.149174
390.396 1.20586 -0.147547
390.396 1.26933 -0.145326
390.396 1.3328 -0.14252
390.396 1.39626 -0.13914
390.396 1.45973 -0.135199
390.396 1.5232 -0.130715
390.396 1.58666 -0.125703
390.396 1.65013 -0.120186
390.396 1.7136 -0.114185
390.396 1.77706 -0.107724
390.396 1.84053 -0.100829
390.396 1.904 -0.0935283
390.396 1.96746 -0.0858509
390.396 2.03093 -0.0778278
390.396 2.0944 -0.0694913
390.396 2.15786 -0.060875
390.396 2.22133 -0.0520136
390.396 2.28479 -0.0429428
390.396 2.34826 -0.0336989
390.396 2.41173 -0.0243194
390.396 2.47519 -0.0148421
390.396 2.53866 -0.00530486
390.396 2.60213 0.00425369
390.396 2.66559 0.013795
390.396 2.72906 0.0232807
390.396 2.79253 0.0326729
390.396 2.85599 0.0419335
390.396 2.91946 0.0510251
390.396 2.98293 0.0599114
390.396 3.04639 0.0685564
390.396 3.10986 0.0769253
390.396 3.17333 0.0849845
390.396 3.23679 0.0927014
390.396 3.30026 0.100045
390.396 3.36373 0.106986
390.396 3.42719 0.113496
390.396 3.49066 0.119549
390.396 3.55413 0.125121
390.396 3.61759 0.130189
390.396 3.68106 0.134732
390.396 3.74452 0.138733
390.396 3.80799 0.142176
390.396 3.87146 0.145046
390.396 3.93492 0.147332
390.396 3.99839 0.149024
390.396 4.06186 0.150117
390.396 4.12532 0.150605
390.396 4.18879 0.150487
390.396 4.25226 0.149763
390.396 4.31572 0.148435
390.396 4.37919 0.14651
390.396 4.44266 0.143996
390.396 4.50612 0.140901
390.396 4.56959 0.137239
390.396 4.63306 0.133024
390.396 4.69652 0.128274
390.396 4.75999 0.123007
390.396 4.82346 0.117245
390.396 4.88692 0.11101
390.396 4.95039 0.104329
390.396 5.01385 0.0972275
390.396 5.07732 0.0897347
390.396 5.14079 0.0818804
390.396 5.20425 0.0736964
390.396 5.26772 0.065216
390.396 5.33119 0.0564726
390.396 5.39465 0.0475021
390.396 5.45812 0.0383402
390.396 5.52159 0.0290239
390.396 5.58505 0.0195907
390.396 5.64852 0.0100787
390.396 5.71199 0.00052595
390.396 5.77545 -0.00902882
390.396 5.83892 -0.0185472
390.396 5.90239 -0.0279909
390.396 5.96585 -0.037322
390.396 6.02932 -0.0465027
390.396 6.09279 -0.0554963
390.396 6.15625 -0.0642662
390.396 6.21972 -0.0727775
390.396 6.28319 -0.0809956
391.397 0 -0.0550334
391.397 0.0634665 -0.0461541
391.397 0.126933 -0.0370889
391.397 0.1904 -0.0278744
391.397 0.253866 -0.0185475
391.397 0.317333 -0.00914605
391.397 0.380799 0.000292437
391.397 0.444266 0.0097295
391.397 0.507732 0.0191273
391.397 0.571199 0.0284484
391.397 0.634665 0.0376547
391.397 0.698132 0.0467095
391.397 0.761598 0.0555764
391.397 0.825065 0.064219
391.397 0.888531 0.0726034
391.397 0.951998 0.0806953
391.397 1.01546 0.0884625
391.397 1.07893 0.0958731
391.397 1.1424 0.102898
391.397 1.20586 0.109508
391.397 1.26933 0.115678
391.397 1.3328 0.121382
391.397 1.39626 0.126597
391.397 1.45973 0.131302
391.397 1.5232 0.135478
391.397 1.58666 0.139109
391.397 1.65013 0.14218
391.397 1.7136 0.144678
391.397 1.77706 0.146594
391.397 1.84053 0.147919
391.397 1.904 0.148649
391.397 1.96746 0.148781
391.397 2.03093 0.148313
391.397 2.0944 0.147248
391.397 2.15786 0.14559
391.397 2.22133 0.143346
391.397 2.28479 0.140524
391.397 2.34826 0.137137
391.397 2.41173 0.133198
391.397 2.47519 0.128722
391.397 2.53866 0.123728
391.397 2.60213 0.118235
391.397 2.66559 0.112267
391.397 2.72906 0.105847
391.397 2.79253 0.0990001
391.397 2.85599 0.0917547
391.397 2.91946 0.0841401
391.397 2.98293 0.0761864
391.397 3.04639 0.0679262
391.397 3.10986 0.0593922
391.397 3.17333 0.0506193
391.397 3.23679 0.0416425
391.397 3.30026 0.032498
391.397 3.36373 0.0232225
391.397 3.42719 0.0138537
391.397 3.49066 0.00442911
391.397 3.55413 -0.0050135
391.397 3.61759 -0.0144355
391.397 3.68106 -0.0238
391.397 3.74452 -0.0330681
391.397 3.80799 -0.0422035
391.397 3.87146 -0.0511687
391.397 3.93492 -0.059928
391.397 3.99839 -0.0684459
391.397 4.06186 -0.0766881
391.397 4.12532 -0.0846216
391.397 4.18879 -0.0922144
391.397 4.25226 -0.0994357
391.397 4.31572 -0.106257
391.397 4.37919 -0.11265
391.397 4.44266 -0.11859
391.397 4.50612 -0.124052
391.397 4.56959 -0.129014
391.397 4.63306 -0.133457
391.397 4.69652 -0.137363
391.397 4.75999 -0.140716
391.397 4.82346 -0.143501
391.397 4.88692 -0.145709
391.397 4.95039 -0.147331
391.397 5.01385 -0.148359
391.397 5.07732 -0.14879
391.397 5.14079 -0.148622
391.397 5.20425 -0.147855
391.397 5.26772 -0.146493
391.397 5.33119 -0.144541
391.397 5.39465 -0.142006
391.397 5.45812 -0.138901
391.397 5.52159 -0.135236
391.397 5.58505 -0.131026
391.397 5.64852 -0.126288
391.397 5.71199 -0.121043
391.397 5.77545 -0.115309
391.397 5.83892 -0.109112
391.397 5.90239 -0.102475
391.397 5.96585 -0.0954256
391.397 6.02932 -0.0879917
391.397 6.09279 -0.0802037
391.397 6.15625 -0.0720926
391.397 6.21972 -0.0636913
391.397 6.28319 -0.0550334
392.398 0 0.287559
392.398 0.0634665 0.277871
392.398 0.126933 0.267063
392.398 0.1904 0.255181
392.398 0.253866 0.24227
392.398 0.317333 0.228385
392.398 0.380799 0.21358
392.398 0.444266 0.197914
392.398 0.507732 0.181452
392.398 0.571199 0.164259
392.398 0.634665 0.146405
392.398 0.698132 0.127961
392.398 0.761598 0.109002
392.398 0.825065 0.0896038
392.398 0.888531 0.0698451
392.398 0.951998 0.0498051
392.398 1.01546 0.0295645
392.398 1.07893 0.00920497
392.398 1.1424 -0.0111918
392.398 1.20586 -0.0315435
392.398 1.26933 -0.0517681
392.398 1.3328 -0.0717843
392.398 1.39626 -0.0915115
392.398 1.45973 -0.11087
392.398 1.5232 -0.129782
392.398 1.58666 -0.148172
392.398 1.65013 -0.165965
392.398 1.7136 -0.18309
392.398 1.77706 -0.199477
392.398 1.84053 -0.215061
392.398 1.904 -0.22978
392.398 1.96746 -0.243573
392.398 2.03093 -0.256385
392.398 2.0944 -0.268165
392.398 2.15786 -0.278865
392.398 2.22133 -0.288442
392.398 2.28479 -0.296857
392.398 2.34826 -0.304078
392.398 2.41173 -0.310074
392.398 2.47519 -0.314821
392.398 2.53866 -0.318301
392.398 2.60213 -0.320499
392.398 2.66559 -0.321407
392.398 2.72906 -0.32102
392.398 2.79253 -0.319341
392.398 2.85599 -0.316375
392.398 2.91946 -0.312136
392.398 2.98293 -0.30664
392.398 3.04639 -0.29991
392.398 3.10986 -0.291971
392.398 3.17333 -0.282857
392.398 3.23679 -0.272604
392.398 3.30026 -0.261253
392.398 3.36373 -0.248851
392.398 3.42719 -0.235446
392.398 3.49066 -0.221094
392.398 3.55413 -0.20585
392.398 3.61759 -0.189779
392.398 3.68106 -0.172943
392.398 3.74452 -0.15541
392.398 3.80799 -0.137252
392.398 3.87146 -0.118541
392.398 3.93492 -0.099353
392.398 3.99839 -0.0797646
392.398 4.06186 -0.0598552
392.398 4.12532 -0.0397049
392.398 4.18879 -0.0193945
392.398 4.25226 0.000994056
392.398 4.31572 0.0213785
392.398 4.37919 0.0416768
392.398 4.44266 0.0618071
392.398 4.50612 0.0816888
392.398 4.56959 0.101242
392.398 4.63306 0.120387
392.398 4.69652 0.139047
392.398 4.75999 0.157147
392.398 4.82346 0.174615
392.398 4.88692 0.19138
392.398 4.95039 0.207373
392.398 5.01385 0.222532
392.398 5.07732 0.236795
392.398 5.14079 0.250104
392.398 5.20425 0.262407
392.398 5.26772 0.273653
392.398 5.33119 0.283796
392.398 5.39465 0.292798
392.398 5.45812 0.300619
392.398 5.52159 0.307231
392.398 5.58505 0.312606
392.398 5.64852 0.316721
392.398 5.71199 0.319561
392.398 5.77545 0.321115
392.398 5.83892 0.321375
392.398 5.90239 0.320341
392.398 5.96585 0.318018
392.398 6.02932 0.314414
392.398 6.09279 0.309544
392.398 6.15625 0.303428
392.398 6.21972 0.296089
392.398 6.28319 0.287559
393.399 0 -0.282039
393.399 0.0634665 -0.286136
393.399 0.126933 -0.289082
393.399 0.1904 -0.290863
393.399 0.253866 -0.291472
393.399 0.317333 -0.290909
393.399 0.380799 -0.289174
393.399 0.444266 -0.286274
393.399 0.507732 -0.282222
393.399 0.571199 -0.277033
393.399 0.634665 -0.270729
393.399 0.698132 -0.263335
393.399 0.761598 -0.25488
393.399 0.825065 -0.245399
393.399 0.888531 -0.23493
393.399 0.951998 -0.223515
393.399 1.01546 -0.211199
393.399 1.07893 -0.198034
393.399 1.1424 -0.184071
393.399 1.20586 -0.169367
393.399 1.26933 -0.153981
393.399 1.3328 -0.137974
393.399 1.39626 -0.121413
393.399 1.45973 -0.104362
393.399 1.5232 -0.0868911
393.399 1.58666 -0.0690705
393.399 1.65013 -0.0509718
393.399 1.7136 -0.0326676
393.399 1.77706 -0.014232
393.399 1.84053 0.00426089
393.399 1.904 0.0227365
393.399 1.96746 0.041121
393.399 2.03093 0.0593395
393.399 2.0944 0.0773191
393.399 2.15786 0.0949876
393.399 2.22133 0.112273
393.399 2.28479 0.129107
393.399 2.34826 0.145421
393.399 2.41173 0.16115
393.399 2.47519 0.176229
393.399 2.53866 0.190599
393.399 2.60213 0.204201
393.399 2.66559 0.216982
393.399 2.72906 0.228888
393.399 2.79253 0.239873
393.399 2.85599 0.249892
393.399 2.91946 0.258904
393.399 2.98293 0.266875
393.399 3.04639 0.27377
393.399 3.10986 0.279563
393.399 3.17333 0.284231
393.399 3.23679 0.287754
393.399 3.30026 0.290118
393.399 3.36373 0.291314
393.399 3.42719 0.291337
393.399 3.49066 0.290187
393.399 3.55413 0.287869
393.399 3.61759 0.284391
393.399 3.68106 0.279768
393.399 3.74452 0.274019
393.399 3.80799 0.267166
393.399 3.87146 0.259237
393.399 3.93492 0.250265
393.399 3.99839 0.240285
393.399 4.06186 0.229337
393.399 4.12532 0.217467
393.399 4.18879 0.20472
393.399 4.25226 0.191149
393.399 4.31572 0.176808
393.399 4.37919 0.161755
393.399 4.44266 0.146051
393.399 4.50612 0.129759
393.399 4.56959 0.112945
393.399 4.63306 0.095675
393.399 4.69652 0.0780204
393.399 4.75999 0.0600516
393.399 4.82346 0.0418412
393.399 4.88692 0.0234617
393.399 4.95039 0.0049881
393.399 5.01385 -0.0135056
393.399 5.07732 -0.0319448
393.399 5.14079 -0.0502555
393.399 5.20425 -0.0683639
393.399 5.26772 -0.086197
393.399 5.33119 -0.103683
393.399 5.39465 -0.120751
393.399 5.45812 -0.137333
393.399 5.52159 -0.153363
393.399 5.58505 -0.168774
393.399 5.64852 -0.183506
393.399 5.71199 -0.1975
393.399 5.77545 -0.210698
393.399 5.83892 -0.223047
393.399 5.90239 -0.234498
393.399 5.96585 -0.245006
393.399 6.02932 -0.254526
393.399 6.09279 -0.263022
393.399 6.15625 -0.270458
393.399 6.21972 -0.276806
393.399 6.28319 -0.282039
394.4 0 -0.431818
394.4 0.0634665 -0.439979
394.4 0.126933 -0.446369
394.4 0.1904 -0.450961
394.4 0.253866 -0.453737
394.4 0.317333 -0.454686
394.4 0.380799 -0.453805
394.4 0.444266 -0.451096
394.4 0.507732 -0.446571
394.4 0.571199 -0.440247
394.4 0.634665 -0.432151
394.4 0.698132 -0.422314
394.4 0.761598 -0.410778
394.4 0.825065 -0.397587
394.4 0.888531 -0.382795
394.4 0.951998 -0.366462
394.4 1.01546 -0.348653
394.4 1.07893 -0.32944
394.4 1.1424 -0.308901
394.4 1.20586 -0.287118
394.4 1.26933 -0.264179
394.4 1.3328 -0.240175
394.4 1.39626 -0.215206
394.4 1.45973 -0.189369
394.4 1.5232 -0.16277
394.4 1.58666 -0.135515
394.4 1.65013 -0.107715
394.4 1.7136 -0.0794809
394.4 1.77706 -0.0509269
394.4 1.84053 -0.0221678
394.4 1.904 0.0066806
394.4 1.96746 0.035502
394.4 2.03093 0.0641804
394.4 2.0944 0.0926006
394.4 2.15786 0.120648
394.4 2.22133 0.148209
394.4 2.28479 0.175174
394.4 2.34826 0.201433
394.4 2.41173 0.226881
394.4 2.47519 0.251416
394.4 2.53866 0.274938
394.4 2.60213 0.297353
394.4 2.66559 0.318571
394.4 2.72906 0.338506
394.4 2.79253 0.357078
394.4 2.85599 0.374212
394.4 2.91946 0.389839
394.4 2.98293 0.403897
394.4 3.04639 0.416328
394.4 3.10986 0.427083
394.4 3.17333 0.436118
394.4 3.23679 0.443397
394.4 3.30026 0.448891
394.4 3.36373 0.452577
394.4 3.42719 0.45444
394.4 3.49066 0.454474
394.4 3.55413 0.452678
394.4 3.61759 0.449059
394.4 3.68106 0.443632
394.4 3.74452 0.436418
394.4 3.80799 0.427448
394.4 3.87146 0.416756
394.4 3.93492 0.404386
394.4 3.99839 0.390388
394.4 4.06186 0.374817
394.4 4.12532 0.357737
394.4 4.18879 0.339217
394.4 4.25226 0.319331
394.4 4.31572 0.298159
394.4 4.37919 0.275787
394.4 4.44266 0.252304
394.4 4.50612 0.227805
394.4 4.56959 0.202389
394.4 4.63306 0.176158
394.4 4.69652 0.149217
394.4 4.75999 0.121676
394.4 4.82346 0.093645
394.4 4.88692 0.0652367
394.4 4.95039 0.0365658
394.4 5.01385 0.00774746
394.4 5.07732 -0.021102
394.4 5.14079 -0.0498664
394.4 5.20425 -0.0784301
394.4 5.26772 -0.106678
394.4 5.33119 -0.134496
394.4 5.39465 -0.161773
394.4 5.45812 -0.188398
394.4 5.52159 -0.214265
394.4 5.58505 -0.239269
394.4 5.64852 -0.263309
394.4 5.71199 -0.28629
394.4 5.77545 -0.308117
394.4 5.83892 -0.328704
394.4 5.90239 -0.347967
394.4 5.96585 -0.365829
394.4 6.02932 -0.382218
394.4 6.09279 -0.397068
394.4 6.15625 -0.410319
394.4 6.21972 -0.421918
394.4 6.28319 -0.431818
395.401 0 -0.11743
395.401 0.0634665 -0.127177
395.401 0.126933 -0.136412
395.401 0.1904 -0.145098
395.401 0.253866 -0.153198
395.401 0.317333 -0.160683
395.401 0.380799 -0.167521
395.401 0.444266 -0.173683
395.401 0.507732 -0.179147
395.401 0.571199 -0.183889
395.401 0.634665 -0.18789
395.401 0.698132 -0.191136
395.401 0.761598 -0.193611
395.401 0.825065 -0.195307
395.401 0.888531 -0.196216
395.401 0.951998 -0.196336
395.401 1.01546 -0.195664
395.401 1.07893 -0.194205
395.401 1.1424 -0.191964
395.401 1.20586 -0.18895
395.401 1.26933 -0.185175
395.401 1.3328 -0.180654
395.401 1.39626 -0.175406
395.401 1.45973 -0.169452
395.401 1.5232 -0.162816
395.401 1.58666 -0.155523
395.401 1.65013 -0.147605
395.401 1.7136 -0.139092
395.401 1.77706 -0.130019
395.401 1.84053 -0.120423
395.401 1.904 -0.110341
395.401 1.96746 -0.0998157
395.401 2.03093 -0.088888
395.401 2.0944 -0.0776026
395.401 2.15786 -0.0660047
395.401 2.22133 -0.0541409
395.401 2.28479 -0.0420592
395.401 2.34826 -0.0298083
395.401 2.41173 -0.0174371
395.401 2.47519 -0.00499592
395.401 2.53866 0.00746575
395.401 2.60213 0.0198973
395.401 2.66559 0.0322484
395.401 2.72906 0.0444699
395.401 2.79253 0.0565123
395.401 2.85599 0.068327
395.401 2.91946 0.0798667
395.401 2.98293 0.0910847
395.401 3.04639 0.101936
395.401 3.10986 0.112377
395.401 3.17333 0.122365
395.401 3.23679 0.131861
395.401 3.30026 0.140826
395.401 3.36373 0.149223
395.401 3.42719 0.15702
395.401 3.49066 0.164184
395.401 3.55413 0.170688
395.401 3.61759 0.176504
395.401 3.68106 0.181609
395.401 3.74452 0.185983
395.401 3.80799 0.189609
395.401 3.87146 0.19247
395.401 3.93492 0.194557
395.401 3.99839 0.19586
395.401 4.06186 0.196375
395.401 4.12532 0.196099
395.401 4.18879 0.195033
395.401 4.25226 0.193182
395.401 4.31572 0.190553
395.401 4.37919 0.187157
395.401 4.44266 0.183007
395.401 4.50612 0.17812
395.401 4.56959 0.172516
395.401 4.63306 0.166217
395.401 4.69652 0.15925
395.401 4.75999 0.15164
395.401 4.82346 0.14342
395.401 4.88692 0.134623
395.401 4.95039 0.125284
395.401 5.01385 0.11544
395.401 5.07732 0.105131
395.401 5.14079 0.0943995
395.401 5.20425 0.0832875
395.401 5.26772 0.0718399
395.401 5.33119 0.0601031
395.401 5.39465 0.0481241
395.401 5.45812 0.0359519
395.401 5.52159 0.0236345
395.401 5.58505 0.0112221
395.401 5.64852 -0.00123553
395.401 5.71199 -0.0136882
395.401 5.77545 -0.0260858
395.401 5.83892 -0.0383784
395.401 5.90239 -0.0505165
395.401 5.96585 -0.0624511
395.401 6.02932 -0.0741341
395.401 6.09279 -0.0855188
395.401 6.15625 -0.0965591
395.401 6.21972 -0.10721
395.401 6.28319 -0.11743
396.402 0 0.166223
396.402 0.0634665 0.165941
396.402 0.126933 0.16499
396.402 0.1904 0.163374
396.402 0.253866 0.161101
396.402 0.317333 0.158179
396.402 0.380799 0.15462
396.402 0.444266 0.150439
396.402 0.507732 0.145651
396.402 0.571199 0.140278
396.402 0.634665 0.134339
396.402 0.698132 0.12786
396.402 0.761598 0.120865
396.402 0.825065 0.113384
396.402 0.888531 0.105447
396.402 0.951998 0.0970844
396.402 1.01546 0.0883313
396.402 1.07893 0.0792224
396.402 1.1424 0.0697946
396.402 1.20586 0.0600859
396.402 1.26933 0.0501351
396.402 1.3328 0.0399824
396.402 1.39626 0.0296689
396.402 1.45973 0.0192356
396.402 1.5232 0.00872496
396.402 1.58666 -0.00182057
396.402 1.65013 -0.0123588
396.402 1.7136 -0.0228476
396.402 1.77706 -0.033244
396.402 1.84053 -0.043507
396.402 1.904 -0.0535944
396.402 1.96746 -0.0634662
396.402 2.03093 -0.0730821
396.402 2.0944 -0.0824042
396.402 2.15786 -0.0913946
396.402 2.22133 -0.100017
396.402 2.28479 -0.108236
396.402 2.34826 -0.116019
396.402 2.41173 -0.123336
396.402 2.47519 -0.130155
396.402 2.53866 -0.136451
396.402 2.60213 -0.142197
396.402 2.66559 -0.147371
396.402 2.72906 -0.151951
396.402 2.79253 -0.15592
396.402 2.85599 -0.15926
396.402 2.91946 -0.161959
396.402 2.98293 -0.164006
396.402 3.04639 -0.165393
396.402 3.10986 -0.166114
396.402 3.17333 -0.166166
396.402 3.23679 -0.165548
396.402 3.30026 -0.164264
396.402 3.36373 -0.162319
396.402 3.42719 -0.15972
396.402 3.49066 -0.156478
396.402 3.55413 -0.152606
396.402 3.61759 -0.14812
396.402 3.68106 -0.143036
396.402 3.74452 -0.137378
396.402 3.80799 -0.131165
396.402 3.87146 -0.124425
396.402 3.93492 -0.117184
396.402 3.99839 -0.10947
396.402 4.06186 -0.101317
396.402 4.12532 -0.0927546
396.402 4.18879 -0.083819
396.402 4.25226 -0.0745462
396.402 4.31572 -0.0649729
396.402 4.37919 -0.0551382
396.402 4.44266 -0.0450815
396.402 4.50612 -0.0348434
396.402 4.56959 -0.0244646
396.402 4.63306 -0.0139875
396.402 4.69652 -0.00345411
396.402 4.75999 0.00709331
396.402 4.82346 0.017612
396.402 4.88692 0.0280598
396.402 4.95039 0.0383947
396.402 5.01385 0.0485752
396.402 5.07732 0.0585597
396.402 5.14079 0.0683086
396.402 5.20425 0.0777825
396.402 5.26772 0.0869431
396.402 5.33119 0.0957536
396.402 5.39465 0.104179
396.402 5.45812 0.112184
396.402 5.52159 0.119738
396.402 5.58505 0.12681
396.402 5.64852 0.13337
396.402 5.71199 0.139394
396.402 5.77545 0.144857
396.402 5.83892 0.149736
396.402 5.90239 0.154013
396.402 5.96585 0.157669
396.402 6.02932 0.160691
396.402 6.09279 0.163065
396.402 6.15625 0.164783
396.402 6.21972 0.165837
396.402 6.28319 0.166223
397.403 0 0.328673
397.403 0.0634665 0.342004
397.403 0.126933 0.353957
397.403 0.1904 0.364485
397.403 0.253866 0.373545
397.403 0.317333 0.381101
397.403 0.380799 0.387123
397.403 0.444266 0.391586
397.403 0.507732 0.394472
397.403 0.571199 0.39577
397.403 0.634665 0.395474
397.403 0.698132 0.393585
397.403 0.761598 0.390112
397.403 0.825065 0.385068
397.403 0.888531 0.378474
397.403 0.951998 0.370355
397.403 1.01546 0.360745
397.403 1.07893 0.349683
397.403 1.1424 0.337213
397.403 1.20586 0.323384
397.403 1.26933 0.308253
397.403 1.3328 0.291882
397.403 1.39626 0.274335
397.403 1.45973 0.255683
397.403 1.5232 0.236002
397.403 1.58666 0.21537
397.403 1.65013 0.193871
397.403 1.7136 0.171592
397.403 1.77706 0.148622
397.403 1.84053 0.125053
397.403 1.904 0.100981
397.403 1.96746 0.0765017
397.403 2.03093 0.0517148
397.403 2.0944 0.0267195
397.403 2.15786 0.00161667
397.403 2.22133 -0.0234926
397.403 2.28479 -0.0485073
397.403 2.34826 -0.0733267
397.403 2.41173 -0.0978509
397.403 2.47519 -0.121981
397.403 2.53866 -0.14562
397.403 2.60213 -0.168673
397.403 2.66559 -0.191046
397.403 2.72906 -0.21265
397.403 2.79253 -0.233398
397.403 2.85599 -0.253206
397.403 2.91946 -0.271995
397.403 2.98293 -0.289688
397.403 3.04639 -0.306215
397.403 3.10986 -0.321508
397.403 3.17333 -0.335508
397.403 3.23679 -0.348156
397.403 3.30026 -0.359402
397.403 3.36373 -0.369201
397.403 3.42719 -0.377514
397.403 3.49066 -0.384306
397.403 3.55413 -0.389551
397.403 3.61759 -0.393227
397.403 3.68106 -0.39532
397.403 3.74452 -0.395821
397.403 3.80799 -0.394729
397.403 3.87146 -0.392046
397.403 3.93492 -0.387786
397.403 3.99839 -0.381963
397.403 4.06186 -0.374603
397.403 4.12532 -0.365734
397.403 4.18879 -0.355393
397.403 4.25226 -0.343621
397.403 4.31572 -0.330465
397.403 4.37919 -0.315978
397.403 4.44266 -0.300219
397.403 4.50612 -0.283251
397.403 4.56959 -0.265142
397.403 4.63306 -0.245966
397.403 4.69652 -0.2258
397.403 4.75999 -0.204724
397.403 4.82346 -0.182824
397.403 4.88692 -0.160187
397.403 4.95039 -0.136906
397.403 5.01385 -0.113074
397.403 5.07732 -0.0887859
397.403 5.14079 -0.0641404
397.403 5.20425 -0.0392368
397.403 5.26772 -0.0141752
397.403 5.33119 0.0109435
397.403 5.39465 0.0360182
397.403 5.45812 0.0609476
397.403 5.52159 0.0856319
397.403 5.58505 0.109971
397.403 5.64852 0.133868
397.403 5.71199 0.157225
397.403 5.77545 0.17995
397.403 5.83892 0.20195
397.403 5.90239 0.223136
397.403 5.96585 0.243425
397.403 6.02932 0.262732
397.403 6.09279 0.280983
397.403 6.15625 0.298101
397.403 6.21972 0.31402
397.403 6.28319 0.328673
398.404 0 0.0996739
398.404 0.0634665 0.116856
398.404 0.126933 0.133567
398.404 0.1904 0.14974
398.404 0.253866 0.16531
398.404 0.317333 0.180215
398.404 0.380799 0.194394
398.404 0.444266 0.20779
398.404 0.507732 0.22035
398.404 0.571199 0.232022
398.404 0.634665 0.24276
398.404 0.698132 0.252521
398.404 0.761598 0.261264
398.404 0.825065 0.268956
398.404 0.888531 0.275565
398.404 0.951998 0.281064
398.404 1.01546 0.285431
398.404 1.07893 0.288649
398.404 1.1424 0.290705
398.404 1.20586 0.29159
398.404 1.26933 0.291301
398.404 1.3328 0.289839
398.404 1.39626 0.28721
398.404 1.45973 0.283424
398.404 1.5232 0.278498
398.404 1.58666 0.272449
398.404 1.65013 0.265304
398.404 1.7136 0.257091
398.404 1.77706 0.247842
398.404 1.84053 0.237595
398.404 1.904 0.226392
398.404 1.96746 0.214277
398.404 2.03093 0.201299
398.404 2.0944 0.187511
398.404 2.15786 0.172967
398.404 2.22133 0.157727
398.404 2.28479 0.141852
398.404 2.34826 0.125406
398.404 2.41173 0.108455
398.404 2.47519 0.0910672
398.404 2.53866 0.0733125
398.404 2.60213 0.0552628
398.404 2.66559 0.0369903
398.404 2.72906 0.0185692
398.404 2.79253 7.31683e-05
398.404 2.85599 -0.0184233
398.404 2.91946 -0.0368453
398.404 2.98293 -0.0551192
398.404 3.04639 -0.0731709
398.404 3.10986 -0.0909282
398.404 3.17333 -0.108319
398.404 3.23679 -0.125274
398.404 3.30026 -0.141724
398.404 3.36373 -0.157604
398.404 3.42719 -0.17285
398.404 3.49066 -0.187399
398.404 3.55413 -0.201193
398.404 3.61759 -0.214178
398.404 3.68106 -0.2263
398.404 3.74452 -0.23751
398.404 3.80799 -0.247765
398.404 3.87146 -0.257022
398.404 3.93492 -0.265244
398.404 3.99839 -0.272397
398.404 4.06186 -0.278454
398.404 4.12532 -0.28339
398.404 4.18879 -0.287185
398.404 4.25226 -0.289823
398.404 4.31572 -0.291294
398.404 4.37919 -0.291592
398.404 4.44266 -0.290716
398.404 4.50612 -0.28867
398.404 4.56959 -0.285461
398.404 4.63306 -0.281103
398.404 4.69652 -0.275612
398.404 4.75999 -0.269012
398.404 4.82346 -0.261329
398.404 4.88692 -0.252594
398.404 4.95039 -0.242841
398.404 5.01385 -0.232111
398.404 5.07732 -0.220445
398.404 5.14079 -0.207893
398.404 5.20425 -0.194503
398.404 5.26772 -0.18033
398.404 5.33119 -0.165431
398.404 5.39465 -0.149865
398.404 5.45812 -0.133697
398.404 5.52159 -0.11699
398.404 5.58505 -0.0998113
398.404 5.64852 -0.0822312
398.404 5.71199 -0.0643199
398.404 5.77545 -0.0461498
398.404 5.83892 -0.0277937
398.404 5.90239 -0.00932585
398.404 5.96585 0.00917971
398.404 6.02932 0.0276482
398.404 6.09279 0.0460054
398.404 6.15625 0.0641774
398.404 6.21972 0.0820909
398.404 6.28319 0.0996739
399.405 0 -0.289658
399.405 0.0634665 -0.285598
399.405 0.126933 -0.280389
399.405 0.1904 -0.27405
399.405 0.253866 -0.266608
399.405 0.317333 -0.258092
399.405 0.380799 -0.248537
399.405 0.444266 -0.237981
399.405 0.507732 -0.226467
399.405 0.571199 -0.214042
399.405 0.634665 -0.200754
399.405 0.698132 -0.186658
399.405 0.761598 -0.17181
399.405 0.825065 -0.156271
399.405 0.888531 -0.140102
399.405 0.951998 -0.123369
399.405 1.01546 -0.106139
399.405 1.07893 -0.0884821
399.405 1.1424 -0.0704687
399.405 1.20586 -0.0521716
399.405 1.26933 -0.0336645
399.405 1.3328 -0.0150218
399.405 1.39626 0.00368155
399.405 1.45973 0.0223699
399.405 1.5232 0.0409682
399.405 1.58666 0.0594017
399.405 1.65013 0.0775957
399.405 1.7136 0.0954775
399.405 1.77706 0.112975
399.405 1.84053 0.130017
399.405 1.904 0.146536
399.405 1.96746 0.162465
399.405 2.03093 0.177739
399.405 2.0944 0.192298
399.405 2.15786 0.206083
399.405 2.22133 0.219037
399.405 2.28479 0.23111
399.405 2.34826 0.242252
399.405 2.41173 0.252419
399.405 2.47519 0.26157
399.405 2.53866 0.269666
399.405 2.60213 0.276678
399.405 2.66559 0.282575
399.405 2.72906 0.287334
399.405 2.79253 0.290936
399.405 2.85599 0.293367
399.405 2.91946 0.294617
399.405 2.98293 0.29468
399.405 3.04639 0.293556
399.405 3.10986 0.291251
399.405 3.17333 0.287773
399.405 3.23679 0.283136
399.405 3.30026 0.277359
399.405 3.36373 0.270465
399.405 3.42719 0.262482
399.405 3.49066 0.253442
399.405 3.55413 0.243382
399.405 3.61759 0.232341
399.405 3.68106 0.220366
399.405 3.74452 0.207502
399.405 3.80799 0.193803
399.405 3.87146 0.179324
399.405 3.93492 0.164123
399.405 3.99839 0.148261
399.405 4.06186 0.131801
399.405 4.12532 0.114812
399.405 4.18879 0.0973598
399.405 4.25226 0.0795153
399.405 4.31572 0.061351
399.405 4.37919 0.0429395
399.405 4.44266 0.0243554
399.405 4.50612 0.00567301
399.405 4.56959 -0.0130322
399.405 4.63306 -0.031685
399.405 4.69652 -0.0502101
399.405 4.75999 -0.0685331
399.405 4.82346 -0.0865802
399.405 4.88692 -0.104279
399.405 4.95039 -0.121557
399.405 5.01385 -0.138346
399.405 5.07732 -0.154578
399.405 5.14079 -0.170188
399.405 5.20425 -0.185112
399.405 5.26772 -0.199291
399.405 5.33119 -0.212667
399.405 5.39465 -0.225187
399.405 5.45812 -0.236801
399.405 5.52159 -0.24746
399.405 5.58505 -0.257124
399.405 5.64852 -0.265752
399.405 5.71199 -0.27331
399.405 5.77545 -0.279767
399.405 5.83892 -0.285098
399.405 5.90239 -0.289281
399.405 5.96585 -0.292299
399.405 6.02932 -0.29414
399.405 6.09279 -0.294797
399.405 6.15625 -0.294266
399.405 6.21972 -0.292551
399.405 6.28319 -0.289658
400.406 0 0.135166
400.406 0.0634665 0.148909
400.406 0.126933 0.162052
400.406 0.1904 0.174543
400.406 0.253866 0.18633
400.406 0.317333 0.197367
400.406 0.380799 0.20761
400.406 0.444266 0.217017
400.406 0.507732 0.22555
400.406 0.571199 0.233175
400.406 0.634665 0.23986
400.406 0.698132 0.245581
400.406 0.761598 0.250311
400.406 0.825065 0.254035
400.406 0.888531 0.256735
400.406 0.951998 0.258402
400.406 1.01546 0.259027
400.406 1.07893 0.25861
400.406 1.1424 0.257152
400.406 1.20586 0.254658
400.406 1.26933 0.251139
400.406 1.3328 0.246608
400.406 1.39626 0.241085
400.406 1.45973 0.234591
400.406 1.5232 0.227152
400.406 1.58666 0.218798
400.406 1.65013 0.209564
400.406 1.7136 0.199485
400.406 1.77706 0.188604
400.406 1.84053 0.176963
400.406 1.904 0.164609
400.406 1.96746 0.151592
400.406 2.03093 0.137966
400.406 2.0944 0.123783
400.406 2.15786 0.109102
400.406 2.22133 0.0939822
400.406 2.28479 0.0784835
400.406 2.34826 0.0626689
400.406 2.41173 0.0466019
400.406 2.47519 0.0303472
400.406 2.53866 0.0139704
400.406 2.60213 -0.00246262
400.406 2.66559 -0.0188859
400.406 2.72906 -0.0352328
400.406 2.79253 -0.0514381
400.406 2.85599 -0.0674363
400.406 2.91946 -0.083163
400.406 2.98293 -0.0985545
400.406 3.04639 -0.113549
400.406 3.10986 -0.128087
400.406 3.17333 -0.142109
400.406 3.23679 -0.155559
400.406 3.30026 -0.168382
400.406 3.36373 -0.180527
400.406 3.42719 -0.191946
400.406 3.49066 -0.202591
400.406 3.55413 -0.212421
400.406 3.61759 -0.221395
400.406 3.68106 -0.229478
400.406 3.74452 -0.236637
400.406 3.80799 -0.242843
400.406 3.87146 -0.248071
400.406 3.93492 -0.2523
400.406 3.99839 -0.255514
400.406 4.06186 -0.257698
400.406 4.12532 -0.258844
400.406 4.18879 -0.258949
400.406 4.25226 -0.258011
400.406 4.31572 -0.256034
400.406 4.37919 -0.253026
400.406 4.44266 -0.248999
400.406 4.50612 -0.243969
400.406 4.56959 -0.237958
400.406 4.63306 -0.230988
400.406 4.69652 -0.223087
400.406 4.75999 -0.214289
400.406 4.82346 -0.204627
400.406 4.88692 -0.194142
400.406 4.95039 -0.182875
400.406 5.01385 -0.170872
400.406 5.07732 -0.15818
400.406 5.14079 -0.144852
400.406 5.20425 -0.13094
400.406 5.26772 -0.116501
400.406 5.33119 -0.101593
400.406 5.39465 -0.0862762
400.406 5.45812 -0.0706118
400.406 5.52159 -0.0546629
400.406 5.58505 -0.038494
400.406 5.64852 -0.0221701
400.406 5.71199 -0.00575675
400.406 5.77545 0.0106796
400.406 5.83892 0.027073
400.406 5.90239 0.0433574
400.406 5.96585 0.0594671
400.406 6.02932 0.0753375
400.406 6.09279 0.0909044
400.406 6.15625 0.106105
400.406 6.21972 0.120879
400.406 6.28319 0.135166
401.407 0 0.0749862
401.407 0.0634665 0.0806444
401.407 0.126933 0.0859778
401.407 0.1904 0.0909648
401.407 0.253866 0.0955855
401.407 0.317333 0.0998216
401.407 0.380799 0.103656
401.407 0.444266 0.107072
401.407 0.507732 0.110058
401.407 0.571199 0.1126
401.407 0.634665 0.114689
401.407 0.698132 0.116316
401.407 0.761598 0.117475
401.407 0.825065 0.11816
401.407 0.888531 0.11837
401.407 0.951998 0.118104
401.407 1.01546 0.117361
401.407 1.07893 0.116146
401.407 1.1424 0.114464
401.407 1.20586 0.112321
401.407 1.26933 0.109725
401.407 1.3328 0.106687
401.407 1.39626 0.10322
401.407 1.45973 0.0993374
401.407 1.5232 0.0950547
401.407 1.58666 0.0903892
401.407 1.65013 0.0853595
401.407 1.7136 0.0799864
401.407 1.77706 0.0742911
401.407 1.84053 0.0682966
401.407 1.904 0.0620274
401.407 1.96746 0.0555082
401.407 2.03093 0.0487654
401.407 2.0944 0.0418264
401.407 2.15786 0.034719
401.407 2.22133 0.0274717
401.407 2.28479 0.0201136
401.407 2.34826 0.0126748
401.407 2.41173 0.00518483
401.407 2.47519 -0.0023258
401.407 2.53866 -0.00982727
401.407 2.60213 -0.0172891
401.407 2.66559 -0.0246815
401.407 2.72906 -0.0319743
401.407 2.79253 -0.0391381
401.407 2.85599 -0.046145
401.407 2.91946 -0.0529656
401.407 2.98293 -0.0595731
401.407 3.04639 -0.0659408
401.407 3.10986 -0.0720424
401.407 3.17333 -0.0778545
401.407 3.23679 -0.083353
401.407 3.30026 -0.0885158
401.407 3.36373 -0.0933222
401.407 3.42719 -0.0977529
401.407 3.49066 -0.10179
401.407 3.55413 -0.105417
401.407 3.61759 -0.10862
401.407 3.68106 -0.111385
401.407 3.74452 -0.113702
401.407 3.80799 -0.115561
401.407 3.87146 -0.116954
401.407 3.93492 -0.117877
401.407 3.99839 -0.118325
401.407 4.06186 -0.118297
401.407 4.12532 -0.117792
401.407 4.18879 -0.116813
401.407 4.25226 -0.115363
401.407 4.31572 -0.113449
401.407 4.37919 -0.111079
401.407 4.44266 -0.108261
401.407 4.50612 -0.105007
401.407 4.56959 -0.10133
401.407 4.63306 -0.0972449
401.407 4.69652 -0.0927686
401.407 4.75999 -0.0879185
401.407 4.82346 -0.0827146
401.407 4.88692 -0.0771776
401.407 4.95039 -0.0713298
401.407 5.01385 -0.0651947
401.407 5.07732 -0.0587973
401.407 5.14079 -0.0521631
401.407 5.20425 -0.0453188
401.407 5.26772 -0.038292
401.407 5.33119 -0.0311109
401.407 5.39465 -0.0238044
401.407 5.45812 -0.0164026
401.407 5.52159 -0.00893447
401.407 5.58505 -0.00143027
401.407 5.64852 0.00607969
401.407 5.71199 0.013565
401.407 5.77545 0.020996
401.407 5.83892 0.0283421
401.407 5.90239 0.0355742
401.407 5.96585 0.0426631
401.407 6.02932 0.0495804
401.407 6.09279 0.0562976
401.407 6.15625 0.0627886
401.407 6.21972 0.0690263
401.407 6.28319 0.0749862
402.408 0 -0.256962
402.408 0.0634665 -0.250742
402.408 0.126933 -0.243512
402.408 0.1904 -0.235301
402.408 0.253866 -0.226143
402.408 0.317333 -0.216075
402.408 0.380799 -0.205136
402.408 0.444266 -0.193372
402.408 0.507732 -0.180828
402.408 0.571199 -0.167557
402.408 0.634665 -0.153611
402.408 0.698132 -0.139047
402.408 0.761598 -0.123922
402.408 0.825065 -0.108299
402.408 0.888531 -0.0922392
402.408 0.951998 -0.0758082
402.408 1.01546 -0.059072
402.408 1.07893 -0.042098
402.408 1.1424 -0.0249544
402.408 1.20586 -0.00771033
402.408 1.26933 0.0095647
402.408 1.3328 0.0268013
402.408 1.39626 0.04393
402.408 1.45973 0.0608818
402.408 1.5232 0.0775885
402.408 1.58666 0.0939826
402.408 1.65013 0.109998
402.408 1.7136 0.125571
402.408 1.77706 0.140638
402.408 1.84053 0.155139
402.408 1.904 0.169016
402.408 1.96746 0.182211
402.408 2.03093 0.194673
402.408 2.0944 0.206351
402.408 2.15786 0.217199
402.408 2.22133 0.227171
402.408 2.28479 0.236229
402.408 2.34826 0.244335
402.408 2.41173 0.251458
402.408 2.47519 0.257568
402.408 2.53866 0.262642
402.408 2.60213 0.266657
402.408 2.66559 0.269599
402.408 2.72906 0.271455
402.408 2.79253 0.272219
402.408 2.85599 0.271886
402.408 2.91946 0.270458
402.408 2.98293 0.267941
402.408 3.04639 0.264346
402.408 3.10986 0.259685
402.408 3.17333 0.25398
402.408 3.23679 0.247251
402.408 3.30026 0.239527
402.408 3.36373 0.230839
402.408 3.42719 0.221221
402.408 3.49066 0.210712
402.408 3.55413 0.199355
402.408 3.61759 0.187194
402.408 3.68106 0.174281
402.408 3.74452 0.160665
402.408 3.80799 0.146403
402.408 3.87146 0.131551
402.408 3.93492 0.116169
402.408 3.99839 0.100319
402.408 4.06186 0.084066
402.408 4.12532 0.0674741
402.408 4.18879 0.0506104
402.408 4.25226 0.033543
402.408 4.31572 0.0163405
402.408 4.37919 -0.000927726
402.408 4.44266 -0.0181921
402.408 4.50612 -0.0353834
402.408 4.56959 -0.0524322
402.408 4.63306 -0.0692701
402.408 4.69652 -0.0858287
402.408 4.75999 -0.102042
402.408 4.82346 -0.117844
402.408 4.88692 -0.133172
402.408 4.95039 -0.147963
402.408 5.01385 -0.162159
402.408 5.07732 -0.175702
402.408 5.14079 -0.188537
402.408 5.20425 -0.200613
402.408 5.26772 -0.211882
402.408 5.33119 -0.222297
402.408 5.39465 -0.231817
402.408 5.45812 -0.240403
402.408 5.52159 -0.248022
402.408 5.58505 -0.254642
402.408 5.64852 -0.260236
402.408 5.71199 -0.264783
402.408 5.77545 -0.268263
402.408 5.83892 -0.270664
402.408 5.90239 -0.271974
402.408 5.96585 -0.272189
402.408 6.02932 -0.271308
402.408 6.09279 -0.269335
402.408 6.15625 -0.266277
402.408 6.21972 -0.262147
402.408 6.28319 -0.256962
403.409 0 0.150946
403.409 0.0634665 0.140002
403.409 0.126933 0.128494
403.409 0.1904 0.116468
403.409 0.253866 0.103974
403.409 0.317333 0.0910607
403.409 0.380799 0.0777811
403.409 0.444266 0.0641878
403.409 0.507732 0.0503364
403.409 0.571199 0.0362823
403.409 0.634665 0.0220819
403.409 0.698132 0.00779279
403.409 0.761598 -0.00652778
403.409 0.825065 -0.0208219
403.409 0.888531 -0.0350324
403.409 0.951998 -0.0491018
403.409 1.01546 -0.0629734
403.409 1.07893 -0.0765915
403.409 1.1424 -0.0899011
403.409 1.20586 -0.102849
403.409 1.26933 -0.115382
403.409 1.3328 -0.127451
403.409 1.39626 -0.139007
403.409 1.45973 -0.150003
403.409 1.5232 -0.160395
403.409 1.58666 -0.170141
403.409 1.65013 -0.179202
403.409 1.7136 -0.187542
403.409 1.77706 -0.195126
403.409 1.84053 -0.201924
403.409 1.904 -0.20791
403.409 1.96746 -0.213058
403.409 2.03093 -0.217349
403.409 2.0944 -0.220764
403.409 2.15786 -0.22329
403.409 2.22133 -0.224917
403.409 2.28479 -0.225639
403.409 2.34826 -0.225452
403.409 2.41173 -0.224357
403.409 2.47519 -0.222358
403.409 2.53866 -0.219465
403.409 2.60213 -0.215688
403.409 2.66559 -0.211042
403.409 2.72906 -0.205546
403.409 2.79253 -0.199223
403.409 2.85599 -0.192098
403.409 2.91946 -0.184198
403.409 2.98293 -0.175558
403.409 3.04639 -0.16621
403.409 3.10986 -0.156193
403.409 3.17333 -0.145547
403.409 3.23679 -0.134315
403.409 3.30026 -0.122543
403.409 3.36373 -0.110277
403.409 3.42719 -0.0975662
403.409 3.49066 -0.0844634
403.409 3.55413 -0.0710202
403.409 3.61759 -0.0572909
403.409 3.68106 -0.0433312
403.409 3.74452 -0.0291969
403.409 3.80799 -0.0149449
403.409 3.87146 -0.000632928
403.409 3.93492 0.0136817
403.409 3.99839 0.0279413
403.409 4.06186 0.0420882
403.409 4.12532 0.0560659
403.409 4.18879 0.0698176
403.409 4.25226 0.0832882
403.409 4.31572 0.0964235
403.409 4.37919 0.109171
403.409 4.44266 0.121478
403.409 4.50612 0.133296
403.409 4.56959 0.144578
403.409 4.63306 0.155277
403.409 4.69652 0.165351
403.409 4.75999 0.17476
403.409 4.82346 0.183464
403.409 4.88692 0.19143
403.409 4.95039 0.198625
403.409 5.01385 0.20502
403.409 5.07732 0.21059
403.409 5.14079 0.215312
403.409 5.20425 0.219167
403.409 5.26772 0.222139
403.409 5.33119 0.224217
403.409 5.39465 0.225392
403.409 5.45812 0.225659
403.409 5.52159 0.225018
403.409 5.58505 0.22347
403.409 5.64852 0.221023
403.409 5.71199 0.217686
403.409 5.77545 0.213472
403.409 5.83892 0.208399
403.409 5.90239 0.202486
403.409 5.96585 0.195759
403.409 6.02932 0.188243
403.409 6.09279 0.179969
403.409 6.15625 0.17097
403.409 6.21972 0.161283
403.409 6.28319 0.150946
404.41 0 0.156538
404.41 0.0634665 0.164502
404.41 0.126933 0.171804
404.41 0.1904 0.178413
404.41 0.253866 0.184304
404.41 0.317333 0.189454
404.41 0.380799 0.19384
404.41 0.444266 0.197446
404.41 0.507732 0.200256
404.41 0.571199 0.202261
404.41 0.634665 0.203451
404.41 0.698132 0.203821
404.41 0.761598 0.203371
404.41 0.825065 0.202102
404.41 0.888531 0.20002
404.41 0.951998 0.197131
404.41 1.01546 0.193449
404.41 1.07893 0.188989
404.41 1.1424 0.183767
404.41 1.20586 0.177805
404.41 1.26933 0.171127
404.41 1.3328 0.16376
404.41 1.39626 0.155734
404.41 1.45973 0.147081
404.41 1.5232 0.137835
404.41 1.58666 0.128035
404.41 1.65013 0.117718
404.41 1.7136 0.106928
404.41 1.77706 0.0957075
404.41 1.84053 0.0841014
404.41 1.904 0.0721567
404.41 1.96746 0.0599213
404.41 2.03093 0.0474448
404.41 2.0944 0.0347771
404.41 2.15786 0.0219694
404.41 2.22133 0.00907357
404.41 2.28479 -0.00385918
404.41 2.34826 -0.0167764
404.41 2.41173 -0.0296261
404.41 2.47519 -0.0423561
404.41 2.53866 -0.0549159
404.41 2.60213 -0.0672544
404.41 2.66559 -0.0793223
404.41 2.72906 -0.0910706
404.41 2.79253 -0.102452
404.41 2.85599 -0.113421
404.41 2.91946 -0.123934
404.41 2.98293 -0.133947
404.41 3.04639 -0.143421
404.41 3.10986 -0.152318
404.41 3.17333 -0.160601
404.41 3.23679 -0.168238
404.41 3.30026 -0.175197
404.41 3.36373 -0.18145
404.41 3.42719 -0.186973
404.41 3.49066 -0.191743
404.41 3.55413 -0.195741
404.41 3.61759 -0.198951
404.41 3.68106 -0.20136
404.41 3.74452 -0.202958
404.41 3.80799 -0.203739
404.41 3.87146 -0.203699
404.41 3.93492 -0.202839
404.41 3.99839 -0.201162
404.41 4.06186 -0.198675
404.41 4.12532 -0.195389
404.41 4.18879 -0.191315
404.41 4.25226 -0.186472
404.41 4.31572 -0.180877
404.41 4.37919 -0.174554
404.41 4.44266 -0.167528
404.41 4.50612 -0.159828
404.41 4.56959 -0.151484
404.41 4.63306 -0.14253
404.41 4.69652 -0.133002
404.41 4.75999 -0.122938
404.41 4.82346 -0.11238
404.41 4.88692 -0.101369
404.41 4.95039 -0.0899497
404.41 5.01385 -0.0781683
404.41 5.07732 -0.0660723
404.41 5.14079 -0.0537101
404.41 5.20425 -0.0411316
404.41 5.26772 -0.0283877
404.41 5.33119 -0.0155293
404.41 5.39465 -0.00260827
404.41 5.45812 0.0103231
404.41 5.52159 0.0232129
404.41 5.58505 0.0360092
404.41 5.64852 0.0486605
404.41 5.71199 0.061116
404.41 5.77545 0.0733254
404.41 5.83892 0.0852392
404.41 5.90239 0.0968102
404.41 5.96585 0.107991
404.41 6.02932 0.118737
404.41 6.09279 0.129006
404.41 6.15625 0.138754
404.41 6.21972 0.147944
404.41 6.28319 0.156538
405.411 0 0.0337238
405.411 0.0634665 0.0426632
405.411 0.126933 0.0514308
405.411 0.1904 0.0599914
405.411 0.253866 0.0683103
405.411 0.317333 0.0763544
405.411 0.380799 0.0840908
405.411 0.444266 0.0914889
405.411 0.507732 0.0985182
405.411 0.571199 0.105151
405.411 0.634665 0.11136
405.411 0.698132 0.117121
405.411 0.761598 0.122411
405.411 0.825065 0.127207
405.411 0.888531 0.131491
405.411 0.951998 0.135246
405.411 1.01546 0.138456
405.411 1.07893 0.141109
405.411 1.1424 0.143193
405.411 1.20586 0.144701
405.411 1.26933 0.145626
405.411 1.3328 0.145965
405.411 1.39626 0.145716
405.411 1.45973 0.144881
405.411 1.5232 0.143461
405.411 1.58666 0.141465
405.411 1.65013 0.138898
405.411 1.7136 0.135773
405.411 1.77706 0.1321
405.411 1.84053 0.127896
405.411 1.904 0.123177
405.411 1.96746 0.117961
405.411 2.03093 0.112271
405.411 2.0944 0.106129
405.411 2.15786 0.0995595
405.411 2.22133 0.092589
405.411 2.28479 0.0852456
405.411 2.34826 0.0775584
405.411 2.41173 0.0695602
405.411 2.47519 0.0612809
405.411 2.53866 0.052755
405.411 2.60213 0.0440168
405.411 2.66559 0.0351015
405.411 2.72906 0.0260447
405.411 2.79253 0.0168829
405.411 2.85599 0.00765319
405.411 2.91946 -0.00160765
405.411 2.98293 -0.0108612
405.411 3.04639 -0.0200716
405.411 3.10986 -0.0292009
405.411 3.17333 -0.0382128
405.411 3.23679 -0.0470707
405.411 3.30026 -0.0557392
405.411 3.36373 -0.0641833
405.411 3.42719 -0.0723689
405.411 3.49066 -0.080263
405.411 3.55413 -0.0878338
405.411 3.61759 -0.0950513
405.411 3.68106 -0.101886
405.411 3.74452 -0.10831
405.411 3.80799 -0.114298
405.411 3.87146 -0.119826
405.411 3.93492 -0.124872
405.411 3.99839 -0.129414
405.411 4.06186 -0.133436
405.411 4.12532 -0.13692
405.411 4.18879 -0.139853
405.411 4.25226 -0.142223
405.411 4.31572 -0.14402
405.411 4.37919 -0.145237
405.411 4.44266 -0.145869
405.411 4.50612 -0.145914
405.411 4.56959 -0.145372
405.411 4.63306 -0.144244
405.411 4.69652 -0.142535
405.411 4.75999 -0.140252
405.411 4.82346 -0.137405
405.411 4.88692 -0.134004
405.411 4.95039 -0.130064
405.411 5.01385 -0.1256
405.411 5.07732 -0.12063
405.411 5.14079 -0.115175
405.411 5.20425 -0.109255
405.411 5.26772 -0.102896
405.411 5.33119 -0.0961223
405.411 5.39465 -0.0889617
405.411 5.45812 -0.0814432
405.411 5.52159 -0.0735962
405.411 5.58505 -0.0654534
405.411 5.64852 -0.0570465
405.411 5.71199 -0.04841
405.411 5.77545 -0.0395789
405.411 5.83892 -0.0305883
405.411 5.90239 -0.0214746
405.411 5.96585 -0.0122743
405.411 6.02932 -0.00302415
405.411 6.09279 0.0062371
405.411 6.15625 0.0154738
405.411 6.21972 0.0246488
405.411 6.28319 0.0337237
406.412 0 -0.537407
406.412 0.0634665 -0.55102
406.412 0.126933 -0.562415
406.412 0.1904 -0.571544
406.412 0.253866 -0.578373
406.412 0.317333 -0.582872
406.412 0.380799 -0.585025
406.412 0.444266 -0.584821
406.412 0.507732 -0.582263
406.412 0.571199 -0.57736
406.412 0.634665 -0.570133
406.412 0.698132 -0.560609
406.412 0.761598 -0.548829
406.412 0.825065 -0.534838
406.412 0.888531 -0.518694
406.412 0.951998 -0.500461
406.412 1.01546 -0.480213
406.412 1.07893 -0.458031
406.412 1.1424 -0.434006
406.412 1.20586 -0.408232
406.412 1.26933 -0.380814
406.412 1.3328 -0.351864
406.412 1.39626 -0.321496
406.412 1.45973 -0.289834
406.412 1.5232 -0.257005
406.412 1.58666 -0.223141
406.412 1.65013 -0.188378
406.412 1.7136 -0.152857
406.412 1.77706 -0.116721
406.412 1.84053 -0.0801136
406.412 1.904 -0.0431847
406.412 1.96746 -0.00608159
406.412 2.03093 0.0310463
406.412 2.0944 0.0680488
406.412 2.15786 0.104777
406.412 2.22133 0.141084
406.412 2.28479 0.176822
406.412 2.34826 0.211849
406.412 2.41173 0.246022
406.412 2.47519 0.279205
406.412 2.53866 0.311264
406.412 2.60213 0.342069
406.412 2.66559 0.371497
406.412 2.72906 0.399429
406.412 2.79253 0.425753
406.412 2.85599 0.450362
406.412 2.91946 0.473158
406.412 2.98293 0.494048
406.412 3.04639 0.51295
406.412 3.10986 0.529785
406.412 3.17333 0.544488
406.412 3.23679 0.556998
406.412 3.30026 0.567265
406.412 3.36373 0.575248
406.412 3.42719 0.580915
406.412 3.49066 0.584242
406.412 3.55413 0.585217
406.412 3.61759 0.583836
406.412 3.68106 0.580104
406.412 3.74452 0.574036
406.412 3.80799 0.565656
406.412 3.87146 0.554998
406.412 3.93492 0.542106
406.412 3.99839 0.527031
406.412 4.06186 0.509834
406.412 4.12532 0.490584
406.412 4.18879 0.469358
406.412 4.25226 0.446244
406.412 4.31572 0.421331
406.412 4.37919 0.394722
406.412 4.44266 0.366524
406.412 4.50612 0.33685
406.412 4.56959 0.30582
406.412 4.63306 0.273557
406.412 4.69652 0.240194
406.412 4.75999 0.205863
406.412 4.82346 0.170703
406.412 4.88692 0.134857
406.412 4.95039 0.0984671
406.412 5.01385 0.0616804
406.412 5.07732 0.0246455
406.412 5.14079 -0.0124884
406.412 5.20425 -0.0495723
406.412 5.26772 -0.0864565
406.412 5.33119 -0.122993
406.412 5.39465 -0.159033
406.412 5.45812 -0.194434
406.412 5.52159 -0.229051
406.412 5.58505 -0.262746
406.412 5.64852 -0.295383
406.412 5.71199 -0.326831
406.412 5.77545 -0.356963
406.412 5.83892 -0.385657
406.412 5.90239 -0.412799
406.412 5.96585 -0.438278
406.412 6.02932 -0.461993
406.412 6.09279 -0.483847
406.412 6.15625 -0.503753
406.412 6.21972 -0.52163
406.412 6.28319 -0.537407
407.413 0 -0.302927
407.413 0.0634665 -0.350082
407.413 0.126933 -0.395827
407.413 0.1904 -0.439978
407.413 0.253866 -0.482358
407.413 0.317333 -0.522796
407.413 0.380799 -0.561128
407.413 0.444266 -0.597201
407.413 0.507732 -0.63087
407.413 0.571199 -0.661997
407.413 0.634665 -0.69046
407.413 0.698132 -0.716142
407.413 0.761598 -0.73894
407.413 0.825065 -0.758763
407.413 0.888531 -0.775531
407.413 0.951998 -0.789176
407.413 1.01546 -0.799643
407.413 1.07893 -0.806891
407.413 1.1424 -0.810888
407.413 1.20586 -0.811622
407.413 1.26933 -0.809087
407.413 1.3328 -0.803294
407.413 1.39626 -0.794266
407.413 1.45973 -0.78204
407.413 1.5232 -0.766665
407.413 1.58666 -0.748204
407.413 1.65013 -0.726729
407.413 1.7136 -0.702328
407.413 1.77706 -0.675099
407.413 1.84053 -0.645152
407.413 1.904 -0.612607
407.413 1.96746 -0.577595
407.413 2.03093 -0.540258
407.413 2.0944 -0.500745
407.413 2.15786 -0.459215
407.413 2.22133 -0.415837
407.413 2.28479 -0.370784
407.413 2.34826 -0.324238
407.413 2.41173 -0.276386
407.413 2.47519 -0.227422
407.413 2.53866 -0.177542
407.413 2.60213 -0.126947
407.413 2.66559 -0.0758404
407.413 2.72906 -0.0244291
407.413 2.79253 0.0270809
407.413 2.85599 0.078482
407.413 2.91946 0.129567
407.413 2.98293 0.18013
407.413 3.04639 0.229968
407.413 3.10986 0.27888
407.413 3.17333 0.326669
407.413 3.23679 0.373142
407.413 3.30026 0.418113
407.413 3.36373 0.461401
407.413 3.42719 0.50283
407.413 3.49066 0.542235
407.413 3.55413 0.579457
407.413 3.61759 0.614344
407.413 3.68106 0.646759
407.413 3.74452 0.676569
407.413 3.80799 0.703655
407.413 3.87146 0.727908
407.413 3.93492 0.749229
407.413 3.99839 0.767533
407.413 4.06186 0.782747
407.413 4.12532 0.794809
407.413 4.18879 0.803671
407.413 4.25226 0.809297
407.413 4.31572 0.811664
407.413 4.37919 0.810762
407.413 4.44266 0.806596
407.413 4.50612 0.799182
407.413 4.56959 0.78855
407.413 4.63306 0.774743
407.413 4.69652 0.757817
407.413 4.75999 0.737838
407.413 4.82346 0.714889
407.413 4.88692 0.689061
407.413 4.95039 0.660459
407.413 5.01385 0.629197
407.413 5.07732 0.595401
407.413 5.14079 0.559208
407.413 5.20425 0.520763
407.413 5.26772 0.480222
407.413 5.33119 0.437746
407.413 5.39465 0.393508
407.413 5.45812 0.347686
407.413 5.52159 0.300463
407.413 5.58505 0.252031
407.413 5.64852 0.202584
407.413 5.71199 0.152321
407.413 5.77545 0.101445
407.413 5.83892 0.05016
407.413 5.90239 -0.0013266
407.413 5.96585 -0.052808
407.413 6.02932 -0.104077
407.413 6.09279 -0.154926
407.413 6.15625 -0.205152
407.413 6.21972 -0.254552
407.413 6.28319 -0.302927
408.414 0 -0.075372
408.414 0.0634665 -0.0781106
408.414 0.126933 -0.0805346
408.414 0.1904 -0.0826344
408.414 0.253866 -0.0844016
408.414 0.317333 -0.0858287
408.414 0.380799 -0.0869102
408.414 0.444266 -0.0876423
408.414 0.507732 -0.0880209
408.414 0.571199 -0.0880451
408.414 0.634665 -0.0877152
408.414 0.698132 -0.0870316
408.414 0.761598 -0.085998
408.414 0.825065 -0.0846177
408.414 0.888531 -0.082897
408.414 0.951998 -0.0808421
408.414 1.01546 -0.0784623
408.414 1.07893 -0.0757661
408.414 1.1424 -0.072765
408.414 1.20586 -0.0694708
408.414 1.26933 -0.0658969
408.414 1.3328 -0.0620575
408.414 1.39626 -0.0579684
408.414 1.45973 -0.0536459
408.414 1.5232 -0.0491072
408.414 1.58666 -0.0443711
408.414 1.65013 -0.0394562
408.414 1.7136 -0.0343823
408.414 1.77706 -0.0291701
408.414 1.84053 -0.0238401
408.414 1.904 -0.0184144
408.414 1.96746 -0.0129146
408.414 2.03093 -0.00736273
408.414 2.0944 -0.00178109
408.414 2.15786 0.00380759
408.414 2.22133 0.00938105
408.414 2.28479 0.0149163
408.414 2.34826 0.0203919
408.414 2.41173 0.0257855
408.414 2.47519 0.0310751
408.414 2.53866 0.0362399
408.414 2.60213 0.0412581
408.414 2.66559 0.0461106
408.414 2.72906 0.0507771
408.414 2.79253 0.0552391
408.414 2.85599 0.0594794
408.414 2.91946 0.0634799
408.414 2.98293 0.0672245
408.414 3.04639 0.0706987
408.414 3.10986 0.073888
408.414 3.17333 0.0767801
408.414 3.23679 0.0793624
408.414 3.30026 0.0816257
408.414 3.36373 0.0835601
408.414 3.42719 0.085158
408.414 3.49066 0.0864129
408.414 3.55413 0.0873203
408.414 3.61759 0.0878759
408.414 3.68106 0.0880773
408.414 3.74452 0.0879245
408.414 3.80799 0.0874173
408.414 3.87146 0.0865584
408.414 3.93492 0.0853507
408.414 3.99839 0.0837994
408.414 4.06186 0.0819109
408.414 4.12532 0.0796924
408.414 4.18879 0.0771529
408.414 4.25226 0.0743028
408.414 4.31572 0.0711537
408.414 4.37919 0.0677177
408.414 4.44266 0.0640094
408.414 4.50612 0.0600432
408.414 4.56959 0.0558353
408.414 4.63306 0.0514026
408.414 4.69652 0.0467628
408.414 4.75999 0.0419346
408.414 4.82346 0.0369379
408.414 4.88692 0.0317921
408.414 4.95039 0.0265185
408.414 5.01385 0.0211378
408.414 5.07732 0.0156723
408.414 5.14079 0.0101437
408.414 5.20425 0.00457399
408.414 5.26772 -0.00101352
408.414 5.33119 -0.00659757
408.414 5.39465 -0.0121548
408.414 5.45812 -0.0176631
408.414 5.52159 -0.0231004
408.414 5.58505 -0.0284445
408.414 5.64852 -0.0336747
408.414 5.71199 -0.0387687
408.414 5.77545 -0.0437063
408.414 5.83892 -0.0484682
408.414 5.90239 -0.0530354
408.414 5.96585 -0.0573885
408.414 6.02932 -0.0615103
408.414 6.09279 -0.0653851
408.414 6.15625 -0.0689964
408.414 6.21972 -0.0723296
408.414 6.28319 -0.075372
409.415 0 0.0670286
409.415 0.0634665 0.0585375
409.415 0.126933 0.049811
409.415 0.1904 0.0408837
409.415 0.253866 0.0317917
409.415 0.317333 0.0225719
409.415 0.380799 0.0132609
409.415 0.444266 0.00389667
409.415 0.507732 -0.00548315
409.415 0.571199 -0.014841
409.415 0.634665 -0.0241391
409.415 0.698132 -0.0333399
409.415 0.761598 -0.0424065
409.415 0.825065 -0.0513023
409.415 0.888531 -0.0599918
409.415 0.951998 -0.0684396
409.415 1.01546 -0.0766116
409.415 1.07893 -0.0844753
409.415 1.1424 -0.0919988
409.415 1.20586 -0.0991517
409.415 1.26933 -0.105905
409.415 1.3328 -0.112233
409.415 1.39626 -0.118108
409.415 1.45973 -0.123508
409.415 1.5232 -0.128411
409.415 1.58666 -0.132796
409.415 1.65013 -0.136647
409.415 1.7136 -0.139947
409.415 1.77706 -0.142685
409.415 1.84053 -0.144847
409.415 1.904 -0.146426
409.415 1.96746 -0.147416
409.415 2.03093 -0.147812
409.415 2.0944 -0.147613
409.415 2.15786 -0.146819
409.415 2.22133 -0.145434
409.415 2.28479 -0.143464
409.415 2.34826 -0.140916
409.415 2.41173 -0.1378
409.415 2.47519 -0.13413
409.415 2.53866 -0.12992
409.415 2.60213 -0.125186
409.415 2.66559 -0.119948
409.415 2.72906 -0.114228
409.415 2.79253 -0.108047
409.415 2.85599 -0.101432
409.415 2.91946 -0.0944076
409.415 2.98293 -0.0870033
409.415 3.04639 -0.0792487
409.415 3.10986 -0.0711751
409.415 3.17333 -0.0628148
409.415 3.23679 -0.0542016
409.415 3.30026 -0.0453702
409.415 3.36373 -0.036356
409.415 3.42719 -0.0271954
409.415 3.49066 -0.0179254
409.415 3.55413 -0.00858316
409.415 3.61759 0.000793614
409.415 3.68106 0.0101673
409.415 3.74452 0.0194999
409.415 3.80799 0.0287541
409.415 3.87146 0.0378922
409.415 3.93492 0.0468782
409.415 3.99839 0.0556751
409.415 4.06186 0.064248
409.415 4.12532 0.0725621
409.415 4.18879 0.080584
409.415 4.25226 0.0882815
409.415 4.31572 0.0956233
409.415 4.37919 0.10258
409.415 4.44266 0.109124
409.415 4.50612 0.115229
409.415 4.56959 0.120869
409.415 4.63306 0.126023
409.415 4.69652 0.130669
409.415 4.75999 0.13479
409.415 4.82346 0.138367
409.415 4.88692 0.141387
409.415 4.95039 0.143838
409.415 5.01385 0.14571
409.415 5.07732 0.146995
409.415 5.14079 0.147688
409.415 5.20425 0.147787
409.415 5.26772 0.14729
409.415 5.33119 0.1462
409.415 5.39465 0.144522
409.415 5.45812 0.142261
409.415 5.52159 0.139429
409.415 5.58505 0.136034
409.415 5.64852 0.132091
409.415 5.71199 0.127617
409.415 5.77545 0.122629
409.415 5.83892 0.117147
409.415 5.90239 0.111194
409.415 5.96585 0.104792
409.415 6.02932 0.0979688
409.415 6.09279 0.090751
409.415 6.15625 0.0831679
409.415 6.21972 0.0752496
409.415 6.28319 0.0670285
410.416 0 -0.528424
410.416 0.0634665 -0.553163
410.416 0.126933 -0.575673
410.416 0.1904 -0.595865
410.416 0.253866 -0.613659
410.416 0.317333 -0.62898
410.416 0.380799 -0.64177
410.416 0.444266 -0.651976
410.416 0.507732 -0.659555
410.416 0.571199 -0.66448
410.416 0.634665 -0.666728
410.416 0.698132 -0.666292
410.416 0.761598 -0.663173
410.416 0.825065 -0.657384
410.416 0.888531 -0.648947
410.416 0.951998 -0.637897
410.416 1.01546 -0.62428
410.416 1.07893 -0.608148
410.416 1.1424 -0.589567
410.416 1.20586 -0.568613
410.416 1.26933 -0.545369
410.416 1.3328 -0.519928
410.416 1.39626 -0.492395
410.416 1.45973 -0.462878
410.416 1.5232 -0.431498
410.416 1.58666 -0.39838
410.416 1.65013 -0.363658
410.416 1.7136 -0.327472
410.416 1.77706 -0.289967
410.416 1.84053 -0.251294
410.416 1.904 -0.21161
410.416 1.96746 -0.171073
410.416 2.03093 -0.129848
410.416 2.0944 -0.0881
410.416 2.15786 -0.0459971
410.416 2.22133 -0.00370911
410.416 2.28479 0.0385941
410.416 2.34826 0.0807417
410.416 2.41173 0.122564
410.416 2.47519 0.163894
410.416 2.53866 0.204562
410.416 2.60213 0.244408
410.416 2.66559 0.283269
410.416 2.72906 0.32099
410.416 2.79253 0.357418
410.416 2.85599 0.392406
410.416 2.91946 0.425815
410.416 2.98293 0.457509
410.416 3.04639 0.487361
410.416 3.10986 0.515251
410.416 3.17333 0.541066
410.416 3.23679 0.564702
410.416 3.30026 0.586064
410.416 3.36373 0.605067
410.416 3.42719 0.621633
410.416 3.49066 0.635695
410.416 3.55413 0.647199
410.416 3.61759 0.656096
410.416 3.68106 0.662351
410.416 3.74452 0.665939
410.416 3.80799 0.666846
410.416 3.87146 0.665067
410.416 3.93492 0.660611
410.416 3.99839 0.653494
410.416 4.06186 0.643747
410.416 4.12532 0.631407
410.416 4.18879 0.616524
410.416 4.25226 0.59916
410.416 4.31572 0.579382
410.416 4.37919 0.557271
410.416 4.44266 0.532917
410.416 4.50612 0.506417
410.416 4.56959 0.477877
410.416 4.63306 0.447413
410.416 4.69652 0.415148
410.416 4.75999 0.381211
410.416 4.82346 0.345739
410.416 4.88692 0.308875
410.416 4.95039 0.270767
410.416 5.01385 0.231569
410.416 5.07732 0.191438
410.416 5.14079 0.150537
410.416 5.20425 0.109029
410.416 5.26772 0.0670822
410.416 5.33119 0.0248653
410.416 5.39465 -0.0174515
410.416 5.45812 -0.0596978
410.416 5.52159 -0.101704
410.416 5.58505 -0.143301
410.416 5.64852 -0.18432
410.416 5.71199 -0.224598
410.416 5.77545 -0.263971
410.416 5.83892 -0.302281
410.416 5.90239 -0.339374
410.416 5.96585 -0.3751
410.416 6.02932 -0.409317
410.416 6.09279 -0.441885
410.416 6.15625 -0.472673
410.416 6.21972 -0.501558
410.416 6.28319 -0.528424
411.417 0 -0.0973087
411.417 0.0634665 -0.0888837
411.417 0.126933 -0.0801015
411.417 0.1904 -0.0709963
411.417 0.253866 -0.061605
411.417 0.317333 -0.0519659
411.417 0.380799 -0.0421174
411.417 0.444266 -0.0320994
411.417 0.507732 -0.0219521
411.417 0.571199 -0.0117165
411.417 0.634665 -0.00143383
411.417 0.698132 0.00885491
411.417 0.761598 0.0191078
411.417 0.825065 0.029284
411.417 0.888531 0.039342
411.417 0.951998 0.0492416
411.417 1.01546 0.0589431
411.417 1.07893 0.068407
411.417 1.1424 0.0775958
411.417 1.20586 0.0864719
411.417 1.26933 0.0949998
411.417 1.3328 0.103145
411.417 1.39626 0.110876
411.417 1.45973 0.118159
411.417 1.5232 0.124967
411.417 1.58666 0.131272
411.417 1.65013 0.137048
411.417 1.7136 0.142272
411.417 1.77706 0.146923
411.417 1.84053 0.150983
411.417 1.904 0.154435
411.417 1.96746 0.157265
411.417 2.03093 0.159461
411.417 2.0944 0.161016
411.417 2.15786 0.161922
411.417 2.22133 0.162176
411.417 2.28479 0.161778
411.417 2.34826 0.160727
411.417 2.41173 0.15903
411.417 2.47519 0.156692
411.417 2.53866 0.153724
411.417 2.60213 0.150136
411.417 2.66559 0.145944
411.417 2.72906 0.141164
411.417 2.79253 0.135815
411.417 2.85599 0.12992
411.417 2.91946 0.123502
411.417 2.98293 0.116586
411.417 3.04639 0.109201
411.417 3.10986 0.101376
411.417 3.17333 0.0931431
411.417 3.23679 0.0845353
411.417 3.30026 0.0755867
411.417 3.36373 0.0663343
411.417 3.42719 0.056814
411.417 3.49066 0.0470655
411.417 3.55413 0.0371272
411.417 3.61759 0.0270395
411.417 3.68106 0.0168429
411.417 3.74452 0.0065785
411.417 3.80799 -0.00371242
411.417 3.87146 -0.0139884
411.417 3.93492 -0.024208
411.417 3.99839 -0.0343303
411.417 4.06186 -0.0443141
411.417 4.12532 -0.0541196
411.417 4.18879 -0.0637072
411.417 4.25226 -0.073038
411.417 4.31572 -0.0820751
411.417 4.37919 -0.0907816
411.417 4.44266 -0.0991224
411.417 4.50612 -0.107064
411.417 4.56959 -0.114575
411.417 4.63306 -0.121624
411.417 4.69652 -0.128184
411.417 4.75999 -0.134227
411.417 4.82346 -0.13973
411.417 4.88692 -0.14467
411.417 4.95039 -0.149028
411.417 5.01385 -0.152786
411.417 5.07732 -0.155928
411.417 5.14079 -0.158443
411.417 5.20425 -0.16032
411.417 5.26772 -0.16155
411.417 5.33119 -0.162131
411.417 5.39465 -0.162059
411.417 5.45812 -0.161334
411.417 5.52159 -0.159959
411.417 5.58505 -0.15794
411.417 5.64852 -0.155286
411.417 5.71199 -0.152007
411.417 5.77545 -0.148115
411.417 5.83892 -0.143626
411.417 5.90239 -0.138559
411.417 5.96585 -0.132935
411.417 6.02932 -0.126775
411.417 6.09279 -0.120105
411.417 6.15625 -0.11295
411.417 6.21972 -0.105342
411.417 6.28319 -0.0973087
412.418 0 0.0892803
412.418 0.0634665 0.0964934
412.418 0.126933 0.103318
412.418 0.1904 0.109726
412.418 0.253866 0.115693
412.418 0.317333 0.121194
412.418 0.380799 0.126207
412.418 0.444266 0.130712
412.418 0.507732 0.13469
412.418 0.571199 0.138126
412.418 0.634665 0.141006
412.418 0.698132 0.143318
412.418 0.761598 0.145053
412.418 0.825065 0.146203
412.418 0.888531 0.146766
412.418 0.951998 0.146737
412.418 1.01546 0.146117
412.418 1.07893 0.144909
412.418 1.1424 0.143118
412.418 1.20586 0.14075
412.418 1.26933 0.137815
412.418 1.3328 0.134326
412.418 1.39626 0.130296
412.418 1.45973 0.12574
412.418 1.5232 0.120679
412.418 1.58666 0.115132
412.418 1.65013 0.109121
412.418 1.7136 0.10267
412.418 1.77706 0.0958067
412.418 1.84053 0.0885574
412.418 1.904 0.0809513
412.418 1.96746 0.0730193
412.418 2.03093 0.0647933
412.418 2.0944 0.0563064
412.418 2.15786 0.0475927
412.418 2.22133 0.0386874
412.418 2.28479 0.0296261
412.418 2.34826 0.0204459
412.418 2.41173 0.0111831
412.418 2.47519 0.00187538
412.418 2.53866 -0.00744
412.418 2.60213 -0.0167252
412.418 2.66559 -0.0259432
412.418 2.72906 -0.0350567
412.418 2.79253 -0.0440291
412.418 2.85599 -0.0528241
412.418 2.91946 -0.0614066
412.418 2.98293 -0.0697417
412.418 3.04639 -0.077796
412.418 3.10986 -0.085537
412.418 3.17333 -0.0929336
412.418 3.23679 -0.0999559
412.418 3.30026 -0.106576
412.418 3.36373 -0.112767
412.418 3.42719 -0.118503
412.418 3.49066 -0.123763
412.418 3.55413 -0.128524
412.418 3.61759 -0.132768
412.418 3.68106 -0.136477
412.418 3.74452 -0.139636
412.418 3.80799 -0.142233
412.418 3.87146 -0.144258
412.418 3.93492 -0.145702
412.418 3.99839 -0.146558
412.418 4.06186 -0.146825
412.418 4.12532 -0.146501
412.418 4.18879 -0.145586
412.418 4.25226 -0.144086
412.418 4.31572 -0.142005
412.418 4.37919 -0.139353
412.418 4.44266 -0.136139
412.418 4.50612 -0.132377
412.418 4.56959 -0.128083
412.418 4.63306 -0.123272
412.418 4.69652 -0.117965
412.418 4.75999 -0.112183
412.418 4.82346 -0.105949
412.418 4.88692 -0.0992883
412.418 4.95039 -0.0922283
412.418 5.01385 -0.084797
412.418 5.07732 -0.0770243
412.418 5.14079 -0.0689411
412.418 5.20425 -0.0605801
412.418 5.26772 -0.0519756
412.418 5.33119 -0.0431619
412.418 5.39465 -0.0341741
412.418 5.45812 -0.0250489
412.418 5.52159 -0.0158226
412.418 5.58505 -0.00653248
412.418 5.64852 0.00278362
412.418 5.71199 0.0120886
412.418 5.77545 0.0213449
412.418 5.83892 0.0305155
412.418 5.90239 0.0395628
412.418 5.96585 0.0484511
412.418 6.02932 0.0571442
412.418 6.09279 0.0656071
412.418 6.15625 0.073806
412.418 6.21972 0.0817076
412.418 6.28319 0.0892803
413.419 0 0.102285
413.419 0.0634665 0.104112
413.419 0.126933 0.10552
413.419 0.1904 0.106503
413.419 0.253866 0.107057
413.419 0.317333 0.10718
413.419 0.380799 0.106871
413.419 0.444266 0.106132
413.419 0.507732 0.104966
413.419 0.571199 0.103377
413.419 0.634665 0.101372
413.419 0.698132 0.0989584
413.419 0.761598 0.0961465
413.419 0.825065 0.0929475
413.419 0.888531 0.0893741
413.419 0.951998 0.0854411
413.419 1.01546 0.0811639
413.419 1.07893 0.0765598
413.419 1.1424 0.0716476
413.419 1.20586 0.0664469
413.419 1.26933 0.0609786
413.419 1.3328 0.0552645
413.419 1.39626 0.0493282
413.419 1.45973 0.0431931
413.419 1.5232 0.0368842
413.419 1.58666 0.0304267
413.419 1.65013 0.0238467
413.419 1.7136 0.0171706
413.419 1.77706 0.0104254
413.419 1.84053 0.00363836
413.419 1.904 -0.00316345
413.419 1.96746 -0.00995247
413.419 2.03093 -0.0167015
413.419 2.0944 -0.0233832
413.419 2.15786 -0.0299708
413.419 2.22133 -0.0364377
413.419 2.28479 -0.0427579
413.419 2.34826 -0.0489059
413.419 2.41173 -0.0548569
413.419 2.47519 -0.0605871
413.419 2.53866 -0.0660734
413.419 2.60213 -0.0712935
413.419 2.66559 -0.0762267
413.419 2.72906 -0.0808527
413.419 2.79253 -0.0851533
413.419 2.85599 -0.0891111
413.419 2.91946 -0.09271
413.419 2.98293 -0.0959356
413.419 3.04639 -0.0987747
413.419 3.10986 -0.101216
413.419 3.17333 -0.10325
413.419 3.23679 -0.104869
413.419 3.30026 -0.106065
413.419 3.36373 -0.106833
413.419 3.42719 -0.107172
413.419 3.49066 -0.107079
413.419 3.55413 -0.106555
413.419 3.61759 -0.105602
413.419 3.68106 -0.104224
413.419 3.74452 -0.102426
413.419 3.80799 -0.100216
413.419 3.87146 -0.0976017
413.419 3.93492 -0.0945947
413.419 3.99839 -0.0912068
413.419 4.06186 -0.0874517
413.419 4.12532 -0.0833445
413.419 4.18879 -0.0789016
413.419 4.25226 -0.074141
413.419 4.31572 -0.069082
413.419 4.37919 -0.0637447
413.419 4.44266 -0.0581508
413.419 4.50612 -0.0523228
413.419 4.56959 -0.046284
413.419 4.63306 -0.0400588
413.419 4.69652 -0.0336722
413.419 4.75999 -0.0271504
413.419 4.82346 -0.020519
413.419 4.88692 -0.013805
413.419 4.95039 -0.00703551
413.419 5.01385 -0.000237581
413.419 5.07732 0.00656126
413.419 5.14079 0.0133337
413.419 5.20425 0.0200524
413.419 5.26772 0.0266905
413.419 5.33119 0.033221
413.419 5.39465 0.0396178
413.419 5.45812 0.0458549
413.419 5.52159 0.0519075
413.419 5.58505 0.0577511
413.419 5.64852 0.0633621
413.419 5.71199 0.068718
413.419 5.77545 0.0737972
413.419 5.83892 0.0785793
413.419 5.90239 0.083045
413.419 5.96585 0.087176
413.419 6.02932 0.0909563
413.419 6.09279 0.0943703
413.419 6.15625 0.0974043
413.419 6.21972 0.100046
413.419 6.28319 0.102285
414.42 0 -0.121041
414.42 0.0634665 -0.128254
414.42 0.126933 -0.13495
414.42 0.1904 -0.141103
414.42 0.253866 -0.146687
414.42 0.317333 -0.151681
414.42 0.380799 -0.156064
414.42 0.444266 -0.159819
414.42 0.507732 -0.16293
414.42 0.571199 -0.165386
414.42 0.634665 -0.167175
414.42 0.698132 -0.168291
414.42 0.761598 -0.16873
414.42 0.825065 -0.168489
414.42 0.888531 -0.167569
414.42 0.951998 -0.165975
414.42 1.01546 -0.163713
414.42 1.07893 -0.160791
414.42 1.1424 -0.157222
414.42 1.20586 -0.15302
414.42 1.26933 -0.148201
414.42 1.3328 -0.142786
414.42 1.39626 -0.136796
414.42 1.45973 -0.130255
414.42 1.5232 -0.12319
414.42 1.58666 -0.115628
414.42 1.65013 -0.107601
414.42 1.7136 -0.0991412
414.42 1.77706 -0.0902817
414.42 1.84053 -0.0810587
414.42 1.904 -0.0715093
414.42 1.96746 -0.0616718
414.42 2.03093 -0.0515861
414.42 2.0944 -0.0412927
414.42 2.15786 -0.0308331
414.42 2.22133 -0.0202493
414.42 2.28479 -0.00958386
414.42 2.34826 0.00112018
414.42 2.41173 0.0118196
414.42 2.47519 0.0224715
414.42 2.53866 0.0330329
414.42 2.60213 0.0434612
414.42 2.66559 0.0537145
414.42 2.72906 0.0637516
414.42 2.79253 0.073532
414.42 2.85599 0.0830163
414.42 2.91946 0.0921663
414.42 2.98293 0.100945
414.42 3.04639 0.109318
414.42 3.10986 0.11725
414.42 3.17333 0.12471
414.42 3.23679 0.131668
414.42 3.30026 0.138096
414.42 3.36373 0.143967
414.42 3.42719 0.149259
414.42 3.49066 0.15395
414.42 3.55413 0.158021
414.42 3.61759 0.161456
414.42 3.68106 0.164241
414.42 3.74452 0.166364
414.42 3.80799 0.167817
414.42 3.87146 0.168595
414.42 3.93492 0.168694
414.42 3.99839 0.168114
414.42 4.06186 0.166856
414.42 4.12532 0.164927
414.42 4.18879 0.162334
414.42 4.25226 0.159086
414.42 4.31572 0.155199
414.42 4.37919 0.150686
414.42 4.44266 0.145567
414.42 4.50612 0.139861
414.42 4.56959 0.133593
414.42 4.63306 0.126786
414.42 4.69652 0.119469
414.42 4.75999 0.111671
414.42 4.82346 0.103423
414.42 4.88692 0.0947591
414.42 4.95039 0.0857133
414.42 5.01385 0.0763223
414.42 5.07732 0.066624
414.42 5.14079 0.0566575
414.42 5.20425 0.0464628
414.42 5.26772 0.0360811
414.42 5.33119 0.0255539
414.42 5.39465 0.014924
414.42 5.45812 0.004234
414.42 5.52159 -0.00647308
414.42 5.58505 -0.0171541
414.42 5.64852 -0.0277661
414.42 5.71199 -0.0382661
414.42 5.77545 -0.0486124
414.42 5.83892 -0.0587628
414.42 5.90239 -0.0686765
414.42 5.96585 -0.0783136
414.42 6.02932 -0.0876355
414.42 6.09279 -0.0966044
414.42 6.15625 -0.105184
414.42 6.21972 -0.113341
414.42 6.28319 -0.121041
415.421 0 -0.183791
415.421 0.0634665 -0.197243
415.421 0.126933 -0.209902
415.421 0.1904 -0.221715
415.421 0.253866 -0.232636
415.421 0.317333 -0.24262
415.421 0.380799 -0.251626
415.421 0.444266 -0.25962
415.421 0.507732 -0.266569
415.421 0.571199 -0.272443
415.421 0.634665 -0.277221
415.421 0.698132 -0.280883
415.421 0.761598 -0.283413
415.421 0.825065 -0.284803
415.421 0.888531 -0.285045
415.421 0.951998 -0.28414
415.421 1.01546 -0.28209
415.421 1.07893 -0.278905
415.421 1.1424 -0.274597
415.421 1.20586 -0.269183
415.421 1.26933 -0.262685
415.421 1.3328 -0.255129
415.421 1.39626 -0.246546
415.421 1.45973 -0.236971
415.421 1.5232 -0.226441
415.421 1.58666 -0.214999
415.421 1.65013 -0.202692
415.421 1.7136 -0.189568
415.421 1.77706 -0.175681
415.421 1.84053 -0.161087
415.421 1.904 -0.145844
415.421 1.96746 -0.130013
415.421 2.03093 -0.11366
415.421 2.0944 -0.0968485
415.421 2.15786 -0.0796467
415.421 2.22133 -0.062125
415.421 2.28479 -0.0443526
415.421 2.34826 -0.0264019
415.421 2.41173 -0.00834455
415.421 2.47519 0.00974638
415.421 2.53866 0.0277976
415.421 2.60213 0.0457375
415.421 2.66559 0.0634927
415.421 2.72906 0.0809926
415.421 2.79253 0.0981661
415.421 2.85599 0.114944
415.421 2.91946 0.13126
415.421 2.98293 0.147047
415.421 3.04639 0.162242
415.421 3.10986 0.176784
415.421 3.17333 0.190613
415.421 3.23679 0.203675
415.421 3.30026 0.215918
415.421 3.36373 0.22729
415.421 3.42719 0.237747
415.421 3.49066 0.247247
415.421 3.55413 0.255752
415.421 3.61759 0.263227
415.421 3.68106 0.269641
415.421 3.74452 0.27497
415.421 3.80799 0.279192
415.421 3.87146 0.28229
415.421 3.93492 0.284251
415.421 3.99839 0.285067
415.421 4.06186 0.284736
415.421 4.12532 0.283258
415.421 4.18879 0.280639
415.421 4.25226 0.27689
415.421 4.31572 0.272027
415.421 4.37919 0.266068
415.421 4.44266 0.259038
415.421 4.50612 0.250964
415.421 4.56959 0.24188
415.421 4.63306 0.231822
415.421 4.69652 0.220831
415.421 4.75999 0.20895
415.421 4.82346 0.196229
415.421 4.88692 0.182716
415.421 4.95039 0.168469
415.421 5.01385 0.153542
415.421 5.07732 0.137998
415.421 5.14079 0.121898
415.421 5.20425 0.105307
415.421 5.26772 0.088292
415.421 5.33119 0.0709216
415.421 5.39465 0.0532654
415.421 5.45812 0.0353948
415.421 5.52159 0.0173819
415.421 5.58505 -0.000701202
415.421 5.64852 -0.0187816
415.421 5.71199 -0.036786
415.421 5.77545 -0.0546422
415.421 5.83892 -0.0722791
415.421 5.90239 -0.0896241
415.421 5.96585 -0.106609
415.421 6.02932 -0.123164
415.421 6.09279 -0.139224
415.421 6.15625 -0.154722
415.421 6.21972 -0.169598
415.421 6.28319 -0.183791
416.422 0 0.170524
416.422 0.0634665 0.19625
416.422 0.126933 0.221186
416.422 0.1904 0.245231
416.422 0.253866 0.268288
416.422 0.317333 0.290266
416.422 0.380799 0.311074
416.422 0.444266 0.330631
416.422 0.507732 0.348855
416.422 0.571199 0.365675
416.422 0.634665 0.381023
416.422 0.698132 0.394836
416.422 0.761598 0.407059
416.422 0.825065 0.417644
416.422 0.888531 0.426547
416.422 0.951998 0.433731
416.422 1.01546 0.43917
416.422 1.07893 0.442841
416.422 1.1424 0.444728
416.422 1.20586 0.444824
416.422 1.26933 0.443129
416.422 1.3328 0.43965
416.422 1.39626 0.4344
416.422 1.45973 0.427402
416.422 1.5232 0.418682
416.422 1.58666 0.408277
416.422 1.65013 0.396227
416.422 1.7136 0.382582
416.422 1.77706 0.367397
416.422 1.84053 0.350732
416.422 1.904 0.332655
416.422 1.96746 0.313238
416.422 2.03093 0.292559
416.422 2.0944 0.270704
416.422 2.15786 0.247758
416.422 2.22133 0.223814
416.422 2.28479 0.19897
416.422 2.34826 0.173323
416.422 2.41173 0.146979
416.422 2.47519 0.120043
416.422 2.53866 0.0926242
416.422 2.60213 0.0648323
416.422 2.66559 0.036779
416.422 2.72906 0.00857794
416.422 2.79253 -0.0196579
416.422 2.85599 -0.0478146
416.422 2.91946 -0.0757787
416.422 2.98293 -0.103438
416.422 3.04639 -0.13068
416.422 3.10986 -0.157397
416.422 3.17333 -0.183479
416.422 3.23679 -0.208823
416.422 3.30026 -0.233325
416.422 3.36373 -0.256889
416.422 3.42719 -0.279418
416.422 3.49066 -0.300822
416.422 3.55413 -0.321014
416.422 3.61759 -0.339914
416.422 3.68106 -0.357446
416.422 3.74452 -0.373537
416.422 3.80799 -0.388125
416.422 3.87146 -0.40115
416.422 3.93492 -0.412559
416.422 3.99839 -0.422308
416.422 4.06186 -0.430356
416.422 4.12532 -0.436671
416.422 4.18879 -0.441227
416.422 4.25226 -0.444008
416.422 4.31572 -0.445
416.422 4.37919 -0.4442
416.422 4.44266 -0.441612
416.422 4.50612 -0.437246
416.422 4.56959 -0.431118
416.422 4.63306 -0.423255
416.422 4.69652 -0.413687
416.422 4.75999 -0.402454
416.422 4.82346 -0.389601
416.422 4.88692 -0.375178
416.422 4.95039 -0.359245
416.422 5.01385 -0.341865
416.422 5.07732 -0.323109
416.422 5.14079 -0.303052
416.422 5.20425 -0.281773
416.422 5.26772 -0.259362
416.422 5.33119 -0.235905
416.422 5.39465 -0.211498
416.422 5.45812 -0.18624
416.422 5.52159 -0.160232
416.422 5.58505 -0.133579
416.422 5.64852 -0.106388
416.422 5.71199 -0.0787682
416.422 5.77545 -0.0508312
416.422 5.83892 -0.0226901
416.422 5.90239 0.00554271
416.422 5.96585 0.0337534
416.422 6.02932 0.0618279
416.422 6.09279 0.0896535
416.422 6.15625 0.117118
416.422 6.21972 0.144111
416.422 6.28319 0.170524
417.423 0 0.110726
417.423 0.0634665 0.105958
417.423 0.126933 0.100763
417.423 0.1904 0.0951622
417.423 0.253866 0.0891786
417.423 0.317333 0.0828358
417.423 0.380799 0.0761596
417.423 0.444266 0.0691765
417.423 0.507732 0.061915
417.423 0.571199 0.0544042
417.423 0.634665 0.0466742
417.423 0.698132 0.0387565
417.423 0.761598 0.0306824
417.423 0.825065 0.022485
417.423 0.888531 0.014197
417.423 0.951998 0.00585184
417.423 1.01546 -0.00251697
417.423 1.07893 -0.0108754
417.423 1.1424 -0.0191901
417.423 1.20586 -0.0274279
417.423 1.26933 -0.0355548
417.423 1.3328 -0.0435388
417.423 1.39626 -0.0513474
417.423 1.45973 -0.0589491
417.423 1.5232 -0.0663136
417.423 1.58666 -0.0734111
417.423 1.65013 -0.080213
417.423 1.7136 -0.0866919
417.423 1.77706 -0.0928218
417.423 1.84053 -0.0985777
417.423 1.904 -0.103937
417.423 1.96746 -0.108877
417.423 2.03093 -0.11338
417.423 2.0944 -0.117425
417.423 2.15786 -0.120998
417.423 2.22133 -0.124084
417.423 2.28479 -0.126669
417.423 2.34826 -0.128745
417.423 2.41173 -0.130303
417.423 2.47519 -0.131336
417.423 2.53866 -0.131839
417.423 2.60213 -0.131813
417.423 2.66559 -0.131255
417.423 2.72906 -0.130169
417.423 2.79253 -0.128558
417.423 2.85599 -0.12643
417.423 2.91946 -0.123793
417.423 2.98293 -0.120658
417.423 3.04639 -0.117036
417.423 3.10986 -0.112944
417.423 3.17333 -0.108396
417.423 3.23679 -0.103412
417.423 3.30026 -0.0980119
417.423 3.36373 -0.0922168
417.423 3.42719 -0.0860505
417.423 3.49066 -0.0795377
417.423 3.55413 -0.0727046
417.423 3.61759 -0.0655787
417.423 3.68106 -0.0581888
417.423 3.74452 -0.0505647
417.423 3.80799 -0.0427368
417.423 3.87146 -0.0347369
417.423 3.93492 -0.0265971
417.423 3.99839 -0.0183503
417.423 4.06186 -0.0100295
417.423 4.12532 -0.00166831
417.423 4.18879 0.00669958
417.423 4.25226 0.0150405
417.423 4.31572 0.0233208
417.423 4.37919 0.0315072
417.423 4.44266 0.0395667
417.423 4.50612 0.047467
417.423 4.56959 0.055176
417.423 4.63306 0.062663
417.423 4.69652 0.0698977
417.423 4.75999 0.0768507
417.423 4.82346 0.0834945
417.423 4.88692 0.089802
417.423 4.95039 0.0957479
417.423 5.01385 0.101308
417.423 5.07732 0.106461
417.423 5.14079 0.111184
417.423 5.20425 0.115461
417.423 5.26772 0.119272
417.423 5.33119 0.122602
417.423 5.39465 0.12544
417.423 5.45812 0.127772
417.423 5.52159 0.129589
417.423 5.58505 0.130885
417.423 5.64852 0.131654
417.423 5.71199 0.131892
417.423 5.77545 0.1316
417.423 5.83892 0.130778
417.423 5.90239 0.129429
417.423 5.96585 0.127559
417.423 6.02932 0.125175
417.423 6.09279 0.122287
417.423 6.15625 0.118907
417.423 6.21972 0.115048
417.423 6.28319 0.110726
418.424 0 -0.00554871
418.424 0.0634665 0.00240751
418.424 0.126933 0.0103542
418.424 0.1904 0.018259
418.424 0.253866 0.0260903
418.424 0.317333 0.0338166
418.424 0.380799 0.0414067
418.424 0.444266 0.0488302
418.424 0.507732 0.0560568
418.424 0.571199 0.0630579
418.424 0.634665 0.069805
418.424 0.698132 0.0762711
418.424 0.761598 0.0824299
418.424 0.825065 0.0882571
418.424 0.888531 0.0937286
418.424 0.951998 0.0988229
418.424 1.01546 0.103519
418.424 1.07893 0.107799
418.424 1.1424 0.111644
418.424 1.20586 0.11504
418.424 1.26933 0.117972
418.424 1.3328 0.12043
418.424 1.39626 0.122403
418.424 1.45973 0.123882
418.424 1.5232 0.124863
418.424 1.58666 0.125342
418.424 1.65013 0.125315
418.424 1.7136 0.124784
418.424 1.77706 0.12375
418.424 1.84053 0.122219
418.424 1.904 0.120194
418.424 1.96746 0.117686
418.424 2.03093 0.114705
418.424 2.0944 0.111261
418.424 2.15786 0.107369
418.424 2.22133 0.103045
418.424 2.28479 0.0983057
418.424 2.34826 0.093171
418.424 2.41173 0.0876607
418.424 2.47519 0.0817977
418.424 2.53866 0.0756055
418.424 2.60213 0.0691087
418.424 2.66559 0.0623336
418.424 2.72906 0.0553074
418.424 2.79253 0.0480586
418.424 2.85599 0.0406164
418.424 2.91946 0.0330103
418.424 2.98293 0.0252718
418.424 3.04639 0.0174312
418.424 3.10986 0.00952042
418.424 3.17333 0.00157135
418.424 3.23679 -0.00638406
418.424 3.30026 -0.0143138
418.424 3.36373 -0.0221858
418.424 3.42719 -0.0299685
418.424 3.49066 -0.0376306
418.424 3.55413 -0.045141
418.424 3.61759 -0.05247
418.424 3.68106 -0.0595876
418.424 3.74452 -0.0664649
418.424 3.80799 -0.0730748
418.424 3.87146 -0.0793906
418.424 3.93492 -0.0853864
418.424 3.99839 -0.0910387
418.424 4.06186 -0.0963242
418.424 4.12532 -0.101222
418.424 4.18879 -0.105712
418.424 4.25226 -0.109777
418.424 4.31572 -0.113399
418.424 4.37919 -0.116565
418.424 4.44266 -0.119261
418.424 4.50612 -0.121477
418.424 4.56959 -0.123205
418.424 4.63306 -0.124436
418.424 4.69652 -0.125165
418.424 4.75999 -0.125391
418.424 4.82346 -0.125112
418.424 4.88692 -0.12433
418.424 4.95039 -0.123046
418.424 5.01385 -0.121267
418.424 5.07732 -0.119
418.424 5.14079 -0.116254
418.424 5.20425 -0.11304
418.424 5.26772 -0.10937
418.424 5.33119 -0.10526
418.424 5.39465 -0.100726
418.424 5.45812 -0.0957867
418.424 5.52159 -0.0904616
418.424 5.58505 -0.084772
418.424 5.64852 -0.0787413
418.424 5.71199 -0.0723935
418.424 5.77545 -0.0657541
418.424 5.83892 -0.0588502
418.424 5.90239 -0.0517091
418.424 5.96585 -0.0443598
418.424 6.02932 -0.036832
418.424 6.09279 -0.0291558
418.424 6.15625 -0.0213622
418.424 6.21972 -0.0134824
418.424 6.28319 -0.00554866
419.425 0 -0.178859
419.425 0.0634665 -0.161711
419.425 0.126933 -0.143912
419.425 0.1904 -0.125534
419.425 0.253866 -0.10665
419.425 0.317333 -0.0873366
419.425 0.380799 -0.0676716
419.425 0.444266 -0.0477341
419.425 0.507732 -0.0276043
419.425 0.571199 -0.00736347
419.425 0.634665 0.0129071
419.425 0.698132 0.0331255
419.425 0.761598 0.0532108
419.425 0.825065 0.0730817
419.425 0.888531 0.0926584
419.425 0.951998 0.111862
419.425 1.01546 0.130615
419.425 1.07893 0.148842
419.425 1.1424 0.16647
419.425 1.20586 0.183428
419.425 1.26933 0.199646
419.425 1.3328 0.215062
419.425 1.39626 0.229611
419.425 1.45973 0.243235
419.425 1.5232 0.25588
419.425 1.58666 0.267495
419.425 1.65013 0.278032
419.425 1.7136 0.28745
419.425 1.77706 0.295711
419.425 1.84053 0.302781
419.425 1.904 0.308632
419.425 1.96746 0.31324
419.425 2.03093 0.316586
419.425 2.0944 0.318658
419.425 2.15786 0.319447
419.425 2.22133 0.318949
419.425 2.28479 0.317168
419.425 2.34826 0.314108
419.425 2.41173 0.309785
419.425 2.47519 0.304213
419.425 2.53866 0.297417
419.425 2.60213 0.289424
419.425 2.66559 0.280264
419.425 2.72906 0.269977
419.425 2.79253 0.258602
419.425 2.85599 0.246186
419.425 2.91946 0.232779
419.425 2.98293 0.218434
419.425 3.04639 0.20321
419.425 3.10986 0.187167
419.425 3.17333 0.170371
419.425 3.23679 0.152889
419.425 3.30026 0.134791
419.425 3.36373 0.11615
419.425 3.42719 0.0970423
419.425 3.49066 0.0775432
419.425 3.55413 0.0577319
419.425 3.61759 0.0376882
419.425 3.68106 0.0174926
419.425 3.74452 -0.00277324
419.425 3.80799 -0.0230279
419.425 3.87146 -0.04319
419.425 3.93492 -0.0631782
419.425 3.99839 -0.0829119
419.425 4.06186 -0.102312
419.425 4.12532 -0.1213
419.425 4.18879 -0.139799
419.425 4.25226 -0.157736
419.425 4.31572 -0.175037
419.425 4.37919 -0.191634
419.425 4.44266 -0.207458
419.425 4.50612 -0.222448
419.425 4.56959 -0.236542
419.425 4.63306 -0.249683
419.425 4.69652 -0.261819
419.425 4.75999 -0.272901
419.425 4.82346 -0.282884
419.425 4.88692 -0.291728
419.425 4.95039 -0.299397
419.425 5.01385 -0.305861
419.425 5.07732 -0.311092
419.425 5.14079 -0.315072
419.425 5.20425 -0.317782
419.425 5.26772 -0.319213
419.425 5.33119 -0.319359
419.425 5.39465 -0.318218
419.425 5.45812 -0.315797
419.425 5.52159 -0.312104
419.425 5.58505 -0.307153
419.425 5.64852 -0.300967
419.425 5.71199 -0.293568
419.425 5.77545 -0.284988
419.425 5.83892 -0.275259
419.425 5.90239 -0.264423
419.425 5.96585 -0.252521
419.425 6.02932 -0.239603
419.425 6.09279 -0.22572
419.425 6.15625 -0.210928
419.425 6.21972 -0.195287
419.425 6.28319 -0.178859
420.426 0 -0.0375013
420.426 0.0634665 -0.0115117
420.426 0.126933 0.0145244
420.426 0.1904 0.040502
420.426 0.253866 0.0663162
420.426 0.317333 0.091864
420.426 0.380799 0.117041
420.426 0.444266 0.141747
420.426 0.507732 0.165883
420.426 0.571199 0.18935
420.426 0.634665 0.212055
420.426 0.698132 0.233906
420.426 0.761598 0.254816
420.426 0.825065 0.274699
420.426 0.888531 0.293476
420.426 0.951998 0.311072
420.426 1.01546 0.327415
420.426 1.07893 0.342439
420.426 1.1424 0.356085
420.426 1.20586 0.368297
420.426 1.26933 0.379025
420.426 1.3328 0.388228
420.426 1.39626 0.395867
420.426 1.45973 0.401912
420.426 1.5232 0.406339
420.426 1.58666 0.40913
420.426 1.65013 0.410273
420.426 1.7136 0.409764
420.426 1.77706 0.407606
420.426 1.84053 0.403806
420.426 1.904 0.39838
420.426 1.96746 0.39135
420.426 2.03093 0.382744
420.426 2.0944 0.372597
420.426 2.15786 0.360949
420.426 2.22133 0.347849
420.426 2.28479 0.333347
420.426 2.34826 0.317503
420.426 2.41173 0.300381
420.426 2.47519 0.282049
420.426 2.53866 0.262582
420.426 2.60213 0.242057
420.426 2.66559 0.220557
420.426 2.72906 0.19817
420.426 2.79253 0.174984
420.426 2.85599 0.151094
420.426 2.91946 0.126596
420.426 2.98293 0.101587
420.426 3.04639 0.0761701
420.426 3.10986 0.050446
420.426 3.17333 0.0245189
420.426 3.23679 -0.00150713
420.426 3.30026 -0.0275269
420.426 3.36373 -0.053436
420.426 3.42719 -0.07913
420.426 3.49066 -0.104505
420.426 3.55413 -0.129459
420.426 3.61759 -0.153893
420.426 3.68106 -0.177706
420.426 3.74452 -0.200804
420.426 3.80799 -0.223093
420.426 3.87146 -0.244484
420.426 3.93492 -0.264891
420.426 3.99839 -0.284231
420.426 4.06186 -0.302426
420.426 4.12532 -0.319404
420.426 4.18879 -0.335096
420.426 4.25226 -0.349438
420.426 4.31572 -0.362372
420.426 4.37919 -0.373849
420.426 4.44266 -0.38382
420.426 4.50612 -0.392245
420.426 4.56959 -0.399091
420.426 4.63306 -0.404329
420.426 4.69652 -0.40794
420.426 4.75999 -0.409908
420.426 4.82346 -0.410225
420.426 4.88692 -0.408891
420.426 4.95039 -0.40591
420.426 5.01385 -0.401295
420.426 5.07732 -0.395064
420.426 5.14079 -0.387242
420.426 5.20425 -0.377861
420.426 5.26772 -0.366958
420.426 5.33119 -0.354577
420.426 5.39465 -0.340769
420.426 5.45812 -0.325589
420.426 5.52159 -0.309098
420.426 5.58505 -0.291362
420.426 5.64852 -0.272453
420.426 5.71199 -0.252446
420.426 5.77545 -0.231424
420.426 5.83892 -0.209469
420.426 5.90239 -0.186671
420.426 5.96585 -0.163122
420.426 6.02932 -0.138915
420.426 6.09279 -0.114149
420.426 6.15625 -0.0889235
420.426 6.21972 -0.0633399
420.426 6.28319 -0.0375013
421.427 0 0.0254022
421.427 0.0634665 0.0145884
421.427 0.126933 0.00371567
421.427 0.1904 -0.0071718
421.427 0.253866 -0.0180303
421.427 0.317333 -0.0288165
421.427 0.380799 -0.0394865
421.427 0.444266 -0.0499977
421.427 0.507732 -0.0603073
421.427 0.571199 -0.0703742
421.427 0.634665 -0.080158
421.427 0.698132 -0.0896186
421.427 0.761598 -0.0987183
421.427 0.825065 -0.107421
421.427 0.888531 -0.115691
421.427 0.951998 -0.123495
421.427 1.01546 -0.130801
421.427 1.07893 -0.137581
421.427 1.1424 -0.143807
421.427 1.20586 -0.149454
421.427 1.26933 -0.1545
421.427 1.3328 -0.158923
421.427 1.39626 -0.162706
421.427 1.45973 -0.165834
421.427 1.5232 -0.168294
421.427 1.58666 -0.170077
421.427 1.65013 -0.171174
421.427 1.7136 -0.171583
421.427 1.77706 -0.1713
421.427 1.84053 -0.170328
421.427 1.904 -0.16867
421.427 1.96746 -0.166333
421.427 2.03093 -0.163326
421.427 2.0944 -0.159661
421.427 2.15786 -0.155354
421.427 2.22133 -0.150421
421.427 2.28479 -0.144882
421.427 2.34826 -0.13876
421.427 2.41173 -0.132079
421.427 2.47519 -0.124866
421.427 2.53866 -0.117151
421.427 2.60213 -0.108963
421.427 2.66559 -0.100337
421.427 2.72906 -0.0913071
421.427 2.79253 -0.0819093
421.427 2.85599 -0.072182
421.427 2.91946 -0.0621638
421.427 2.98293 -0.0518954
421.427 3.04639 -0.0414177
421.427 3.10986 -0.0307737
421.427 3.17333 -0.0200052
421.427 3.23679 -0.00915682
421.427 3.30026 0.00172883
421.427 3.36373 0.0126076
421.427 3.42719 0.0234354
421.427 3.49066 0.0341688
421.427 3.55413 0.0447647
421.427 3.61759 0.0551804
421.427 3.68106 0.0653737
421.427 3.74452 0.075304
421.427 3.80799 0.0849309
421.427 3.87146 0.0942159
421.427 3.93492 0.103122
421.427 3.99839 0.111612
421.427 4.06186 0.119653
421.427 4.12532 0.127212
421.427 4.18879 0.134259
421.427 4.25226 0.140765
421.427 4.31572 0.146705
421.427 4.37919 0.152054
421.427 4.44266 0.15679
421.427 4.50612 0.160895
421.427 4.56959 0.164353
421.427 4.63306 0.167148
421.427 4.69652 0.169271
421.427 4.75999 0.170711
421.427 4.82346 0.171465
421.427 4.88692 0.171528
421.427 4.95039 0.1709
421.427 5.01385 0.169585
421.427 5.07732 0.167586
421.427 5.14079 0.164912
421.427 5.20425 0.161575
421.427 5.26772 0.157587
421.427 5.33119 0.152964
421.427 5.39465 0.147725
421.427 5.45812 0.141892
421.427 5.52159 0.135487
421.427 5.58505 0.128537
421.427 5.64852 0.121069
421.427 5.71199 0.113114
421.427 5.77545 0.104703
421.427 5.83892 0.0958703
421.427 5.90239 0.0866519
421.427 5.96585 0.0770845
421.427 6.02932 0.0672068
421.427 6.09279 0.0570581
421.427 6.15625 0.0466798
421.427 6.21972 0.036114
421.427 6.28319 0.0254021
422.428 0 0.101119
422.428 0.0634665 0.0815235
422.428 0.126933 0.0615998
422.428 0.1904 0.0414276
422.428 0.253866 0.0210888
422.428 0.317333 0.000665187
422.428 0.380799 -0.0197614
422.428 0.444266 -0.040108
422.428 0.507732 -0.0602935
422.428 0.571199 -0.0802359
422.428 0.634665 -0.0998553
422.428 0.698132 -0.119073
422.428 0.761598 -0.137811
422.428 0.825065 -0.155994
422.428 0.888531 -0.173549
422.428 0.951998 -0.190405
422.428 1.01546 -0.206494
422.428 1.07893 -0.221752
422.428 1.1424 -0.236117
422.428 1.20586 -0.249531
422.428 1.26933 -0.26194
422.428 1.3328 -0.273295
422.428 1.39626 -0.283549
422.428 1.45973 -0.292662
422.428 1.5232 -0.300596
422.428 1.58666 -0.30732
422.428 1.65013 -0.312806
422.428 1.7136 -0.317033
422.428 1.77706 -0.319982
422.428 1.84053 -0.321644
422.428 1.904 -0.32201
422.428 1.96746 -0.321081
422.428 2.03093 -0.318857
422.428 2.0944 -0.31535
422.428 2.15786 -0.310573
422.428 2.22133 -0.304546
422.428 2.28479 -0.297292
422.428 2.34826 -0.288841
422.428 2.41173 -0.279228
422.428 2.47519 -0.26849
422.428 2.53866 -0.25667
422.428 2.60213 -0.243817
422.428 2.66559 -0.229983
422.428 2.72906 -0.215222
422.428 2.79253 -0.199595
422.428 2.85599 -0.183164
422.428 2.91946 -0.165995
422.428 2.98293 -0.148159
422.428 3.04639 -0.129725
422.428 3.10986 -0.110769
422.428 3.17333 -0.0913675
422.428 3.23679 -0.0715977
422.428 3.30026 -0.0515397
422.428 3.36373 -0.0312739
422.428 3.42719 -0.0108825
422.428 3.49066 0.00955285
422.428 3.55413 0.0299498
422.428 3.61759 0.0502261
422.428 3.68106 0.0703001
422.428 3.74452 0.0900912
422.428 3.80799 0.109519
422.428 3.87146 0.128507
422.428 3.93492 0.146976
422.428 3.99839 0.164854
422.428 4.06186 0.182068
422.428 4.12532 0.198549
422.428 4.18879 0.214231
422.428 4.25226 0.22905
422.428 4.31572 0.242946
422.428 4.37919 0.255865
422.428 4.44266 0.267752
422.428 4.50612 0.278562
422.428 4.56959 0.288251
422.428 4.63306 0.296778
422.428 4.69652 0.304111
422.428 4.75999 0.310219
422.428 4.82346 0.315077
422.428 4.88692 0.318668
422.428 4.95039 0.320975
422.428 5.01385 0.321989
422.428 5.07732 0.321707
422.428 5.14079 0.32013
422.428 5.20425 0.317263
422.428 5.26772 0.313119
422.428 5.33119 0.307715
422.428 5.39465 0.301071
422.428 5.45812 0.293215
422.428 5.52159 0.284178
422.428 5.58505 0.273997
422.428 5.64852 0.262712
422.428 5.71199 0.25037
422.428 5.77545 0.23702
422.428 5.83892 0.222715
422.428 5.90239 0.207513
422.428 5.96585 0.191476
422.428 6.02932 0.174668
422.428 6.09279 0.157156
422.428 6.15625 0.139012
422.428 6.21972 0.120308
422.428 6.28319 0.101119
423.429 0 -0.405704
423.429 0.0634665 -0.391402
423.429 0.126933 -0.375525
423.429 0.1904 -0.358136
423.429 0.253866 -0.339304
423.429 0.317333 -0.319107
423.429 0.380799 -0.297624
423.429 0.444266 -0.274943
423.429 0.507732 -0.251155
423.429 0.571199 -0.226355
423.429 0.634665 -0.200644
423.429 0.698132 -0.174125
423.429 0.761598 -0.146905
423.429 0.825065 -0.119094
423.429 0.888531 -0.0908026
423.429 0.951998 -0.0621459
423.429 1.01546 -0.0332387
423.429 1.07893 -0.00419807
423.429 1.1424 0.0248598
423.429 1.20586 0.0538174
423.429 1.26933 0.0825583
423.429 1.3328 0.110967
423.429 1.39626 0.138928
423.429 1.45973 0.16633
423.429 1.5232 0.193063
423.429 1.58666 0.219018
423.429 1.65013 0.244091
423.429 1.7136 0.268182
423.429 1.77706 0.291192
423.429 1.84053 0.31303
423.429 1.904 0.333607
423.429 1.96746 0.352841
423.429 2.03093 0.370655
423.429 2.0944 0.386976
423.429 2.15786 0.401738
423.429 2.22133 0.414883
423.429 2.28479 0.426358
423.429 2.34826 0.436116
423.429 2.41173 0.444117
423.429 2.47519 0.450331
423.429 2.53866 0.45473
423.429 2.60213 0.457299
423.429 2.66559 0.458026
423.429 2.72906 0.45691
423.429 2.79253 0.453953
423.429 2.85599 0.449168
423.429 2.91946 0.442575
423.429 2.98293 0.4342
423.429 3.04639 0.424076
423.429 3.10986 0.412245
423.429 3.17333 0.398754
423.429 3.23679 0.383657
423.429 3.30026 0.367015
423.429 3.36373 0.348896
423.429 3.42719 0.329371
423.429 3.49066 0.30852
423.429 3.55413 0.286427
423.429 3.61759 0.263181
423.429 3.68106 0.238875
423.429 3.74452 0.213607
423.429 3.80799 0.187479
423.429 3.87146 0.160596
423.429 3.93492 0.133067
423.429 3.99839 0.105001
423.429 4.06186 0.0765126
423.429 4.12532 0.0477163
423.429 4.18879 0.0187278
423.429 4.25226 -0.0103362
423.429 4.31572 -0.0393583
423.429 4.37919 -0.0682224
423.429 4.44266 -0.0968111
423.429 4.50612 -0.12501
423.429 4.56959 -0.152707
423.429 4.63306 -0.179787
423.429 4.69652 -0.206145
423.429 4.75999 -0.231672
423.429 4.82346 -0.256266
423.429 4.88692 -0.279828
423.429 4.95039 -0.302263
423.429 5.01385 -0.323482
423.429 5.07732 -0.343397
423.429 5.14079 -0.361931
423.429 5.20425 -0.379006
423.429 5.26772 -0.394556
423.429 5.33119 -0.408517
423.429 5.39465 -0.420833
423.429 5.45812 -0.431454
423.429 5.52159 -0.440338
423.429 5.58505 -0.447449
423.429 5.64852 -0.452758
423.429 5.71199 -0.456244
423.429 5.77545 -0.457894
423.429 5.83892 -0.457698
423.429 5.90239 -0.455661
423.429 5.96585 -0.451788
423.429 6.02932 -0.446096
423.429 6.09279 -0.438608
423.429 6.15625 -0.429355
423.429 6.21972 -0.418371
423.429 6.28319 -0.405704
424.43 0 0.325294
424.43 0.0634665 0.352826
424.43 0.126933 0.378936
424.43 0.1904 0.403521
424.43 0.253866 0.426482
424.43 0.317333 0.447724
424.43 0.380799 0.467164
424.43 0.444266 0.484724
424.43 0.507732 0.500331
424.43 0.571199 0.513923
424.43 0.634665 0.525447
424.43 0.698132 0.534853
424.43 0.761598 0.542107
424.43 0.825065 0.547178
424.43 0.888531 0.550044
424.43 0.951998 0.550697
424.43 1.01546 0.549132
424.43 1.07893 0.545356
424.43 1.1424 0.539385
424.43 1.20586 0.53124
424.43 1.26933 0.520958
424.43 1.3328 0.508577
424.43 1.39626 0.494149
424.43 1.45973 0.477729
424.43 1.5232 0.459388
424.43 1.58666 0.439196
424.43 1.65013 0.417236
424.43 1.7136 0.393596
424.43 1.77706 0.36837
424.43 1.84053 0.341662
424.43 1.904 0.313577
424.43 1.96746 0.28423
424.43 2.03093 0.253739
424.43 2.0944 0.222226
424.43 2.15786 0.189818
424.43 2.22133 0.156646
424.43 2.28479 0.122843
424.43 2.34826 0.0885448
424.43 2.41173 0.0538905
424.43 2.47519 0.0190194
424.43 2.53866 -0.0159284
424.43 2.60213 -0.0508121
424.43 2.66559 -0.0854913
424.43 2.72906 -0.119826
424.43 2.79253 -0.153678
424.43 2.85599 -0.186912
424.43 2.91946 -0.219393
424.43 2.98293 -0.25099
424.43 3.04639 -0.281577
424.43 3.10986 -0.31103
424.43 3.17333 -0.339231
424.43 3.23679 -0.366066
424.43 3.30026 -0.391426
424.43 3.36373 -0.41521
424.43 3.42719 -0.437324
424.43 3.49066 -0.457675
424.43 3.55413 -0.476183
424.43 3.61759 -0.492775
424.43 3.68106 -0.507382
424.43 3.74452 -0.519946
424.43 3.80799 -0.530416
424.43 3.87146 -0.538751
424.43 3.93492 -0.544917
424.43 3.99839 -0.548887
424.43 4.06186 -0.550648
424.43 4.12532 -0.550192
424.43 4.18879 -0.54752
424.43 4.25226 -0.542643
424.43 4.31572 -0.535582
424.43 4.37919 -0.526365
424.43 4.44266 -0.515026
424.43 4.50612 -0.501615
424.43 4.56959 -0.486183
424.43 4.63306 -0.468795
424.43 4.69652 -0.449519
424.43 4.75999 -0.428431
424.43 4.82346 -0.40562
424.43 4.88692 -0.381175
424.43 4.95039 -0.355195
424.43 5.01385 -0.327784
424.43 5.07732 -0.299055
424.43 5.14079 -0.26912
424.43 5.20425 -0.238102
424.43 5.26772 -0.206126
424.43 5.33119 -0.173319
424.43 5.39465 -0.139814
424.43 5.45812 -0.105747
424.43 5.52159 -0.0712538
424.43 5.58505 -0.0364735
424.43 5.64852 -0.00154637
424.43 5.71199 0.033387
424.43 5.77545 0.0681859
424.43 5.83892 0.10271
424.43 5.90239 0.136821
424.43 5.96585 0.170381
424.43 6.02932 0.203255
424.43 6.09279 0.23531
424.43 6.15625 0.266418
424.43 6.21972 0.296453
424.43 6.28319 0.325294
425.431 0 0.595651
425.431 0.0634665 0.583338
425.431 0.126933 0.568676
425.431 0.1904 0.551726
425.431 0.253866 0.532552
425.431 0.317333 0.511235
425.431 0.380799 0.487859
425.431 0.444266 0.462518
425.431 0.507732 0.435315
425.431 0.571199 0.406361
425.431 0.634665 0.375768
425.431 0.698132 0.343663
425.431 0.761598 0.310175
425.431 0.825065 0.275437
425.431 0.888531 0.23959
425.431 0.951998 0.202778
425.431 1.01546 0.16515
425.431 1.07893 0.126857
425.431 1.1424 0.0880528
425.431 1.20586 0.0488944
425.431 1.26933 0.00953889
425.431 1.3328 -0.0298548
425.431 1.39626 -0.0691285
425.431 1.45973 -0.108124
425.431 1.5232 -0.146684
425.431 1.58666 -0.184653
425.431 1.65013 -0.221879
425.431 1.7136 -0.258211
425.431 1.77706 -0.293504
425.431 1.84053 -0.327614
425.431 1.904 -0.360406
425.431 1.96746 -0.391746
425.431 2.03093 -0.421509
425.431 2.0944 -0.449574
425.431 2.15786 -0.475829
425.431 2.22133 -0.500169
425.431 2.28479 -0.522494
425.431 2.34826 -0.542715
425.431 2.41173 -0.560752
425.431 2.47519 -0.57653
425.431 2.53866 -0.589987
425.431 2.60213 -0.601068
425.431 2.66559 -0.609728
425.431 2.72906 -0.615934
425.431 2.79253 -0.619659
425.431 2.85599 -0.62089
425.431 2.91946 -0.619619
425.431 2.98293 -0.615855
425.431 3.04639 -0.60961
425.431 3.10986 -0.600911
425.431 3.17333 -0.589791
425.431 3.23679 -0.576297
425.431 3.30026 -0.560484
425.431 3.36373 -0.542412
425.431 3.42719 -0.522156
425.431 3.49066 -0.499799
425.431 3.55413 -0.475428
425.431 3.61759 -0.449144
425.431 3.68106 -0.42105
425.431 3.74452 -0.391261
425.431 3.80799 -0.359897
425.431 3.87146 -0.327083
425.431 3.93492 -0.292953
425.431 3.99839 -0.257643
425.431 4.06186 -0.221296
425.431 4.12532 -0.184056
425.431 4.18879 -0.146077
425.431 4.25226 -0.107509
425.431 4.31572 -0.068508
425.431 4.37919 -0.0292311
425.431 4.44266 0.010163
425.431 4.50612 0.0495165
425.431 4.56959 0.0886708
425.431 4.63306 0.127468
425.431 4.69652 0.165752
425.431 4.75999 0.203368
425.431 4.82346 0.240166
425.431 4.88692 0.275996
425.431 4.95039 0.310715
425.431 5.01385 0.344183
425.431 5.07732 0.376265
425.431 5.14079 0.406832
425.431 5.20425 0.435761
425.431 5.26772 0.462935
425.431 5.33119 0.488245
425.431 5.39465 0.511589
425.431 5.45812 0.532873
425.431 5.52159 0.552012
425.431 5.58505 0.568927
425.431 5.64852 0.583552
425.431 5.71199 0.595827
425.431 5.77545 0.605702
425.431 5.83892 0.61314
425.431 5.90239 0.618108
425.431 5.96585 0.620587
425.431 6.02932 0.620566
425.431 6.09279 0.618048
425.431 6.15625 0.613041
425.431 6.21972 0.605565
425.431 6.28319 0.595652
426.432 0 -0.131013
426.432 0.0634665 -0.139367
426.432 0.126933 -0.147159
426.432 0.1904 -0.154359
426.432 0.253866 -0.160937
426.432 0.317333 -0.166868
426.432 0.380799 -0.172126
426.432 0.444266 -0.176691
426.432 0.507732 -0.180545
426.432 0.571199 -0.183672
426.432 0.634665 -0.186059
426.432 0.698132 -0.187697
426.432 0.761598 -0.188579
426.432 0.825065 -0.188702
426.432 0.888531 -0.188065
426.432 0.951998 -0.186671
426.432 1.01546 -0.184525
426.432 1.07893 -0.181636
426.432 1.1424 -0.178016
426.432 1.20586 -0.173679
426.432 1.26933 -0.168642
426.432 1.3328 -0.162927
426.432 1.39626 -0.156555
426.432 1.45973 -0.149553
426.432 1.5232 -0.141949
426.432 1.58666 -0.133773
426.432 1.65013 -0.125059
426.432 1.7136 -0.115841
426.432 1.77706 -0.106157
426.432 1.84053 -0.0960447
426.432 1.904 -0.0855461
426.432 1.96746 -0.0747031
426.432 2.03093 -0.0635591
426.432 2.0944 -0.0521595
426.432 2.15786 -0.0405497
426.432 2.22133 -0.0287765
426.432 2.28479 -0.0168875
426.432 2.34826 -0.00493079
426.432 2.41173 0.00704623
426.432 2.47519 0.0189947
426.432 2.53866 0.0308667
426.432 2.60213 0.0426144
426.432 2.66559 0.0541906
426.432 2.72906 0.0655484
426.432 2.79253 0.0766422
426.432 2.85599 0.0874278
426.432 2.91946 0.0978608
426.432 2.98293 0.1079
426.432 3.04639 0.117505
426.432 3.10986 0.126637
426.432 3.17333 0.135258
426.432 3.23679 0.143335
426.432 3.30026 0.150835
426.432 3.36373 0.157728
426.432 3.42719 0.163985
426.432 3.49066 0.169582
426.432 3.55413 0.174497
426.432 3.61759 0.178708
426.432 3.68106 0.1822
426.432 3.74452 0.184959
426.432 3.80799 0.186972
426.432 3.87146 0.188233
426.432 3.93492 0.188736
426.432 3.99839 0.188478
426.432 4.06186 0.187463
426.432 4.12532 0.185691
426.432 4.18879 0.183173
426.432 4.25226 0.179917
426.432 4.31572 0.175936
426.432 4.37919 0.171247
426.432 4.44266 0.165868
426.432 4.50612 0.159822
426.432 4.56959 0.153131
426.432 4.63306 0.145825
426.432 4.69652 0.137931
426.432 4.75999 0.129481
426.432 4.82346 0.120511
426.432 4.88692 0.111055
426.432 4.95039 0.101152
426.432 5.01385 0.0908411
426.432 5.07732 0.0801649
426.432 5.14079 0.069166
426.432 5.20425 0.0578883
426.432 5.26772 0.046378
426.432 5.33119 0.0346804
426.432 5.39465 0.0228433
426.432 5.45812 0.0109146
426.432 5.52159 -0.00105837
426.432 5.58505 -0.013027
426.432 5.64852 -0.0249433
426.432 5.71199 -0.0367591
426.432 5.77545 -0.0484268
426.432 5.83892 -0.0598997
426.432 5.90239 -0.0711312
426.432 5.96585 -0.0820764
426.432 6.02932 -0.092691
426.432 6.09279 -0.102932
426.432 6.15625 -0.11276
426.432 6.21972 -0.122132
426.432 6.28319 -0.131014
427.433 0 0.176822
427.433 0.0634665 0.179397
427.433 0.126933 0.18125
427.433 0.1904 0.182373
427.433 0.253866 0.182761
427.433 0.317333 0.182413
427.433 0.380799 0.181331
427.433 0.444266 0.179519
427.433 0.507732 0.176984
427.433 0.571199 0.173736
427.433 0.634665 0.169789
427.433 0.698132 0.165157
427.433 0.761598 0.159862
427.433 0.825065 0.153922
427.433 0.888531 0.147362
427.433 0.951998 0.140209
427.433 1.01546 0.132492
427.433 1.07893 0.12424
427.433 1.1424 0.115489
427.433 1.20586 0.106273
427.433 1.26933 0.0966287
427.433 1.3328 0.0865954
427.433 1.39626 0.0762134
427.433 1.45973 0.0655245
427.433 1.5232 0.0545716
427.433 1.58666 0.0433993
427.433 1.65013 0.0320521
427.433 1.7136 0.0205756
427.433 1.77706 0.00901651
427.433 1.84053 -0.00257902
427.433 1.904 -0.014164
427.433 1.96746 -0.0256921
427.433 2.03093 -0.0371166
427.433 2.0944 -0.0483918
427.433 2.15786 -0.0594721
427.433 2.22133 -0.0703131
427.433 2.28479 -0.0808707
427.433 2.34826 -0.0911028
427.433 2.41173 -0.100968
427.433 2.47519 -0.110427
427.433 2.53866 -0.119441
427.433 2.60213 -0.127974
427.433 2.66559 -0.135991
427.433 2.72906 -0.143461
427.433 2.79253 -0.150354
427.433 2.85599 -0.156641
427.433 2.91946 -0.162297
427.433 2.98293 -0.1673
427.433 3.04639 -0.171629
427.433 3.10986 -0.175268
427.433 3.17333 -0.1782
427.433 3.23679 -0.180414
427.433 3.30026 -0.181903
427.433 3.36373 -0.182659
427.433 3.42719 -0.182679
427.433 3.49066 -0.181964
427.433 3.55413 -0.180516
427.433 3.61759 -0.178341
427.433 3.68106 -0.175448
427.433 3.74452 -0.171849
427.433 3.80799 -0.167557
427.433 3.87146 -0.162591
427.433 3.93492 -0.156971
427.433 3.99839 -0.150718
427.433 4.06186 -0.143858
427.433 4.12532 -0.136419
427.433 4.18879 -0.128431
427.433 4.25226 -0.119925
427.433 4.31572 -0.110937
427.433 4.37919 -0.101502
427.433 4.44266 -0.0916583
427.433 4.50612 -0.0814454
427.433 4.56959 -0.0709046
427.433 4.63306 -0.0600783
427.433 4.69652 -0.0490102
427.433 4.75999 -0.0377447
427.433 4.82346 -0.0263271
427.433 4.88692 -0.0148035
427.433 4.95039 -0.00322032
427.433 5.01385 0.00837572
427.433 5.07732 0.0199381
427.433 5.14079 0.0314202
427.433 5.20425 0.0427759
427.433 5.26772 0.0539591
427.433 5.33119 0.0649253
427.433 5.39465 0.0756299
427.433 5.45812 0.0860298
427.433 5.52159 0.0960836
427.433 5.58505 0.10575
427.433 5.64852 0.114991
427.433 5.71199 0.123769
427.433 5.77545 0.132049
427.433 5.83892 0.139797
427.433 5.90239 0.146982
427.433 5.96585 0.153575
427.433 6.02932 0.15955
427.433 6.09279 0.164882
427.433 6.15625 0.16955
427.433 6.21972 0.173536
427.433 6.28319 0.176822
428.434 0 -0.309727
428.434 0.0634665 -0.310499
428.434 0.126933 -0.310021
428.434 0.1904 -0.308295
428.434 0.253866 -0.305328
428.434 0.317333 -0.301131
428.434 0.380799 -0.295721
428.434 0.444266 -0.289121
428.434 0.507732 -0.281356
428.434 0.571199 -0.272459
428.434 0.634665 -0.262464
428.434 0.698132 -0.251413
428.434 0.761598 -0.239349
428.434 0.825065 -0.226322
428.434 0.888531 -0.212383
428.434 0.951998 -0.197589
428.434 1.01546 -0.181999
428.434 1.07893 -0.165677
428.434 1.1424 -0.148687
428.434 1.20586 -0.131099
428.434 1.26933 -0.112983
428.434 1.3328 -0.0944115
428.434 1.39626 -0.0754603
428.434 1.45973 -0.0562049
428.434 1.5232 -0.0367236
428.434 1.58666 -0.0170942
428.434 1.65013 0.00260397
428.434 1.7136 0.0222915
428.434 1.77706 0.0418895
428.434 1.84053 0.0613188
428.434 1.904 0.0805012
428.434 1.96746 0.0993594
428.434 2.03093 0.117818
428.434 2.0944 0.135801
428.434 2.15786 0.153238
428.434 2.22133 0.170058
428.434 2.28479 0.186193
428.434 2.34826 0.201578
428.434 2.41173 0.216152
428.434 2.47519 0.229855
428.434 2.53866 0.242633
428.434 2.60213 0.254434
428.434 2.66559 0.26521
428.434 2.72906 0.274918
428.434 2.79253 0.28352
428.434 2.85599 0.290979
428.434 2.91946 0.297267
428.434 2.98293 0.302358
428.434 3.04639 0.306232
428.434 3.10986 0.308873
428.434 3.17333 0.310269
428.434 3.23679 0.310417
428.434 3.30026 0.309314
428.434 3.36373 0.306966
428.434 3.42719 0.303382
428.434 3.49066 0.298576
428.434 3.55413 0.292568
428.434 3.61759 0.285382
428.434 3.68106 0.277047
428.434 3.74452 0.267596
428.434 3.80799 0.257068
428.434 3.87146 0.245505
428.434 3.93492 0.232953
428.434 3.99839 0.219463
428.434 4.06186 0.205089
428.434 4.12532 0.18989
428.434 4.18879 0.173925
428.434 4.25226 0.157261
428.434 4.31572 0.139964
428.434 4.37919 0.122102
428.434 4.44266 0.103749
428.434 4.50612 0.0849786
428.434 4.56959 0.0658658
428.434 4.63306 0.0464877
428.434 4.69652 0.0269225
428.434 4.75999 0.00724882
428.434 4.82346 -0.0124541
428.434 4.88692 -0.0321067
428.434 4.95039 -0.0516302
428.434 5.01385 -0.0709458
428.434 5.07732 -0.0899755
428.434 5.14079 -0.108643
428.434 5.20425 -0.126873
428.434 5.26772 -0.144592
428.434 5.33119 -0.161729
428.434 5.39465 -0.178215
428.434 5.45812 -0.193983
428.434 5.52159 -0.20897
428.434 5.58505 -0.223116
428.434 5.64852 -0.236363
428.434 5.71199 -0.248658
428.434 5.77545 -0.259953
428.434 5.83892 -0.2702
428.434 5.90239 -0.27936
428.434 5.96585 -0.287394
428.434 6.02932 -0.294272
428.434 6.09279 -0.299964
428.434 6.15625 -0.304448
428.434 6.21972 -0.307707
428.434 6.28319 -0.309727
429.435 0 -0.116469
429.435 0.0634665 -0.136911
429.435 0.126933 -0.156802
429.435 0.1904 -0.176062
429.435 0.253866 -0.194613
429.435 0.317333 -0.21238
429.435 0.380799 -0.229292
429.435 0.444266 -0.245281
429.435 0.507732 -0.260282
429.435 0.571199 -0.274235
429.435 0.634665 -0.287084
429.435 0.698132 -0.298777
429.435 0.761598 -0.309267
429.435 0.825065 -0.318511
429.435 0.888531 -0.326473
429.435 0.951998 -0.33312
429.435 1.01546 -0.338426
429.435 1.07893 -0.342369
429.435 1.1424 -0.344934
429.435 1.20586 -0.34611
429.435 1.26933 -0.345892
429.435 1.3328 -0.344281
429.435 1.39626 -0.341284
429.435 1.45973 -0.336913
429.435 1.5232 -0.331185
429.435 1.58666 -0.324123
429.435 1.65013 -0.315757
429.435 1.7136 -0.306119
429.435 1.77706 -0.295248
429.435 1.84053 -0.283188
429.435 1.904 -0.269989
429.435 1.96746 -0.255702
429.435 2.03093 -0.240385
429.435 2.0944 -0.224101
429.435 2.15786 -0.206913
429.435 2.22133 -0.188893
429.435 2.28479 -0.170113
429.435 2.34826 -0.150647
429.435 2.41173 -0.130575
429.435 2.47519 -0.109977
429.435 2.53866 -0.0889357
429.435 2.60213 -0.0675368
429.435 2.66559 -0.0458658
429.435 2.72906 -0.0240103
429.435 2.79253 -0.00205796
429.435 2.85599 0.0199027
429.435 2.91946 0.0417833
429.435 2.98293 0.0634954
429.435 3.04639 0.0849519
429.435 3.10986 0.106066
429.435 3.17333 0.126754
429.435 3.23679 0.146931
429.435 3.30026 0.166516
429.435 3.36373 0.185431
429.435 3.42719 0.203599
429.435 3.49066 0.220948
429.435 3.55413 0.237406
429.435 3.61759 0.252909
429.435 3.68106 0.267393
429.435 3.74452 0.280801
429.435 3.80799 0.293078
429.435 3.87146 0.304175
429.435 3.93492 0.314047
429.435 3.99839 0.322654
429.435 4.06186 0.329963
429.435 4.12532 0.335942
429.435 4.18879 0.340569
429.435 4.25226 0.343825
429.435 4.31572 0.345696
429.435 4.37919 0.346175
429.435 4.44266 0.34526
429.435 4.50612 0.342955
429.435 4.56959 0.339269
429.435 4.63306 0.334217
429.435 4.69652 0.327819
429.435 4.75999 0.320101
429.435 4.82346 0.311094
429.435 4.88692 0.300835
429.435 4.95039 0.289364
429.435 5.01385 0.276728
429.435 5.07732 0.262978
429.435 5.14079 0.248168
429.435 5.20425 0.23236
429.435 5.26772 0.215616
429.435 5.33119 0.198003
429.435 5.39465 0.179593
429.435 5.45812 0.160461
429.435 5.52159 0.140682
429.435 5.58505 0.120336
429.435 5.64852 0.0995064
429.435 5.71199 0.0782756
429.435 5.77545 0.05673
429.435 5.83892 0.0349556
429.435 5.90239 0.0130406
429.435 5.96585 -0.00892695
429.435 6.02932 -0.0308587
429.435 6.09279 -0.0526657
429.435 6.15625 -0.074261
429.435 6.21972 -0.0955572
429.435 6.28319 -0.116469
430.436 0 -0.0527605
430.436 0.0634665 -0.0480878
430.436 0.126933 -0.0432215
430.436 0.1904 -0.038181
430.436 0.253866 -0.032987
430.436 0.317333 -0.02766
430.436 0.380799 -0.022222
430.436 0.444266 -0.016694
430.436 0.507732 -0.011099
430.436 0.571199 -0.00545931
430.436 0.634665 0.000202317
430.436 0.698132 0.00586323
430.436 0.761598 0.0115005
430.436 0.825065 0.0170914
430.436 0.888531 0.0226135
430.436 0.951998 0.0280446
430.436 1.01546 0.0333627
430.436 1.07893 0.0385465
430.436 1.1424 0.0435752
430.436 1.20586 0.0484284
430.436 1.26933 0.0530861
430.436 1.3328 0.0575306
430.436 1.39626 0.0617434
430.436 1.45973 0.0657075
430.436 1.5232 0.0694069
430.436 1.58666 0.072827
430.436 1.65013 0.0759538
430.436 1.7136 0.0787747
430.436 1.77706 0.0812783
430.436 1.84053 0.0834548
430.436 1.904 0.0852956
430.436 1.96746 0.0867923
430.436 2.03093 0.0879396
430.436 2.0944 0.0887332
430.436 2.15786 0.0891695
430.436 2.22133 0.0892466
430.436 2.28479 0.0889639
430.436 2.34826 0.0883235
430.436 2.41173 0.0873273
430.436 2.47519 0.0859793
430.436 2.53866 0.0842854
430.436 2.60213 0.0822518
430.436 2.66559 0.0798871
430.436 2.72906 0.077201
430.436 2.79253 0.0742036
430.436 2.85599 0.0709075
430.436 2.91946 0.0673265
430.436 2.98293 0.0634736
430.436 3.04639 0.0593655
430.436 3.10986 0.0550183
430.436 3.17333 0.0504494
430.436 3.23679 0.0456774
430.436 3.30026 0.0407218
430.436 3.36373 0.0356018
430.436 3.42719 0.0303387
430.436 3.49066 0.0249535
430.436 3.55413 0.0194678
430.436 3.61759 0.0139035
430.436 3.68106 0.00828334
430.436 3.74452 0.00262985
430.436 3.80799 -0.00303427
430.436 3.87146 -0.00868618
430.436 3.93492 -0.0143031
430.436 3.99839 -0.0198625
430.436 4.06186 -0.0253418
430.436 4.12532 -0.0307191
430.436 4.18879 -0.0359727
430.436 4.25226 -0.0410815
430.436 4.31572 -0.0460248
430.436 4.37919 -0.0507828
430.436 4.44266 -0.0553363
430.436 4.50612 -0.0596672
430.436 4.56959 -0.0637574
430.436 4.63306 -0.0675913
430.436 4.69652 -0.0711527
430.436 4.75999 -0.0744279
430.436 4.82346 -0.0774033
430.436 4.88692 -0.080067
430.436 4.95039 -0.0824082
430.436 5.01385 -0.0844176
430.436 5.07732 -0.0860873
430.436 5.14079 -0.0874102
430.436 5.20425 -0.088381
430.436 5.26772 -0.0889962
430.436 5.33119 -0.0892525
430.436 5.39465 -0.08915
430.436 5.45812 -0.0886886
430.436 5.52159 -0.0878694
430.436 5.58505 -0.0866966
430.436 5.64852 -0.0851751
430.436 5.71199 -0.0833101
430.436 5.77545 -0.0811105
430.436 5.83892 -0.0785835
430.436 5.90239 -0.0757404
430.436 5.96585 -0.0725922
430.436 6.02932 -0.0691519
430.436 6.09279 -0.0654328
430.436 6.15625 -0.0614506
430.436 6.21972 -0.0572204
430.436 6.28319 -0.0527604
431.437 0 0.159618
431.437 0.0634665 0.170317
431.437 0.126933 0.180331
431.437 0.1904 0.189618
431.437 0.253866 0.198142
431.437 0.317333 0.205868
431.437 0.380799 0.212765
431.437 0.444266 0.218805
431.437 0.507732 0.223965
431.437 0.571199 0.228222
431.437 0.634665 0.231561
431.437 0.698132 0.233966
431.437 0.761598 0.235431
431.437 0.825065 0.235946
431.437 0.888531 0.235512
431.437 0.951998 0.23413
431.437 1.01546 0.231804
431.437 1.07893 0.228546
431.437 1.1424 0.224367
431.437 1.20586 0.219285
431.437 1.26933 0.21332
431.437 1.3328 0.206495
431.437 1.39626 0.19884
431.437 1.45973 0.190383
431.437 1.5232 0.18116
431.437 1.58666 0.171208
431.437 1.65013 0.160566
431.437 1.7136 0.149277
431.437 1.77706 0.137388
431.437 1.84053 0.124945
431.437 1.904 0.111999
431.437 1.96746 0.0986025
431.437 2.03093 0.0848086
431.437 2.0944 0.0706731
431.437 2.15786 0.0562532
431.437 2.22133 0.0416069
431.437 2.28479 0.0267928
431.437 2.34826 0.011871
431.437 2.41173 -0.0030986
431.437 2.47519 -0.0180557
431.437 2.53866 -0.0329403
431.437 2.60213 -0.0476921
431.437 2.66559 -0.062252
431.437 2.72906 -0.076561
431.437 2.79253 -0.0905619
431.437 2.85599 -0.104198
431.437 2.91946 -0.117415
431.437 2.98293 -0.130159
431.437 3.04639 -0.142378
431.437 3.10986 -0.154025
431.437 3.17333 -0.165051
431.437 3.23679 -0.175413
431.437 3.30026 -0.185068
431.437 3.36373 -0.193978
431.437 3.42719 -0.202107
431.437 3.49066 -0.209422
431.437 3.55413 -0.215894
431.437 3.61759 -0.221496
431.437 3.68106 -0.226207
431.437 3.74452 -0.230007
431.437 3.80799 -0.232881
431.437 3.87146 -0.234817
431.437 3.93492 -0.235807
431.437 3.99839 -0.235848
431.437 4.06186 -0.234939
431.437 4.12532 -0.233084
431.437 4.18879 -0.230292
431.437 4.25226 -0.226571
431.437 4.31572 -0.221938
431.437 4.37919 -0.216411
431.437 4.44266 -0.210013
431.437 4.50612 -0.202769
431.437 4.56959 -0.194709
431.437 4.63306 -0.185865
431.437 4.69652 -0.176273
431.437 4.75999 -0.16597
431.437 4.82346 -0.155
431.437 4.88692 -0.143405
431.437 4.95039 -0.131232
431.437 5.01385 -0.118532
431.437 5.07732 -0.105354
431.437 5.14079 -0.0917516
431.437 5.20425 -0.0777801
431.437 5.26772 -0.0634951
431.437 5.33119 -0.0489547
431.437 5.39465 -0.034217
431.437 5.45812 -0.0193417
431.437 5.52159 -0.00438843
431.437 5.58505 0.0105825
431.437 5.64852 0.0255108
431.437 5.71199 0.0403365
431.437 5.77545 0.0549997
431.437 5.83892 0.0694415
431.437 5.90239 0.0836036
431.437 5.96585 0.0974291
431.437 6.02932 0.110862
431.437 6.09279 0.123849
431.437 6.15625 0.136337
431.437 6.21972 0.148276
431.437 6.28319 0.159618
432.438 0 -0.0316337
432.438 0.0634665 -0.0249393
432.438 0.126933 -0.0181445
432.438 0.1904 -0.0112766
432.438 0.253866 -0.00436328
432.438 0.317333 0.00256734
432.438 0.380799 0.00948819
432.438 0.444266 0.0163703
432.438 0.507732 0.0231868
432.438 0.571199 0.0299098
432.438 0.634665 0.0365125
432.438 0.698132 0.0429681
432.438 0.761598 0.0492505
432.438 0.825065 0.0553348
432.438 0.888531 0.061196
432.438 0.951998 0.0668111
432.438 1.01546 0.0721572
432.438 1.07893 0.0772126
432.438 1.1424 0.081957
432.438 1.20586 0.0863715
432.438 1.26933 0.0904383
432.438 1.3328 0.094141
432.438 1.39626 0.0974642
432.438 1.45973 0.100395
432.438 1.5232 0.102922
432.438 1.58666 0.105035
432.438 1.65013 0.106724
432.438 1.7136 0.107984
432.438 1.77706 0.108808
432.438 1.84053 0.109195
432.438 1.904 0.109142
432.438 1.96746 0.10865
432.438 2.03093 0.10772
432.438 2.0944 0.106356
432.438 2.15786 0.104564
432.438 2.22133 0.102351
432.438 2.28479 0.0997262
432.438 2.34826 0.0966995
432.438 2.41173 0.0932837
432.438 2.47519 0.0894917
432.438 2.53866 0.0853398
432.438 2.60213 0.0808441
432.438 2.66559 0.0760229
432.438 2.72906 0.0708956
432.438 2.79253 0.0654827
432.438 2.85599 0.0598064
432.438 2.91946 0.053889
432.438 2.98293 0.0477548
432.438 3.04639 0.0414283
432.438 3.10986 0.0349348
432.438 3.17333 0.0283008
432.438 3.23679 0.0215528
432.438 3.30026 0.014718
432.438 3.36373 0.00782391
432.438 3.42719 0.000898315
432.438 3.49066 -0.00603082
432.438 3.55413 -0.0129356
432.438 3.61759 -0.0197885
432.438 3.68106 -0.0265616
432.438 3.74452 -0.0332278
432.438 3.80799 -0.03976
432.438 3.87146 -0.0461324
432.438 3.93492 -0.0523188
432.438 3.99839 -0.0582947
432.438 4.06186 -0.0640359
432.438 4.12532 -0.069519
432.438 4.18879 -0.0747227
432.438 4.25226 -0.0796249
432.438 4.31572 -0.0842066
432.438 4.37919 -0.0884495
432.438 4.44266 -0.0923361
432.438 4.50612 -0.0958508
432.438 4.56959 -0.0989797
432.438 4.63306 -0.10171
432.438 4.69652 -0.104031
432.438 4.75999 -0.105933
432.438 4.82346 -0.107408
432.438 4.88692 -0.108451
432.438 4.95039 -0.109057
432.438 5.01385 -0.109224
432.438 5.07732 -0.108951
432.438 5.14079 -0.108239
432.438 5.20425 -0.107092
432.438 5.26772 -0.105513
432.438 5.33119 -0.10351
432.438 5.39465 -0.10109
432.438 5.45812 -0.0982623
432.438 5.52159 -0.0950393
432.438 5.58505 -0.0914337
432.438 5.64852 -0.0874598
432.438 5.71199 -0.0831337
432.438 5.77545 -0.078473
432.438 5.83892 -0.0734962
432.438 5.90239 -0.0682235
432.438 5.96585 -0.0626761
432.438 6.02932 -0.0568764
432.438 6.09279 -0.0508476
432.438 6.15625 -0.044614
432.438 6.21972 -0.0382007
432.438 6.28319 -0.0316336
433.439 0 0.275602
433.439 0.0634665 0.24847
433.439 0.126933 0.220338
433.439 0.1904 0.191318
433.439 0.253866 0.161528
433.439 0.317333 0.131087
433.439 0.380799 0.100119
433.439 0.444266 0.0687478
433.439 0.507732 0.0370996
433.439 0.571199 0.00530204
433.439 0.634665 -0.026517
433.439 0.698132 -0.058229
433.439 0.761598 -0.0897068
433.439 0.825065 -0.120823
433.439 0.888531 -0.151453
433.439 0.951998 -0.181473
433.439 1.01546 -0.210763
433.439 1.07893 -0.239204
433.439 1.1424 -0.266681
433.439 1.20586 -0.293085
433.439 1.26933 -0.318308
433.439 1.3328 -0.34225
433.439 1.39626 -0.364814
433.439 1.45973 -0.385909
433.439 1.5232 -0.405449
433.439 1.58666 -0.423358
433.439 1.65013 -0.439561
433.439 1.7136 -0.453995
433.439 1.77706 -0.4666
433.439 1.84053 -0.477327
433.439 1.904 -0.486132
433.439 1.96746 -0.492979
433.439 2.03093 -0.497841
433.439 2.0944 -0.500698
433.439 2.15786 -0.50154
433.439 2.22133 -0.500361
433.439 2.28479 -0.497168
433.439 2.34826 -0.491973
433.439 2.41173 -0.484797
433.439 2.47519 -0.475669
433.439 2.53866 -0.464627
433.439 2.60213 -0.451712
433.439 2.66559 -0.436979
433.439 2.72906 -0.420486
433.439 2.79253 -0.402301
433.439 2.85599 -0.382495
433.439 2.91946 -0.361149
433.439 2.98293 -0.338348
433.439 3.04639 -0.314186
433.439 3.10986 -0.288758
433.439 3.17333 -0.262168
433.439 3.23679 -0.234522
433.439 3.30026 -0.205932
433.439 3.36373 -0.176512
433.439 3.42719 -0.146381
433.439 3.49066 -0.115662
433.439 3.55413 -0.0844761
433.439 3.61759 -0.0529503
433.439 3.68106 -0.0212114
433.439 3.74452 0.0106126
433.439 3.80799 0.0423943
433.439 3.87146 0.0740052
433.439 3.93492 0.105318
433.439 3.99839 0.136207
433.439 4.06186 0.166547
433.439 4.12532 0.196217
433.439 4.18879 0.225096
433.439 4.25226 0.25307
433.439 4.31572 0.280024
433.439 4.37919 0.30585
433.439 4.44266 0.330446
433.439 4.50612 0.35371
433.439 4.56959 0.37555
433.439 4.63306 0.395878
433.439 4.69652 0.414612
433.439 4.75999 0.431677
433.439 4.82346 0.447003
433.439 4.88692 0.460529
433.439 4.95039 0.472201
433.439 5.01385 0.481972
433.439 5.07732 0.489802
433.439 5.14079 0.495659
433.439 5.20425 0.499521
433.439 5.26772 0.501371
433.439 5.33119 0.501203
433.439 5.39465 0.499016
433.439 5.45812 0.49482
433.439 5.52159 0.488631
433.439 5.58505 0.480476
433.439 5.64852 0.470385
433.439 5.71199 0.4584
433.439 5.77545 0.444569
433.439 5.83892 0.428948
433.439 5.90239 0.4116
433.439 5.96585 0.392595
433.439 6.02932 0.372009
433.439 6.09279 0.349925
433.439 6.15625 0.326431
433.439 6.21972 0.301624
433.439 6.28319 0.275602
434.44 0 0.0424967
434.44 0.0634665 0.0439425
434.44 0.126933 0.0452112
434.44 0.1904 0.0462981
434.44 0.253866 0.0471982
434.44 0.317333 0.0479083
434.44 0.380799 0.0484258
434.44 0.444266 0.0487481
434.44 0.507732 0.0488741
434.44 0.571199 0.0488033
434.44 0.634665 0.048536
434.44 0.698132 0.0480733
434.44 0.761598 0.047417
434.44 0.825065 0.0465698
434.44 0.888531 0.045535
434.44 0.951998 0.044317
434.44 1.01546 0.0429203
434.44 1.07893 0.041351
434.44 1.1424 0.0396151
434.44 1.20586 0.0377197
434.44 1.26933 0.0356724
434.44 1.3328 0.0334814
434.44 1.39626 0.0311557
434.44 1.45973 0.0287045
434.44 1.5232 0.0261378
434.44 1.58666 0.0234658
434.44 1.65013 0.0206992
434.44 1.7136 0.0178494
434.44 1.77706 0.0149277
434.44 1.84053 0.0119457
434.44 1.904 0.00891593
434.44 1.96746 0.00584981
434.44 2.03093 0.00276046
434.44 2.0944 -0.000339739
434.44 2.15786 -0.00343915
434.44 2.22133 -0.00652453
434.44 2.28479 -0.00958356
434.44 2.34826 -0.0126039
434.44 2.41173 -0.0155738
434.44 2.47519 -0.0184805
434.44 2.53866 -0.0213132
434.44 2.60213 -0.0240599
434.44 2.66559 -0.0267096
434.44 2.72906 -0.0292521
434.44 2.79253 -0.0316765
434.44 2.85599 -0.0339737
434.44 2.91946 -0.0361337
434.44 2.98293 -0.0381483
434.44 3.04639 -0.0400095
434.44 3.10986 -0.0417094
434.44 3.17333 -0.0432416
434.44 3.23679 -0.0445994
434.44 3.30026 -0.0457776
434.44 3.36373 -0.0467717
434.44 3.42719 -0.0475773
434.44 3.49066 -0.0481913
434.44 3.55413 -0.0486115
434.44 3.61759 -0.0488357
434.44 3.68106 -0.0488633
434.44 3.74452 -0.0486942
434.44 3.80799 -0.048329
434.44 3.87146 -0.0477693
434.44 3.93492 -0.0470171
434.44 3.99839 -0.0460756
434.44 4.06186 -0.0449485
434.44 4.12532 -0.0436406
434.44 4.18879 -0.0421569
434.44 4.25226 -0.0405034
434.44 4.31572 -0.0386868
434.44 4.37919 -0.0367144
434.44 4.44266 -0.0345943
434.44 4.50612 -0.0323349
434.44 4.56959 -0.0299451
434.44 4.63306 -0.0274349
434.44 4.69652 -0.0248142
434.44 4.75999 -0.0220936
434.44 4.82346 -0.0192841
434.44 4.88692 -0.0163968
434.44 4.95039 -0.0134433
434.44 5.01385 -0.010436
434.44 5.07732 -0.00738664
434.44 5.14079 -0.00430749
434.44 5.20425 -0.00121077
434.44 5.26772 0.00189053
434.44 5.33119 0.00498439
434.44 5.39465 0.00805813
434.44 5.45812 0.0110993
434.44 5.52159 0.0140959
434.44 5.58505 0.0170355
434.44 5.64852 0.0199068
434.44 5.71199 0.0226979
434.44 5.77545 0.0253976
434.44 5.83892 0.0279949
434.44 5.90239 0.0304796
434.44 5.96585 0.0328416
434.44 6.02932 0.0350711
434.44 6.09279 0.03716
434.44 6.15625 0.0390986
434.44 6.21972 0.04088
434.44 6.28319 0.0424968
435.441 0 0.459419
435.441 0.0634665 0.451023
435.441 0.126933 0.44081
435.441 0.1904 0.428822
435.441 0.253866 0.415108
435.441 0.317333 0.399722
435.441 0.380799 0.382727
435.441 0.444266 0.36419
435.441 0.507732 0.344187
435.441 0.571199 0.322799
435.441 0.634665 0.30011
435.441 0.698132 0.276213
435.441 0.761598 0.251203
435.441 0.825065 0.225183
435.441 0.888531 0.198255
435.441 0.951998 0.170529
435.441 1.01546 0.142117
435.441 1.07893 0.113132
435.441 1.1424 0.0836915
435.441 1.20586 0.0539141
435.441 1.26933 0.0239196
435.441 1.3328 -0.00617106
435.441 1.39626 -0.036237
435.441 1.45973 -0.0661569
435.441 1.5232 -0.0958106
435.441 1.58666 -0.125078
435.441 1.65013 -0.153842
435.441 1.7136 -0.181987
435.441 1.77706 -0.209399
435.441 1.84053 -0.235968
435.441 1.904 -0.261586
435.441 1.96746 -0.286152
435.441 2.03093 -0.309565
435.441 2.0944 -0.331731
435.441 2.15786 -0.352562
435.441 2.22133 -0.371973
435.441 2.28479 -0.389886
435.441 2.34826 -0.406229
435.441 2.41173 -0.420937
435.441 2.47519 -0.43395
435.441 2.53866 -0.445215
435.441 2.60213 -0.454687
435.441 2.66559 -0.46233
435.441 2.72906 -0.468109
435.441 2.79253 -0.472004
435.441 2.85599 -0.473999
435.441 2.91946 -0.474085
435.441 2.98293 -0.472262
435.441 3.04639 -0.468537
435.441 3.10986 -0.462926
435.441 3.17333 -0.455451
435.441 3.23679 -0.446141
435.441 3.30026 -0.435036
435.441 3.36373 -0.422178
435.441 3.42719 -0.407621
435.441 3.49066 -0.391422
435.441 3.55413 -0.373647
435.441 3.61759 -0.354367
435.441 3.68106 -0.333661
435.441 3.74452 -0.311611
435.441 3.80799 -0.288306
435.441 3.87146 -0.263841
435.441 3.93492 -0.238313
435.441 3.99839 -0.211825
435.441 4.06186 -0.184485
435.441 4.12532 -0.156402
435.441 4.18879 -0.127688
435.441 4.25226 -0.0984611
435.441 4.31572 -0.0688374
435.441 4.37919 -0.0389364
435.441 4.44266 -0.00887889
435.441 4.50612 0.0212146
435.441 4.56959 0.0512226
435.441 4.63306 0.0810245
435.441 4.69652 0.1105
435.441 4.75999 0.139531
435.441 4.82346 0.167999
435.441 4.88692 0.195792
435.441 4.95039 0.222795
435.441 5.01385 0.248903
435.441 5.07732 0.274007
435.441 5.14079 0.298008
435.441 5.20425 0.320809
435.441 5.26772 0.342319
435.441 5.33119 0.36245
435.441 5.39465 0.381121
435.441 5.45812 0.398258
435.441 5.52159 0.413791
435.441 5.58505 0.427659
435.441 5.64852 0.439804
435.441 5.71199 0.450178
435.441 5.77545 0.458739
435.441 5.83892 0.465454
435.441 5.90239 0.470294
435.441 5.96585 0.47324
435.441 6.02932 0.474281
435.441 6.09279 0.473412
435.441 6.15625 0.470637
435.441 6.21972 0.465966
435.441 6.28319 0.459419
436.442 0 -0.345568
436.442 0.0634665 -0.360215
436.442 0.126933 -0.37341
436.442 0.1904 -0.385104
436.442 0.253866 -0.395245
436.442 0.317333 -0.403795
436.442 0.380799 -0.41072
436.442 0.444266 -0.415991
436.442 0.507732 -0.419586
436.442 0.571199 -0.421492
436.442 0.634665 -0.421701
436.442 0.698132 -0.420211
436.442 0.761598 -0.417031
436.442 0.825065 -0.41217
436.442 0.888531 -0.40565
436.442 0.951998 -0.397496
436.442 1.01546 -0.387742
436.442 1.07893 -0.376426
436.442 1.1424 -0.363595
436.442 1.20586 -0.3493
436.442 1.26933 -0.333598
436.442 1.3328 -0.316553
436.442 1.39626 -0.298234
436.442 1.45973 -0.278712
436.442 1.5232 -0.25807
436.442 1.58666 -0.236388
436.442 1.65013 -0.213754
436.442 1.7136 -0.190259
436.442 1.77706 -0.165999
436.442 1.84053 -0.14107
436.442 1.904 -0.115572
436.442 1.96746 -0.0896099
436.442 2.03093 -0.0632866
436.442 2.0944 -0.0367083
436.442 2.15786 -0.00998235
436.442 2.22133 0.0167837
436.442 2.28479 0.0434824
436.442 2.34826 0.0700059
436.442 2.41173 0.0962476
436.442 2.47519 0.122102
436.442 2.53866 0.147464
436.442 2.60213 0.172233
436.442 2.66559 0.196308
436.442 2.72906 0.219593
436.442 2.79253 0.241993
436.442 2.85599 0.263419
436.442 2.91946 0.283784
436.442 2.98293 0.303007
436.442 3.04639 0.321009
436.442 3.10986 0.337719
436.442 3.17333 0.353069
436.442 3.23679 0.366998
436.442 3.30026 0.379448
436.442 3.36373 0.390371
436.442 3.42719 0.399722
436.442 3.49066 0.407462
436.442 3.55413 0.413564
436.442 3.61759 0.417999
436.442 3.68106 0.420751
436.442 3.74452 0.421809
436.442 3.80799 0.421169
436.442 3.87146 0.418832
436.442 3.93492 0.414809
436.442 3.99839 0.409116
436.442 4.06186 0.401775
436.442 4.12532 0.392816
436.442 4.18879 0.382276
436.442 4.25226 0.370197
436.442 4.31572 0.356627
436.442 4.37919 0.341621
436.442 4.44266 0.32524
436.442 4.50612 0.307548
436.442 4.56959 0.288618
436.442 4.63306 0.268527
436.442 4.69652 0.247353
436.442 4.75999 0.225184
436.442 4.82346 0.202109
436.442 4.88692 0.178219
436.442 4.95039 0.153612
436.442 5.01385 0.128386
436.442 5.07732 0.102643
436.442 5.14079 0.0764868
436.442 5.20425 0.0500226
436.442 5.26772 0.0233571
436.442 5.33119 -0.0034025
436.442 5.39465 -0.0301483
436.442 5.45812 -0.0567725
436.442 5.52159 -0.0831686
436.442 5.58505 -0.10923
436.442 5.64852 -0.134851
436.442 5.71199 -0.159929
436.442 5.77545 -0.184363
436.442 5.83892 -0.208055
436.442 5.90239 -0.230909
436.442 5.96585 -0.252833
436.442 6.02932 -0.27374
436.442 6.09279 -0.293544
436.442 6.15625 -0.312166
436.442 6.21972 -0.32953
436.442 6.28319 -0.345567
437.443 0 -0.126825
437.443 0.0634665 -0.101639
437.443 0.126933 -0.0760447
437.443 0.1904 -0.0501439
437.443 0.253866 -0.0240411
437.443 0.317333 0.0021584
437.443 0.380799 0.0283492
437.443 0.444266 0.0544259
437.443 0.507732 0.0802834
437.443 0.571199 0.105818
437.443 0.634665 0.130926
437.443 0.698132 0.155507
437.443 0.761598 0.179462
437.443 0.825065 0.202694
437.443 0.888531 0.22511
437.443 0.951998 0.246619
437.443 1.01546 0.267136
437.443 1.07893 0.286577
437.443 1.1424 0.304864
437.443 1.20586 0.321923
437.443 1.26933 0.337686
437.443 1.3328 0.352089
437.443 1.39626 0.365075
437.443 1.45973 0.37659
437.443 1.5232 0.386589
437.443 1.58666 0.395032
437.443 1.65013 0.401884
437.443 1.7136 0.407118
437.443 1.77706 0.410712
437.443 1.84053 0.412652
437.443 1.904 0.412931
437.443 1.96746 0.411547
437.443 2.03093 0.408506
437.443 2.0944 0.40382
437.443 2.15786 0.397509
437.443 2.22133 0.389596
437.443 2.28479 0.380114
437.443 2.34826 0.369102
437.443 2.41173 0.356604
437.443 2.47519 0.34267
437.443 2.53866 0.327357
437.443 2.60213 0.310725
437.443 2.66559 0.292841
437.443 2.72906 0.273779
437.443 2.79253 0.253614
437.443 2.85599 0.232428
437.443 2.91946 0.210306
437.443 2.98293 0.187337
437.443 3.04639 0.163614
437.443 3.10986 0.139232
437.443 3.17333 0.114289
437.443 3.23679 0.0888866
437.443 3.30026 0.063126
437.443 3.36373 0.0371113
437.443 3.42719 0.0109468
437.443 3.49066 -0.0152616
437.443 3.55413 -0.0414085
437.443 3.61759 -0.0673887
437.443 3.68106 -0.0930976
437.443 3.74452 -0.118431
437.443 3.80799 -0.143288
437.443 3.87146 -0.167569
437.443 3.93492 -0.191174
437.443 3.99839 -0.21401
437.443 4.06186 -0.235984
437.443 4.12532 -0.257007
437.443 4.18879 -0.276996
437.443 4.25226 -0.295869
437.443 4.31572 -0.313551
437.443 4.37919 -0.329971
437.443 4.44266 -0.345061
437.443 4.50612 -0.358762
437.443 4.56959 -0.371019
437.443 4.63306 -0.381782
437.443 4.69652 -0.391007
437.443 4.75999 -0.398659
437.443 4.82346 -0.404704
437.443 4.88692 -0.40912
437.443 4.95039 -0.411889
437.443 5.01385 -0.412999
437.443 5.07732 -0.412447
437.443 5.14079 -0.410233
437.443 5.20425 -0.406368
437.443 5.26772 -0.400866
437.443 5.33119 -0.39375
437.443 5.39465 -0.385049
437.443 5.45812 -0.374797
437.443 5.52159 -0.363036
437.443 5.58505 -0.349813
437.443 5.64852 -0.335182
437.443 5.71199 -0.319201
437.443 5.77545 -0.301935
437.443 5.83892 -0.283452
437.443 5.90239 -0.263829
437.443 5.96585 -0.243143
437.443 6.02932 -0.221478
437.443 6.09279 -0.198921
437.443 6.15625 -0.175564
437.443 6.21972 -0.151499
437.443 6.28319 -0.126825
438.444 0 0.385483
438.444 0.0634665 0.406318
438.444 0.126933 0.425516
438.444 0.1904 0.443
438.444 0.253866 0.458701
438.444 0.317333 0.472555
438.444 0.380799 0.484505
438.444 0.444266 0.494505
438.444 0.507732 0.502515
438.444 0.571199 0.5085
438.444 0.634665 0.512438
438.444 0.698132 0.514312
438.444 0.761598 0.514116
438.444 0.825065 0.511849
438.444 0.888531 0.507521
438.444 0.951998 0.50115
438.444 1.01546 0.492761
438.444 1.07893 0.482387
438.444 1.1424 0.470071
438.444 1.20586 0.455862
438.444 1.26933 0.439817
438.444 1.3328 0.422002
438.444 1.39626 0.402488
438.444 1.45973 0.381353
438.444 1.5232 0.358682
438.444 1.58666 0.334567
438.444 1.65013 0.309105
438.444 1.7136 0.282398
438.444 1.77706 0.254553
438.444 1.84053 0.225684
438.444 1.904 0.195906
438.444 1.96746 0.16534
438.444 2.03093 0.134108
438.444 2.0944 0.102335
438.444 2.15786 0.0701506
438.444 2.22133 0.0376839
438.444 2.28479 0.0050649
438.444 2.34826 -0.0275739
438.444 2.41173 -0.060102
438.444 2.47519 -0.0923881
438.444 2.53866 -0.124302
438.444 2.60213 -0.155716
438.444 2.66559 -0.186502
438.444 2.72906 -0.216538
438.444 2.79253 -0.245701
438.444 2.85599 -0.273876
438.444 2.91946 -0.300947
438.444 2.98293 -0.326806
438.444 3.04639 -0.35135
438.444 3.10986 -0.374479
438.444 3.17333 -0.3961
438.444 3.23679 -0.416126
438.444 3.30026 -0.434477
438.444 3.36373 -0.451078
438.444 3.42719 -0.465863
438.444 3.49066 -0.478771
438.444 3.55413 -0.489752
438.444 3.61759 -0.498761
438.444 3.68106 -0.505762
438.444 3.74452 -0.510726
438.444 3.80799 -0.513634
438.444 3.87146 -0.514473
438.444 3.93492 -0.51324
438.444 3.99839 -0.509941
438.444 4.06186 -0.504589
438.444 4.12532 -0.497205
438.444 4.18879 -0.487819
438.444 4.25226 -0.476468
438.444 4.31572 -0.4632
438.444 4.37919 -0.448065
438.444 4.44266 -0.431127
438.444 4.50612 -0.412453
438.444 4.56959 -0.392118
438.444 4.63306 -0.370204
438.444 4.69652 -0.346799
438.444 4.75999 -0.321998
438.444 4.82346 -0.2959
438.444 4.88692 -0.268611
438.444 4.95039 -0.24024
438.444 5.01385 -0.210901
438.444 5.07732 -0.180714
438.444 5.14079 -0.149799
438.444 5.20425 -0.118281
438.444 5.26772 -0.0862861
438.444 5.33119 -0.0539443
438.444 5.39465 -0.0213851
438.444 5.45812 0.0112601
438.444 5.52159 0.04386
438.444 5.58505 0.0762833
438.444 5.64852 0.1084
438.444 5.71199 0.140079
438.444 5.77545 0.171195
438.444 5.83892 0.201621
438.444 5.90239 0.231236
438.444 5.96585 0.259919
438.444 6.02932 0.287556
438.444 6.09279 0.314035
438.444 6.15625 0.339249
438.444 6.21972 0.363097
438.444 6.28319 0.385484
439.445 0 0.182777
439.445 0.0634665 0.199633
439.445 0.126933 0.215685
439.445 0.1904 0.230869
439.445 0.253866 0.245122
439.445 0.317333 0.258389
439.445 0.380799 0.270616
439.445 0.444266 0.281753
439.445 0.507732 0.291755
439.445 0.571199 0.300582
439.445 0.634665 0.3082
439.445 0.698132 0.314576
439.445 0.761598 0.319685
439.445 0.825065 0.323507
439.445 0.888531 0.326026
439.445 0.951998 0.327233
439.445 1.01546 0.327123
439.445 1.07893 0.325694
439.445 1.1424 0.322955
439.445 1.20586 0.318915
439.445 1.26933 0.31359
439.445 1.3328 0.307004
439.445 1.39626 0.299181
439.445 1.45973 0.290153
439.445 1.5232 0.279957
439.445 1.58666 0.268633
439.445 1.65013 0.256228
439.445 1.7136 0.242791
439.445 1.77706 0.228377
439.445 1.84053 0.213043
439.445 1.904 0.196851
439.445 1.96746 0.179866
439.445 2.03093 0.162157
439.445 2.0944 0.143796
439.445 2.15786 0.124855
439.445 2.22133 0.105411
439.445 2.28479 0.0855433
439.445 2.34826 0.065331
439.445 2.41173 0.0448554
439.445 2.47519 0.0241991
439.445 2.53866 0.00344565
439.445 2.60213 -0.0173218
439.445 2.66559 -0.0380195
439.445 2.72906 -0.0585638
439.445 2.79253 -0.0788729
439.445 2.85599 -0.0988637
439.445 2.91946 -0.118457
439.445 2.98293 -0.137573
439.445 3.04639 -0.156135
439.445 3.10986 -0.174069
439.445 3.17333 -0.191301
439.445 3.23679 -0.207764
439.445 3.30026 -0.223389
439.445 3.36373 -0.238116
439.445 3.42719 -0.251883
439.445 3.49066 -0.264636
439.445 3.55413 -0.276323
439.445 3.61759 -0.286898
439.445 3.68106 -0.296318
439.445 3.74452 -0.304544
439.445 3.80799 -0.311544
439.445 3.87146 -0.31729
439.445 3.93492 -0.321758
439.445 3.99839 -0.32493
439.445 4.06186 -0.326794
439.445 4.12532 -0.327342
439.445 4.18879 -0.326573
439.445 4.25226 -0.324488
439.445 4.31572 -0.321096
439.445 4.37919 -0.316412
439.445 4.44266 -0.310453
439.445 4.50612 -0.303245
439.445 4.56959 -0.294815
439.445 4.63306 -0.285198
439.445 4.69652 -0.274433
439.445 4.75999 -0.262563
439.445 4.82346 -0.249635
439.445 4.88692 -0.235703
439.445 4.95039 -0.220821
439.445 5.01385 -0.20505
439.445 5.07732 -0.188453
439.445 5.14079 -0.171098
439.445 5.20425 -0.153054
439.445 5.26772 -0.134393
439.445 5.33119 -0.115191
439.445 5.39465 -0.0955253
439.445 5.45812 -0.0754752
439.445 5.52159 -0.055121
439.445 5.58505 -0.0345448
439.445 5.64852 -0.0138293
439.445 5.71199 0.00694147
439.445 5.77545 0.0276846
439.445 5.83892 0.0483161
439.445 5.90239 0.068753
439.445 5.96585 0.0889131
439.445 6.02932 0.108715
439.445 6.09279 0.128079
439.445 6.15625 0.146929
439.445 6.21972 0.165185
439.445 6.28319 0.182777
440.446 0 0.0946125
440.446 0.0634665 0.0755938
440.446 0.126933 0.0562705
440.446 0.1904 0.0367211
440.446 0.253866 0.0170235
440.446 0.317333 -0.00274251
440.446 0.380799 -0.0224976
440.446 0.444266 -0.0421621
440.446 0.507732 -0.0616567
440.446 0.571199 -0.0809031
440.446 0.634665 -0.0998237
440.446 0.698132 -0.118342
440.446 0.761598 -0.136385
440.446 0.825065 -0.153878
440.446 0.888531 -0.170751
440.446 0.951998 -0.186937
440.446 1.01546 -0.20237
440.446 1.07893 -0.216988
440.446 1.1424 -0.230733
440.446 1.20586 -0.243548
440.446 1.26933 -0.255383
440.446 1.3328 -0.266189
440.446 1.39626 -0.275924
440.446 1.45973 -0.284547
440.446 1.5232 -0.292025
440.446 1.58666 -0.298327
440.446 1.65013 -0.303427
440.446 1.7136 -0.307306
440.446 1.77706 -0.309947
440.446 1.84053 -0.31134
440.446 1.904 -0.311481
440.446 1.96746 -0.310366
440.446 2.03093 -0.308002
440.446 2.0944 -0.304397
440.446 2.15786 -0.299567
440.446 2.22133 -0.293531
440.446 2.28479 -0.286312
440.446 2.34826 -0.277941
440.446 2.41173 -0.26845
440.446 2.47519 -0.257879
440.446 2.53866 -0.246269
440.446 2.60213 -0.233668
440.446 2.66559 -0.220125
440.446 2.72906 -0.205697
440.446 2.79253 -0.19044
440.446 2.85599 -0.174416
440.446 2.91946 -0.15769
440.446 2.98293 -0.140329
440.446 3.04639 -0.122403
440.446 3.10986 -0.103984
440.446 3.17333 -0.085146
440.446 3.23679 -0.0659657
440.446 3.30026 -0.0465192
440.446 3.36373 -0.026886
440.446 3.42719 -0.00714392
440.446 3.49066 0.0126266
440.446 3.55413 0.0323461
440.446 3.61759 0.0519356
440.446 3.68106 0.071316
440.446 3.74452 0.0904089
440.446 3.80799 0.109138
440.446 3.87146 0.127428
440.446 3.93492 0.145204
440.446 3.99839 0.162396
440.446 4.06186 0.178934
440.446 4.12532 0.194751
440.446 4.18879 0.209785
440.446 4.25226 0.223973
440.446 4.31572 0.23726
440.446 4.37919 0.249591
440.446 4.44266 0.260917
440.446 4.50612 0.271193
440.446 4.56959 0.280377
440.446 4.63306 0.288431
440.446 4.69652 0.295324
440.446 4.75999 0.301028
440.446 4.82346 0.305521
440.446 4.88692 0.308782
440.446 4.95039 0.310801
440.446 5.01385 0.311568
440.446 5.07732 0.31108
440.446 5.14079 0.30934
440.446 5.20425 0.306354
440.446 5.26772 0.302134
440.446 5.33119 0.296698
440.446 5.39465 0.290067
440.446 5.45812 0.282268
440.446 5.52159 0.273333
440.446 5.58505 0.263297
440.446 5.64852 0.252201
440.446 5.71199 0.24009
440.446 5.77545 0.227011
440.446 5.83892 0.213018
440.446 5.90239 0.198168
440.446 5.96585 0.18252
440.446 6.02932 0.166137
440.446 6.09279 0.149085
440.446 6.15625 0.131432
440.446 6.21972 0.11325
440.446 6.28319 0.0946123
441.447 0 0.316454
441.447 0.0634665 0.310132
441.447 0.126933 0.302561
441.447 0.1904 0.293772
441.447 0.253866 0.2838
441.447 0.317333 0.272685
441.447 0.380799 0.260472
441.447 0.444266 0.247211
441.447 0.507732 0.232954
441.447 0.571199 0.217759
441.447 0.634665 0.201687
441.447 0.698132 0.184803
441.447 0.761598 0.167175
441.447 0.825065 0.148873
441.447 0.888531 0.129973
441.447 0.951998 0.110548
441.447 1.01546 0.0906791
441.447 1.07893 0.0704447
441.447 1.1424 0.0499268
441.447 1.20586 0.0292077
441.447 1.26933 0.00837086
441.447 1.3328 -0.0124995
441.447 1.39626 -0.0333194
441.447 1.45973 -0.0540055
441.447 1.5232 -0.074474
441.447 1.58666 -0.0946424
441.447 1.65013 -0.11443
441.447 1.7136 -0.133757
441.447 1.77706 -0.152545
441.447 1.84053 -0.170718
441.447 1.904 -0.188205
441.447 1.96746 -0.204933
441.447 2.03093 -0.220837
441.447 2.0944 -0.235851
441.447 2.15786 -0.249916
441.447 2.22133 -0.262974
441.447 2.28479 -0.274973
441.447 2.34826 -0.285865
441.447 2.41173 -0.295606
441.447 2.47519 -0.304157
441.447 2.53866 -0.311483
441.447 2.60213 -0.317555
441.447 2.66559 -0.322348
441.447 2.72906 -0.325842
441.447 2.79253 -0.328026
441.447 2.85599 -0.328887
441.447 2.91946 -0.328426
441.447 2.98293 -0.326641
441.447 3.04639 -0.323541
441.447 3.10986 -0.319138
441.447 3.17333 -0.313451
441.447 3.23679 -0.306501
441.447 3.30026 -0.298317
441.447 3.36373 -0.288931
441.447 3.42719 -0.278383
441.447 3.49066 -0.266713
441.447 3.55413 -0.25397
441.447 3.61759 -0.240203
441.447 3.68106 -0.22547
441.447 3.74452 -0.209828
441.447 3.80799 -0.193342
441.447 3.87146 -0.176077
441.447 3.93492 -0.158104
441.447 3.99839 -0.139493
441.447 4.06186 -0.120321
441.447 4.12532 -0.100664
441.447 4.18879 -0.0806026
441.447 4.25226 -0.060216
441.447 4.31572 -0.0395869
441.447 4.37919 -0.0187986
441.447 4.44266 0.00206516
441.447 4.50612 0.0229208
441.447 4.56959 0.0436844
441.447 4.63306 0.064272
441.447 4.69652 0.0846007
441.447 4.75999 0.104589
441.447 4.82346 0.124156
441.447 4.88692 0.143223
441.447 4.95039 0.161713
441.447 5.01385 0.179552
441.447 5.07732 0.196668
441.447 5.14079 0.212993
441.447 5.20425 0.228459
441.447 5.26772 0.243006
441.447 5.33119 0.256574
441.447 5.39465 0.269109
441.447 5.45812 0.28056
441.447 5.52159 0.290882
441.447 5.58505 0.300033
441.447 5.64852 0.307975
441.447 5.71199 0.314677
441.447 5.77545 0.320112
441.447 5.83892 0.324258
441.447 5.90239 0.327098
441.447 5.96585 0.328622
441.447 6.02932 0.328822
441.447 6.09279 0.327698
441.447 6.15625 0.325255
441.447 6.21972 0.321501
441.447 6.28319 0.316454
442.448 0 -0.111572
442.448 0.0634665 -0.121047
442.448 0.126933 -0.130035
442.448 0.1904 -0.138499
442.448 0.253866 -0.146405
442.448 0.317333 -0.153722
442.448 0.380799 -0.16042
442.448 0.444266 -0.166472
442.448 0.507732 -0.171854
442.448 0.571199 -0.176543
442.448 0.634665 -0.180522
442.448 0.698132 -0.183774
442.448 0.761598 -0.186286
442.448 0.825065 -0.188048
442.448 0.888531 -0.189052
442.448 0.951998 -0.189296
442.448 1.01546 -0.188777
442.448 1.07893 -0.187498
442.448 1.1424 -0.185464
442.448 1.20586 -0.182683
442.448 1.26933 -0.179166
442.448 1.3328 -0.174929
442.448 1.39626 -0.169986
442.448 1.45973 -0.16436
442.448 1.5232 -0.158071
442.448 1.58666 -0.151146
442.448 1.65013 -0.143612
442.448 1.7136 -0.1355
442.448 1.77706 -0.126843
442.448 1.84053 -0.117675
442.448 1.904 -0.108033
442.448 1.96746 -0.0979552
442.448 2.03093 -0.0874838
442.448 2.0944 -0.07666
442.448 2.15786 -0.0655275
442.448 2.22133 -0.0541312
442.448 2.28479 -0.0425169
442.448 2.34826 -0.0307312
442.448 2.41173 -0.018822
442.448 2.47519 -0.00683698
442.448 2.53866 0.00517564
442.448 2.60213 0.0171674
442.448 2.66559 0.0290901
442.448 2.72906 0.0408956
442.448 2.79253 0.0525362
442.448 2.85599 0.0639656
442.448 2.91946 0.0751373
442.448 2.98293 0.0860063
442.448 3.04639 0.0965292
442.448 3.10986 0.106663
442.448 3.17333 0.116368
442.448 3.23679 0.125604
442.448 3.30026 0.134335
442.448 3.36373 0.142524
442.448 3.42719 0.150139
442.448 3.49066 0.15715
442.448 3.55413 0.163528
442.448 3.61759 0.169248
442.448 3.68106 0.174286
442.448 3.74452 0.178623
442.448 3.80799 0.18224
442.448 3.87146 0.185123
442.448 3.93492 0.187261
442.448 3.99839 0.188645
442.448 4.06186 0.189269
442.448 4.12532 0.189132
442.448 4.18879 0.188232
442.448 4.25226 0.186575
442.448 4.31572 0.184166
442.448 4.37919 0.181015
442.448 4.44266 0.177136
442.448 4.50612 0.172544
442.448 4.56959 0.167257
442.448 4.63306 0.161296
442.448 4.69652 0.154686
442.448 4.75999 0.147453
442.448 4.82346 0.139627
442.448 4.88692 0.131238
442.448 4.95039 0.12232
442.448 5.01385 0.11291
442.448 5.07732 0.103046
442.448 5.14079 0.0927662
442.448 5.20425 0.0821131
442.448 5.26772 0.0711296
442.448 5.33119 0.0598595
442.448 5.39465 0.0483483
442.448 5.45812 0.0366425
442.448 5.52159 0.0247892
442.448 5.58505 0.012836
442.448 5.64852 0.000831105
442.448 5.71199 -0.0111771
442.448 5.77545 -0.0231402
442.448 5.83892 -0.0350103
442.448 5.90239 -0.0467394
442.448 5.96585 -0.0582802
442.448 6.02932 -0.0695866
442.448 6.09279 -0.0806125
442.448 6.15625 -0.0913138
442.448 6.21972 -0.101648
442.448 6.28319 -0.111572
443.449 0 0.0839832
443.449 0.0634665 0.0865235
443.449 0.126933 0.0887151
443.449 0.1904 0.0905498
443.449 0.253866 0.0920198
443.449 0.317333 0.0931192
443.449 0.380799 0.0938438
443.449 0.444266 0.0941903
443.449 0.507732 0.0941577
443.449 0.571199 0.0937458
443.449 0.634665 0.0929565
443.449 0.698132 0.091793
443.449 0.761598 0.0902598
443.449 0.825065 0.0883631
443.449 0.888531 0.0861106
443.449 0.951998 0.0835115
443.449 1.01546 0.080576
443.449 1.07893 0.0773161
443.449 1.1424 0.0737448
443.449 1.20586 0.0698767
443.449 1.26933 0.065727
443.449 1.3328 0.0613128
443.449 1.39626 0.0566518
443.449 1.45973 0.0517625
443.449 1.5232 0.0466649
443.449 1.58666 0.0413793
443.449 1.65013 0.0359272
443.449 1.7136 0.0303303
443.449 1.77706 0.0246114
443.449 1.84053 0.0187933
443.449 1.904 0.0128995
443.449 1.96746 0.00695388
443.449 2.03093 0.00098012
443.449 2.0944 -0.00499745
443.449 2.15786 -0.010955
443.449 2.22133 -0.0168683
443.449 2.28479 -0.0227139
443.449 2.34826 -0.0284678
443.449 2.41173 -0.0341073
443.449 2.47519 -0.0396092
443.449 2.53866 -0.0449519
443.449 2.60213 -0.0501134
443.449 2.66559 -0.0550731
443.449 2.72906 -0.0598112
443.449 2.79253 -0.0643083
443.449 2.85599 -0.0685465
443.449 2.91946 -0.0725088
443.449 2.98293 -0.076179
443.449 3.04639 -0.0795425
443.449 3.10986 -0.0825856
443.449 3.17333 -0.0852962
443.449 3.23679 -0.0876635
443.449 3.30026 -0.0896778
443.449 3.36373 -0.0913308
443.449 3.42719 -0.0926161
443.449 3.49066 -0.0935286
443.449 3.55413 -0.0940642
443.449 3.61759 -0.0942215
443.449 3.68106 -0.0939991
443.449 3.74452 -0.0933983
443.449 3.80799 -0.0924214
443.449 3.87146 -0.0910722
443.449 3.93492 -0.0893564
443.449 3.99839 -0.0872808
443.449 4.06186 -0.0848536
443.449 4.12532 -0.0820851
443.449 4.18879 -0.0789858
443.449 4.25226 -0.0755685
443.449 4.31572 -0.0718469
443.449 4.37919 -0.0678359
443.449 4.44266 -0.063552
443.449 4.50612 -0.0590121
443.449 4.56959 -0.0542344
443.449 4.63306 -0.0492385
443.449 4.69652 -0.0440442
443.449 4.75999 -0.0386727
443.449 4.82346 -0.0331454
443.449 4.88692 -0.0274847
443.449 4.95039 -0.0217132
443.449 5.01385 -0.0158545
443.449 5.07732 -0.00993174
443.449 5.14079 -0.00396899
443.449 5.20425 0.00200973
443.449 5.26772 0.00798023
443.449 5.33119 0.0139187
443.449 5.39465 0.0198011
443.449 5.45812 0.0256037
443.449 5.52159 0.0313032
443.449 5.58505 0.0368768
443.449 5.64852 0.0423018
443.449 5.71199 0.0475566
443.449 5.77545 0.0526198
443.449 5.83892 0.0574711
443.449 5.90239 0.0620909
443.449 5.96585 0.0664609
443.449 6.02932 0.0705632
443.449 6.09279 0.0743813
443.449 6.15625 0.0778999
443.449 6.21972 0.0811048
443.449 6.28319 0.0839833
444.45 0 -0.11249
444.45 0.0634665 -0.109835
444.45 0.126933 -0.106739
444.45 0.1904 -0.103212
444.45 0.253866 -0.0992698
444.45 0.317333 -0.094928
444.45 0.380799 -0.0902038
444.45 0.444266 -0.0851165
444.45 0.507732 -0.0796866
444.45 0.571199 -0.0739356
444.45 0.634665 -0.067887
444.45 0.698132 -0.0615649
444.45 0.761598 -0.0549948
444.45 0.825065 -0.0482034
444.45 0.888531 -0.0412181
444.45 0.951998 -0.0340664
444.45 1.01546 -0.026778
444.45 1.07893 -0.0193817
444.45 1.1424 -0.0119071
444.45 1.20586 -0.00438466
444.45 1.26933 0.00315541
444.45 1.3328 0.0106829
444.45 1.39626 0.0181671
444.45 1.45973 0.0255783
444.45 1.5232 0.0328865
444.45 1.58666 0.0400624
444.45 1.65013 0.0470769
444.45 1.7136 0.0539018
444.45 1.77706 0.0605096
444.45 1.84053 0.0668738
444.45 1.904 0.0729687
444.45 1.96746 0.0787698
444.45 2.03093 0.0842539
444.45 2.0944 0.0893986
444.45 2.15786 0.0941831
444.45 2.22133 0.0985886
444.45 2.28479 0.102597
444.45 2.34826 0.106192
444.45 2.41173 0.10936
444.45 2.47519 0.112088
444.45 2.53866 0.114363
444.45 2.60213 0.116179
444.45 2.66559 0.117527
444.45 2.72906 0.118401
444.45 2.79253 0.118799
444.45 2.85599 0.118719
444.45 2.91946 0.11816
444.45 2.98293 0.117126
444.45 3.04639 0.115619
444.45 3.10986 0.113648
444.45 3.17333 0.111219
444.45 3.23679 0.108342
444.45 3.30026 0.105028
444.45 3.36373 0.101292
444.45 3.42719 0.0971479
444.45 3.49066 0.0926123
444.45 3.55413 0.0877045
444.45 3.61759 0.0824431
444.45 3.68106 0.0768496
444.45 3.74452 0.0709468
444.45 3.80799 0.0647584
444.45 3.87146 0.0583091
444.45 3.93492 0.0516251
444.45 3.99839 0.0447331
444.45 4.06186 0.0376612
444.45 4.12532 0.0304376
444.45 4.18879 0.0230915
444.45 4.25226 0.0156522
444.45 4.31572 0.00815004
444.45 4.37919 0.000614988
444.45 4.44266 -0.0069226
444.45 4.50612 -0.0144323
444.45 4.56959 -0.0218837
444.45 4.63306 -0.0292472
444.45 4.69652 -0.0364929
444.45 4.75999 -0.0435915
444.45 4.82346 -0.0505147
444.45 4.88692 -0.0572345
444.45 4.95039 -0.0637239
444.45 5.01385 -0.0699565
444.45 5.07732 -0.0759076
444.45 5.14079 -0.0815529
444.45 5.20425 -0.0868698
444.45 5.26772 -0.0918371
444.45 5.33119 -0.0964344
444.45 5.39465 -0.100643
444.45 5.45812 -0.104447
444.45 5.52159 -0.107831
444.45 5.58505 -0.110779
444.45 5.64852 -0.113283
444.45 5.71199 -0.11533
444.45 5.77545 -0.116912
444.45 5.83892 -0.118024
444.45 5.90239 -0.11866
444.45 5.96585 -0.118819
444.45 6.02932 -0.118499
444.45 6.09279 -0.117702
444.45 6.15625 -0.116431
444.45 6.21972 -0.114691
444.45 6.28319 -0.11249
445.451 0 -0.131716
445.451 0.0634665 -0.111135
445.451 0.126933 -0.090106
445.451 0.1904 -0.0687143
445.451 0.253866 -0.047046
445.451 0.317333 -0.0251882
445.451 0.380799 -0.00322904
445.451 0.444266 0.0187432
445.451 0.507732 0.0406399
445.451 0.571199 0.0623731
445.451 0.634665 0.083855
445.451 0.698132 0.104999
445.451 0.761598 0.125721
445.451 0.825065 0.145936
445.451 0.888531 0.165564
445.451 0.951998 0.184525
445.451 1.01546 0.202743
445.451 1.07893 0.220144
445.451 1.1424 0.236659
445.451 1.20586 0.252221
445.451 1.26933 0.266768
445.451 1.3328 0.28024
445.451 1.39626 0.292584
445.451 1.45973 0.30375
445.451 1.5232 0.313693
445.451 1.58666 0.322372
445.451 1.65013 0.329754
445.451 1.7136 0.335808
445.451 1.77706 0.34051
445.451 1.84053 0.34384
445.451 1.904 0.345786
445.451 1.96746 0.346339
445.451 2.03093 0.345498
445.451 2.0944 0.343266
445.451 2.15786 0.339651
445.451 2.22133 0.33467
445.451 2.28479 0.328339
445.451 2.34826 0.320688
445.451 2.41173 0.311745
445.451 2.47519 0.301546
445.451 2.53866 0.290134
445.451 2.60213 0.277553
445.451 2.66559 0.263854
445.451 2.72906 0.249093
445.451 2.79253 0.23333
445.451 2.85599 0.216626
445.451 2.91946 0.19905
445.451 2.98293 0.180673
445.451 3.04639 0.161568
445.451 3.10986 0.141813
445.451 3.17333 0.121487
445.451 3.23679 0.100671
445.451 3.30026 0.0794502
445.451 3.36373 0.0579093
445.451 3.42719 0.0361352
445.451 3.49066 0.0142156
445.451 3.55413 -0.00776108
445.451 3.61759 -0.0297066
445.451 3.68106 -0.0515325
445.451 3.74452 -0.0731508
445.451 3.80799 -0.0944747
445.451 3.87146 -0.115418
445.451 3.93492 -0.135897
445.451 3.99839 -0.155828
445.451 4.06186 -0.175132
445.451 4.12532 -0.193731
445.451 4.18879 -0.21155
445.451 4.25226 -0.228517
445.451 4.31572 -0.244564
445.451 4.37919 -0.259625
445.451 4.44266 -0.273642
445.451 4.50612 -0.286557
445.451 4.56959 -0.298317
445.451 4.63306 -0.308877
445.451 4.69652 -0.318193
445.451 4.75999 -0.326227
445.451 4.82346 -0.332948
445.451 4.88692 -0.338329
445.451 4.95039 -0.342347
445.451 5.01385 -0.344986
445.451 5.07732 -0.346237
445.451 5.14079 -0.346093
445.451 5.20425 -0.344555
445.451 5.26772 -0.341631
445.451 5.33119 -0.33733
445.451 5.39465 -0.331672
445.451 5.45812 -0.324677
445.451 5.52159 -0.316376
445.451 5.58505 -0.3068
445.451 5.64852 -0.295989
445.451 5.71199 -0.283986
445.451 5.77545 -0.27084
445.451 5.83892 -0.256603
445.451 5.90239 -0.241333
445.451 5.96585 -0.225091
445.451 6.02932 -0.207943
445.451 6.09279 -0.189957
445.451 6.15625 -0.171207
445.451 6.21972 -0.151767
445.451 6.28319 -0.131716
446.452 0 0.0599583
446.452 0.0634665 0.0612133
446.452 0.126933 0.0622219
446.452 0.1904 0.0629799
446.452 0.253866 0.0634843
446.452 0.317333 0.063733
446.452 0.380799 0.0637251
446.452 0.444266 0.0634607
446.452 0.507732 0.0629407
446.452 0.571199 0.0621672
446.452 0.634665 0.0611435
446.452 0.698132 0.0598736
446.452 0.761598 0.0583625
446.452 0.825065 0.0566166
446.452 0.888531 0.0546424
446.452 0.951998 0.0524485
446.452 1.01546 0.0500431
446.452 1.07893 0.0474364
446.452 1.1424 0.0446386
446.452 1.20586 0.0416612
446.452 1.26933 0.0385158
446.452 1.3328 0.0352157
446.452 1.39626 0.0317733
446.452 1.45973 0.0282034
446.452 1.5232 0.0245195
446.452 1.58666 0.0207371
446.452 1.65013 0.0168713
446.452 1.7136 0.0129375
446.452 1.77706 0.0089518
446.452 1.84053 0.00492964
446.452 1.904 0.00088771
446.452 1.96746 -0.00315761
446.452 2.03093 -0.00719022
446.452 2.0944 -0.0111939
446.452 2.15786 -0.0151527
446.452 2.22133 -0.0190504
446.452 2.28479 -0.0228712
446.452 2.34826 -0.0266001
446.452 2.41173 -0.0302218
446.452 2.47519 -0.0337218
446.452 2.53866 -0.037086
446.452 2.60213 -0.0403009
446.452 2.66559 -0.0433534
446.452 2.72906 -0.0462316
446.452 2.79253 -0.0489235
446.452 2.85599 -0.0514184
446.452 2.91946 -0.0537063
446.452 2.98293 -0.0557779
446.452 3.04639 -0.0576249
446.452 3.10986 -0.0592399
446.452 3.17333 -0.0606163
446.452 3.23679 -0.0617487
446.452 3.30026 -0.0626324
446.452 3.36373 -0.0632639
446.452 3.42719 -0.0636407
446.452 3.49066 -0.0637612
446.452 3.55413 -0.0636249
446.452 3.61759 -0.0632326
446.452 3.68106 -0.0625855
446.452 3.74452 -0.0616865
446.452 3.80799 -0.060539
446.452 3.87146 -0.0591479
446.452 3.93492 -0.0575186
446.452 3.99839 -0.0556576
446.452 4.06186 -0.0535724
446.452 4.12532 -0.0512716
446.452 4.18879 -0.0487643
446.452 4.25226 -0.0460606
446.452 4.31572 -0.0431716
446.452 4.37919 -0.0401087
446.452 4.44266 -0.0368843
446.452 4.50612 -0.0335113
446.452 4.56959 -0.0300033
446.452 4.63306 -0.0263745
446.452 4.69652 -0.0226398
446.452 4.75999 -0.0188139
446.452 4.82346 -0.014912
446.452 4.88692 -0.0109501
446.452 4.95039 -0.00694395
446.452 5.01385 -0.0029104
446.452 5.07732 0.00113547
446.452 5.14079 0.00517653
446.452 5.20425 0.00919672
446.452 5.26772 0.0131799
446.452 5.33119 0.0171102
446.452 5.39465 0.0209712
446.452 5.45812 0.024748
446.452 5.52159 0.0284251
446.452 5.58505 0.0319878
446.452 5.64852 0.0354217
446.452 5.71199 0.038713
446.452 5.77545 0.0418484
446.452 5.83892 0.0448151
446.452 5.90239 0.0476016
446.452 5.96585 0.0501963
446.452 6.02932 0.0525888
446.452 6.09279 0.0547697
446.452 6.15625 0.0567299
446.452 6.21972 0.0584619
446.452 6.28319 0.0599583
447.453 0 0.155321
447.453 0.0634665 0.1738
447.453 0.126933 0.191578
447.453 0.1904 0.208586
447.453 0.253866 0.224753
447.453 0.317333 0.240015
447.453 0.380799 0.254311
447.453 0.444266 0.267583
447.453 0.507732 0.279777
447.453 0.571199 0.290845
447.453 0.634665 0.300742
447.453 0.698132 0.309428
447.453 0.761598 0.316867
447.453 0.825065 0.323031
447.453 0.888531 0.327894
447.453 0.951998 0.331437
447.453 1.01546 0.333645
447.453 1.07893 0.33451
447.453 1.1424 0.334028
447.453 1.20586 0.332201
447.453 1.26933 0.329036
447.453 1.3328 0.324546
447.453 1.39626 0.318749
447.453 1.45973 0.311669
447.453 1.5232 0.303334
447.453 1.58666 0.293778
447.453 1.65013 0.283038
447.453 1.7136 0.271159
447.453 1.77706 0.258188
447.453 1.84053 0.244177
447.453 1.904 0.229184
447.453 1.96746 0.213267
447.453 2.03093 0.196492
447.453 2.0944 0.178925
447.453 2.15786 0.160638
447.453 2.22133 0.141704
447.453 2.28479 0.122199
447.453 2.34826 0.102203
447.453 2.41173 0.0817946
447.453 2.47519 0.061057
447.453 2.53866 0.0400738
447.453 2.60213 0.018929
447.453 2.66559 -0.00229201
447.453 2.72906 -0.0235035
447.453 2.79253 -0.0446205
447.453 2.85599 -0.065558
447.453 2.91946 -0.0862314
447.453 2.98293 -0.106558
447.453 3.04639 -0.126455
447.453 3.10986 -0.145843
447.453 3.17333 -0.164643
447.453 3.23679 -0.182781
447.453 3.30026 -0.200183
447.453 3.36373 -0.216778
447.453 3.42719 -0.232501
447.453 3.49066 -0.247288
447.453 3.55413 -0.261079
447.453 3.61759 -0.273818
447.453 3.68106 -0.285455
447.453 3.74452 -0.295943
447.453 3.80799 -0.305239
447.453 3.87146 -0.313305
447.453 3.93492 -0.32011
447.453 3.99839 -0.325627
447.453 4.06186 -0.329831
447.453 4.12532 -0.332709
447.453 4.18879 -0.334246
447.453 4.25226 -0.334437
447.453 4.31572 -0.333282
447.453 4.37919 -0.330785
447.453 4.44266 -0.326956
447.453 4.50612 -0.32181
447.453 4.56959 -0.315368
447.453 4.63306 -0.307657
447.453 4.69652 -0.298707
447.453 4.75999 -0.288553
447.453 4.82346 -0.277238
447.453 4.88692 -0.264807
447.453 4.95039 -0.251309
447.453 5.01385 -0.2368
447.453 5.07732 -0.221337
447.453 5.14079 -0.204982
447.453 5.20425 -0.187803
447.453 5.26772 -0.169867
447.453 5.33119 -0.151247
447.453 5.39465 -0.132018
447.453 5.45812 -0.112258
447.453 5.52159 -0.092045
447.453 5.58505 -0.071462
447.453 5.64852 -0.0505909
447.453 5.71199 -0.0295162
447.453 5.77545 -0.00832286
447.453 5.83892 0.0129042
447.453 5.90239 0.0340793
447.453 5.96585 0.0551171
447.453 6.02932 0.075933
447.453 6.09279 0.0964431
447.453 6.15625 0.116565
447.453 6.21972 0.136217
447.453 6.28319 0.155321
448.454 0 0.420512
448.454 0.0634665 0.433738
448.454 0.126933 0.445218
448.454 0.1904 0.454906
448.454 0.253866 0.462761
448.454 0.317333 0.468753
448.454 0.380799 0.472858
448.454 0.444266 0.475059
448.454 0.507732 0.475347
448.454 0.571199 0.47372
448.454 0.634665 0.470187
448.454 0.698132 0.464759
448.454 0.761598 0.457461
448.454 0.825065 0.448321
448.454 0.888531 0.437375
448.454 0.951998 0.424668
448.454 1.01546 0.410251
448.454 1.07893 0.394182
448.454 1.1424 0.376526
448.454 1.20586 0.357354
448.454 1.26933 0.336743
448.454 1.3328 0.314776
448.454 1.39626 0.291542
448.454 1.45973 0.267133
448.454 1.5232 0.241649
448.454 1.58666 0.215192
448.454 1.65013 0.187868
448.454 1.7136 0.159788
448.454 1.77706 0.131064
448.454 1.84053 0.101813
448.454 1.904 0.0721518
448.454 1.96746 0.0422
448.454 2.03093 0.0120782
448.454 2.0944 -0.0180921
448.454 2.15786 -0.0481898
448.454 2.22133 -0.078093
448.454 2.28479 -0.107682
448.454 2.34826 -0.136838
448.454 2.41173 -0.165442
448.454 2.47519 -0.19338
448.454 2.53866 -0.22054
448.454 2.60213 -0.246811
448.454 2.66559 -0.272089
448.454 2.72906 -0.296271
448.454 2.79253 -0.31926
448.454 2.85599 -0.340964
448.454 2.91946 -0.361295
448.454 2.98293 -0.380171
448.454 3.04639 -0.397515
448.454 3.10986 -0.41326
448.454 3.17333 -0.427339
448.454 3.23679 -0.4397
448.454 3.30026 -0.450289
448.454 3.36373 -0.459065
448.454 3.42719 -0.465992
448.454 3.49066 -0.471043
448.454 3.55413 -0.474197
448.454 3.61759 -0.475442
448.454 3.68106 -0.474773
448.454 3.74452 -0.472191
448.454 3.80799 -0.467709
448.454 3.87146 -0.461343
448.454 3.93492 -0.453119
448.454 3.99839 -0.443071
448.454 4.06186 -0.431239
448.454 4.12532 -0.41767
448.454 4.18879 -0.402419
448.454 4.25226 -0.385549
448.454 4.31572 -0.367125
448.454 4.37919 -0.347224
448.454 4.44266 -0.325924
448.454 4.50612 -0.303311
448.454 4.56959 -0.279478
448.454 4.63306 -0.254519
448.454 4.69652 -0.228535
448.454 4.75999 -0.201631
448.454 4.82346 -0.173916
448.454 4.88692 -0.145499
448.454 4.95039 -0.116497
448.454 5.01385 -0.0870263
448.454 5.07732 -0.0572046
448.454 5.14079 -0.0271528
448.454 5.20425 0.00300851
448.454 5.26772 0.0331575
448.454 5.33119 0.0631733
448.454 5.39465 0.0929346
448.454 5.45812 0.122321
448.454 5.52159 0.151216
448.454 5.58505 0.179501
448.454 5.64852 0.207064
448.454 5.71199 0.233793
448.454 5.77545 0.259581
448.454 5.83892 0.284323
448.454 5.90239 0.307921
448.454 5.96585 0.330278
448.454 6.02932 0.351306
448.454 6.09279 0.370919
448.454 6.15625 0.389039
448.454 6.21972 0.405591
448.454 6.28319 0.420512
449.455 0 -0.155406
449.455 0.0634665 -0.153963
449.455 0.126933 -0.1519
449.455 0.1904 -0.149225
449.455 0.253866 -0.145949
449.455 0.317333 -0.142085
449.455 0.380799 -0.13765
449.455 0.444266 -0.13266
449.455 0.507732 -0.127136
449.455 0.571199 -0.1211
449.455 0.634665 -0.114576
449.455 0.698132 -0.107591
449.455 0.761598 -0.100173
449.455 0.825065 -0.0923513
449.455 0.888531 -0.0841578
449.455 0.951998 -0.0756254
449.455 1.01546 -0.0667886
449.455 1.07893 -0.0576828
449.455 1.1424 -0.0483448
449.455 1.20586 -0.0388122
449.455 1.26933 -0.029123
449.455 1.3328 -0.0193168
449.455 1.39626 -0.00943285
449.455 1.45973 0.000489186
449.455 1.5232 0.0104093
449.455 1.58666 0.0202875
449.455 1.65013 0.0300841
449.455 1.7136 0.0397592
449.455 1.77706 0.0492746
449.455 1.84053 0.0585912
449.455 1.904 0.0676721
449.455 1.96746 0.0764805
449.455 2.03093 0.0849811
449.455 2.0944 0.0931392
449.455 2.15786 0.100922
449.455 2.22133 0.108299
449.455 2.28479 0.11524
449.455 2.34826 0.121717
449.455 2.41173 0.127703
449.455 2.47519 0.133176
449.455 2.53866 0.138112
449.455 2.60213 0.142492
449.455 2.66559 0.146298
449.455 2.72906 0.149515
449.455 2.79253 0.15213
449.455 2.85599 0.154133
449.455 2.91946 0.155515
449.455 2.98293 0.15627
449.455 3.04639 0.156397
449.455 3.10986 0.155893
449.455 3.17333 0.154762
449.455 3.23679 0.153008
449.455 3.30026 0.150638
449.455 3.36373 0.147661
449.455 3.42719 0.14409
449.455 3.49066 0.139938
449.455 3.55413 0.135223
449.455 3.61759 0.129963
449.455 3.68106 0.12418
449.455 3.74452 0.117897
449.455 3.80799 0.11114
449.455 3.87146 0.103934
449.455 3.93492 0.0963108
449.455 3.99839 0.0882989
449.455 4.06186 0.0799317
449.455 4.12532 0.0712429
449.455 4.18879 0.0622671
449.455 4.25226 0.0530405
449.455 4.31572 0.0436003
449.455 4.37919 0.0339845
449.455 4.44266 0.0242323
449.455 4.50612 0.0143819
449.455 4.56959 0.00447404
449.455 4.63306 -0.00545205
449.455 4.69652 -0.0153562
449.455 4.75999 -0.0251984
449.455 4.82346 -0.0349393
449.455 4.88692 -0.0445392
449.455 4.95039 -0.0539599
449.455 5.01385 -0.0631635
449.455 5.07732 -0.0721126
449.455 5.14079 -0.0807714
449.455 5.20425 -0.0891049
449.455 5.26772 -0.0970796
449.455 5.33119 -0.104663
449.455 5.39465 -0.111826
449.455 5.45812 -0.118538
449.455 5.52159 -0.124773
449.455 5.58505 -0.130505
449.455 5.64852 -0.135712
449.455 5.71199 -0.140373
449.455 5.77545 -0.144468
449.455 5.83892 -0.147981
449.455 5.90239 -0.150899
449.455 5.96585 -0.153209
449.455 6.02932 -0.154902
449.455 6.09279 -0.155971
449.455 6.15625 -0.156413
449.455 6.21972 -0.156224
449.455 6.28319 -0.155406
450.456 0 0.0291611
450.456 0.0634665 0.0299411
450.456 0.126933 0.0306008
450.456 0.1904 0.031137
450.456 0.253866 0.0315479
450.456 0.317333 0.0318319
450.456 0.380799 0.0319875
450.456 0.444266 0.0320145
450.456 0.507732 0.0319125
450.456 0.571199 0.031682
450.456 0.634665 0.031324
450.456 0.698132 0.0308398
450.456 0.761598 0.0302315
450.456 0.825065 0.0295013
450.456 0.888531 0.0286524
450.456 0.951998 0.0276882
450.456 1.01546 0.0266125
450.456 1.07893 0.0254296
450.456 1.1424 0.0241443
450.456 1.20586 0.0227617
450.456 1.26933 0.0212876
450.456 1.3328 0.0197277
450.456 1.39626 0.0180884
450.456 1.45973 0.0163762
450.456 1.5232 0.014598
450.456 1.58666 0.0127611
450.456 1.65013 0.0108729
450.456 1.7136 0.00894086
450.456 1.77706 0.00697275
450.456 1.84053 0.00497666
450.456 1.904 0.00296054
450.456 1.96746 0.000932419
450.456 2.03093 -0.00109934
450.456 2.0944 -0.00312695
450.456 2.15786 -0.00514169
450.456 2.22133 -0.00713587
450.456 2.28479 -0.00910127
450.456 2.34826 -0.01103
450.456 2.41173 -0.0129142
450.456 2.47519 -0.0147465
450.456 2.53866 -0.0165196
450.456 2.60213 -0.0182259
450.456 2.66559 -0.019859
450.456 2.72906 -0.021412
450.456 2.79253 -0.0228791
450.456 2.85599 -0.0242536
450.456 2.91946 -0.0255308
450.456 2.98293 -0.0267049
450.456 3.04639 -0.0277718
450.456 3.10986 -0.0287267
450.456 3.17333 -0.0295659
450.456 3.23679 -0.0302861
450.456 3.30026 -0.0308844
450.456 3.36373 -0.0313582
450.456 3.42719 -0.0317057
450.456 3.49066 -0.0319257
450.456 3.55413 -0.0320171
450.456 3.61759 -0.0319796
450.456 3.68106 -0.0318135
450.456 3.74452 -0.0315189
450.456 3.80799 -0.0310976
450.456 3.87146 -0.030551
450.456 3.93492 -0.0298814
450.456 3.99839 -0.0290916
450.456 4.06186 -0.0281845
450.456 4.12532 -0.0271641
450.456 4.18879 -0.0260341
450.456 4.25226 -0.0247994
450.456 4.31572 -0.0234647
450.456 4.37919 -0.0220358
450.456 4.44266 -0.020518
450.456 4.50612 -0.0189176
450.456 4.56959 -0.0172409
450.456 4.63306 -0.0154949
450.456 4.69652 -0.0136865
450.456 4.75999 -0.011823
450.456 4.82346 -0.0099119
450.456 4.88692 -0.00796091
450.456 4.95039 -0.00597776
450.456 5.01385 -0.00397067
450.456 5.07732 -0.00194749
450.456 5.14079 8.35746e-05
450.456 5.20425 0.00211423
450.456 5.26772 0.00413638
450.456 5.33119 0.00614186
450.456 5.39465 0.00812254
450.456 5.45812 0.0100707
450.456 5.52159 0.0119782
450.456 5.58505 0.0138374
450.456 5.64852 0.0156411
450.456 5.71199 0.0173816
450.456 5.77545 0.0190521
450.456 5.83892 0.0206459
450.456 5.90239 0.0221567
450.456 5.96585 0.0235781
450.456 6.02932 0.0249048
450.456 6.09279 0.0261312
450.456 6.15625 0.0272522
450.456 6.21972 0.0282635
450.456 6.28319 0.0291611
451.457 0 -0.115299
451.457 0.0634665 -0.107766
451.457 0.126933 -0.0997984
451.457 0.1904 -0.091429
451.457 0.253866 -0.0826915
451.457 0.317333 -0.0736211
451.457 0.380799 -0.0642542
451.457 0.444266 -0.0546286
451.457 0.507732 -0.044783
451.457 0.571199 -0.0347571
451.457 0.634665 -0.0245912
451.457 0.698132 -0.0143263
451.457 0.761598 -0.0040037
451.457 0.825065 0.00633501
451.457 0.888531 0.0166483
451.457 0.951998 0.0268943
451.457 1.01546 0.0370322
451.457 1.07893 0.0470211
451.457 1.1424 0.0568203
451.457 1.20586 0.066391
451.457 1.26933 0.0756942
451.457 1.3328 0.0846928
451.457 1.39626 0.0933502
451.457 1.45973 0.101632
451.457 1.5232 0.109504
451.457 1.58666 0.116936
451.457 1.65013 0.123896
451.457 1.7136 0.130358
451.457 1.77706 0.136295
451.457 1.84053 0.141682
451.457 1.904 0.1465
451.457 1.96746 0.150727
451.457 2.03093 0.154348
451.457 2.0944 0.157347
451.457 2.15786 0.159713
451.457 2.22133 0.161435
451.457 2.28479 0.162507
451.457 2.34826 0.162926
451.457 2.41173 0.162687
451.457 2.47519 0.161794
451.457 2.53866 0.16025
451.457 2.60213 0.15806
451.457 2.66559 0.155233
451.457 2.72906 0.151782
451.457 2.79253 0.147719
451.457 2.85599 0.143062
451.457 2.91946 0.137829
451.457 2.98293 0.13204
451.457 3.04639 0.12572
451.457 3.10986 0.118894
451.457 3.17333 0.111589
451.457 3.23679 0.103834
451.457 3.30026 0.0956619
451.457 3.36373 0.0871042
451.457 3.42719 0.0781957
451.457 3.49066 0.0689724
451.457 3.55413 0.0594714
451.457 3.61759 0.0497306
451.457 3.68106 0.0397899
451.457 3.74452 0.0296889
451.457 3.80799 0.0194685
451.457 3.87146 0.00916959
451.457 3.93492 -0.00116623
451.457 3.99839 -0.0114973
451.457 4.06186 -0.0217823
451.457 4.12532 -0.0319795
451.457 4.18879 -0.0420477
451.457 4.25226 -0.0519469
451.457 4.31572 -0.0616367
451.457 4.37919 -0.0710785
451.457 4.44266 -0.0802339
451.457 4.50612 -0.0890662
451.457 4.56959 -0.0975402
451.457 4.63306 -0.105621
451.457 4.69652 -0.113277
451.457 4.75999 -0.120476
451.457 4.82346 -0.127191
451.457 4.88692 -0.133393
451.457 4.95039 -0.139058
451.457 5.01385 -0.144164
451.457 5.07732 -0.148689
451.457 5.14079 -0.152615
451.457 5.20425 -0.155926
451.457 5.26772 -0.15861
451.457 5.33119 -0.160655
451.457 5.39465 -0.162053
451.457 5.45812 -0.162798
451.457 5.52159 -0.162888
451.457 5.58505 -0.162323
451.457 5.64852 -0.161103
451.457 5.71199 -0.159235
451.457 5.77545 -0.156726
451.457 5.83892 -0.153585
451.457 5.90239 -0.149826
451.457 5.96585 -0.145464
451.457 6.02932 -0.140516
451.457 6.09279 -0.135003
451.457 6.15625 -0.128945
451.457 6.21972 -0.122369
451.457 6.28319 -0.115299
452.458 0 0.221091
452.458 0.0634665 0.195644
452.458 0.126933 0.16941
452.458 0.1904 0.142494
452.458 0.253866 0.115004
452.458 0.317333 0.0870509
452.458 0.380799 0.0587472
452.458 0.444266 0.0302071
452.458 0.507732 0.00154527
452.458 0.571199 -0.0271228
452.458 0.634665 -0.0556817
452.458 0.698132 -0.0840162
452.458 0.761598 -0.112013
452.458 0.825065 -0.139558
452.458 0.888531 -0.166541
452.458 0.951998 -0.192854
452.458 1.01546 -0.21839
452.458 1.07893 -0.243047
452.458 1.1424 -0.266725
452.458 1.20586 -0.289329
452.458 1.26933 -0.310768
452.458 1.3328 -0.330956
452.458 1.39626 -0.349811
452.458 1.45973 -0.367258
452.458 1.5232 -0.383225
452.458 1.58666 -0.39765
452.458 1.65013 -0.410473
452.458 1.7136 -0.421644
452.458 1.77706 -0.431117
452.458 1.84053 -0.438853
452.458 1.904 -0.444823
452.458 1.96746 -0.449002
452.458 2.03093 -0.451372
452.458 2.0944 -0.451925
452.458 2.15786 -0.450658
452.458 2.22133 -0.447578
452.458 2.28479 -0.442694
452.458 2.34826 -0.436028
452.458 2.41173 -0.427606
452.458 2.47519 -0.417462
452.458 2.53866 -0.405637
452.458 2.60213 -0.39218
452.458 2.66559 -0.377143
452.458 2.72906 -0.360586
452.458 2.79253 -0.342579
452.458 2.85599 -0.323192
452.458 2.91946 -0.302503
452.458 2.98293 -0.280596
452.458 3.04639 -0.25756
452.458 3.10986 -0.233486
452.458 3.17333 -0.208472
452.458 3.23679 -0.182619
452.458 3.30026 -0.156031
452.458 3.36373 -0.128814
452.458 3.42719 -0.101078
452.458 3.49066 -0.0729357
452.458 3.55413 -0.0444995
452.458 3.61759 -0.0158842
452.458 3.68106 0.0127953
452.458 3.74452 0.041423
452.458 3.80799 0.0698841
452.458 3.87146 0.0980636
452.458 3.93492 0.125848
452.458 3.99839 0.153127
452.458 4.06186 0.179788
452.458 4.12532 0.205726
452.458 4.18879 0.230835
452.458 4.25226 0.255014
452.458 4.31572 0.278167
452.458 4.37919 0.3002
452.458 4.44266 0.321023
452.458 4.50612 0.340555
452.458 4.56959 0.358715
452.458 4.63306 0.37543
452.458 4.69652 0.390634
452.458 4.75999 0.404265
452.458 4.82346 0.416268
452.458 4.88692 0.426595
452.458 4.95039 0.435204
452.458 5.01385 0.442061
452.458 5.07732 0.447137
452.458 5.14079 0.450414
452.458 5.20425 0.451876
452.458 5.26772 0.451519
452.458 5.33119 0.449344
452.458 5.39465 0.44536
452.458 5.45812 0.439582
452.458 5.52159 0.432034
452.458 5.58505 0.422747
452.458 5.64852 0.411757
452.458 5.71199 0.399109
452.458 5.77545 0.384855
452.458 5.83892 0.36905
452.458 5.90239 0.35176
452.458 5.96585 0.333053
452.458 6.02932 0.313005
452.458 6.09279 0.291696
452.458 6.15625 0.269214
452.458 6.21972 0.245646
452.458 6.28319 0.22109
453.459 0 -0.00823791
453.459 0.0634665 0.015742
453.459 0.126933 0.0396585
453.459 0.1904 0.0634155
453.459 0.253866 0.086917
453.459 0.317333 0.110068
453.459 0.380799 0.132777
453.459 0.444266 0.154951
453.459 0.507732 0.1765
453.459 0.571199 0.197339
453.459 0.634665 0.217384
453.459 0.698132 0.236553
453.459 0.761598 0.25477
453.459 0.825065 0.27196
453.459 0.888531 0.288056
453.459 0.951998 0.302992
453.459 1.01546 0.316707
453.459 1.07893 0.329148
453.459 1.1424 0.340263
453.459 1.20586 0.350008
453.459 1.26933 0.358343
453.459 1.3328 0.365236
453.459 1.39626 0.370658
453.459 1.45973 0.374588
453.459 1.5232 0.377009
453.459 1.58666 0.377912
453.459 1.65013 0.377293
453.459 1.7136 0.375156
453.459 1.77706 0.371507
453.459 1.84053 0.366362
453.459 1.904 0.359743
453.459 1.96746 0.351675
453.459 2.03093 0.34219
453.459 2.0944 0.331328
453.459 2.15786 0.319132
453.459 2.22133 0.305651
453.459 2.28479 0.290939
453.459 2.34826 0.275055
453.459 2.41173 0.258064
453.459 2.47519 0.240034
453.459 2.53866 0.221037
453.459 2.60213 0.20115
453.459 2.66559 0.180453
453.459 2.72906 0.15903
453.459 2.79253 0.136966
453.459 2.85599 0.114351
453.459 2.91946 0.0912753
453.459 2.98293 0.0678319
453.459 3.04639 0.0441155
453.459 3.10986 0.0202215
453.459 3.17333 -0.00375398
453.459 3.23679 -0.0277142
453.459 3.30026 -0.051563
453.459 3.36373 -0.0752041
453.459 3.42719 -0.0985423
453.459 3.49066 -0.121484
453.459 3.55413 -0.143936
453.459 3.61759 -0.165809
453.459 3.68106 -0.187014
453.459 3.74452 -0.207466
453.459 3.80799 -0.227083
453.459 3.87146 -0.245785
453.459 3.93492 -0.263498
453.459 3.99839 -0.280149
453.459 4.06186 -0.295673
453.459 4.12532 -0.310006
453.459 4.18879 -0.323091
453.459 4.25226 -0.334874
453.459 4.31572 -0.34531
453.459 4.37919 -0.354354
453.459 4.44266 -0.361972
453.459 4.50612 -0.368133
453.459 4.56959 -0.372811
453.459 4.63306 -0.375987
453.459 4.69652 -0.37765
453.459 4.75999 -0.377793
453.459 4.82346 -0.376414
453.459 4.88692 -0.373519
453.459 4.95039 -0.36912
453.459 5.01385 -0.363236
453.459 5.07732 -0.355888
453.459 5.14079 -0.347107
453.459 5.20425 -0.336929
453.459 5.26772 -0.325394
453.459 5.33119 -0.312549
453.459 5.39465 -0.298445
453.459 5.45812 -0.28314
453.459 5.52159 -0.266694
453.459 5.58505 -0.249174
453.459 5.64852 -0.230652
453.459 5.71199 -0.2112
453.459 5.77545 -0.190898
453.459 5.83892 -0.169827
453.459 5.90239 -0.148073
453.459 5.96585 -0.125722
453.459 6.02932 -0.102865
453.459 6.09279 -0.0795937
453.459 6.15625 -0.0560019
453.459 6.21972 -0.0321849
453.459 6.28319 -0.00823791
454.46 0 0.0444229
454.46 0.0634665 0.03986
454.46 0.126933 0.0351372
454.46 0.1904 0.0302726
454.46 0.253866 0.0252861
454.46 0.317333 0.0201979
454.46 0.380799 0.0150283
454.46 0.444266 0.00979822
454.46 0.507732 0.00452858
454.46 0.571199 -0.000759119
454.46 0.634665 -0.00604393
454.46 0.698132 -0.0113043
454.46 0.761598 -0.0165192
454.46 0.825065 -0.0216675
454.46 0.888531 -0.0267286
454.46 0.951998 -0.0316822
454.46 1.01546 -0.036508
454.46 1.07893 -0.0411869
454.46 1.1424 -0.0457001
454.46 1.20586 -0.0500291
454.46 1.26933 -0.0541566
454.46 1.3328 -0.0580662
454.46 1.39626 -0.0617419
454.46 1.45973 -0.065169
454.46 1.5232 -0.0683337
454.46 1.58666 -0.0712233
454.46 1.65013 -0.0738261
454.46 1.7136 -0.0761314
454.46 1.77706 -0.0781306
454.46 1.84053 -0.0798146
454.46 1.904 -0.0811779
454.46 1.96746 -0.0822136
454.46 2.03093 -0.0829188
454.46 2.0944 -0.0832898
454.46 2.15786 -0.0833255
454.46 2.22133 -0.0830259
454.46 2.28479 -0.0823917
454.46 2.34826 -0.081426
454.46 2.41173 -0.0801321
454.46 2.47519 -0.0785157
454.46 2.53866 -0.0765832
454.46 2.60213 -0.0743423
454.46 2.66559 -0.0718017
454.46 2.72906 -0.0689726
454.46 2.79253 -0.0658657
454.46 2.85599 -0.0624933
454.46 2.91946 -0.058869
454.46 2.98293 -0.0550081
454.46 3.04639 -0.0509258
454.46 3.10986 -0.046638
454.46 3.17333 -0.0421626
454.46 3.23679 -0.0375175
454.46 3.30026 -0.0327216
454.46 3.36373 -0.0277934
454.46 3.42719 -0.0227534
454.46 3.49066 -0.017622
454.46 3.55413 -0.0124195
454.46 3.61759 -0.00716711
454.46 3.68106 -0.00188568
454.46 3.74452 0.00340319
454.46 3.80799 0.00867853
454.46 3.87146 0.0139188
454.46 3.93492 0.0191029
454.46 3.99839 0.0242104
454.46 4.06186 0.0292201
454.46 4.12532 0.0341123
454.46 4.18879 0.0388671
454.46 4.25226 0.0434654
454.46 4.31572 0.0478886
454.46 4.37919 0.0521191
454.46 4.44266 0.0561397
454.46 4.50612 0.0599343
454.46 4.56959 0.0634875
454.46 4.63306 0.066785
454.46 4.69652 0.0698135
454.46 4.75999 0.0725611
454.46 4.82346 0.0750166
454.46 4.88692 0.0771698
454.46 4.95039 0.0790122
454.46 5.01385 0.0805367
454.46 5.07732 0.0817368
454.46 5.14079 0.0826075
454.46 5.20425 0.0831463
454.46 5.26772 0.0833495
454.46 5.33119 0.0832177
454.46 5.39465 0.0827506
454.46 5.45812 0.0819503
454.46 5.52159 0.08082
454.46 5.58505 0.079364
454.46 5.64852 0.0775886
454.46 5.71199 0.0755009
454.46 5.77545 0.073109
454.46 5.83892 0.0704227
454.46 5.90239 0.0674531
454.46 5.96585 0.0642115
454.46 6.02932 0.0607116
454.46 6.09279 0.0569673
454.46 6.15625 0.0529936
454.46 6.21972 0.0488065
454.46 6.28319 0.0444229
455.461 0 -0.231434
455.461 0.0634665 -0.23718
455.461 0.126933 -0.241971
455.461 0.1904 -0.245788
455.461 0.253866 -0.248615
455.461 0.317333 -0.250441
455.461 0.380799 -0.251258
455.461 0.444266 -0.251064
455.461 0.507732 -0.249859
455.461 0.571199 -0.247647
455.461 0.634665 -0.244439
455.461 0.698132 -0.240246
455.461 0.761598 -0.235086
455.461 0.825065 -0.228979
455.461 0.888531 -0.22195
455.461 0.951998 -0.214028
455.461 1.01546 -0.205244
455.461 1.07893 -0.195633
455.461 1.1424 -0.185235
455.461 1.20586 -0.17409
455.461 1.26933 -0.162245
455.461 1.3328 -0.149746
455.461 1.39626 -0.136645
455.461 1.45973 -0.122993
455.461 1.5232 -0.108845
455.461 1.58666 -0.0942602
455.461 1.65013 -0.0792952
455.461 1.7136 -0.0640109
455.461 1.77706 -0.0484689
455.461 1.84053 -0.0327319
455.461 1.904 -0.0168629
455.461 1.96746 -0.000926055
455.461 2.03093 0.0150145
455.461 2.0944 0.0308946
455.461 2.15786 0.0466504
455.461 2.22133 0.0622182
455.461 2.28479 0.0775355
455.461 2.34826 0.0925407
455.461 2.41173 0.107173
455.461 2.47519 0.121374
455.461 2.53866 0.135086
455.461 2.60213 0.148255
455.461 2.66559 0.160826
455.461 2.72906 0.17275
455.461 2.79253 0.183978
455.461 2.85599 0.194465
455.461 2.91946 0.204169
455.461 2.98293 0.213052
455.461 3.04639 0.221076
455.461 3.10986 0.22821
455.461 3.17333 0.234425
455.461 3.23679 0.239696
455.461 3.30026 0.244002
455.461 3.36373 0.247326
455.461 3.42719 0.249653
455.461 3.49066 0.250976
455.461 3.55413 0.251287
455.461 3.61759 0.250587
455.461 3.68106 0.248878
455.461 3.74452 0.246167
455.461 3.80799 0.242464
455.461 3.87146 0.237786
455.461 3.93492 0.23215
455.461 3.99839 0.225579
455.461 4.06186 0.218099
455.461 4.12532 0.209741
455.461 4.18879 0.200539
455.461 4.25226 0.19053
455.461 4.31572 0.179753
455.461 4.37919 0.168252
455.461 4.44266 0.156074
455.461 4.50612 0.143268
455.461 4.56959 0.129884
455.461 4.63306 0.115978
455.461 4.69652 0.101604
455.461 4.75999 0.0868215
455.461 4.82346 0.0716891
455.461 4.88692 0.0562684
455.461 4.95039 0.040621
455.461 5.01385 0.0248098
455.461 5.07732 0.00889897
455.461 5.14079 -0.00704781
455.461 5.20425 -0.0229662
455.461 5.26772 -0.0387921
455.461 5.33119 -0.0544617
455.461 5.39465 -0.0699122
455.461 5.45812 -0.0850809
455.461 5.52159 -0.0999071
455.461 5.58505 -0.114331
455.461 5.64852 -0.128295
455.461 5.71199 -0.141742
455.461 5.77545 -0.154618
455.461 5.83892 -0.166872
455.461 5.90239 -0.178454
455.461 5.96585 -0.189317
455.461 6.02932 -0.199418
455.461 6.09279 -0.208716
455.461 6.15625 -0.217173
455.461 6.21972 -0.224756
455.461 6.28319 -0.231434
456.462 0 -0.0439558
456.462 0.0634665 -0.0574345
456.462 0.126933 -0.070682
456.462 0.1904 -0.083645
456.462 0.253866 -0.0962711
456.462 0.317333 -0.10851
456.462 0.380799 -0.120311
456.462 0.444266 -0.131628
456.462 0.507732 -0.142415
456.462 0.571199 -0.152629
456.462 0.634665 -0.162228
456.462 0.698132 -0.171174
456.462 0.761598 -0.17943
456.462 0.825065 -0.186964
456.462 0.888531 -0.193746
456.462 0.951998 -0.199747
456.462 1.01546 -0.204943
456.462 1.07893 -0.209315
456.462 1.1424 -0.212844
456.462 1.20586 -0.215515
456.462 1.26933 -0.217319
456.462 1.3328 -0.218248
456.462 1.39626 -0.218298
456.462 1.45973 -0.217469
456.462 1.5232 -0.215764
456.462 1.58666 -0.21319
456.462 1.65013 -0.209759
456.462 1.7136 -0.205482
456.462 1.77706 -0.200378
456.462 1.84053 -0.194467
456.462 1.904 -0.187773
456.462 1.96746 -0.180323
456.462 2.03093 -0.172147
456.462 2.0944 -0.163278
456.462 2.15786 -0.153751
456.462 2.22133 -0.143605
456.462 2.28479 -0.132881
456.462 2.34826 -0.121622
456.462 2.41173 -0.109873
456.462 2.47519 -0.0976818
456.462 2.53866 -0.0850972
456.462 2.60213 -0.0721699
456.462 2.66559 -0.058952
456.462 2.72906 -0.0454968
456.462 2.79253 -0.0318583
456.462 2.85599 -0.0180915
456.462 2.91946 -0.00425194
456.462 2.98293 0.00960471
456.462 3.04639 0.0234228
456.462 3.10986 0.0371465
456.462 3.17333 0.0507206
456.462 3.23679 0.0640906
456.462 3.30026 0.0772024
456.462 3.36373 0.0900033
456.462 3.42719 0.102442
456.462 3.49066 0.114468
456.462 3.55413 0.126033
456.462 3.61759 0.137091
456.462 3.68106 0.147596
456.462 3.74452 0.157508
456.462 3.80799 0.166785
456.462 3.87146 0.17539
456.462 3.93492 0.18329
456.462 3.99839 0.190451
456.462 4.06186 0.196845
456.462 4.12532 0.202447
456.462 4.18879 0.207233
456.462 4.25226 0.211186
456.462 4.31572 0.214287
456.462 4.37919 0.216526
456.462 4.44266 0.217893
456.462 4.50612 0.218383
456.462 4.56959 0.217993
456.462 4.63306 0.216725
456.462 4.69652 0.214585
456.462 4.75999 0.211581
456.462 4.82346 0.207725
456.462 4.88692 0.203032
456.462 4.95039 0.197522
456.462 5.01385 0.191216
456.462 5.07732 0.184141
456.462 5.14079 0.176324
456.462 5.20425 0.167797
456.462 5.26772 0.158594
456.462 5.33119 0.148753
456.462 5.39465 0.138313
456.462 5.45812 0.127316
456.462 5.52159 0.115806
456.462 5.58505 0.10383
456.462 5.64852 0.0914355
456.462 5.71199 0.0786732
456.462 5.77545 0.065594
456.462 5.83892 0.0522507
456.462 5.90239 0.038697
456.462 5.96585 0.0249875
456.462 6.02932 0.0111774
456.462 6.09279 -0.00267777
456.462 6.15625 -0.0165221
456.462 6.21972 -0.0302999
456.462 6.28319 -0.0439558
457.463 0 0.000616644
457.463 0.0634665 -0.00524864
457.463 0.126933 -0.0110928
457.463 0.1904 -0.0168923
457.463 0.253866 -0.0226237
457.463 0.317333 -0.0282641
457.463 0.380799 -0.0337906
457.463 0.444266 -0.0391811
457.463 0.507732 -0.0444138
457.463 0.571199 -0.0494676
457.463 0.634665 -0.0543224
457.463 0.698132 -0.0589583
457.463 0.761598 -0.0633568
457.463 0.825065 -0.0675002
457.463 0.888531 -0.0713719
457.463 0.951998 -0.0749561
457.463 1.01546 -0.0782384
457.463 1.07893 -0.0812059
457.463 1.1424 -0.0838463
457.463 1.20586 -0.0861491
457.463 1.26933 -0.0881049
457.463 1.3328 -0.089706
457.463 1.39626 -0.090946
457.463 1.45973 -0.0918197
457.463 1.5232 -0.0923236
457.463 1.58666 -0.0924558
457.463 1.65013 -0.0922157
457.463 1.7136 -0.0916044
457.463 1.77706 -0.090624
457.463 1.84053 -0.0892789
457.463 1.904 -0.0875742
457.463 1.96746 -0.085517
457.463 2.03093 -0.0831153
457.463 2.0944 -0.080379
457.463 2.15786 -0.077319
457.463 2.22133 -0.0739476
457.463 2.28479 -0.0702786
457.463 2.34826 -0.0663266
457.463 2.41173 -0.0621074
457.463 2.47519 -0.0576383
457.463 2.53866 -0.0529371
457.463 2.60213 -0.0480225
457.463 2.66559 -0.0429145
457.463 2.72906 -0.0376341
457.463 2.79253 -0.0322018
457.463 2.85599 -0.0266399
457.463 2.91946 -0.0209707
457.463 2.98293 -0.0152173
457.463 3.04639 -0.00940253
457.463 3.10986 -0.00354983
457.463 3.17333 0.0023172
457.463 3.23679 0.00817485
457.463 3.30026 0.0139996
457.463 3.36373 0.019768
457.463 3.42719 0.0254566
457.463 3.49066 0.031043
457.463 3.55413 0.0365043
457.463 3.61759 0.0418186
457.463 3.68106 0.0469644
457.463 3.74452 0.0519212
457.463 3.80799 0.0566689
457.463 3.87146 0.0611884
457.463 3.93492 0.0654616
457.463 3.99839 0.0694711
457.463 4.06186 0.0732009
457.463 4.12532 0.0766359
457.463 4.18879 0.0797624
457.463 4.25226 0.0825678
457.463 4.31572 0.0850405
457.463 4.37919 0.0871708
457.463 4.44266 0.0889502
457.463 4.50612 0.0903714
457.463 4.56959 0.0914289
457.463 4.63306 0.0921181
457.463 4.69652 0.0924361
457.463 4.75999 0.0923822
457.463 4.82346 0.0919564
457.463 4.88692 0.0911601
457.463 4.95039 0.0899967
457.463 5.01385 0.0884711
457.463 5.07732 0.0865892
457.463 5.14079 0.0843585
457.463 5.20425 0.0817883
457.463 5.26772 0.0788886
457.463 5.33119 0.0756714
457.463 5.39465 0.0721495
457.463 5.45812 0.0683371
457.463 5.52159 0.0642493
457.463 5.58505 0.0599031
457.463 5.64852 0.0553154
457.463 5.71199 0.050505
457.463 5.77545 0.0454914
457.463 5.83892 0.0402944
457.463 5.90239 0.0349355
457.463 5.96585 0.0294357
457.463 6.02932 0.0238173
457.463 6.09279 0.0181032
457.463 6.15625 0.0123162
457.463 6.21972 0.00647934
457.463 6.28319 0.000616577
458.464 0 0.080276
458.464 0.0634665 0.0645249
458.464 0.126933 0.0485143
458.464 0.1904 0.0323086
458.464 0.253866 0.0159728
458.464 0.317333 -0.000427722
458.464 0.380799 -0.0168261
458.464 0.444266 -0.0331568
458.464 0.507732 -0.0493542
458.464 0.571199 -0.0653527
458.464 0.634665 -0.0810883
458.464 0.698132 -0.096497
458.464 0.761598 -0.111517
458.464 0.825065 -0.126089
458.464 0.888531 -0.140152
458.464 0.951998 -0.153652
458.464 1.01546 -0.166532
458.464 1.07893 -0.178742
458.464 1.1424 -0.190232
458.464 1.20586 -0.200956
458.464 1.26933 -0.210872
458.464 1.3328 -0.219938
458.464 1.39626 -0.228118
458.464 1.45973 -0.23538
458.464 1.5232 -0.241694
458.464 1.58666 -0.247034
458.464 1.65013 -0.251381
458.464 1.7136 -0.254714
458.464 1.77706 -0.257022
458.464 1.84053 -0.258296
458.464 1.904 -0.258529
458.464 1.96746 -0.257721
458.464 2.03093 -0.255876
458.464 2.0944 -0.253
458.464 2.15786 -0.249105
458.464 2.22133 -0.244207
458.464 2.28479 -0.238327
458.464 2.34826 -0.231486
458.464 2.41173 -0.223713
458.464 2.47519 -0.215039
458.464 2.53866 -0.2055
458.464 2.60213 -0.195133
458.464 2.66559 -0.18398
458.464 2.72906 -0.172087
458.464 2.79253 -0.1595
458.464 2.85599 -0.146271
458.464 2.91946 -0.132454
458.464 2.98293 -0.118103
458.464 3.04639 -0.103276
458.464 3.10986 -0.0880342
458.464 3.17333 -0.072437
458.464 3.23679 -0.0565484
458.464 3.30026 -0.0404319
458.464 3.36373 -0.0241531
458.464 3.42719 -0.00777664
458.464 3.49066 0.00863118
458.464 3.55413 0.025004
458.464 3.61759 0.0412763
458.464 3.68106 0.0573824
458.464 3.74452 0.0732573
458.464 3.80799 0.0888369
458.464 3.87146 0.10406
458.464 3.93492 0.118863
458.464 3.99839 0.133188
458.464 4.06186 0.146976
458.464 4.12532 0.160172
458.464 4.18879 0.172724
458.464 4.25226 0.18458
458.464 4.31572 0.195693
458.464 4.37919 0.206018
458.464 4.44266 0.215513
458.464 4.50612 0.224141
458.464 4.56959 0.231866
458.464 4.63306 0.238657
458.464 4.69652 0.244487
458.464 4.75999 0.249333
458.464 4.82346 0.253175
458.464 4.88692 0.255997
458.464 4.95039 0.257789
458.464 5.01385 0.258543
458.464 5.07732 0.258255
458.464 5.14079 0.256928
458.464 5.20425 0.254566
458.464 5.26772 0.251179
458.464 5.33119 0.246781
458.464 5.39465 0.241388
458.464 5.45812 0.235025
458.464 5.52159 0.227714
458.464 5.58505 0.219487
458.464 5.64852 0.210376
458.464 5.71199 0.200417
458.464 5.77545 0.189652
458.464 5.83892 0.178123
458.464 5.90239 0.165877
458.464 5.96585 0.152963
458.464 6.02932 0.139433
458.464 6.09279 0.125342
458.464 6.15625 0.110745
458.464 6.21972 0.0957031
458.464 6.28319 0.0802759
459.465 0 0.157274
459.465 0.0634665 0.201933
459.465 0.126933 0.245779
459.465 0.1904 0.288635
459.465 0.253866 0.330329
459.465 0.317333 0.370693
459.465 0.380799 0.409564
459.465 0.444266 0.446786
459.465 0.507732 0.482209
459.465 0.571199 0.51569
459.465 0.634665 0.547095
459.465 0.698132 0.576297
459.465 0.761598 0.603178
459.465 0.825065 0.627631
459.465 0.888531 0.649557
459.465 0.951998 0.668866
459.465 1.01546 0.685482
459.465 1.07893 0.699339
459.465 1.1424 0.710379
459.465 1.20586 0.718558
459.465 1.26933 0.723845
459.465 1.3328 0.726217
459.465 1.39626 0.725664
459.465 1.45973 0.722191
459.465 1.5232 0.715807
459.465 1.58666 0.706542
459.465 1.65013 0.694433
459.465 1.7136 0.679527
459.465 1.77706 0.661885
459.465 1.84053 0.641578
459.465 1.904 0.618687
459.465 1.96746 0.593304
459.465 2.03093 0.565534
459.465 2.0944 0.535485
459.465 2.15786 0.503281
459.465 2.22133 0.46905
459.465 2.28479 0.43293
459.465 2.34826 0.395067
459.465 2.41173 0.355614
459.465 2.47519 0.314728
459.465 2.53866 0.272575
459.465 2.60213 0.229324
459.465 2.66559 0.18515
459.465 2.72906 0.140231
459.465 2.79253 0.0947467
459.465 2.85599 0.0488812
459.465 2.91946 0.0028185
459.465 2.98293 -0.0432552
459.465 3.04639 -0.089155
459.465 3.10986 -0.134696
459.465 3.17333 -0.179694
459.465 3.23679 -0.223969
459.465 3.30026 -0.267341
459.465 3.36373 -0.309638
459.465 3.42719 -0.350688
459.465 3.49066 -0.390325
459.465 3.55413 -0.428391
459.465 3.61759 -0.464732
459.465 3.68106 -0.499201
459.465 3.74452 -0.53166
459.465 3.80799 -0.561979
459.465 3.87146 -0.590035
459.465 3.93492 -0.615714
459.465 3.99839 -0.638915
459.465 4.06186 -0.659543
459.465 4.12532 -0.677515
459.465 4.18879 -0.692759
459.465 4.25226 -0.705213
459.465 4.31572 -0.714829
459.465 4.37919 -0.721565
459.465 4.44266 -0.725396
459.465 4.50612 -0.726306
459.465 4.56959 -0.724292
459.465 4.63306 -0.719361
459.465 4.69652 -0.711533
459.465 4.75999 -0.700841
459.465 4.82346 -0.687326
459.465 4.88692 -0.671043
459.465 4.95039 -0.652059
459.465 5.01385 -0.63045
459.465 5.07732 -0.606301
459.465 5.14079 -0.579711
459.465 5.20425 -0.550787
459.465 5.26772 -0.519645
459.465 5.33119 -0.48641
459.465 5.39465 -0.451217
459.465 5.45812 -0.414207
459.465 5.52159 -0.37553
459.465 5.58505 -0.33534
459.465 5.64852 -0.293799
459.465 5.71199 -0.251076
459.465 5.77545 -0.207342
459.465 5.83892 -0.162773
459.465 5.90239 -0.117548
459.465 5.96585 -0.0718499
459.465 6.02932 -0.0258628
459.465 6.09279 0.0202288
459.465 6.15625 0.0662386
459.465 6.21972 0.111982
459.465 6.28319 0.157274
460.466 0 -0.416815
460.466 0.0634665 -0.416065
460.466 0.126933 -0.41364
460.466 0.1904 -0.40955
460.466 0.253866 -0.40381
460.466 0.317333 -0.396445
460.466 0.380799 -0.387483
460.466 0.444266 -0.376961
460.466 0.507732 -0.364921
460.466 0.571199 -0.351412
460.466 0.634665 -0.336487
460.466 0.698132 -0.320208
460.466 0.761598 -0.302639
460.466 0.825065 -0.283852
460.466 0.888531 -0.263922
460.466 0.951998 -0.242929
460.466 1.01546 -0.220957
460.466 1.07893 -0.198097
460.466 1.1424 -0.174438
460.466 1.20586 -0.150077
460.466 1.26933 -0.125112
460.466 1.3328 -0.0996426
460.466 1.39626 -0.0737722
460.466 1.45973 -0.047605
460.466 1.5232 -0.021246
460.466 1.58666 0.00519856
460.466 1.65013 0.0316221
460.466 1.7136 0.0579186
460.466 1.77706 0.0839815
460.466 1.84053 0.109707
460.466 1.904 0.13499
460.466 1.96746 0.159729
460.466 2.03093 0.183826
460.466 2.0944 0.207182
460.466 2.15786 0.229704
460.466 2.22133 0.251301
460.466 2.28479 0.271886
460.466 2.34826 0.291377
460.466 2.41173 0.309694
460.466 2.47519 0.326764
460.466 2.53866 0.342518
460.466 2.60213 0.356893
460.466 2.66559 0.369831
460.466 2.72906 0.38128
460.466 2.79253 0.391194
460.466 2.85599 0.399532
460.466 2.91946 0.406262
460.466 2.98293 0.411355
460.466 3.04639 0.414793
460.466 3.10986 0.41656
460.466 3.17333 0.416649
460.466 3.23679 0.415061
460.466 3.30026 0.411803
460.466 3.36373 0.406885
460.466 3.42719 0.400329
460.466 3.49066 0.392161
460.466 3.55413 0.382415
460.466 3.61759 0.371128
460.466 3.68106 0.358347
460.466 3.74452 0.344123
460.466 3.80799 0.328513
460.466 3.87146 0.311581
460.466 3.93492 0.293393
460.466 3.99839 0.274025
460.466 4.06186 0.253553
460.466 4.12532 0.23206
460.466 4.18879 0.209633
460.466 4.25226 0.186361
460.466 4.31572 0.162339
460.466 4.37919 0.137664
460.466 4.44266 0.112434
460.466 4.50612 0.0867512
460.466 4.56959 0.0607193
460.466 4.63306 0.0344429
460.466 4.69652 0.00802776
460.466 4.75999 -0.0184198
460.466 4.82346 -0.044793
460.466 4.88692 -0.0709858
460.466 4.95039 -0.0968928
460.466 5.01385 -0.12241
460.466 5.07732 -0.147434
460.466 5.14079 -0.171864
460.466 5.20425 -0.195603
460.466 5.26772 -0.218553
460.466 5.33119 -0.240624
460.466 5.39465 -0.261726
460.466 5.45812 -0.281773
460.466 5.52159 -0.300687
460.466 5.58505 -0.318389
460.466 5.64852 -0.33481
460.466 5.71199 -0.349882
460.466 5.77545 -0.363545
460.466 5.83892 -0.375745
460.466 5.90239 -0.386431
460.466 5.96585 -0.395562
460.466 6.02932 -0.4031
460.466 6.09279 -0.409015
460.466 6.15625 -0.413282
460.466 6.21972 -0.415886
460.466 6.28319 -0.416815
461.467 0 0.0773789
461.467 0.0634665 0.0969385
461.467 0.126933 0.116108
461.467 0.1904 0.134809
461.467 0.253866 0.152968
461.467 0.317333 0.17051
461.467 0.380799 0.187367
461.467 0.444266 0.203469
461.467 0.507732 0.218751
461.467 0.571199 0.233153
461.467 0.634665 0.246615
461.467 0.698132 0.259085
461.467 0.761598 0.270512
461.467 0.825065 0.280849
461.467 0.888531 0.290055
461.467 0.951998 0.298094
461.467 1.01546 0.304932
461.467 1.07893 0.310542
461.467 1.1424 0.314901
461.467 1.20586 0.317993
461.467 1.26933 0.319805
461.467 1.3328 0.320328
461.467 1.39626 0.319562
461.467 1.45973 0.317509
461.467 1.5232 0.314178
461.467 1.58666 0.309581
461.467 1.65013 0.303738
461.467 1.7136 0.296672
461.467 1.77706 0.288411
461.467 1.84053 0.278989
461.467 1.904 0.268443
461.467 1.96746 0.256817
461.467 2.03093 0.244156
461.467 2.0944 0.230513
461.467 2.15786 0.215941
461.467 2.22133 0.200499
461.467 2.28479 0.184251
461.467 2.34826 0.16726
461.467 2.41173 0.149596
461.467 2.47519 0.131329
461.467 2.53866 0.112534
461.467 2.60213 0.0932856
461.467 2.66559 0.0736614
461.467 2.72906 0.0537407
461.467 2.79253 0.0336037
461.467 2.85599 0.0133314
461.467 2.91946 -0.00699483
461.467 2.98293 -0.0272928
461.467 3.04639 -0.0474808
461.467 3.10986 -0.0674776
461.467 3.17333 -0.0872027
461.467 3.23679 -0.106577
461.467 3.30026 -0.125522
461.467 3.36373 -0.143961
461.467 3.42719 -0.161821
461.467 3.49066 -0.179029
461.467 3.55413 -0.195516
461.467 3.61759 -0.211216
461.467 3.68106 -0.226066
461.467 3.74452 -0.240004
461.467 3.80799 -0.252977
461.467 3.87146 -0.264932
461.467 3.93492 -0.275819
461.467 3.99839 -0.285596
461.467 4.06186 -0.294223
461.467 4.12532 -0.301665
461.467 4.18879 -0.307892
461.467 4.25226 -0.312879
461.467 4.31572 -0.316607
461.467 4.37919 -0.31906
461.467 4.44266 -0.320228
461.467 4.50612 -0.320107
461.467 4.56959 -0.318696
461.467 4.63306 -0.316002
461.467 4.69652 -0.312036
461.467 4.75999 -0.306814
461.467 4.82346 -0.300356
461.467 4.88692 -0.292689
461.467 4.95039 -0.283843
461.467 5.01385 -0.273854
461.467 5.07732 -0.262763
461.467 5.14079 -0.250613
461.467 5.20425 -0.237454
461.467 5.26772 -0.223339
461.467 5.33119 -0.208325
461.467 5.39465 -0.192472
461.467 5.45812 -0.175844
461.467 5.52159 -0.158508
461.467 5.58505 -0.140533
461.467 5.64852 -0.121993
461.467 5.71199 -0.102962
461.467 5.77545 -0.0835157
461.467 5.83892 -0.0637332
461.467 5.90239 -0.0436942
461.467 5.96585 -0.0234794
461.467 6.02932 -0.00316979
461.467 6.09279 0.0171525
461.467 6.15625 0.0374056
461.467 6.21972 0.0575083
461.467 6.28319 0.0773792
462.468 0 -0.0682636
462.468 0.0634665 -0.0696037
462.468 0.126933 -0.0706636
462.468 0.1904 -0.0714388
462.468 0.253866 -0.0719263
462.468 0.317333 -0.0721243
462.468 0.380799 -0.0720319
462.468 0.444266 -0.0716494
462.468 0.507732 -0.0709785
462.468 0.571199 -0.0700216
462.468 0.634665 -0.068783
462.468 0.698132 -0.0672671
462.468 0.761598 -0.0654808
462.468 0.825065 -0.0634305
462.468 0.888531 -0.0611248
462.468 0.951998 -0.0585731
462.468 1.01546 -0.0557854
462.468 1.07893 -0.0527731
462.468 1.1424 -0.0495483
462.468 1.20586 -0.046124
462.468 1.26933 -0.042514
462.468 1.3328 -0.0387328
462.468 1.39626 -0.0347959
462.468 1.45973 -0.0307185
462.468 1.5232 -0.0265175
462.468 1.58666 -0.0222099
462.468 1.65013 -0.0178126
462.468 1.7136 -0.0133438
462.468 1.77706 -0.00882106
462.468 1.84053 -0.00426303
462.468 1.904 0.000312274
462.468 1.96746 0.00488635
462.468 2.03093 0.00944072
462.468 2.0944 0.013957
462.468 2.15786 0.0184172
462.468 2.22133 0.0228032
462.468 2.28479 0.0270974
462.468 2.34826 0.0312824
462.468 2.41173 0.0353416
462.468 2.47519 0.0392584
462.468 2.53866 0.043017
462.468 2.60213 0.0466025
462.468 2.66559 0.0500005
462.468 2.72906 0.0531968
462.468 2.79253 0.0561792
462.468 2.85599 0.0589352
462.468 2.91946 0.0614541
462.468 2.98293 0.0637254
462.468 3.04639 0.06574
462.468 3.10986 0.0674902
462.468 3.17333 0.0689685
462.468 3.23679 0.0701689
462.468 3.30026 0.0710869
462.468 3.36373 0.0717187
462.468 3.42719 0.0720617
462.468 3.49066 0.0721145
462.468 3.55413 0.0718769
462.468 3.61759 0.0713499
462.468 3.68106 0.0705356
462.468 3.74452 0.0694373
462.468 3.80799 0.0680594
462.468 3.87146 0.0664073
462.468 3.93492 0.064488
462.468 3.99839 0.062309
462.468 4.06186 0.059879
462.468 4.12532 0.057208
462.468 4.18879 0.0543066
462.468 4.25226 0.0511864
462.468 4.31572 0.0478603
462.468 4.37919 0.0443412
462.468 4.44266 0.040644
462.468 4.50612 0.0367829
462.468 4.56959 0.0327736
462.468 4.63306 0.0286324
462.468 4.69652 0.0243759
462.468 4.75999 0.0200213
462.468 4.82346 0.0155861
462.468 4.88692 0.0110881
462.468 4.95039 0.00654543
462.468 5.01385 0.00197642
462.468 5.07732 -0.0026006
462.468 5.14079 -0.00716719
462.468 5.20425 -0.0117047
462.468 5.26772 -0.0161953
462.468 5.33119 -0.0206205
462.468 5.39465 -0.0249628
462.468 5.45812 -0.0292046
462.468 5.52159 -0.0333287
462.468 5.58505 -0.0373186
462.468 5.64852 -0.0411585
462.468 5.71199 -0.0448324
462.468 5.77545 -0.0483258
462.468 5.83892 -0.0516246
462.468 5.90239 -0.0547155
462.468 5.96585 -0.0575862
462.468 6.02932 -0.060225
462.468 6.09279 -0.0626212
462.468 6.15625 -0.0647654
462.468 6.21972 -0.0666486
462.468 6.28319 -0.0682635
463.469 0 -0.00357483
463.469 0.0634665 -0.0120858
463.469 0.126933 -0.020548
463.469 0.1904 -0.0289275
463.469 0.253866 -0.0371905
463.469 0.317333 -0.0453038
463.469 0.380799 -0.0532346
463.469 0.444266 -0.060951
463.469 0.507732 -0.068422
463.469 0.571199 -0.0756178
463.469 0.634665 -0.0825088
463.469 0.698132 -0.0890675
463.469 0.761598 -0.0952677
463.469 0.825065 -0.101084
463.469 0.888531 -0.106494
463.469 0.951998 -0.111474
463.469 1.01546 -0.116006
463.469 1.07893 -0.120071
463.469 1.1424 -0.123652
463.469 1.20586 -0.126736
463.469 1.26933 -0.129309
463.469 1.3328 -0.131361
463.469 1.39626 -0.132885
463.469 1.45973 -0.133873
463.469 1.5232 -0.134322
463.469 1.58666 -0.134231
463.469 1.65013 -0.133598
463.469 1.7136 -0.132428
463.469 1.77706 -0.130725
463.469 1.84053 -0.128495
463.469 1.904 -0.125748
463.469 1.96746 -0.122495
463.469 2.03093 -0.118748
463.469 2.0944 -0.114523
463.469 2.15786 -0.109837
463.469 2.22133 -0.104709
463.469 2.28479 -0.0991593
463.469 2.34826 -0.0932102
463.469 2.41173 -0.0868856
463.469 2.47519 -0.0802112
463.469 2.53866 -0.073214
463.469 2.60213 -0.0659219
463.469 2.66559 -0.0583643
463.469 2.72906 -0.0505718
463.469 2.79253 -0.0425755
463.469 2.85599 -0.0344079
463.469 2.91946 -0.0261016
463.469 2.98293 -0.0176903
463.469 3.04639 -0.00920777
463.469 3.10986 -0.000688153
463.469 3.17333 0.00783428
463.469 3.23679 0.0163251
463.469 3.30026 0.0247501
463.469 3.36373 0.0330756
463.469 3.42719 0.0412679
463.469 3.49066 0.049294
463.469 3.55413 0.0571216
463.469 3.61759 0.0647192
463.469 3.68106 0.0720562
463.469 3.74452 0.079103
463.469 3.80799 0.0858313
463.469 3.87146 0.0922141
463.469 3.93492 0.0982254
463.469 3.99839 0.103841
463.469 4.06186 0.109039
463.469 4.12532 0.113798
463.469 4.18879 0.118098
463.469 4.25226 0.121923
463.469 4.31572 0.125257
463.469 4.37919 0.128087
463.469 4.44266 0.130401
463.469 4.50612 0.132189
463.469 4.56959 0.133446
463.469 4.63306 0.134165
463.469 4.69652 0.134344
463.469 4.75999 0.133982
463.469 4.82346 0.13308
463.469 4.88692 0.131643
463.469 4.95039 0.129675
463.469 5.01385 0.127186
463.469 5.07732 0.124184
463.469 5.14079 0.120682
463.469 5.20425 0.116695
463.469 5.26772 0.112237
463.469 5.33119 0.107327
463.469 5.39465 0.101986
463.469 5.45812 0.0962331
463.469 5.52159 0.0900932
463.469 5.58505 0.0835906
463.469 5.64852 0.0767512
463.469 5.71199 0.069603
463.469 5.77545 0.0621744
463.469 5.83892 0.0544955
463.469 5.90239 0.046597
463.469 5.96585 0.038511
463.469 6.02932 0.03027
463.469 6.09279 0.021907
463.469 6.15625 0.0134558
463.469 6.21972 0.00495043
463.469 6.28319 -0.00357485
464.47 0 -0.039599
464.47 0.0634665 -0.0257138
464.47 0.126933 -0.011725
464.47 0.1904 0.00231089
464.47 0.253866 0.0163376
464.47 0.317333 0.0302985
464.47 0.380799 0.0441374
464.47 0.444266 0.0577985
464.47 0.507732 0.0712269
464.47 0.571199 0.0843684
464.47 0.634665 0.0971704
464.47 0.698132 0.109581
464.47 0.761598 0.12155
464.47 0.825065 0.13303
464.47 0.888531 0.143975
464.47 0.951998 0.154339
464.47 1.01546 0.164082
464.47 1.07893 0.173164
464.47 1.1424 0.18155
464.47 1.20586 0.189204
464.47 1.26933 0.196096
464.47 1.3328 0.202198
464.47 1.39626 0.207487
464.47 1.45973 0.21194
464.47 1.5232 0.215539
464.47 1.58666 0.218271
464.47 1.65013 0.220124
464.47 1.7136 0.22109
464.47 1.77706 0.221166
464.47 1.84053 0.220352
464.47 1.904 0.21865
464.47 1.96746 0.216068
464.47 2.03093 0.212616
464.47 2.0944 0.208307
464.47 2.15786 0.20316
464.47 2.22133 0.197195
464.47 2.28479 0.190436
464.47 2.34826 0.18291
464.47 2.41173 0.174647
464.47 2.47519 0.165681
464.47 2.53866 0.156049
464.47 2.60213 0.145787
464.47 2.66559 0.134939
464.47 2.72906 0.123547
464.47 2.79253 0.111658
464.47 2.85599 0.0993197
464.47 2.91946 0.086581
464.47 2.98293 0.0734938
464.47 3.04639 0.0601105
464.47 3.10986 0.0464852
464.47 3.17333 0.0326728
464.47 3.23679 0.0187289
464.47 3.30026 0.00470942
464.47 3.36373 -0.00932898
464.47 3.42719 -0.0233299
464.47 3.49066 -0.0372367
464.47 3.55413 -0.0509936
464.47 3.61759 -0.0645452
464.47 3.68106 -0.077837
464.47 3.74452 -0.0908152
464.47 3.80799 -0.103428
464.47 3.87146 -0.115624
464.47 3.93492 -0.127355
464.47 3.99839 -0.138572
464.47 4.06186 -0.149232
464.47 4.12532 -0.159291
464.47 4.18879 -0.168708
464.47 4.25226 -0.177446
464.47 4.31572 -0.18547
464.47 4.37919 -0.192747
464.47 4.44266 -0.199247
464.47 4.50612 -0.204946
464.47 4.56959 -0.209819
464.47 4.63306 -0.213847
464.47 4.69652 -0.217014
464.47 4.75999 -0.219308
464.47 4.82346 -0.220718
464.47 4.88692 -0.221239
464.47 4.95039 -0.22087
464.47 5.01385 -0.219611
464.47 5.07732 -0.217468
464.47 5.14079 -0.214449
464.47 5.20425 -0.210567
464.47 5.26772 -0.205837
464.47 5.33119 -0.200278
464.47 5.39465 -0.193913
464.47 5.45812 -0.186767
464.47 5.52159 -0.178869
464.47 5.58505 -0.17025
464.47 5.64852 -0.160946
464.47 5.71199 -0.150994
464.47 5.77545 -0.140434
464.47 5.83892 -0.129308
464.47 5.90239 -0.117662
464.47 5.96585 -0.105542
464.47 6.02932 -0.0929972
464.47 6.09279 -0.0800776
464.47 6.15625 -0.0668358
464.47 6.21972 -0.0533247
464.47 6.28319 -0.039599
465.471 0 0.102804
465.471 0.0634665 0.107309
465.471 0.126933 0.111383
465.471 0.1904 0.115007
465.471 0.253866 0.118169
465.471 0.317333 0.120854
465.471 0.380799 0.123053
465.471 0.444266 0.124757
465.471 0.507732 0.125958
465.471 0.571199 0.126652
465.471 0.634665 0.126836
465.471 0.698132 0.12651
465.471 0.761598 0.125674
465.471 0.825065 0.124331
465.471 0.888531 0.122489
465.471 0.951998 0.120153
465.471 1.01546 0.117333
465.471 1.07893 0.114041
465.471 1.1424 0.110289
465.471 1.20586 0.106094
465.471 1.26933 0.101471
465.471 1.3328 0.0964394
465.471 1.39626 0.0910199
465.471 1.45973 0.0852336
465.471 1.5232 0.0791042
465.471 1.58666 0.0726563
465.471 1.65013 0.0659159
465.471 1.7136 0.0589099
465.471 1.77706 0.0516669
465.471 1.84053 0.0442157
465.471 1.904 0.0365866
465.471 1.96746 0.0288101
465.471 2.03093 0.0209174
465.471 2.0944 0.0129408
465.471 2.15786 0.00491182
465.471 2.22133 -0.00313675
465.471 2.28479 -0.0111727
465.471 2.34826 -0.0191637
465.471 2.41173 -0.0270776
465.471 2.47519 -0.0348824
465.471 2.53866 -0.0425468
465.471 2.60213 -0.0500399
465.471 2.66559 -0.0573313
465.471 2.72906 -0.064392
465.471 2.79253 -0.0711934
465.471 2.85599 -0.0777081
465.471 2.91946 -0.08391
465.471 2.98293 -0.0897739
465.471 3.04639 -0.0952764
465.471 3.10986 -0.100395
465.471 3.17333 -0.10511
465.471 3.23679 -0.109401
465.471 3.30026 -0.113252
465.471 3.36373 -0.116647
465.471 3.42719 -0.119572
465.471 3.49066 -0.122015
465.471 3.55413 -0.123968
465.471 3.61759 -0.125421
465.471 3.68106 -0.126369
465.471 3.74452 -0.126808
465.471 3.80799 -0.126737
465.471 3.87146 -0.126155
465.471 3.93492 -0.125066
465.471 3.99839 -0.123472
465.471 4.06186 -0.121382
465.471 4.12532 -0.118803
465.471 4.18879 -0.115745
465.471 4.25226 -0.112221
465.471 4.31572 -0.108246
465.471 4.37919 -0.103834
465.471 4.44266 -0.099005
465.471 4.50612 -0.0937768
465.471 4.56959 -0.0881711
465.471 4.63306 -0.0822103
465.471 4.69652 -0.0759185
465.471 4.75999 -0.069321
465.471 4.82346 -0.0624443
465.471 4.88692 -0.0553162
465.471 4.95039 -0.0479654
465.471 5.01385 -0.0404214
465.471 5.07732 -0.0327148
465.471 5.14079 -0.0248762
465.471 5.20425 -0.0169376
465.471 5.26772 -0.00893077
465.471 5.33119 -0.000888
465.471 5.39465 0.00715838
465.471 5.45812 0.0151757
465.471 5.52159 0.0231322
465.471 5.58505 0.0309955
465.471 5.64852 0.038734
465.471 5.71199 0.0463166
465.471 5.77545 0.0537125
465.471 5.83892 0.0608922
465.471 5.90239 0.0678268
465.471 5.96585 0.0744883
465.471 6.02932 0.0808496
465.471 6.09279 0.0868858
465.471 6.15625 0.0925718
465.471 6.21972 0.0978852
465.471 6.28319 0.102804
466.472 0 -0.23334
466.472 0.0634665 -0.224499
466.472 0.126933 -0.214754
466.472 0.1904 -0.204144
466.472 0.253866 -0.192712
466.472 0.317333 -0.180505
466.472 0.380799 -0.16757
466.472 0.444266 -0.153961
466.472 0.507732 -0.139732
466.472 0.571199 -0.12494
466.472 0.634665 -0.109645
466.472 0.698132 -0.0939081
466.472 0.761598 -0.0777934
466.472 0.825065 -0.0613656
466.472 0.888531 -0.0446906
466.472 0.951998 -0.0278356
466.472 1.01546 -0.0108687
466.472 1.07893 0.00614221
466.472 1.1424 0.0231281
466.472 1.20586 0.0400211
466.472 1.26933 0.0567528
466.472 1.3328 0.073256
466.472 1.39626 0.0894644
466.472 1.45973 0.105312
466.472 1.5232 0.120736
466.472 1.58666 0.135674
466.472 1.65013 0.150066
466.472 1.7136 0.163853
466.472 1.77706 0.17698
466.472 1.84053 0.189395
466.472 1.904 0.201047
466.472 1.96746 0.21189
466.472 2.03093 0.221879
466.472 2.0944 0.230975
466.472 2.15786 0.239141
466.472 2.22133 0.246344
466.472 2.28479 0.252555
466.472 2.34826 0.257749
466.472 2.41173 0.261906
466.472 2.47519 0.265007
466.472 2.53866 0.267042
466.472 2.60213 0.268001
466.472 2.66559 0.267881
466.472 2.72906 0.266683
466.472 2.79253 0.264411
466.472 2.85599 0.261073
466.472 2.91946 0.256685
466.472 2.98293 0.251263
466.472 3.04639 0.244829
466.472 3.10986 0.23741
466.472 3.17333 0.229034
466.472 3.23679 0.219737
466.472 3.30026 0.209555
466.472 3.36373 0.198528
466.472 3.42719 0.186703
466.472 3.49066 0.174125
466.472 3.55413 0.160846
466.472 3.61759 0.14692
466.472 3.68106 0.132402
466.472 3.74452 0.117351
466.472 3.80799 0.101828
466.472 3.87146 0.0858941
466.472 3.93492 0.0696145
466.472 3.99839 0.0530548
466.472 4.06186 0.0362813
466.472 4.12532 0.0193619
466.472 4.18879 0.00236448
466.472 4.25226 -0.0146425
466.472 4.31572 -0.0315907
466.472 4.37919 -0.0484114
466.472 4.44266 -0.0650371
466.472 4.50612 -0.0814012
466.472 4.56959 -0.0974374
466.472 4.63306 -0.113081
466.472 4.69652 -0.12827
466.472 4.75999 -0.142942
466.472 4.82346 -0.157038
466.472 4.88692 -0.170502
466.472 4.95039 -0.18328
466.472 5.01385 -0.195319
466.472 5.07732 -0.206573
466.472 5.14079 -0.216994
466.472 5.20425 -0.226542
466.472 5.26772 -0.235177
466.472 5.33119 -0.242865
466.472 5.39465 -0.249576
466.472 5.45812 -0.255281
466.472 5.52159 -0.259959
466.472 5.58505 -0.263589
466.472 5.64852 -0.266159
466.472 5.71199 -0.267656
466.472 5.77545 -0.268076
466.472 5.83892 -0.267417
466.472 5.90239 -0.265681
466.472 5.96585 -0.262874
466.472 6.02932 -0.25901
466.472 6.09279 -0.254102
466.472 6.15625 -0.248171
466.472 6.21972 -0.241241
466.472 6.28319 -0.23334
467.473 0 0.0952693
467.473 0.0634665 0.101272
467.473 0.126933 0.106866
467.473 0.1904 0.112031
467.473 0.253866 0.116744
467.473 0.317333 0.120987
467.473 0.380799 0.124743
467.473 0.444266 0.127997
467.473 0.507732 0.130735
467.473 0.571199 0.132947
467.473 0.634665 0.134623
467.473 0.698132 0.135757
467.473 0.761598 0.136345
467.473 0.825065 0.136384
467.473 0.888531 0.135874
467.473 0.951998 0.134816
467.473 1.01546 0.133216
467.473 1.07893 0.131079
467.473 1.1424 0.128414
467.473 1.20586 0.125233
467.473 1.26933 0.121546
467.473 1.3328 0.117371
467.473 1.39626 0.112723
467.473 1.45973 0.107621
467.473 1.5232 0.102086
467.473 1.58666 0.0961396
467.473 1.65013 0.0898061
467.473 1.7136 0.0831111
467.473 1.77706 0.0760813
467.473 1.84053 0.0687452
467.473 1.904 0.0611325
467.473 1.96746 0.0532734
467.473 2.03093 0.0451998
467.473 2.0944 0.0369444
467.473 2.15786 0.02854
467.473 2.22133 0.0200207
467.473 2.28479 0.0114209
467.473 2.34826 0.00277505
467.473 2.41173 -0.00588198
467.473 2.47519 -0.0145153
467.473 2.53866 -0.0230902
467.473 2.60213 -0.0315721
467.473 2.66559 -0.0399268
467.473 2.72906 -0.0481209
467.473 2.79253 -0.0561212
467.473 2.85599 -0.0638953
467.473 2.91946 -0.0714123
467.473 2.98293 -0.0786418
467.473 3.04639 -0.0855546
467.473 3.10986 -0.0921229
467.473 3.17333 -0.0983201
467.473 3.23679 -0.104122
467.473 3.30026 -0.109504
467.473 3.36373 -0.114445
467.473 3.42719 -0.118925
467.473 3.49066 -0.122927
467.473 3.55413 -0.126433
467.473 3.61759 -0.129431
467.473 3.68106 -0.131907
467.473 3.74452 -0.133852
467.473 3.80799 -0.135258
467.473 3.87146 -0.13612
467.473 3.93492 -0.136433
467.473 3.99839 -0.136197
467.473 4.06186 -0.135413
467.473 4.12532 -0.134083
467.473 4.18879 -0.132214
467.473 4.25226 -0.129812
467.473 4.31572 -0.126887
467.473 4.37919 -0.123452
467.473 4.44266 -0.119519
467.473 4.50612 -0.115105
467.473 4.56959 -0.110228
467.473 4.63306 -0.104906
467.473 4.69652 -0.0991628
467.473 4.75999 -0.0930195
467.473 4.82346 -0.0865021
467.473 4.88692 -0.0796363
467.473 4.95039 -0.0724499
467.473 5.01385 -0.0649716
467.473 5.07732 -0.0572317
467.473 5.14079 -0.0492614
467.473 5.20425 -0.0410927
467.473 5.26772 -0.0327586
467.473 5.33119 -0.0242925
467.473 5.39465 -0.0157287
467.473 5.45812 -0.00710159
467.473 5.52159 0.00155416
467.473 5.58505 0.0102037
467.473 5.64852 0.0188122
467.473 5.71199 0.0273449
467.473 5.77545 0.0357675
467.473 5.83892 0.044046
467.473 5.90239 0.0521472
467.473 5.96585 0.0600385
467.473 6.02932 0.067688
467.473 6.09279 0.0750648
467.473 6.15625 0.0821395
467.473 6.21972 0.0888835
467.473 6.28319 0.0952694
468.474 0 0.26454
468.474 0.0634665 0.259688
468.474 0.126933 0.25379
468.474 0.1904 0.24687
468.474 0.253866 0.238956
468.474 0.317333 0.23008
468.474 0.380799 0.220277
468.474 0.444266 0.209587
468.474 0.507732 0.198054
468.474 0.571199 0.185723
468.474 0.634665 0.172644
468.474 0.698132 0.15887
468.474 0.761598 0.144456
468.474 0.825065 0.129461
468.474 0.888531 0.113944
468.474 0.951998 0.0979685
468.474 1.01546 0.0815985
468.474 1.07893 0.0648999
468.474 1.1424 0.04794
468.474 1.20586 0.0307871
468.474 1.26933 0.0135101
468.474 1.3328 -0.00382125
468.474 1.39626 -0.0211371
468.474 1.45973 -0.038368
468.474 1.5232 -0.0554443
468.474 1.58666 -0.0722974
468.474 1.65013 -0.0888592
468.474 1.7136 -0.105064
468.474 1.77706 -0.120845
468.474 1.84053 -0.136139
468.474 1.904 -0.150885
468.474 1.96746 -0.165024
468.474 2.03093 -0.178499
468.474 2.0944 -0.191254
468.474 2.15786 -0.203239
468.474 2.22133 -0.214406
468.474 2.28479 -0.22471
468.474 2.34826 -0.234109
468.474 2.41173 -0.242565
468.474 2.47519 -0.250045
468.474 2.53866 -0.256517
468.474 2.60213 -0.261957
468.474 2.66559 -0.266342
468.474 2.72906 -0.269654
468.474 2.79253 -0.271881
468.474 2.85599 -0.273013
468.474 2.91946 -0.273046
468.474 2.98293 -0.271978
468.474 3.04639 -0.269816
468.474 3.10986 -0.266568
468.474 3.17333 -0.262246
468.474 3.23679 -0.256868
468.474 3.30026 -0.250456
468.474 3.36373 -0.243035
468.474 3.42719 -0.234636
468.474 3.49066 -0.225292
468.474 3.55413 -0.21504
468.474 3.61759 -0.203923
468.474 3.68106 -0.191985
468.474 3.74452 -0.179274
468.474 3.80799 -0.165841
468.474 3.87146 -0.15174
468.474 3.93492 -0.137027
468.474 3.99839 -0.121764
468.474 4.06186 -0.10601
468.474 4.12532 -0.0898287
468.474 4.18879 -0.073286
468.474 4.25226 -0.0564484
468.474 4.31572 -0.0393833
468.474 4.37919 -0.0221597
468.474 4.44266 -0.00484692
468.474 4.50612 0.0124854
468.474 4.56959 0.0297675
468.474 4.63306 0.0469297
468.474 4.69652 0.0639031
468.474 4.75999 0.0806189
468.474 4.82346 0.0970102
468.474 4.88692 0.113011
468.474 4.95039 0.128557
468.474 5.01385 0.143584
468.474 5.07732 0.158035
468.474 5.14079 0.171848
468.474 5.20425 0.184969
468.474 5.26772 0.197346
468.474 5.33119 0.208928
468.474 5.39465 0.219669
468.474 5.45812 0.229525
468.474 5.52159 0.238457
468.474 5.58505 0.246429
468.474 5.64852 0.253408
468.474 5.71199 0.259368
468.474 5.77545 0.264282
468.474 5.83892 0.268133
468.474 5.90239 0.270904
468.474 5.96585 0.272584
468.474 6.02932 0.273167
468.474 6.09279 0.272649
468.474 6.15625 0.271034
468.474 6.21972 0.268327
468.474 6.28319 0.26454
469.475 0 -0.123659
469.475 0.0634665 -0.113199
469.475 0.126933 -0.102282
469.475 0.1904 -0.0909534
469.475 0.253866 -0.0792588
469.475 0.317333 -0.0672452
469.475 0.380799 -0.0549603
469.475 0.444266 -0.0424545
469.475 0.507732 -0.0297776
469.475 0.571199 -0.0169809
469.475 0.634665 -0.00411564
469.475 0.698132 0.00876613
469.475 0.761598 0.0216125
469.475 0.825065 0.034372
469.475 0.888531 0.046993
469.475 0.951998 0.0594247
469.475 1.01546 0.0716172
469.475 1.07893 0.0835214
469.475 1.1424 0.0950891
469.475 1.20586 0.106274
469.475 1.26933 0.117031
469.475 1.3328 0.127317
469.475 1.39626 0.13709
469.475 1.45973 0.146311
469.475 1.5232 0.154943
469.475 1.58666 0.162951
469.475 1.65013 0.170303
469.475 1.7136 0.176969
469.475 1.77706 0.182922
469.475 1.84053 0.188139
469.475 1.904 0.192599
469.475 1.96746 0.196283
469.475 2.03093 0.199176
469.475 2.0944 0.201268
469.475 2.15786 0.202549
469.475 2.22133 0.203014
469.475 2.28479 0.202662
469.475 2.34826 0.201494
469.475 2.41173 0.199515
469.475 2.47519 0.196732
469.475 2.53866 0.193157
469.475 2.60213 0.188805
469.475 2.66559 0.183692
469.475 2.72906 0.177839
469.475 2.79253 0.17127
469.475 2.85599 0.164012
469.475 2.91946 0.156093
469.475 2.98293 0.147546
469.475 3.04639 0.138404
469.475 3.10986 0.128706
469.475 3.17333 0.118489
469.475 3.23679 0.107795
469.475 3.30026 0.0966665
469.475 3.36373 0.0851491
469.475 3.42719 0.0732888
469.475 3.49066 0.0611333
469.475 3.55413 0.048732
469.475 3.61759 0.0361341
469.475 3.68106 0.023391
469.475 3.74452 0.0105535
469.475 3.80799 -0.00232647
469.475 3.87146 -0.0151971
469.475 3.93492 -0.0280062
469.475 3.99839 -0.0407029
469.475 4.06186 -0.0532357
469.475 4.12532 -0.065554
469.475 4.18879 -0.0776084
469.475 4.25226 -0.0893502
469.475 4.31572 -0.100732
469.475 4.37919 -0.111709
469.475 4.44266 -0.122235
469.475 4.50612 -0.13227
469.475 4.56959 -0.141772
469.475 4.63306 -0.150703
469.475 4.69652 -0.159027
469.475 4.75999 -0.166711
469.475 4.82346 -0.173723
469.475 4.88692 -0.180036
469.475 4.95039 -0.185624
469.475 5.01385 -0.190465
469.475 5.07732 -0.194539
469.475 5.14079 -0.197829
469.475 5.20425 -0.200323
469.475 5.26772 -0.20201
469.475 5.33119 -0.202884
469.475 5.39465 -0.202941
469.475 5.45812 -0.20218
469.475 5.52159 -0.200606
469.475 5.58505 -0.198223
469.475 5.64852 -0.195043
469.475 5.71199 -0.191077
469.475 5.77545 -0.186342
469.475 5.83892 -0.180856
469.475 5.90239 -0.174643
469.475 5.96585 -0.167726
469.475 6.02932 -0.160133
469.475 6.09279 -0.151896
469.475 6.15625 -0.143047
469.475 6.21972 -0.133622
469.475 6.28319 -0.12366
470.476 0 -0.0548236
470.476 0.0634665 -0.0393363
470.476 0.126933 -0.0236906
470.476 0.1904 -0.00794951
470.476 0.253866 0.00782363
470.476 0.317333 0.0235653
470.476 0.380799 0.039212
470.476 0.444266 0.0547007
470.476 0.507732 0.0699694
470.476 0.571199 0.0849561
470.476 0.634665 0.0996009
470.476 0.698132 0.113845
470.476 0.761598 0.12763
470.476 0.825065 0.140901
470.476 0.888531 0.153605
470.476 0.951998 0.165691
470.476 1.01546 0.177109
470.476 1.07893 0.187814
470.476 1.1424 0.197763
470.476 1.20586 0.206916
470.476 1.26933 0.215235
470.476 1.3328 0.222688
470.476 1.39626 0.229244
470.476 1.45973 0.234877
470.476 1.5232 0.239564
470.476 1.58666 0.243286
470.476 1.65013 0.246029
470.476 1.7136 0.247782
470.476 1.77706 0.248536
470.476 1.84053 0.24829
470.476 1.904 0.247043
470.476 1.96746 0.244803
470.476 2.03093 0.241576
470.476 2.0944 0.237377
470.476 2.15786 0.232222
470.476 2.22133 0.226132
470.476 2.28479 0.219131
470.476 2.34826 0.211248
470.476 2.41173 0.202514
470.476 2.47519 0.192965
470.476 2.53866 0.182639
470.476 2.60213 0.171577
470.476 2.66559 0.159825
470.476 2.72906 0.147429
470.476 2.79253 0.134439
470.476 2.85599 0.120908
470.476 2.91946 0.10689
470.476 2.98293 0.0924419
470.476 3.04639 0.0776214
470.476 3.10986 0.0624884
470.476 3.17333 0.0471037
470.476 3.23679 0.0315293
470.476 3.30026 0.015828
470.476 3.36373 6.29917e-05
470.476 3.42719 -0.0157023
470.476 3.49066 -0.0314043
470.476 3.55413 -0.04698
470.476 3.61759 -0.0623664
470.476 3.68106 -0.0775019
470.476 3.74452 -0.0923251
470.476 3.80799 -0.106777
470.476 3.87146 -0.120798
470.476 3.93492 -0.134333
470.476 3.99839 -0.147327
470.476 4.06186 -0.159728
470.476 4.12532 -0.171486
470.476 4.18879 -0.182553
470.476 4.25226 -0.192886
470.476 4.31572 -0.202441
470.476 4.37919 -0.211182
470.476 4.44266 -0.219072
470.476 4.50612 -0.226079
470.476 4.56959 -0.232177
470.476 4.63306 -0.23734
470.476 4.69652 -0.241547
470.476 4.75999 -0.244781
470.476 4.82346 -0.24703
470.476 4.88692 -0.248284
470.476 4.95039 -0.248538
470.476 5.01385 -0.247791
470.476 5.07732 -0.246047
470.476 5.14079 -0.243312
470.476 5.20425 -0.239597
470.476 5.26772 -0.234918
470.476 5.33119 -0.229292
470.476 5.39465 -0.222744
470.476 5.45812 -0.215298
470.476 5.52159 -0.206985
470.476 5.58505 -0.197839
470.476 5.64852 -0.187896
470.476 5.71199 -0.177197
470.476 5.77545 -0.165784
470.476 5.83892 -0.153704
470.476 5.90239 -0.141005
470.476 5.96585 -0.127738
470.476 6.02932 -0.113957
470.476 6.09279 -0.0997162
470.476 6.15625 -0.0850745
470.476 6.21972 -0.0700901
470.476 6.28319 -0.0548236
471.477 0 -0.0596522
471.477 0.0634665 -0.0517631
471.477 0.126933 -0.0436657
471.477 0.1904 -0.0353923
471.477 0.253866 -0.0269764
471.477 0.317333 -0.018452
471.477 0.380799 -0.00985316
471.477 0.444266 -0.00121482
471.477 0.507732 0.00742846
471.477 0.571199 0.0160419
471.477 0.634665 0.0245908
471.477 0.698132 0.0330406
471.477 0.761598 0.0413573
471.477 0.825065 0.0495076
471.477 0.888531 0.0574584
471.477 0.951998 0.0651778
471.477 1.01546 0.072635
471.477 1.07893 0.0797997
471.477 1.1424 0.086643
471.477 1.20586 0.0931372
471.477 1.26933 0.0992565
471.477 1.3328 0.104976
471.477 1.39626 0.110273
471.477 1.45973 0.115126
471.477 1.5232 0.119516
471.477 1.58666 0.123424
471.477 1.65013 0.126835
471.477 1.7136 0.129735
471.477 1.77706 0.132113
471.477 1.84053 0.133959
471.477 1.904 0.135266
471.477 1.96746 0.136028
471.477 2.03093 0.136242
471.477 2.0944 0.135908
471.477 2.15786 0.135026
471.477 2.22133 0.133601
471.477 2.28479 0.131638
471.477 2.34826 0.129144
471.477 2.41173 0.126131
471.477 2.47519 0.12261
471.477 2.53866 0.118595
471.477 2.60213 0.114102
471.477 2.66559 0.10915
471.477 2.72906 0.103759
471.477 2.79253 0.0979497
471.477 2.85599 0.0917461
471.477 2.91946 0.085173
471.477 2.98293 0.0782569
471.477 3.04639 0.0710258
471.477 3.10986 0.0635086
471.477 3.17333 0.0557356
471.477 3.23679 0.0477384
471.477 3.30026 0.0395489
471.477 3.36373 0.0312001
471.477 3.42719 0.0227257
471.477 3.49066 0.0141598
471.477 3.55413 0.00553684
471.477 3.61759 -0.00310851
471.477 3.68106 -0.0117412
471.477 3.74452 -0.0203265
471.477 3.80799 -0.0288301
471.477 3.87146 -0.0372177
471.477 3.93492 -0.0454554
471.477 3.99839 -0.05351
471.477 4.06186 -0.0613492
471.477 4.12532 -0.0689414
471.477 4.18879 -0.0762556
471.477 4.25226 -0.0832633
471.477 4.31572 -0.0899354
471.477 4.37919 -0.0962454
471.477 4.44266 -0.102168
471.477 4.50612 -0.107679
471.477 4.56959 -0.112757
471.477 4.63306 -0.11738
471.477 4.69652 -0.121531
471.477 4.75999 -0.125192
471.477 4.82346 -0.12835
471.477 4.88692 -0.13099
471.477 4.95039 -0.133103
471.477 5.01385 -0.13468
471.477 5.07732 -0.135715
471.477 5.14079 -0.136204
471.477 5.20425 -0.136144
471.477 5.26772 -0.135535
471.477 5.33119 -0.134381
471.477 5.39465 -0.132686
471.477 5.45812 -0.130457
471.477 5.52159 -0.127702
471.477 5.58505 -0.124433
471.477 5.64852 -0.120663
471.477 5.71199 -0.116407
471.477 5.77545 -0.111683
471.477 5.83892 -0.106508
471.477 5.90239 -0.100905
471.477 5.96585 -0.0948956
471.477 6.02932 -0.0885041
471.477 6.09279 -0.081756
471.477 6.15625 -0.0746789
471.477 6.21972 -0.0673011
471.477 6.28319 -0.0596521
472.478 0 -0.0111274
472.478 0.0634665 0.0127641
472.478 0.126933 0.0366042
472.478 0.1904 0.0602967
472.478 0.253866 0.0837471
472.478 0.317333 0.10686
472.478 0.380799 0.129542
472.478 0.444266 0.151703
472.478 0.507732 0.173253
472.478 0.571199 0.194105
472.478 0.634665 0.214175
472.478 0.698132 0.233384
472.478 0.761598 0.251652
472.478 0.825065 0.268907
472.478 0.888531 0.28508
472.478 0.951998 0.300105
472.478 1.01546 0.313921
472.478 1.07893 0.326473
472.478 1.1424 0.33771
472.478 1.20586 0.347588
472.478 1.26933 0.356065
472.478 1.3328 0.36311
472.478 1.39626 0.368692
472.478 1.45973 0.37279
472.478 1.5232 0.375386
472.478 1.58666 0.376471
472.478 1.65013 0.37604
472.478 1.7136 0.374094
472.478 1.77706 0.370643
472.478 1.84053 0.365699
472.478 1.904 0.359283
472.478 1.96746 0.351419
472.478 2.03093 0.342141
472.478 2.0944 0.331485
472.478 2.15786 0.319494
472.478 2.22133 0.306217
472.478 2.28479 0.291707
472.478 2.34826 0.276022
472.478 2.41173 0.259226
472.478 2.47519 0.241385
472.478 2.53866 0.222573
472.478 2.60213 0.202865
472.478 2.66559 0.18234
472.478 2.72906 0.161081
472.478 2.79253 0.139173
472.478 2.85599 0.116704
472.478 2.91946 0.0937658
472.478 2.98293 0.0704501
472.478 3.04639 0.0468504
472.478 3.10986 0.0230621
472.478 3.17333 -0.00081874
472.478 3.23679 -0.0246966
472.478 3.30026 -0.0484749
472.478 3.36373 -0.0720581
472.478 3.42719 -0.095351
472.478 3.49066 -0.11826
472.478 3.55413 -0.140693
472.478 3.61759 -0.162559
472.478 3.68106 -0.183771
472.478 3.74452 -0.204243
472.478 3.80799 -0.223892
472.478 3.87146 -0.242641
472.478 3.93492 -0.260411
472.478 3.99839 -0.277133
472.478 4.06186 -0.292739
472.478 4.12532 -0.307167
472.478 4.18879 -0.320358
472.478 4.25226 -0.332259
472.478 4.31572 -0.342821
472.478 4.37919 -0.352004
472.478 4.44266 -0.359769
472.478 4.50612 -0.366085
472.478 4.56959 -0.370927
472.478 4.63306 -0.374276
472.478 4.69652 -0.376118
472.478 4.75999 -0.376445
472.478 4.82346 -0.375256
472.478 4.88692 -0.372557
472.478 4.95039 -0.368356
472.478 5.01385 -0.362673
472.478 5.07732 -0.35553
472.478 5.14079 -0.346955
472.478 5.20425 -0.336983
472.478 5.26772 -0.325654
472.478 5.33119 -0.313013
472.478 5.39465 -0.299113
472.478 5.45812 -0.284008
472.478 5.52159 -0.267759
472.478 5.58505 -0.250432
472.478 5.64852 -0.232096
472.478 5.71199 -0.212827
472.478 5.77545 -0.1927
472.478 5.83892 -0.171797
472.478 5.90239 -0.150202
472.478 5.96585 -0.128003
472.478 6.02932 -0.105288
472.478 6.09279 -0.0821492
472.478 6.15625 -0.0586798
472.478 6.21972 -0.0349739
472.478 6.28319 -0.0111273
473.479 0 0.121875
473.479 0.0634665 0.106466
473.479 0.126933 0.0906273
473.479 0.1904 0.0744238
473.479 0.253866 0.0579208
473.479 0.317333 0.0411847
473.479 0.380799 0.0242825
473.479 0.444266 0.00728278
473.479 0.507732 -0.00974644
473.479 0.571199 -0.0267363
473.479 0.634665 -0.0436186
473.479 0.698132 -0.0603252
473.479 0.761598 -0.076789
473.479 0.825065 -0.0929434
473.479 0.888531 -0.108724
473.479 0.951998 -0.124066
473.479 1.01546 -0.138909
473.479 1.07893 -0.153193
473.479 1.1424 -0.166859
473.479 1.20586 -0.179854
473.479 1.26933 -0.192125
473.479 1.3328 -0.203622
473.479 1.39626 -0.214299
473.479 1.45973 -0.224113
473.479 1.5232 -0.233025
473.479 1.58666 -0.240998
473.479 1.65013 -0.248001
473.479 1.7136 -0.254006
473.479 1.77706 -0.258987
473.479 1.84053 -0.262926
473.479 1.904 -0.265806
473.479 1.96746 -0.267616
473.479 2.03093 -0.268348
473.479 2.0944 -0.268
473.479 2.15786 -0.266572
473.479 2.22133 -0.264071
473.479 2.28479 -0.260507
473.479 2.34826 -0.255894
473.479 2.41173 -0.25025
473.479 2.47519 -0.243599
473.479 2.53866 -0.235966
473.479 2.60213 -0.227384
473.479 2.66559 -0.217887
473.479 2.72906 -0.207511
473.479 2.79253 -0.1963
473.479 2.85599 -0.184299
473.479 2.91946 -0.171556
473.479 2.98293 -0.158121
473.479 3.04639 -0.144051
473.479 3.10986 -0.1294
473.479 3.17333 -0.114228
473.479 3.23679 -0.0985961
473.479 3.30026 -0.0825667
473.479 3.36373 -0.0662056
473.479 3.42719 -0.0495776
473.479 3.49066 -0.03275
473.479 3.55413 -0.0157907
473.479 3.61759 0.00123253
473.479 3.68106 0.0182505
473.479 3.74452 0.035195
473.479 3.80799 0.0519979
473.479 3.87146 0.0685916
473.479 3.93492 0.0849089
473.479 3.99839 0.100884
473.479 4.06186 0.116454
473.479 4.12532 0.131554
473.479 4.18879 0.146124
473.479 4.25226 0.160107
473.479 4.31572 0.173444
473.479 4.37919 0.186083
473.479 4.44266 0.197973
473.479 4.50612 0.209066
473.479 4.56959 0.219316
473.479 4.63306 0.228684
473.479 4.69652 0.237131
473.479 4.75999 0.244623
473.479 4.82346 0.25113
473.479 4.88692 0.256626
473.479 4.95039 0.261088
473.479 5.01385 0.264499
473.479 5.07732 0.266845
473.479 5.14079 0.268117
473.479 5.20425 0.268309
473.479 5.26772 0.267421
473.479 5.33119 0.265455
473.479 5.39465 0.262421
473.479 5.45812 0.258331
473.479 5.52159 0.253199
473.479 5.58505 0.247049
473.479 5.64852 0.239904
473.479 5.71199 0.231792
473.479 5.77545 0.222748
473.479 5.83892 0.212806
473.479 5.90239 0.202008
473.479 5.96585 0.190396
473.479 6.02932 0.178017
473.479 6.09279 0.164922
473.479 6.15625 0.151162
473.479 6.21972 0.136794
473.479 6.28319 0.121875
474.48 0 0.0258479
474.48 0.0634665 0.0184737
474.48 0.126933 0.011025
474.48 0.1904 0.00353213
474.48 0.253866 -0.00397494
474.48 0.317333 -0.0114663
474.48 0.380799 -0.0189113
474.48 0.444266 -0.0262802
474.48 0.507732 -0.0335434
474.48 0.571199 -0.0406713
474.48 0.634665 -0.0476355
474.48 0.698132 -0.054408
474.48 0.761598 -0.0609612
474.48 0.825065 -0.0672691
474.48 0.888531 -0.0733062
474.48 0.951998 -0.079048
474.48 1.01546 -0.0844716
474.48 1.07893 -0.0895549
474.48 1.1424 -0.0942776
474.48 1.20586 -0.0986208
474.48 1.26933 -0.102567
474.48 1.3328 -0.1061
474.48 1.39626 -0.109206
474.48 1.45973 -0.111872
474.48 1.5232 -0.114088
474.48 1.58666 -0.115844
474.48 1.65013 -0.117133
474.48 1.7136 -0.117952
474.48 1.77706 -0.118295
474.48 1.84053 -0.118162
474.48 1.904 -0.117553
474.48 1.96746 -0.11647
474.48 2.03093 -0.114919
474.48 2.0944 -0.112905
474.48 2.15786 -0.110436
474.48 2.22133 -0.107523
474.48 2.28479 -0.104177
474.48 2.34826 -0.100411
474.48 2.41173 -0.0962407
474.48 2.47519 -0.0916831
474.48 2.53866 -0.0867563
474.48 2.60213 -0.0814803
474.48 2.66559 -0.075876
474.48 2.72906 -0.0699661
474.48 2.79253 -0.0637747
474.48 2.85599 -0.0573264
474.48 2.91946 -0.0506473
474.48 2.98293 -0.0437641
474.48 3.04639 -0.0367049
474.48 3.10986 -0.0294979
474.48 3.17333 -0.022172
474.48 3.23679 -0.0147569
474.48 3.30026 -0.00728234
474.48 3.36373 0.000221563
474.48 3.42719 0.00772457
474.48 3.49066 0.0151965
474.48 3.55413 0.0226071
474.48 3.61759 0.0299268
474.48 3.68106 0.037126
474.48 3.74452 0.0441757
474.48 3.80799 0.0510475
474.48 3.87146 0.0577137
474.48 3.93492 0.0641476
474.48 3.99839 0.070323
474.48 4.06186 0.0762155
474.48 4.12532 0.0818011
474.48 4.18879 0.0870569
474.48 4.25226 0.0919626
474.48 4.31572 0.0964978
474.48 4.37919 0.100645
474.48 4.44266 0.104386
474.48 4.50612 0.107707
474.48 4.56959 0.110595
474.48 4.63306 0.113036
474.48 4.69652 0.115024
474.48 4.75999 0.116547
474.48 4.82346 0.117602
474.48 4.88692 0.118183
474.48 4.95039 0.118288
474.48 5.01385 0.117916
474.48 5.07732 0.11707
474.48 5.14079 0.115753
474.48 5.20425 0.113969
474.48 5.26772 0.111727
474.48 5.33119 0.109035
474.48 5.39465 0.105903
474.48 5.45812 0.102345
474.48 5.52159 0.0983753
474.48 5.58505 0.0940094
474.48 5.64852 0.0892646
474.48 5.71199 0.0841607
474.48 5.77545 0.0787177
474.48 5.83892 0.0729579
474.48 5.90239 0.0669043
474.48 5.96585 0.0605809
474.48 6.02932 0.0540141
474.48 6.09279 0.0472294
474.48 6.15625 0.0402547
474.48 6.21972 0.033118
474.48 6.28319 0.0258479
475.481 0 -0.331497
475.481 0.0634665 -0.333469
475.481 0.126933 -0.334099
475.481 0.1904 -0.333383
475.481 0.253866 -0.331324
475.481 0.317333 -0.327932
475.481 0.380799 -0.323219
475.481 0.444266 -0.317204
475.481 0.507732 -0.309912
475.481 0.571199 -0.301373
475.481 0.634665 -0.29162
475.481 0.698132 -0.280692
475.481 0.761598 -0.268634
475.481 0.825065 -0.255495
475.481 0.888531 -0.241327
475.481 0.951998 -0.226187
475.481 1.01546 -0.210136
475.481 1.07893 -0.193239
475.481 1.1424 -0.175565
475.481 1.20586 -0.157183
475.481 1.26933 -0.138168
475.481 1.3328 -0.118597
475.481 1.39626 -0.0985481
475.481 1.45973 -0.0781026
475.481 1.5232 -0.0573427
475.481 1.58666 -0.0363517
475.481 1.65013 -0.0152145
475.481 1.7136 0.0059841
475.481 1.77706 0.0271586
475.481 1.84053 0.0482237
475.481 1.904 0.0690944
475.481 1.96746 0.0896872
475.481 2.03093 0.109919
475.481 2.0944 0.129708
475.481 2.15786 0.148974
475.481 2.22133 0.167641
475.481 2.28479 0.185633
475.481 2.34826 0.202877
475.481 2.41173 0.219305
475.481 2.47519 0.234849
475.481 2.53866 0.249447
475.481 2.60213 0.263042
475.481 2.66559 0.275577
475.481 2.72906 0.287002
475.481 2.79253 0.297272
475.481 2.85599 0.306344
475.481 2.91946 0.314184
475.481 2.98293 0.320758
475.481 3.04639 0.32604
475.481 3.10986 0.33001
475.481 3.17333 0.332651
475.481 3.23679 0.333952
475.481 3.30026 0.333909
475.481 3.36373 0.332521
475.481 3.42719 0.329794
475.481 3.49066 0.325739
475.481 3.55413 0.320373
475.481 3.61759 0.313716
475.481 3.68106 0.305796
475.481 3.74452 0.296645
475.481 3.80799 0.2863
475.481 3.87146 0.274802
475.481 3.93492 0.262197
475.481 3.99839 0.248536
475.481 4.06186 0.233875
475.481 4.12532 0.218271
475.481 4.18879 0.201789
475.481 4.25226 0.184495
475.481 4.31572 0.166457
475.481 4.37919 0.14775
475.481 4.44266 0.128447
475.481 4.50612 0.108627
475.481 4.56959 0.0883698
475.481 4.63306 0.0677568
475.481 4.69652 0.0468708
475.481 4.75999 0.0257961
475.481 4.82346 0.00461748
475.481 4.88692 -0.0165797
475.481 4.95039 -0.0377101
475.481 5.01385 -0.0586886
475.481 5.07732 -0.0794308
475.481 5.14079 -0.0998532
475.481 5.20425 -0.119874
475.481 5.26772 -0.139411
475.481 5.33119 -0.158387
475.481 5.39465 -0.176726
475.481 5.45812 -0.194353
475.481 5.52159 -0.211197
475.481 5.58505 -0.227191
475.481 5.64852 -0.24227
475.481 5.71199 -0.256374
475.481 5.77545 -0.269445
475.481 5.83892 -0.281431
475.481 5.90239 -0.292284
475.481 5.96585 -0.30196
475.481 6.02932 -0.31042
475.481 6.09279 -0.317631
475.481 6.15625 -0.323562
475.481 6.21972 -0.32819
475.481 6.28319 -0.331497
476.482 0 -0.132335
476.482 0.0634665 -0.139499
476.482 0.126933 -0.146101
476.482 0.1904 -0.152115
476.482 0.253866 -0.157517
476.482 0.317333 -0.162284
476.482 0.380799 -0.166398
476.482 0.444266 -0.169842
476.482 0.507732 -0.172601
476.482 0.571199 -0.174666
476.482 0.634665 -0.176028
476.482 0.698132 -0.176681
476.482 0.761598 -0.176622
476.482 0.825065 -0.175852
476.482 0.888531 -0.174374
476.482 0.951998 -0.172194
476.482 1.01546 -0.169321
476.482 1.07893 -0.165765
476.482 1.1424 -0.161543
476.482 1.20586 -0.156669
476.482 1.26933 -0.151165
476.482 1.3328 -0.145052
476.482 1.39626 -0.138356
476.482 1.45973 -0.131102
476.482 1.5232 -0.12332
476.482 1.58666 -0.115041
476.482 1.65013 -0.1063
476.482 1.7136 -0.0971302
476.482 1.77706 -0.0875695
476.482 1.84053 -0.0776559
476.482 1.904 -0.0674299
476.482 1.96746 -0.0569322
476.482 2.03093 -0.0462054
476.482 2.0944 -0.0352926
476.482 2.15786 -0.0242374
476.482 2.22133 -0.0130848
476.482 2.28479 -0.00187953
476.482 2.34826 0.00933342
476.482 2.41173 0.0205085
476.482 2.47519 0.0316013
476.482 2.53866 0.0425668
476.482 2.60213 0.0533607
476.482 2.66559 0.06394
476.482 2.72906 0.0742617
476.482 2.79253 0.0842845
476.482 2.85599 0.0939678
476.482 2.91946 0.103273
476.482 2.98293 0.112162
476.482 3.04639 0.120599
476.482 3.10986 0.128551
476.482 3.17333 0.135985
476.482 3.23679 0.142872
476.482 3.30026 0.149183
476.482 3.36373 0.154894
476.482 3.42719 0.159981
476.482 3.49066 0.164424
476.482 3.55413 0.168204
476.482 3.61759 0.171308
476.482 3.68106 0.173721
476.482 3.74452 0.175435
476.482 3.80799 0.176443
476.482 3.87146 0.17674
476.482 3.93492 0.176326
476.482 3.99839 0.175201
476.482 4.06186 0.173371
476.482 4.12532 0.170843
476.482 4.18879 0.167627
476.482 4.25226 0.163736
476.482 4.31572 0.159186
476.482 4.37919 0.153995
476.482 4.44266 0.148183
476.482 4.50612 0.141775
476.482 4.56959 0.134796
476.482 4.63306 0.127275
476.482 4.69652 0.119241
476.482 4.75999 0.110726
476.482 4.82346 0.101766
476.482 4.88692 0.0923962
476.482 4.95039 0.0826544
476.482 5.01385 0.0725793
476.482 5.07732 0.0622124
476.482 5.14079 0.0515946
476.482 5.20425 0.0407695
476.482 5.26772 0.02978
476.482 5.33119 0.0186705
476.482 5.39465 0.0074859
476.482 5.45812 -0.00372877
476.482 5.52159 -0.0149283
476.482 5.58505 -0.026068
476.482 5.64852 -0.0371027
476.482 5.71199 -0.0479878
476.482 5.77545 -0.0586799
476.482 5.83892 -0.0691357
476.482 5.90239 -0.079313
476.482 5.96585 -0.089171
476.482 6.02932 -0.09867
476.482 6.09279 -0.107772
476.482 6.15625 -0.116439
476.482 6.21972 -0.124638
476.482 6.28319 -0.132335
477.483 0 0.167989
477.483 0.0634665 0.169821
477.483 0.126933 0.170969
477.483 0.1904 0.171429
477.483 0.253866 0.171199
477.483 0.317333 0.17028
477.483 0.380799 0.168675
477.483 0.444266 0.16639
477.483 0.507732 0.163436
477.483 0.571199 0.159823
477.483 0.634665 0.155567
477.483 0.698132 0.150685
477.483 0.761598 0.145195
477.483 0.825065 0.139121
477.483 0.888531 0.132487
477.483 0.951998 0.12532
477.483 1.01546 0.117648
477.483 1.07893 0.109502
477.483 1.1424 0.100915
477.483 1.20586 0.0919217
477.483 1.26933 0.0825584
477.483 1.3328 0.0728627
477.483 1.39626 0.0628736
477.483 1.45973 0.0526312
477.483 1.5232 0.042177
477.483 1.58666 0.0315529
477.483 1.65013 0.0208018
477.483 1.7136 0.00996699
477.483 1.77706 -0.000908273
477.483 1.84053 -0.0117795
477.483 1.904 -0.0226034
477.483 1.96746 -0.0333363
477.483 2.03093 -0.043935
477.483 2.0944 -0.0543568
477.483 2.15786 -0.0645597
477.483 2.22133 -0.0745026
477.483 2.28479 -0.0841454
477.483 2.34826 -0.0934496
477.483 2.41173 -0.102378
477.483 2.47519 -0.110893
477.483 2.53866 -0.118962
477.483 2.60213 -0.126552
477.483 2.66559 -0.133633
477.483 2.72906 -0.140175
477.483 2.79253 -0.146153
477.483 2.85599 -0.151542
477.483 2.91946 -0.156322
477.483 2.98293 -0.160471
477.483 3.04639 -0.163975
477.483 3.10986 -0.166818
477.483 3.17333 -0.16899
477.483 3.23679 -0.170481
477.483 3.30026 -0.171286
477.483 3.36373 -0.171401
477.483 3.42719 -0.170826
477.483 3.49066 -0.169563
477.483 3.55413 -0.167617
477.483 3.61759 -0.164996
477.483 3.68106 -0.161711
477.483 3.74452 -0.157775
477.483 3.80799 -0.153203
477.483 3.87146 -0.148014
477.483 3.93492 -0.14223
477.483 3.99839 -0.135873
477.483 4.06186 -0.128968
477.483 4.12532 -0.121545
477.483 4.18879 -0.113632
477.483 4.25226 -0.105261
477.483 4.31572 -0.0964669
477.483 4.37919 -0.087284
477.483 4.44266 -0.0777498
477.483 4.50612 -0.0679022
477.483 4.56959 -0.0577815
477.483 4.63306 -0.0474281
477.483 4.69652 -0.0368835
477.483 4.75999 -0.0261906
477.483 4.82346 -0.0153921
477.483 4.88692 -0.0045316
477.483 4.95039 0.00634703
477.483 5.01385 0.0172002
477.483 5.07732 0.0279838
477.483 5.14079 0.0386551
477.483 5.20425 0.0491707
477.483 5.26772 0.0594882
477.483 5.33119 0.0695662
477.483 5.39465 0.0793641
477.483 5.45812 0.0888424
477.483 5.52159 0.0979628
477.483 5.58505 0.106689
477.483 5.64852 0.114985
477.483 5.71199 0.122819
477.483 5.77545 0.130158
477.483 5.83892 0.136973
477.483 5.90239 0.143236
477.483 5.96585 0.148923
477.483 6.02932 0.15401
477.483 6.09279 0.158476
477.483 6.15625 0.162305
477.483 6.21972 0.16548
477.483 6.28319 0.167989
478.484 0 -0.0215158
478.484 0.0634665 -0.00111176
478.484 0.126933 0.0192966
478.484 0.1904 0.0396273
478.484 0.253866 0.0597987
478.484 0.317333 0.0797291
478.484 0.380799 0.0993383
478.484 0.444266 0.118548
478.484 0.507732 0.13728
478.484 0.571199 0.155459
478.484 0.634665 0.173012
478.484 0.698132 0.189869
478.484 0.761598 0.205961
478.484 0.825065 0.221223
478.484 0.888531 0.235595
478.484 0.951998 0.249019
478.484 1.01546 0.261439
478.484 1.07893 0.272807
478.484 1.1424 0.283076
478.484 1.20586 0.292206
478.484 1.26933 0.300159
478.484 1.3328 0.306903
478.484 1.39626 0.312411
478.484 1.45973 0.316662
478.484 1.5232 0.319637
478.484 1.58666 0.321326
478.484 1.65013 0.32172
478.484 1.7136 0.320819
478.484 1.77706 0.318627
478.484 1.84053 0.315151
478.484 1.904 0.310406
478.484 1.96746 0.304412
478.484 2.03093 0.297191
478.484 2.0944 0.288774
478.484 2.15786 0.279194
478.484 2.22133 0.268489
478.484 2.28479 0.256704
478.484 2.34826 0.243885
478.484 2.41173 0.230084
478.484 2.47519 0.215357
478.484 2.53866 0.199762
478.484 2.60213 0.183363
478.484 2.66559 0.166226
478.484 2.72906 0.14842
478.484 2.79253 0.130015
478.484 2.85599 0.111087
478.484 2.91946 0.0917122
478.484 2.98293 0.0719679
478.484 3.04639 0.0519337
478.484 3.10986 0.0316904
478.484 3.17333 0.0113195
478.484 3.23679 -0.00909708
478.484 3.30026 -0.0294768
478.484 3.36373 -0.0497381
478.484 3.42719 -0.069799
478.484 3.49066 -0.0895789
478.484 3.55413 -0.108998
478.484 3.61759 -0.127978
478.484 3.68106 -0.146443
478.484 3.74452 -0.164318
478.484 3.80799 -0.181532
478.484 3.87146 -0.198015
478.484 3.93492 -0.2137
478.484 3.99839 -0.228525
478.484 4.06186 -0.242429
478.484 4.12532 -0.255358
478.484 4.18879 -0.267258
478.484 4.25226 -0.278082
478.484 4.31572 -0.287786
478.484 4.37919 -0.296332
478.484 4.44266 -0.303684
478.484 4.50612 -0.309813
478.484 4.56959 -0.314695
478.484 4.63306 -0.31831
478.484 4.69652 -0.320643
478.484 4.75999 -0.321685
478.484 4.82346 -0.321432
478.484 4.88692 -0.319884
478.484 4.95039 -0.317048
478.484 5.01385 -0.312936
478.484 5.07732 -0.307563
478.484 5.14079 -0.300953
478.484 5.20425 -0.29313
478.484 5.26772 -0.284127
478.484 5.33119 -0.273979
478.484 5.39465 -0.262729
478.484 5.45812 -0.250421
478.484 5.52159 -0.237104
478.484 5.58505 -0.222833
478.484 5.64852 -0.207664
478.484 5.71199 -0.191659
478.484 5.77545 -0.174883
478.484 5.83892 -0.157402
478.484 5.90239 -0.139287
478.484 5.96585 -0.120612
478.484 6.02932 -0.101451
478.484 6.09279 -0.0818813
478.484 6.15625 -0.061982
478.484 6.21972 -0.041833
478.484 6.28319 -0.0215157
479.485 0 -0.207033
479.485 0.0634665 -0.213391
479.485 0.126933 -0.218889
479.485 0.1904 -0.223506
479.485 0.253866 -0.227222
479.485 0.317333 -0.230024
479.485 0.380799 -0.2319
479.485 0.444266 -0.232842
479.485 0.507732 -0.232846
479.485 0.571199 -0.231912
479.485 0.634665 -0.230045
479.485 0.698132 -0.227252
479.485 0.761598 -0.223543
479.485 0.825065 -0.218934
479.485 0.888531 -0.213444
479.485 0.951998 -0.207094
479.485 1.01546 -0.199911
479.485 1.07893 -0.191922
479.485 1.1424 -0.183161
479.485 1.20586 -0.173662
479.485 1.26933 -0.163464
479.485 1.3328 -0.152607
479.485 1.39626 -0.141137
479.485 1.45973 -0.129097
479.485 1.5232 -0.116538
479.485 1.58666 -0.10351
479.485 1.65013 -0.0900648
479.485 1.7136 -0.0762571
479.485 1.77706 -0.0621423
479.485 1.84053 -0.0477772
479.485 1.904 -0.0332198
479.485 1.96746 -0.0185286
479.485 2.03093 -0.0037628
479.485 2.0944 0.0110182
479.485 2.15786 0.0257547
479.485 2.22133 0.0403876
479.485 2.28479 0.0548578
479.485 2.34826 0.0691072
479.485 2.41173 0.0830784
479.485 2.47519 0.0967148
479.485 2.53866 0.109962
479.485 2.60213 0.122766
479.485 2.66559 0.135076
479.485 2.72906 0.146843
479.485 2.79253 0.158017
479.485 2.85599 0.168556
479.485 2.91946 0.178416
479.485 2.98293 0.187557
479.485 3.04639 0.195943
479.485 3.10986 0.20354
479.485 3.17333 0.210318
479.485 3.23679 0.216249
479.485 3.30026 0.221309
479.485 3.36373 0.225478
479.485 3.42719 0.228739
479.485 3.49066 0.231078
479.485 3.55413 0.232488
479.485 3.61759 0.232961
479.485 3.68106 0.232496
479.485 3.74452 0.231095
479.485 3.80799 0.228764
479.485 3.87146 0.225511
479.485 3.93492 0.22135
479.485 3.99839 0.216298
479.485 4.06186 0.210375
479.485 4.12532 0.203605
479.485 4.18879 0.196015
479.485 4.25226 0.187636
479.485 4.31572 0.178501
479.485 4.37919 0.168648
479.485 4.44266 0.158115
479.485 4.50612 0.146946
479.485 4.56959 0.135185
479.485 4.63306 0.12288
479.485 4.69652 0.110079
479.485 4.75999 0.0968362
479.485 4.82346 0.0832029
479.485 4.88692 0.0692346
479.485 4.95039 0.0549874
479.485 5.01385 0.040519
479.485 5.07732 0.0258873
479.485 5.14079 0.0111513
479.485 5.20425 -0.00362947
479.485 5.26772 -0.0183957
479.485 5.33119 -0.0330879
479.485 5.39465 -0.0476467
479.485 5.45812 -0.0620137
479.485 5.52159 -0.076131
479.485 5.58505 -0.0899418
479.485 5.64852 -0.10339
479.485 5.71199 -0.116423
479.485 5.77545 -0.128986
479.485 5.83892 -0.141031
479.485 5.90239 -0.152507
479.485 5.96585 -0.163369
479.485 6.02932 -0.173573
479.485 6.09279 -0.183079
479.485 6.15625 -0.191847
479.485 6.21972 -0.199842
479.485 6.28319 -0.207033
480.486 0 0.306635
480.486 0.0634665 0.284459
480.486 0.126933 0.261138
480.486 0.1904 0.236766
480.486 0.253866 0.21144
480.486 0.317333 0.185263
480.486 0.380799 0.15834
480.486 0.444266 0.130779
480.486 0.507732 0.102692
480.486 0.571199 0.0741914
480.486 0.634665 0.0453917
480.486 0.698132 0.0164095
480.486 0.761598 -0.0126389
480.486 0.825065 -0.0416363
480.486 0.888531 -0.0704661
480.486 0.951998 -0.0990121
480.486 1.01546 -0.12716
480.486 1.07893 -0.154795
480.486 1.1424 -0.181807
480.486 1.20586 -0.208087
480.486 1.26933 -0.233529
480.486 1.3328 -0.258031
480.486 1.39626 -0.281493
480.486 1.45973 -0.303823
480.486 1.5232 -0.324929
480.486 1.58666 -0.344726
480.486 1.65013 -0.363136
480.486 1.7136 -0.380083
480.486 1.77706 -0.3955
480.486 1.84053 -0.409324
480.486 1.904 -0.4215
480.486 1.96746 -0.431979
480.486 2.03093 -0.440718
480.486 2.0944 -0.447683
480.486 2.15786 -0.452845
480.486 2.22133 -0.456183
480.486 2.28479 -0.457685
480.486 2.34826 -0.457344
480.486 2.41173 -0.455161
480.486 2.47519 -0.451146
480.486 2.53866 -0.445313
480.486 2.60213 -0.437689
480.486 2.66559 -0.428301
480.486 2.72906 -0.417188
480.486 2.79253 -0.404396
480.486 2.85599 -0.389976
480.486 2.91946 -0.373985
480.486 2.98293 -0.356488
480.486 3.04639 -0.337556
480.486 3.10986 -0.317265
480.486 3.17333 -0.295696
480.486 3.23679 -0.272936
480.486 3.30026 -0.249078
480.486 3.36373 -0.224216
480.486 3.42719 -0.198452
480.486 3.49066 -0.171888
480.486 3.55413 -0.144632
480.486 3.61759 -0.116794
480.486 3.68106 -0.0884861
480.486 3.74452 -0.0598219
480.486 3.80799 -0.0309163
480.486 3.87146 -0.00188625
480.486 3.93492 0.0271514
480.486 3.99839 0.0560796
480.486 4.06186 0.0847819
480.486 4.12532 0.113143
480.486 4.18879 0.141048
480.486 4.25226 0.168386
480.486 4.31572 0.195045
480.486 4.37919 0.220919
480.486 4.44266 0.245904
480.486 4.50612 0.269898
480.486 4.56959 0.292806
480.486 4.63306 0.314534
480.486 4.69652 0.334996
480.486 4.75999 0.354109
480.486 4.82346 0.371796
480.486 4.88692 0.387987
480.486 4.95039 0.402615
480.486 5.01385 0.415621
480.486 5.07732 0.426954
480.486 5.14079 0.436568
480.486 5.20425 0.444424
480.486 5.26772 0.450491
480.486 5.33119 0.454743
480.486 5.39465 0.457165
480.486 5.45812 0.457745
480.486 5.52159 0.456482
480.486 5.58505 0.453382
480.486 5.64852 0.448455
480.486 5.71199 0.441723
480.486 5.77545 0.433213
480.486 5.83892 0.422958
480.486 5.90239 0.410999
480.486 5.96585 0.397386
480.486 6.02932 0.382173
480.486 6.09279 0.36542
480.486 6.15625 0.347197
480.486 6.21972 0.327575
480.486 6.28319 0.306634
481.487 0 0.0446107
481.487 0.0634665 0.0825988
481.487 0.126933 0.120254
481.487 0.1904 0.157425
481.487 0.253866 0.193963
481.487 0.317333 0.229719
481.487 0.380799 0.26455
481.487 0.444266 0.298316
481.487 0.507732 0.330881
481.487 0.571199 0.362114
481.487 0.634665 0.391888
481.487 0.698132 0.420084
481.487 0.761598 0.446589
481.487 0.825065 0.471296
481.487 0.888531 0.494105
481.487 0.951998 0.514924
481.487 1.01546 0.53367
481.487 1.07893 0.550267
481.487 1.1424 0.564648
481.487 1.20586 0.576756
481.487 1.26933 0.586541
481.487 1.3328 0.593964
481.487 1.39626 0.598995
481.487 1.45973 0.601616
481.487 1.5232 0.601813
481.487 1.58666 0.599587
481.487 1.65013 0.594947
481.487 1.7136 0.587911
481.487 1.77706 0.578508
481.487 1.84053 0.566775
481.487 1.904 0.55276
481.487 1.96746 0.536519
481.487 2.03093 0.518118
481.487 2.0944 0.497631
481.487 2.15786 0.475139
481.487 2.22133 0.450735
481.487 2.28479 0.424516
481.487 2.34826 0.396587
481.487 2.41173 0.367061
481.487 2.47519 0.336058
481.487 2.53866 0.303701
481.487 2.60213 0.270121
481.487 2.66559 0.235454
481.487 2.72906 0.199838
481.487 2.79253 0.163418
481.487 2.85599 0.12634
481.487 2.91946 0.0887531
481.487 2.98293 0.0508089
481.487 3.04639 0.01266
481.487 3.10986 -0.0255399
481.487 3.17333 -0.0636369
481.487 3.23679 -0.101478
481.487 3.30026 -0.13891
481.487 3.36373 -0.175782
481.487 3.42719 -0.211947
481.487 3.49066 -0.247259
481.487 3.55413 -0.281575
481.487 3.61759 -0.314757
481.487 3.68106 -0.346672
481.487 3.74452 -0.377191
481.487 3.80799 -0.406191
481.487 3.87146 -0.433555
481.487 3.93492 -0.459174
481.487 3.99839 -0.482943
481.487 4.06186 -0.504768
481.487 4.12532 -0.524561
481.487 4.18879 -0.542241
481.487 4.25226 -0.557739
481.487 4.31572 -0.57099
481.487 4.37919 -0.581941
481.487 4.44266 -0.59055
481.487 4.50612 -0.59678
481.487 4.56959 -0.600607
481.487 4.63306 -0.602018
481.487 4.69652 -0.601003
481.487 4.75999 -0.597567
481.487 4.82346 -0.591726
481.487 4.88692 -0.583503
481.487 4.95039 -0.572929
481.487 5.01385 -0.560048
481.487 5.07732 -0.544914
481.487 5.14079 -0.527584
481.487 5.20425 -0.50813
481.487 5.26772 -0.48663
481.487 5.33119 -0.463171
481.487 5.39465 -0.437846
481.487 5.45812 -0.410759
481.487 5.52159 -0.382017
481.487 5.58505 -0.351737
481.487 5.64852 -0.320041
481.487 5.71199 -0.287056
481.487 5.77545 -0.252915
481.487 5.83892 -0.217756
481.487 5.90239 -0.18172
481.487 5.96585 -0.144952
481.487 6.02932 -0.107601
481.487 6.09279 -0.0698161
481.487 6.15625 -0.0317503
481.487 6.21972 0.00644314
481.487 6.28319 0.0446108
482.488 0 0.0923463
482.488 0.0634665 0.0787487
482.488 0.126933 0.0648336
482.488 0.1904 0.0506584
482.488 0.253866 0.0362786
482.488 0.317333 0.0217527
482.488 0.380799 0.00713927
482.488 0.444266 -0.00750278
482.488 0.507732 -0.0221149
482.488 0.571199 -0.0366379
482.488 0.634665 -0.0510131
482.488 0.698132 -0.0651831
482.488 0.761598 -0.0790907
482.488 0.825065 -0.0926798
482.488 0.888531 -0.105896
482.488 0.951998 -0.118685
482.488 1.01546 -0.130996
482.488 1.07893 -0.142781
482.488 1.1424 -0.15399
482.488 1.20586 -0.164579
482.488 1.26933 -0.174505
482.488 1.3328 -0.183729
482.488 1.39626 -0.192213
482.488 1.45973 -0.199923
482.488 1.5232 -0.206827
482.488 1.58666 -0.2129
482.488 1.65013 -0.218115
482.488 1.7136 -0.222451
482.488 1.77706 -0.225892
482.488 1.84053 -0.228423
482.488 1.904 -0.230035
482.488 1.96746 -0.23072
482.488 2.03093 -0.230476
482.488 2.0944 -0.229304
482.488 2.15786 -0.227209
482.488 2.22133 -0.224199
482.488 2.28479 -0.220286
482.488 2.34826 -0.215486
482.488 2.41173 -0.209818
482.488 2.47519 -0.203306
482.488 2.53866 -0.195974
482.488 2.60213 -0.187854
482.488 2.66559 -0.178978
482.488 2.72906 -0.169381
482.488 2.79253 -0.159101
482.488 2.85599 -0.148181
482.488 2.91946 -0.136664
482.488 2.98293 -0.124598
482.488 3.04639 -0.112029
482.488 3.10986 -0.0990094
482.488 3.17333 -0.0855907
482.488 3.23679 -0.0718276
482.488 3.30026 -0.0577754
482.488 3.36373 -0.0434902
482.488 3.42719 -0.0290303
482.488 3.49066 -0.0144533
482.488 3.55413 0.000181687
482.488 3.61759 0.0148163
482.488 3.68106 0.0293911
482.488 3.74452 0.0438476
482.488 3.80799 0.0581274
482.488 3.87146 0.0721731
482.488 3.93492 0.0859284
482.488 3.99839 0.0993376
482.488 4.06186 0.112347
482.488 4.12532 0.124904
482.488 4.18879 0.136958
482.488 4.25226 0.14846
482.488 4.31572 0.159365
482.488 4.37919 0.169627
482.488 4.44266 0.179207
482.488 4.50612 0.188066
482.488 4.56959 0.196167
482.488 4.63306 0.203478
482.488 4.69652 0.209969
482.488 4.75999 0.215616
482.488 4.82346 0.220394
482.488 4.88692 0.224284
482.488 4.95039 0.227272
482.488 5.01385 0.229344
482.488 5.07732 0.230493
482.488 5.14079 0.230714
482.488 5.20425 0.230005
482.488 5.26772 0.228371
482.488 5.33119 0.225817
482.488 5.39465 0.222354
482.488 5.45812 0.217996
482.488 5.52159 0.212759
482.488 5.58505 0.206666
482.488 5.64852 0.199741
482.488 5.71199 0.192011
482.488 5.77545 0.183508
482.488 5.83892 0.174267
482.488 5.90239 0.164324
482.488 5.96585 0.153718
482.488 6.02932 0.142495
482.488 6.09279 0.130697
482.488 6.15625 0.118373
482.488 6.21972 0.105572
482.488 6.28319 0.0923463
483.489 0 -0.276083
483.489 0.0634665 -0.302078
483.489 0.126933 -0.326857
483.489 0.1904 -0.35032
483.489 0.253866 -0.372372
483.489 0.317333 -0.392925
483.489 0.380799 -0.411896
483.489 0.444266 -0.429208
483.489 0.507732 -0.444791
483.489 0.571199 -0.458584
483.489 0.634665 -0.470531
483.489 0.698132 -0.480582
483.489 0.761598 -0.488698
483.489 0.825065 -0.494846
483.489 0.888531 -0.499003
483.489 0.951998 -0.501149
483.489 1.01546 -0.501278
483.489 1.07893 -0.499389
483.489 1.1424 -0.495488
483.489 1.20586 -0.489593
483.489 1.26933 -0.481726
483.489 1.3328 -0.471918
483.489 1.39626 -0.460212
483.489 1.45973 -0.446651
483.489 1.5232 -0.431292
483.489 1.58666 -0.414197
483.489 1.65013 -0.395434
483.489 1.7136 -0.375078
483.489 1.77706 -0.353213
483.489 1.84053 -0.329924
483.489 1.904 -0.305308
483.489 1.96746 -0.279462
483.489 2.03093 -0.252491
483.489 2.0944 -0.224503
483.489 2.15786 -0.195611
483.489 2.22133 -0.165931
483.489 2.28479 -0.135584
483.489 2.34826 -0.10469
483.489 2.41173 -0.0733748
483.489 2.47519 -0.0417642
483.489 2.53866 -0.00998543
483.489 2.60213 0.0218337
483.489 2.66559 0.0535648
483.489 2.72906 0.0850801
483.489 2.79253 0.116253
483.489 2.85599 0.146958
483.489 2.91946 0.177071
483.489 2.98293 0.206471
483.489 3.04639 0.235039
483.489 3.10986 0.262661
483.489 3.17333 0.289226
483.489 3.23679 0.314626
483.489 3.30026 0.338759
483.489 3.36373 0.361528
483.489 3.42719 0.382841
483.489 3.49066 0.402613
483.489 3.55413 0.420763
483.489 3.61759 0.43722
483.489 3.68106 0.451915
483.489 3.74452 0.464791
483.489 3.80799 0.475796
483.489 3.87146 0.484884
483.489 3.93492 0.49202
483.489 3.99839 0.497175
483.489 4.06186 0.500328
483.489 4.12532 0.501467
483.489 4.18879 0.500585
483.489 4.25226 0.497689
483.489 4.31572 0.492788
483.489 4.37919 0.485904
483.489 4.44266 0.477062
483.489 4.50612 0.4663
483.489 4.56959 0.453659
483.489 4.63306 0.439193
483.489 4.69652 0.422958
483.489 4.75999 0.405019
483.489 4.82346 0.38545
483.489 4.88692 0.364329
483.489 4.95039 0.34174
483.489 5.01385 0.317776
483.489 5.07732 0.292532
483.489 5.14079 0.26611
483.489 5.20425 0.238617
483.489 5.26772 0.210162
483.489 5.33119 0.180862
483.489 5.39465 0.150833
483.489 5.45812 0.120197
483.489 5.52159 0.0890774
483.489 5.58505 0.0575987
483.489 5.64852 0.0258878
483.489 5.71199 -0.00592707
483.489 5.77545 -0.0377182
483.489 5.83892 -0.0693573
483.489 5.90239 -0.100717
483.489 5.96585 -0.131672
483.489 6.02932 -0.162096
483.489 6.09279 -0.191867
483.489 6.15625 -0.220866
483.489 6.21972 -0.248976
483.489 6.28319 -0.276083
484.49 0 0.0286123
484.49 0.0634665 0.0394262
484.49 0.126933 0.0500812
484.49 0.1904 0.0605347
484.49 0.253866 0.0707443
484.49 0.317333 0.0806693
484.49 0.380799 0.0902689
484.49 0.444266 0.0995057
484.49 0.507732 0.108341
484.49 0.571199 0.116741
484.49 0.634665 0.124671
484.49 0.698132 0.132098
484.49 0.761598 0.138994
484.49 0.825065 0.145329
484.49 0.888531 0.15108
484.49 0.951998 0.156222
484.49 1.01546 0.160736
484.49 1.07893 0.164602
484.49 1.1424 0.167806
484.49 1.20586 0.170333
484.49 1.26933 0.172175
484.49 1.3328 0.173323
484.49 1.39626 0.173774
484.49 1.45973 0.173524
484.49 1.5232 0.172576
484.49 1.58666 0.170933
484.49 1.65013 0.168603
484.49 1.7136 0.165593
484.49 1.77706 0.161916
484.49 1.84053 0.157587
484.49 1.904 0.152623
484.49 1.96746 0.147046
484.49 2.03093 0.140876
484.49 2.0944 0.134139
484.49 2.15786 0.126861
484.49 2.22133 0.119073
484.49 2.28479 0.110805
484.49 2.34826 0.102092
484.49 2.41173 0.0929667
484.49 2.47519 0.0834674
484.49 2.53866 0.0736318
484.49 2.60213 0.0635001
484.49 2.66559 0.0531127
484.49 2.72906 0.0425113
484.49 2.79253 0.0317387
484.49 2.85599 0.0208385
484.49 2.91946 0.009854
484.49 2.98293 -0.00116992
484.49 3.04639 -0.0121893
484.49 3.10986 -0.0231595
484.49 3.17333 -0.0340364
484.49 3.23679 -0.0447762
484.49 3.30026 -0.0553358
484.49 3.36373 -0.0656725
484.49 3.42719 -0.0757449
484.49 3.49066 -0.0855121
484.49 3.55413 -0.0949353
484.49 3.61759 -0.103976
484.49 3.68106 -0.112598
484.49 3.74452 -0.120767
484.49 3.80799 -0.128449
484.49 3.87146 -0.135614
484.49 3.93492 -0.142233
484.49 3.99839 -0.14828
484.49 4.06186 -0.153729
484.49 4.12532 -0.158559
484.49 4.18879 -0.162751
484.49 4.25226 -0.166288
484.49 4.31572 -0.169154
484.49 4.37919 -0.17134
484.49 4.44266 -0.172836
484.49 4.50612 -0.173636
484.49 4.56959 -0.173737
484.49 4.63306 -0.173138
484.49 4.69652 -0.171842
484.49 4.75999 -0.169854
484.49 4.82346 -0.167182
484.49 4.88692 -0.163837
484.49 4.95039 -0.159832
484.49 5.01385 -0.155184
484.49 5.07732 -0.14991
484.49 5.14079 -0.144033
484.49 5.20425 -0.137577
484.49 5.26772 -0.130566
484.49 5.33119 -0.123029
484.49 5.39465 -0.114997
484.49 5.45812 -0.106502
484.49 5.52159 -0.0975782
484.49 5.58505 -0.0882614
484.49 5.64852 -0.0785894
484.49 5.71199 -0.0686006
484.49 5.77545 -0.0583359
484.49 5.83892 -0.047836
484.49 5.90239 -0.0371437
484.49 5.96585 -0.0263017
484.49 6.02932 -0.0153538
484.49 6.09279 -0.00434414
484.49 6.15625 0.00668298
484.49 6.21972 0.0176833
484.49 6.28319 0.0286123
485.491 0 0.146061
485.491 0.0634665 0.133354
485.491 0.126933 0.120111
485.491 0.1904 0.106383
485.491 0.253866 0.0922276
485.491 0.317333 0.0777008
485.491 0.380799 0.0628609
485.491 0.444266 0.0477679
485.491 0.507732 0.0324827
485.491 0.571199 0.0170665
485.491 0.634665 0.0015817
485.491 0.698132 -0.0139094
485.491 0.761598 -0.0293446
485.491 0.825065 -0.0446616
485.491 0.888531 -0.0597987
485.491 0.951998 -0.0746953
485.491 1.01546 -0.0892908
485.491 1.07893 -0.103527
485.491 1.1424 -0.117346
485.491 1.20586 -0.130693
485.491 1.26933 -0.143513
485.491 1.3328 -0.155756
485.491 1.39626 -0.167371
485.491 1.45973 -0.178313
485.491 1.5232 -0.188536
485.491 1.58666 -0.198
485.491 1.65013 -0.206667
485.491 1.7136 -0.214502
485.491 1.77706 -0.221473
485.491 1.84053 -0.227553
485.491 1.904 -0.232716
485.491 1.96746 -0.236942
485.491 2.03093 -0.240213
485.491 2.0944 -0.242518
485.491 2.15786 -0.243846
485.491 2.22133 -0.244193
485.491 2.28479 -0.243555
485.491 2.34826 -0.241938
485.491 2.41173 -0.239346
485.491 2.47519 -0.23579
485.491 2.53866 -0.231285
485.491 2.60213 -0.225848
485.491 2.66559 -0.219502
485.491 2.72906 -0.212272
485.491 2.79253 -0.204188
485.491 2.85599 -0.195281
485.491 2.91946 -0.185588
485.491 2.98293 -0.175148
485.491 3.04639 -0.164003
485.491 3.10986 -0.152196
485.491 3.17333 -0.139778
485.491 3.23679 -0.126796
485.491 3.30026 -0.113304
485.491 3.36373 -0.0993555
485.491 3.42719 -0.0850069
485.491 3.49066 -0.0703163
485.491 3.55413 -0.0553423
485.491 3.61759 -0.0401455
485.491 3.68106 -0.0247868
485.491 3.74452 -0.00932874
485.491 3.80799 0.00616693
485.491 3.87146 0.021638
485.491 3.93492 0.0370218
485.491 3.99839 0.0522565
485.491 4.06186 0.0672809
485.491 4.12532 0.0820343
485.491 4.18879 0.0964574
485.491 4.25226 0.110492
485.491 4.31572 0.124082
485.491 4.37919 0.137172
485.491 4.44266 0.14971
485.491 4.50612 0.161645
485.491 4.56959 0.172929
485.491 4.63306 0.183517
485.491 4.69652 0.193365
485.491 4.75999 0.202436
485.491 4.82346 0.210691
485.491 4.88692 0.218097
485.491 4.95039 0.224626
485.491 5.01385 0.23025
485.491 5.07732 0.234947
485.491 5.14079 0.238698
485.491 5.20425 0.241487
485.491 5.26772 0.243305
485.491 5.33119 0.244142
485.491 5.39465 0.243996
485.491 5.45812 0.242869
485.491 5.52159 0.240763
485.491 5.58505 0.237687
485.491 5.64852 0.233655
485.491 5.71199 0.228682
485.491 5.77545 0.222787
485.491 5.83892 0.215996
485.491 5.90239 0.208335
485.491 5.96585 0.199835
485.491 6.02932 0.190531
485.491 6.09279 0.180459
485.491 6.15625 0.169661
485.491 6.21972 0.158179
485.491 6.28319 0.146061
486.492 0 -0.0551823
486.492 0.0634665 -0.0622026
486.492 0.126933 -0.0689728
486.492 0.1904 -0.0754649
486.492 0.253866 -0.0816534
486.492 0.317333 -0.087513
486.492 0.380799 -0.0930201
486.492 0.444266 -0.0981528
486.492 0.507732 -0.10289
486.492 0.571199 -0.107213
486.492 0.634665 -0.111105
486.492 0.698132 -0.114549
486.492 0.761598 -0.117532
486.492 0.825065 -0.120041
486.492 0.888531 -0.122067
486.492 0.951998 -0.123602
486.492 1.01546 -0.124639
486.492 1.07893 -0.125174
486.492 1.1424 -0.125205
486.492 1.20586 -0.124732
486.492 1.26933 -0.123756
486.492 1.3328 -0.122283
486.492 1.39626 -0.120317
486.492 1.45973 -0.117866
486.492 1.5232 -0.114941
486.492 1.58666 -0.111553
486.492 1.65013 -0.107716
486.492 1.7136 -0.103445
486.492 1.77706 -0.0987575
486.492 1.84053 -0.0936723
486.492 1.904 -0.0882099
486.492 1.96746 -0.0823925
486.492 2.03093 -0.0762432
486.492 2.0944 -0.0697871
486.492 2.15786 -0.0630497
486.492 2.22133 -0.0560586
486.492 2.28479 -0.0488416
486.492 2.34826 -0.0414283
486.492 2.41173 -0.0338479
486.492 2.47519 -0.0261313
486.492 2.53866 -0.0183094
486.492 2.60213 -0.0104138
486.492 2.66559 -0.00247616
486.492 2.72906 0.00547116
486.492 2.79253 0.0133969
486.492 2.85599 0.0212682
486.492 2.91946 0.0290542
486.492 2.98293 0.036723
486.492 3.04639 0.0442442
486.492 3.10986 0.051587
486.492 3.17333 0.0587221
486.492 3.23679 0.0656207
486.492 3.30026 0.0722552
486.492 3.36373 0.0785987
486.492 3.42719 0.0846257
486.492 3.49066 0.0903119
486.492 3.55413 0.0956347
486.492 3.61759 0.100572
486.492 3.68106 0.105105
486.492 3.74452 0.109214
486.492 3.80799 0.112884
486.492 3.87146 0.116099
486.492 3.93492 0.118846
486.492 3.99839 0.121115
486.492 4.06186 0.122896
486.492 4.12532 0.124183
486.492 4.18879 0.124969
486.492 4.25226 0.125253
486.492 4.31572 0.125031
486.492 4.37919 0.124307
486.492 4.44266 0.123082
486.492 4.50612 0.121361
486.492 4.56959 0.119151
486.492 4.63306 0.116462
486.492 4.69652 0.113304
486.492 4.75999 0.10969
486.492 4.82346 0.105633
486.492 4.88692 0.101152
486.492 4.95039 0.0962632
486.492 5.01385 0.090987
486.492 5.07732 0.0853442
486.492 5.14079 0.0793578
486.492 5.20425 0.073052
486.492 5.26772 0.0664517
486.492 5.33119 0.0595843
486.492 5.39465 0.0524766
486.492 5.45812 0.0451578
486.492 5.52159 0.037657
486.492 5.58505 0.0300048
486.492 5.64852 0.0222316
486.492 5.71199 0.0143688
486.492 5.77545 0.00644827
486.492 5.83892 -0.0014982
486.492 5.90239 -0.00943882
486.492 5.96585 -0.0173411
486.492 6.02932 -0.0251739
486.492 6.09279 -0.0329051
486.492 6.15625 -0.0405038
486.492 6.21972 -0.0479397
486.492 6.28319 -0.0551822
487.493 0 0.403265
487.493 0.0634665 0.385046
487.493 0.126933 0.365275
487.493 0.1904 0.344035
487.493 0.253866 0.321408
487.493 0.317333 0.297488
487.493 0.380799 0.27237
487.493 0.444266 0.246155
487.493 0.507732 0.218948
487.493 0.571199 0.190861
487.493 0.634665 0.162004
487.493 0.698132 0.132495
487.493 0.761598 0.102453
487.493 0.825065 0.0719985
487.493 0.888531 0.0412538
487.493 0.951998 0.010343
487.493 1.01546 -0.0206095
487.493 1.07893 -0.0514789
487.493 1.1424 -0.082141
487.493 1.20586 -0.112473
487.493 1.26933 -0.142351
487.493 1.3328 -0.171656
487.493 1.39626 -0.20027
487.493 1.45973 -0.228078
487.493 1.5232 -0.254968
487.493 1.58666 -0.28083
487.493 1.65013 -0.305562
487.493 1.7136 -0.329064
487.493 1.77706 -0.35124
487.493 1.84053 -0.372002
487.493 1.904 -0.391266
487.493 1.96746 -0.408955
487.493 2.03093 -0.424997
487.493 2.0944 -0.439328
487.493 2.15786 -0.45189
487.493 2.22133 -0.462632
487.493 2.28479 -0.471511
487.493 2.34826 -0.478491
487.493 2.41173 -0.483545
487.493 2.47519 -0.486652
487.493 2.53866 -0.487799
487.493 2.60213 -0.486982
487.493 2.66559 -0.484204
487.493 2.72906 -0.479477
487.493 2.79253 -0.472818
487.493 2.85599 -0.464256
487.493 2.91946 -0.453825
487.493 2.98293 -0.441566
487.493 3.04639 -0.427529
487.493 3.10986 -0.41177
487.493 3.17333 -0.394354
487.493 3.23679 -0.37535
487.493 3.30026 -0.354834
487.493 3.36373 -0.332889
487.493 3.42719 -0.309604
487.493 3.49066 -0.285072
487.493 3.55413 -0.259393
487.493 3.61759 -0.232669
487.493 3.68106 -0.205008
487.493 3.74452 -0.176521
487.493 3.80799 -0.147324
487.493 3.87146 -0.117534
487.493 3.93492 -0.0872698
487.493 3.99839 -0.0566547
487.493 4.06186 -0.0258113
487.493 4.12532 0.00513588
487.493 4.18879 0.0360624
487.493 4.25226 0.0668437
487.493 4.31572 0.0973559
487.493 4.37919 0.127476
487.493 4.44266 0.157083
487.493 4.50612 0.186057
487.493 4.56959 0.214282
487.493 4.63306 0.241644
487.493 4.69652 0.268034
487.493 4.75999 0.293344
487.493 4.82346 0.317473
487.493 4.88692 0.340323
487.493 4.95039 0.361803
487.493 5.01385 0.381826
487.493 5.07732 0.400312
487.493 5.14079 0.417186
487.493 5.20425 0.43238
487.493 5.26772 0.445833
487.493 5.33119 0.457491
487.493 5.39465 0.467306
487.493 5.45812 0.47524
487.493 5.52159 0.48126
487.493 5.58505 0.485343
487.493 5.64852 0.487471
487.493 5.71199 0.487636
487.493 5.77545 0.485839
487.493 5.83892 0.482083
487.493 5.90239 0.476388
487.493 5.96585 0.468774
487.493 6.02932 0.459272
487.493 6.09279 0.447921
487.493 6.15625 0.434766
487.493 6.21972 0.419861
487.493 6.28319 0.403265
488.494 0 -0.0266937
488.494 0.0634665 -0.0343878
488.494 0.126933 -0.0419434
488.494 0.1904 -0.0493301
488.494 0.253866 -0.0565183
488.494 0.317333 -0.0634787
488.494 0.380799 -0.0701838
488.494 0.444266 -0.0766059
488.494 0.507732 -0.0827199
488.494 0.571199 -0.0885006
488.494 0.634665 -0.0939249
488.494 0.698132 -0.0989714
488.494 0.761598 -0.103619
488.494 0.825065 -0.107849
488.494 0.888531 -0.111646
488.494 0.951998 -0.114992
488.494 1.01546 -0.117876
488.494 1.07893 -0.120284
488.494 1.1424 -0.122209
488.494 1.20586 -0.123642
488.494 1.26933 -0.124576
488.494 1.3328 -0.125009
488.494 1.39626 -0.124939
488.494 1.45973 -0.124365
488.494 1.5232 -0.123291
488.494 1.58666 -0.12172
488.494 1.65013 -0.11966
488.494 1.7136 -0.117117
488.494 1.77706 -0.114103
488.494 1.84053 -0.110629
488.494 1.904 -0.10671
488.494 1.96746 -0.102361
488.494 2.03093 -0.0976002
488.494 2.0944 -0.0924462
488.494 2.15786 -0.08692
488.494 2.22133 -0.0810438
488.494 2.28479 -0.0748412
488.494 2.34826 -0.0683373
488.494 2.41173 -0.0615582
488.494 2.47519 -0.0545313
488.494 2.53866 -0.0472846
488.494 2.60213 -0.0398476
488.494 2.66559 -0.0322503
488.494 2.72906 -0.0245232
488.494 2.79253 -0.016697
488.494 2.85599 -0.00880375
488.494 2.91946 -0.000875151
488.494 2.98293 0.00705728
488.494 3.04639 0.0149609
488.494 3.10986 0.0228046
488.494 3.17333 0.0305563
488.494 3.23679 0.0381849
488.494 3.30026 0.04566
488.494 3.36373 0.0529507
488.494 3.42719 0.0600289
488.494 3.49066 0.066865
488.494 3.55413 0.0734318
488.494 3.61759 0.0797031
488.494 3.68106 0.0856534
488.494 3.74452 0.0912586
488.494 3.80799 0.0964967
488.494 3.87146 0.101346
488.494 3.93492 0.105787
488.494 3.99839 0.109803
488.494 4.06186 0.113376
488.494 4.12532 0.116492
488.494 4.18879 0.11914
488.494 4.25226 0.121308
488.494 4.31572 0.122987
488.494 4.37919 0.124171
488.494 4.44266 0.124855
488.494 4.50612 0.125037
488.494 4.56959 0.124715
488.494 4.63306 0.123891
488.494 4.69652 0.122568
488.494 4.75999 0.120751
488.494 4.82346 0.118448
488.494 4.88692 0.115668
488.494 4.95039 0.112423
488.494 5.01385 0.108724
488.494 5.07732 0.104588
488.494 5.14079 0.100031
488.494 5.20425 0.095071
488.494 5.26772 0.0897283
488.494 5.33119 0.0840241
488.494 5.39465 0.0779817
488.494 5.45812 0.0716253
488.494 5.52159 0.0649804
488.494 5.58505 0.0580739
488.494 5.64852 0.0509335
488.494 5.71199 0.0435881
488.494 5.77545 0.0360671
488.494 5.83892 0.0284011
488.494 5.90239 0.0206203
488.494 5.96585 0.0127569
488.494 6.02932 0.00484167
488.494 6.09279 -0.00309261
488.494 6.15625 -0.0110145
488.494 6.21972 -0.0188923
488.494 6.28319 -0.0266937
489.495 0 0.23415
489.495 0.0634665 0.252337
489.495 0.126933 0.269508
489.495 0.1904 0.285594
489.495 0.253866 0.30053
489.495 0.317333 0.314255
489.495 0.380799 0.326715
489.495 0.444266 0.33786
489.495 0.507732 0.347645
489.495 0.571199 0.356029
489.495 0.634665 0.36298
489.495 0.698132 0.368469
489.495 0.761598 0.372474
489.495 0.825065 0.37498
489.495 0.888531 0.375976
489.495 0.951998 0.375458
489.495 1.01546 0.373428
489.495 1.07893 0.369894
489.495 1.1424 0.364871
489.495 1.20586 0.358379
489.495 1.26933 0.350444
489.495 1.3328 0.341097
489.495 1.39626 0.330377
489.495 1.45973 0.318327
489.495 1.5232 0.304995
489.495 1.58666 0.290435
489.495 1.65013 0.274705
489.495 1.7136 0.25787
489.495 1.77706 0.239995
489.495 1.84053 0.221155
489.495 1.904 0.201424
489.495 1.96746 0.180882
489.495 2.03093 0.159612
489.495 2.0944 0.137698
489.495 2.15786 0.115231
489.495 2.22133 0.0922994
489.495 2.28479 0.0689962
489.495 2.34826 0.0454153
489.495 2.41173 0.0216513
489.495 2.47519 -0.00219981
489.495 2.53866 -0.0260421
489.495 2.60213 -0.0497795
489.495 2.66559 -0.0733164
489.495 2.72906 -0.096558
489.495 2.79253 -0.119411
489.495 2.85599 -0.141783
489.495 2.91946 -0.163584
489.495 2.98293 -0.184727
489.495 3.04639 -0.205125
489.495 3.10986 -0.224698
489.495 3.17333 -0.243366
489.495 3.23679 -0.261054
489.495 3.30026 -0.277691
489.495 3.36373 -0.293209
489.495 3.42719 -0.307547
489.495 3.49066 -0.320647
489.495 3.55413 -0.332455
489.495 3.61759 -0.342925
489.495 3.68106 -0.352014
489.495 3.74452 -0.359685
489.495 3.80799 -0.365908
489.495 3.87146 -0.370658
489.495 3.93492 -0.373915
489.495 3.99839 -0.375667
489.495 4.06186 -0.375906
489.495 4.12532 -0.374631
489.495 4.18879 -0.371848
489.495 4.25226 -0.367568
489.495 4.31572 -0.361807
489.495 4.37919 -0.35459
489.495 4.44266 -0.345945
489.495 4.50612 -0.335907
489.495 4.56959 -0.324516
489.495 4.63306 -0.311818
489.495 4.69652 -0.297865
489.495 4.75999 -0.282713
489.495 4.82346 -0.266422
489.495 4.88692 -0.249058
489.495 4.95039 -0.230691
489.495 5.01385 -0.211396
489.495 5.07732 -0.191249
489.495 5.14079 -0.170333
489.495 5.20425 -0.14873
489.495 5.26772 -0.126528
489.495 5.33119 -0.103817
489.495 5.39465 -0.0806885
489.495 5.45812 -0.0572346
489.495 5.52159 -0.0335502
489.495 5.58505 -0.00973067
489.495 5.64852 0.014128
489.495 5.71199 0.0379298
489.495 5.77545 0.0615789
489.495 5.83892 0.08498
489.495 5.90239 0.108039
489.495 5.96585 0.130663
489.495 6.02932 0.152761
489.495 6.09279 0.174243
489.495 6.15625 0.195024
489.495 6.21972 0.21502
489.495 6.28319 0.23415
490.496 0 -0.0663509
490.496 0.0634665 -0.0697584
490.496 0.126933 -0.0728851
490.496 0.1904 -0.0757182
490.496 0.253866 -0.0782466
490.496 0.317333 -0.0804598
490.496 0.380799 -0.082349
490.496 0.444266 -0.0839067
490.496 0.507732 -0.0851266
490.496 0.571199 -0.0860034
490.496 0.634665 -0.0865341
490.496 0.698132 -0.0867165
490.496 0.761598 -0.0865495
490.496 0.825065 -0.0860341
490.496 0.888531 -0.0851723
490.496 0.951998 -0.0839674
490.496 1.01546 -0.0824246
490.496 1.07893 -0.0805497
490.496 1.1424 -0.0783505
490.496 1.20586 -0.075836
490.496 1.26933 -0.073016
490.496 1.3328 -0.0699019
490.496 1.39626 -0.0665064
490.496 1.45973 -0.0628432
490.496 1.5232 -0.0589268
490.496 1.58666 -0.0547732
490.496 1.65013 -0.0503991
490.496 1.7136 -0.045822
490.496 1.77706 -0.0410604
490.496 1.84053 -0.0361333
490.496 1.904 -0.0310611
490.496 1.96746 -0.0258634
490.496 2.03093 -0.0205618
490.496 2.0944 -0.0151773
490.496 2.15786 -0.0097319
490.496 2.22133 -0.00424719
490.496 2.28479 0.00125484
490.496 2.34826 0.00675157
490.496 2.41173 0.0122212
490.496 2.47519 0.0176415
490.496 2.53866 0.0229909
490.496 2.60213 0.0282477
490.496 2.66559 0.0333908
490.496 2.72906 0.0383994
490.496 2.79253 0.0432532
490.496 2.85599 0.0479331
490.496 2.91946 0.05242
490.496 2.98293 0.0566958
490.496 3.04639 0.0607431
490.496 3.10986 0.064546
490.496 3.17333 0.0680888
490.496 3.23679 0.0713577
490.496 3.30026 0.0743391
490.496 3.36373 0.0770212
490.496 3.42719 0.0793932
490.496 3.49066 0.0814453
490.496 3.55413 0.0831696
490.496 3.61759 0.084559
490.496 3.68106 0.0856081
490.496 3.74452 0.0863122
490.496 3.80799 0.086669
490.496 3.87146 0.0866766
490.496 3.93492 0.0863354
490.496 3.99839 0.0856463
490.496 4.06186 0.0846124
490.496 4.12532 0.083238
490.496 4.18879 0.0815282
490.496 4.25226 0.0794903
490.496 4.31572 0.0771322
490.496 4.37919 0.0744634
490.496 4.44266 0.0714948
490.496 4.50612 0.0682386
490.496 4.56959 0.0647074
490.496 4.63306 0.0609157
490.496 4.69652 0.0568788
490.496 4.75999 0.0526127
490.496 4.82346 0.0481347
490.496 4.88692 0.0434631
490.496 4.95039 0.0386162
490.496 5.01385 0.0336142
490.496 5.07732 0.0284765
490.496 5.14079 0.0232243
490.496 5.20425 0.0178786
490.496 5.26772 0.0124609
490.496 5.33119 0.00699287
490.496 5.39465 0.00149687
490.496 5.45812 -0.00400526
490.496 5.52159 -0.00949115
490.496 5.58505 -0.0149389
490.496 5.64852 -0.0203265
490.496 5.71199 -0.0256322
490.496 5.77545 -0.0308349
490.496 5.83892 -0.0359133
490.496 5.90239 -0.0408469
490.496 5.96585 -0.0456162
490.496 6.02932 -0.0502018
490.496 6.09279 -0.0545853
490.496 6.15625 -0.058749
490.496 6.21972 -0.062676
490.496 6.28319 -0.0663509
491.497 0 0.00194988
491.497 0.0634665 -0.0124903
491.497 0.126933 -0.0268801
491.497 0.1904 -0.0411617
491.497 0.253866 -0.0552775
491.497 0.317333 -0.0691708
491.497 0.380799 -0.0827856
491.497 0.444266 -0.0960668
491.497 0.507732 -0.108962
491.497 0.571199 -0.121417
491.497 0.634665 -0.133384
491.497 0.698132 -0.144814
491.497 0.761598 -0.155661
491.497 0.825065 -0.165881
491.497 0.888531 -0.175433
491.497 0.951998 -0.184278
491.497 1.01546 -0.192382
491.497 1.07893 -0.199711
491.497 1.1424 -0.206235
491.497 1.20586 -0.21193
491.497 1.26933 -0.216771
491.497 1.3328 -0.220739
491.497 1.39626 -0.223818
491.497 1.45973 -0.225996
491.497 1.5232 -0.227264
491.497 1.58666 -0.227617
491.497 1.65013 -0.227053
491.497 1.7136 -0.225575
491.497 1.77706 -0.223189
491.497 1.84053 -0.219904
491.497 1.904 -0.215734
491.497 1.96746 -0.210695
491.497 2.03093 -0.204807
491.497 2.0944 -0.198095
491.497 2.15786 -0.190585
491.497 2.22133 -0.182308
491.497 2.28479 -0.173296
491.497 2.34826 -0.163587
491.497 2.41173 -0.153219
491.497 2.47519 -0.142235
491.497 2.53866 -0.130677
491.497 2.60213 -0.118593
491.497 2.66559 -0.106032
491.497 2.72906 -0.093044
491.497 2.79253 -0.0796811
491.497 2.85599 -0.0659973
491.497 2.91946 -0.0520478
491.497 2.98293 -0.0378888
491.497 3.04639 -0.0235772
491.497 3.10986 -0.00917066
491.497 3.17333 0.00527279
491.497 3.23679 0.019695
491.497 3.30026 0.034038
491.497 3.36373 0.0482439
491.497 3.42719 0.0622554
491.497 3.49066 0.0760165
491.497 3.55413 0.0894713
491.497 3.61759 0.102566
491.497 3.68106 0.115247
491.497 3.74452 0.127465
491.497 3.80799 0.139169
491.497 3.87146 0.150313
491.497 3.93492 0.160852
491.497 3.99839 0.170743
491.497 4.06186 0.179946
491.497 4.12532 0.188425
491.497 4.18879 0.196145
491.497 4.25226 0.203075
491.497 4.31572 0.209188
491.497 4.37919 0.214458
491.497 4.44266 0.218865
491.497 4.50612 0.22239
491.497 4.56959 0.22502
491.497 4.63306 0.226744
491.497 4.69652 0.227555
491.497 4.75999 0.227449
491.497 4.82346 0.226428
491.497 4.88692 0.224495
491.497 4.95039 0.221658
491.497 5.01385 0.217929
491.497 5.07732 0.213322
491.497 5.14079 0.207855
491.497 5.20425 0.201552
491.497 5.26772 0.194438
491.497 5.33119 0.18654
491.497 5.39465 0.177892
491.497 5.45812 0.168527
491.497 5.52159 0.158483
491.497 5.58505 0.147802
491.497 5.64852 0.136525
491.497 5.71199 0.124698
491.497 5.77545 0.112369
491.497 5.83892 0.0995881
491.497 5.90239 0.086406
491.497 5.96585 0.0728758
491.497 6.02932 0.0590523
491.497 6.09279 0.0449909
491.497 6.15625 0.0307484
491.497 6.21972 0.0163821
491.497 6.28319 0.00194985
492.498 0 0.0935551
492.498 0.0634665 0.0913065
492.498 0.126933 0.0886904
492.498 0.1904 0.085717
492.498 0.253866 0.0823985
492.498 0.317333 0.0787483
492.498 0.380799 0.0747807
492.498 0.444266 0.0705124
492.498 0.507732 0.0659599
492.498 0.571199 0.0611419
492.498 0.634665 0.0560777
492.498 0.698132 0.0507877
492.498 0.761598 0.0452931
492.498 0.825065 0.0396161
492.498 0.888531 0.0337798
492.498 0.951998 0.0278074
492.498 1.01546 0.0217229
492.498 1.07893 0.015551
492.498 1.1424 0.00931651
492.498 1.20586 0.00304453
492.498 1.26933 -0.00323977
492.498 1.3328 -0.00951101
492.498 1.39626 -0.0157439
492.498 1.45973 -0.0219134
492.498 1.5232 -0.0279947
492.498 1.58666 -0.0339634
492.498 1.65013 -0.0397952
492.498 1.7136 -0.0454667
492.498 1.77706 -0.0509553
492.498 1.84053 -0.0562385
492.498 1.904 -0.0612955
492.498 1.96746 -0.0661055
492.498 2.03093 -0.0706494
492.498 2.0944 -0.0749087
492.498 2.15786 -0.0788664
492.498 2.22133 -0.0825067
492.498 2.28479 -0.0858147
492.498 2.34826 -0.0887769
492.498 2.41173 -0.0913819
492.498 2.47519 -0.0936191
492.498 2.53866 -0.0954791
492.498 2.60213 -0.0969546
492.498 2.66559 -0.0980397
492.498 2.72906 -0.09873
492.498 2.79253 -0.099023
492.498 2.85599 -0.0989171
492.498 2.91946 -0.0984128
492.498 2.98293 -0.0975123
492.498 3.04639 -0.0962192
492.498 3.10986 -0.0945387
492.498 3.17333 -0.0924773
492.498 3.23679 -0.0900438
492.498 3.30026 -0.0872476
492.498 3.36373 -0.0841001
492.498 3.42719 -0.0806139
492.498 3.49066 -0.0768032
492.498 3.55413 -0.0726831
492.498 3.61759 -0.0682704
492.498 3.68106 -0.0635828
492.498 3.74452 -0.0586394
492.498 3.80799 -0.0534596
492.498 3.87146 -0.0480646
492.498 3.93492 -0.042476
492.498 3.99839 -0.0367165
492.498 4.06186 -0.0308091
492.498 4.12532 -0.0247776
492.498 4.18879 -0.0186464
492.498 4.25226 -0.01244
492.498 4.31572 -0.00618364
492.498 4.37919 9.76911e-05
492.498 4.44266 0.00637855
492.498 4.50612 0.0126338
492.498 4.56959 0.0188381
492.498 4.63306 0.0249667
492.498 4.69652 0.0309947
492.498 4.75999 0.0368978
492.498 4.82346 0.0426525
492.498 4.88692 0.0482352
492.498 4.95039 0.053624
492.498 5.01385 0.0587966
492.498 5.07732 0.0637326
492.498 5.14079 0.0684118
492.498 5.20425 0.0728158
492.498 5.26772 0.0769264
492.498 5.33119 0.0807272
492.498 5.39465 0.084203
492.498 5.45812 0.0873398
492.498 5.52159 0.090125
492.498 5.58505 0.0925471
492.498 5.64852 0.0945966
492.498 5.71199 0.0962653
492.498 5.77545 0.0975463
492.498 5.83892 0.0984345
492.498 5.90239 0.0989264
492.498 5.96585 0.0990198
492.498 6.02932 0.0987147
492.498 6.09279 0.0980119
492.498 6.15625 0.0969146
492.498 6.21972 0.0954269
492.498 6.28319 0.0935551
493.499 0 0.21338
493.499 0.0634665 0.233024
493.499 0.126933 0.25173
493.499 0.1904 0.269423
493.499 0.253866 0.28603
493.499 0.317333 0.301486
493.499 0.380799 0.315728
493.499 0.444266 0.328698
493.499 0.507732 0.340345
493.499 0.571199 0.350622
493.499 0.634665 0.359486
493.499 0.698132 0.366904
493.499 0.761598 0.372843
493.499 0.825065 0.377282
493.499 0.888531 0.380201
493.499 0.951998 0.38159
493.499 1.01546 0.381441
493.499 1.07893 0.379757
493.499 1.1424 0.376544
493.499 1.20586 0.371814
493.499 1.26933 0.365588
493.499 1.3328 0.357889
493.499 1.39626 0.348749
493.499 1.45973 0.338205
493.499 1.5232 0.326299
493.499 1.58666 0.31308
493.499 1.65013 0.298599
493.499 1.7136 0.282916
493.499 1.77706 0.266094
493.499 1.84053 0.2482
493.499 1.904 0.229308
493.499 1.96746 0.209491
493.499 2.03093 0.188831
493.499 2.0944 0.167411
493.499 2.15786 0.145317
493.499 2.22133 0.122638
493.499 2.28479 0.0994645
493.499 2.34826 0.0758907
493.499 2.41173 0.0520113
493.499 2.47519 0.0279225
493.499 2.53866 0.00372128
493.499 2.60213 -0.0204949
493.499 2.66559 -0.0446285
493.499 2.72906 -0.0685824
493.499 2.79253 -0.0922603
493.499 2.85599 -0.115567
493.499 2.91946 -0.138408
493.499 2.98293 -0.160691
493.499 3.04639 -0.182328
493.499 3.10986 -0.20323
493.499 3.17333 -0.223314
493.499 3.23679 -0.242499
493.499 3.30026 -0.260708
493.499 3.36373 -0.277866
493.499 3.42719 -0.293906
493.499 3.49066 -0.308762
493.499 3.55413 -0.322375
493.499 3.61759 -0.33469
493.499 3.68106 -0.345657
493.499 3.74452 -0.355233
493.499 3.80799 -0.363378
493.499 3.87146 -0.37006
493.499 3.93492 -0.375252
493.499 3.99839 -0.378932
493.499 4.06186 -0.381087
493.499 4.12532 -0.381708
493.499 4.18879 -0.380791
493.499 4.25226 -0.378341
493.499 4.31572 -0.374368
493.499 4.37919 -0.368887
493.499 4.44266 -0.361921
493.499 4.50612 -0.353497
493.499 4.56959 -0.34365
493.499 4.63306 -0.33242
493.499 4.69652 -0.319851
493.499 4.75999 -0.305993
493.499 4.82346 -0.290904
493.499 4.88692 -0.274643
493.499 4.95039 -0.257277
493.499 5.01385 -0.238874
493.499 5.07732 -0.21951
493.499 5.14079 -0.199262
493.499 5.20425 -0.178211
493.499 5.26772 -0.156443
493.499 5.33119 -0.134045
493.499 5.39465 -0.111107
493.499 5.45812 -0.0877217
493.499 5.52159 -0.0639832
493.499 5.58505 -0.0399871
493.499 5.64852 -0.0158299
493.499 5.71199 0.00839089
493.499 5.77545 0.0325781
493.499 5.83892 0.056634
493.499 5.90239 0.0804619
493.499 5.96585 0.103966
493.499 6.02932 0.127051
493.499 6.09279 0.149625
493.499 6.15625 0.171596
493.499 6.21972 0.192876
493.499 6.28319 0.21338
494.5 0 0.0460876
494.5 0.0634665 0.0541863
494.5 0.126933 0.062067
494.5 0.1904 0.0696977
494.5 0.253866 0.0770478
494.5 0.317333 0.0840876
494.5 0.380799 0.0907889
494.5 0.444266 0.0971244
494.5 0.507732 0.103069
494.5 0.571199 0.108599
494.5 0.634665 0.113691
494.5 0.698132 0.118325
494.5 0.761598 0.122483
494.5 0.825065 0.126148
494.5 0.888531 0.129305
494.5 0.951998 0.131941
494.5 1.01546 0.134046
494.5 1.07893 0.135611
494.5 1.1424 0.13663
494.5 1.20586 0.137099
494.5 1.26933 0.137016
494.5 1.3328 0.136381
494.5 1.39626 0.135197
494.5 1.45973 0.133469
494.5 1.5232 0.131203
494.5 1.58666 0.128409
494.5 1.65013 0.125098
494.5 1.7136 0.121283
494.5 1.77706 0.116979
494.5 1.84053 0.112205
494.5 1.904 0.106979
494.5 1.96746 0.101322
494.5 2.03093 0.0952572
494.5 2.0944 0.0888088
494.5 2.15786 0.0820028
494.5 2.22133 0.0748665
494.5 2.28479 0.0674289
494.5 2.34826 0.0597197
494.5 2.41173 0.05177
494.5 2.47519 0.0436117
494.5 2.53866 0.0352781
494.5 2.60213 0.0268022
494.5 2.66559 0.0182185
494.5 2.72906 0.00956137
494.5 2.79253 0.000865803
494.5 2.85599 -0.00783324
494.5 2.91946 -0.0165009
494.5 2.98293 -0.0251019
494.5 3.04639 -0.0336019
494.5 3.10986 -0.0419666
494.5 3.17333 -0.0501622
494.5 3.23679 -0.0581559
494.5 3.30026 -0.0659155
494.5 3.36373 -0.0734098
494.5 3.42719 -0.0806084
494.5 3.49066 -0.0874823
494.5 3.55413 -0.0940039
494.5 3.61759 -0.100147
494.5 3.68106 -0.105887
494.5 3.74452 -0.111201
494.5 3.80799 -0.116066
494.5 3.87146 -0.120465
494.5 3.93492 -0.124378
494.5 3.99839 -0.127791
494.5 4.06186 -0.130689
494.5 4.12532 -0.133061
494.5 4.18879 -0.134897
494.5 4.25226 -0.136189
494.5 4.31572 -0.136934
494.5 4.37919 -0.137127
494.5 4.44266 -0.136767
494.5 4.50612 -0.135858
494.5 4.56959 -0.134401
494.5 4.63306 -0.132402
494.5 4.69652 -0.129871
494.5 4.75999 -0.126817
494.5 4.82346 -0.123252
494.5 4.88692 -0.119191
494.5 4.95039 -0.11465
494.5 5.01385 -0.109647
494.5 5.07732 -0.104203
494.5 5.14079 -0.0983392
494.5 5.20425 -0.0920795
494.5 5.26772 -0.0854487
494.5 5.33119 -0.0784742
494.5 5.39465 -0.0711835
494.5 5.45812 -0.0636064
494.5 5.52159 -0.055773
494.5 5.58505 -0.0477149
494.5 5.64852 -0.0394647
494.5 5.71199 -0.0310559
494.5 5.77545 -0.0225219
494.5 5.83892 -0.0138969
494.5 5.90239 -0.00521627
494.5 5.96585 0.00348539
494.5 6.02932 0.0121731
494.5 6.09279 0.0208118
494.5 6.15625 0.0293666
494.5 6.21972 0.0378034
494.5 6.28319 0.0460877
495.501 0 0.0318663
495.501 0.0634665 0.0269245
495.501 0.126933 0.0218742
495.501 0.1904 0.0167359
495.501 0.253866 0.0115302
495.501 0.317333 0.00627799
495.501 0.380799 0.00100062
495.501 0.444266 -0.00428081
495.501 0.507732 -0.00954501
495.501 0.571199 -0.0147709
495.501 0.634665 -0.0199371
495.501 0.698132 -0.0250231
495.501 0.761598 -0.0300085
495.501 0.825065 -0.0348729
495.501 0.888531 -0.0395968
495.501 0.951998 -0.0441614
495.501 1.01546 -0.0485482
495.501 1.07893 -0.0527395
495.501 1.1424 -0.0567183
495.501 1.20586 -0.0604689
495.501 1.26933 -0.0639759
495.501 1.3328 -0.0672252
495.501 1.39626 -0.0702041
495.501 1.45973 -0.0729001
495.501 1.5232 -0.0753026
495.501 1.58666 -0.0774018
495.501 1.65013 -0.0791894
495.501 1.7136 -0.0806582
495.501 1.77706 -0.0818022
495.501 1.84053 -0.0826167
495.501 1.904 -0.0830988
495.501 1.96746 -0.0832458
495.501 2.03093 -0.0830579
495.501 2.0944 -0.0825356
495.501 2.15786 -0.0816809
495.501 2.22133 -0.0804973
495.501 2.28479 -0.0789897
495.501 2.34826 -0.0771637
495.501 2.41173 -0.0750273
495.501 2.47519 -0.0725887
495.501 2.53866 -0.0698578
495.501 2.60213 -0.0668456
495.501 2.66559 -0.0635641
495.501 2.72906 -0.0600269
495.501 2.79253 -0.0562478
495.501 2.85599 -0.0522424
495.501 2.91946 -0.0480265
495.501 2.98293 -0.0436172
495.501 3.04639 -0.0390323
495.501 3.10986 -0.0342902
495.501 3.17333 -0.0294103
495.501 3.23679 -0.0244116
495.501 3.30026 -0.0193148
495.501 3.36373 -0.0141401
495.501 3.42719 -0.00890858
495.501 3.49066 -0.00364114
495.501 3.55413 0.00164091
495.501 3.61759 0.00691644
495.501 3.68106 0.0121641
495.501 3.74452 0.0173628
495.501 3.80799 0.0224914
495.501 3.87146 0.0275296
495.501 3.93492 0.032457
495.501 3.99839 0.0372536
495.501 4.06186 0.0419002
495.501 4.12532 0.0463782
495.501 4.18879 0.0506694
495.501 4.25226 0.0547566
495.501 4.31572 0.0586231
495.501 4.37919 0.0622537
495.501 4.44266 0.0656336
495.501 4.50612 0.0687492
495.501 4.56959 0.0715882
495.501 4.63306 0.0741386
495.501 4.69652 0.0763906
495.501 4.75999 0.0783351
495.501 4.82346 0.079964
495.501 4.88692 0.0812712
495.501 4.95039 0.0822507
495.501 5.01385 0.0828994
495.501 5.07732 0.0832141
495.501 5.14079 0.0831939
495.501 5.20425 0.0828386
495.501 5.26772 0.0821496
495.501 5.33119 0.08113
495.501 5.39465 0.0797838
495.501 5.45812 0.078116
495.501 5.52159 0.0761339
495.501 5.58505 0.0738453
495.501 5.64852 0.0712591
495.501 5.71199 0.0683862
495.501 5.77545 0.0652378
495.501 5.83892 0.0618267
495.501 5.90239 0.0581667
495.501 5.96585 0.0542726
495.501 6.02932 0.0501597
495.501 6.09279 0.0458449
495.501 6.15625 0.0413458
495.501 6.21972 0.0366799
495.501 6.28319 0.0318664
496.502 0 0.00819233
496.502 0.0634665 0.00556167
496.502 0.126933 0.00290879
496.502 0.1904 0.000244162
496.502 0.253866 -0.00242151
496.502 0.317333 -0.0050775
496.502 0.380799 -0.00771284
496.502 0.444266 -0.0103173
496.502 0.507732 -0.0128802
496.502 0.571199 -0.0153912
496.502 0.634665 -0.0178401
496.502 0.698132 -0.0202174
496.502 0.761598 -0.0225131
496.502 0.825065 -0.0247183
496.502 0.888531 -0.0268238
496.502 0.951998 -0.0288215
496.502 1.01546 -0.030703
496.502 1.07893 -0.0324608
496.502 1.1424 -0.034088
496.502 1.20586 -0.035578
496.502 1.26933 -0.0369246
496.502 1.3328 -0.0381227
496.502 1.39626 -0.039167
496.502 1.45973 -0.0400539
496.502 1.5232 -0.0407794
496.502 1.58666 -0.0413407
496.502 1.65013 -0.0417355
496.502 1.7136 -0.0419622
496.502 1.77706 -0.04202
496.502 1.84053 -0.0419086
496.502 1.904 -0.0416284
496.502 1.96746 -0.0411807
496.502 2.03093 -0.040567
496.502 2.0944 -0.0397901
496.502 2.15786 -0.038853
496.502 2.22133 -0.0377593
496.502 2.28479 -0.0365137
496.502 2.34826 -0.035121
496.502 2.41173 -0.0335869
496.502 2.47519 -0.0319175
496.502 2.53866 -0.0301197
496.502 2.60213 -0.0282004
496.502 2.66559 -0.0261679
496.502 2.72906 -0.0240297
496.502 2.79253 -0.021795
496.502 2.85599 -0.0194724
496.502 2.91946 -0.0170714
496.502 2.98293 -0.0146016
496.502 3.04639 -0.012073
496.502 3.10986 -0.00949588
496.502 3.17333 -0.00688053
496.502 3.23679 -0.00423735
496.502 3.30026 -0.00157721
496.502 3.36373 0.00108923
496.502 3.42719 0.00375138
496.502 3.49066 0.0063984
496.502 3.55413 0.0090196
496.502 3.61759 0.0116045
496.502 3.68106 0.0141427
496.502 3.74452 0.0166241
496.502 3.80799 0.0190383
496.502 3.87146 0.021376
496.502 3.93492 0.0236276
496.502 3.99839 0.025784
496.502 4.06186 0.0278366
496.502 4.12532 0.0297772
496.502 4.18879 0.0315978
496.502 4.25226 0.0332912
496.502 4.31572 0.0348505
496.502 4.37919 0.0362696
496.502 4.44266 0.0375425
496.502 4.50612 0.0386643
496.502 4.56959 0.0396304
496.502 4.63306 0.040437
496.502 4.69652 0.0410806
496.502 4.75999 0.041559
496.502 4.82346 0.04187
496.502 4.88692 0.0420123
496.502 4.95039 0.0419854
496.502 5.01385 0.0417896
496.502 5.07732 0.0414254
496.502 5.14079 0.0408944
496.502 5.20425 0.0401988
496.502 5.26772 0.0393415
496.502 5.33119 0.0383254
496.502 5.39465 0.0371551
496.502 5.45812 0.0358354
496.502 5.52159 0.0343713
496.502 5.58505 0.0327688
496.502 5.64852 0.0310343
496.502 5.71199 0.0291749
496.502 5.77545 0.0271979
496.502 5.83892 0.0251114
496.502 5.90239 0.0229238
496.502 5.96585 0.0206441
496.502 6.02932 0.018281
496.502 6.09279 0.0158444
496.502 6.15625 0.013344
496.502 6.21972 0.0107899
496.502 6.28319 0.00819233
497.503 0 0.097738
497.503 0.0634665 0.0773621
497.503 0.126933 0.0566747
497.503 0.1904 0.0357589
497.503 0.253866 0.0146992
497.503 0.317333 -0.00641966
497.503 0.380799 -0.0275127
497.503 0.444266 -0.0484949
497.503 0.507732 -0.0692819
497.503 0.571199 -0.0897897
497.503 0.634665 -0.109936
497.503 0.698132 -0.12964
497.503 0.761598 -0.148822
497.503 0.825065 -0.167404
497.503 0.888531 -0.185313
497.503 0.951998 -0.202475
497.503 1.01546 -0.218822
497.503 1.07893 -0.234287
497.503 1.1424 -0.24881
497.503 1.20586 -0.262331
497.503 1.26933 -0.274795
497.503 1.3328 -0.286152
497.503 1.39626 -0.296358
497.503 1.45973 -0.30537
497.503 1.5232 -0.313153
497.503 1.58666 -0.319674
497.503 1.65013 -0.324909
497.503 1.7136 -0.328835
497.503 1.77706 -0.331437
497.503 1.84053 -0.332705
497.503 1.904 -0.332632
497.503 1.96746 -0.33122
497.503 2.03093 -0.328475
497.503 2.0944 -0.324407
497.503 2.15786 -0.319033
497.503 2.22133 -0.312374
497.503 2.28479 -0.304457
497.503 2.34826 -0.295314
497.503 2.41173 -0.284982
497.503 2.47519 -0.273503
497.503 2.53866 -0.260923
497.503 2.60213 -0.247291
497.503 2.66559 -0.232664
497.503 2.72906 -0.2171
497.503 2.79253 -0.200662
497.503 2.85599 -0.183416
497.503 2.91946 -0.165431
497.503 2.98293 -0.146781
497.503 3.04639 -0.127539
497.503 3.10986 -0.107783
497.503 3.17333 -0.0875941
497.503 3.23679 -0.0670521
497.503 3.30026 -0.0462401
497.503 3.36373 -0.0252418
497.503 3.42719 -0.00414187
497.503 3.49066 0.0169747
497.503 3.55413 0.0380229
497.503 3.61759 0.058918
497.503 3.68106 0.0795761
497.503 3.74452 0.0999135
497.503 3.80799 0.119848
497.503 3.87146 0.139301
497.503 3.93492 0.158193
497.503 3.99839 0.176447
497.503 4.06186 0.193991
497.503 4.12532 0.210754
497.503 4.18879 0.226669
497.503 4.25226 0.24167
497.503 4.31572 0.255699
497.503 4.37919 0.268698
497.503 4.44266 0.280615
497.503 4.50612 0.291402
497.503 4.56959 0.301016
497.503 4.63306 0.309417
497.503 4.69652 0.316573
497.503 4.75999 0.322454
497.503 4.82346 0.327036
497.503 4.88692 0.330302
497.503 4.95039 0.332238
497.503 5.01385 0.332836
497.503 5.07732 0.332093
497.503 5.14079 0.330014
497.503 5.20425 0.326606
497.503 5.26772 0.321882
497.503 5.33119 0.315862
497.503 5.39465 0.30857
497.503 5.45812 0.300037
497.503 5.52159 0.290295
497.503 5.58505 0.279384
497.503 5.64852 0.267348
497.503 5.71199 0.254235
497.503 5.77545 0.240099
497.503 5.83892 0.224995
497.503 5.90239 0.208986
497.503 5.96585 0.192136
497.503 6.02932 0.174512
497.503 6.09279 0.156185
497.503 6.15625 0.137229
497.503 6.21972 0.11772
497.503 6.28319 0.097738
498.504 0 0.0720954
498.504 0.0634665 0.0808051
498.504 0.126933 0.0891896
498.504 0.1904 0.0972148
498.504 0.253866 0.104849
498.504 0.317333 0.11206
498.504 0.380799 0.118821
498.504 0.444266 0.125103
498.504 0.507732 0.130881
498.504 0.571199 0.136132
498.504 0.634665 0.140835
498.504 0.698132 0.144971
498.504 0.761598 0.148523
498.504 0.825065 0.151477
498.504 0.888531 0.153821
498.504 0.951998 0.155546
498.504 1.01546 0.156645
498.504 1.07893 0.157112
498.504 1.1424 0.156948
498.504 1.20586 0.156151
498.504 1.26933 0.154725
498.504 1.3328 0.152676
498.504 1.39626 0.150013
498.504 1.45973 0.146745
498.504 1.5232 0.142887
498.504 1.58666 0.138453
498.504 1.65013 0.133462
498.504 1.7136 0.127933
498.504 1.77706 0.121889
498.504 1.84053 0.115355
498.504 1.904 0.108356
498.504 1.96746 0.10092
498.504 2.03093 0.0930787
498.504 2.0944 0.0848621
498.504 2.15786 0.0763037
498.504 2.22133 0.0674383
498.504 2.28479 0.0583012
498.504 2.34826 0.0489294
498.504 2.41173 0.0393605
498.504 2.47519 0.0296332
498.504 2.53866 0.0197865
498.504 2.60213 0.00986021
498.504 2.66559 -0.000105863
498.504 2.72906 -0.0100715
498.504 2.79253 -0.0199966
498.504 2.85599 -0.029841
498.504 2.91946 -0.0395654
498.504 2.98293 -0.0491304
498.504 3.04639 -0.0584978
498.504 3.10986 -0.0676295
498.504 3.17333 -0.0764889
498.504 3.23679 -0.0850402
498.504 3.30026 -0.0932492
498.504 3.36373 -0.101083
498.504 3.42719 -0.108509
498.504 3.49066 -0.115499
498.504 3.55413 -0.122023
498.504 3.61759 -0.128056
498.504 3.68106 -0.133574
498.504 3.74452 -0.138553
498.504 3.80799 -0.142975
498.504 3.87146 -0.146821
498.504 3.93492 -0.150076
498.504 3.99839 -0.152726
498.504 4.06186 -0.154762
498.504 4.12532 -0.156174
498.504 4.18879 -0.156957
498.504 4.25226 -0.157109
498.504 4.31572 -0.156628
498.504 4.37919 -0.155516
498.504 4.44266 -0.153778
498.504 4.50612 -0.151421
498.504 4.56959 -0.148454
498.504 4.63306 -0.144889
498.504 4.69652 -0.140741
498.504 4.75999 -0.136026
498.504 4.82346 -0.130763
498.504 4.88692 -0.124974
498.504 4.95039 -0.118682
498.504 5.01385 -0.111912
498.504 5.07732 -0.104691
498.504 5.14079 -0.0970483
498.504 5.20425 -0.0890152
498.504 5.26772 -0.0806235
498.504 5.33119 -0.0719072
498.504 5.39465 -0.0629014
498.504 5.45812 -0.0536423
498.504 5.52159 -0.0441673
498.504 5.58505 -0.0345143
498.504 5.64852 -0.0247223
498.504 5.71199 -0.0148308
498.504 5.77545 -0.00487959
498.504 5.83892 0.00509125
498.504 5.90239 0.0150416
498.504 5.96585 0.0249314
498.504 6.02932 0.0347207
498.504 6.09279 0.0443703
498.504 6.15625 0.0538414
498.504 6.21972 0.0630953
498.504 6.28319 0.0720954
499.505 0 -0.242147
499.505 0.0634665 -0.234565
499.505 0.126933 -0.226038
499.505 0.1904 -0.216601
499.505 0.253866 -0.206292
499.505 0.317333 -0.195152
499.505 0.380799 -0.183226
499.505 0.444266 -0.170563
499.505 0.507732 -0.157213
499.505 0.571199 -0.14323
499.505 0.634665 -0.128669
499.505 0.698132 -0.113591
499.505 0.761598 -0.0980556
499.505 0.825065 -0.0821252
499.505 0.888531 -0.0658641
499.505 0.951998 -0.0493379
499.505 1.01546 -0.0326131
499.505 1.07893 -0.0157566
499.505 1.1424 0.00116289
499.505 1.20586 0.0180779
499.505 1.26933 0.0349201
499.505 1.3328 0.0516218
499.505 1.39626 0.0681156
499.505 1.45973 0.0843349
499.505 1.5232 0.100215
499.505 1.58666 0.115691
499.505 1.65013 0.130702
499.505 1.7136 0.145186
499.505 1.77706 0.159086
499.505 1.84053 0.172345
499.505 1.904 0.18491
499.505 1.96746 0.19673
499.505 2.03093 0.207758
499.505 2.0944 0.21795
499.505 2.15786 0.227264
499.505 2.22133 0.235663
499.505 2.28479 0.243113
499.505 2.34826 0.249585
499.505 2.41173 0.255051
499.505 2.47519 0.25949
499.505 2.53866 0.262884
499.505 2.60213 0.26522
499.505 2.66559 0.266488
499.505 2.72906 0.266683
499.505 2.79253 0.265804
499.505 2.85599 0.263854
499.505 2.91946 0.260843
499.505 2.98293 0.25678
499.505 3.04639 0.251684
499.505 3.10986 0.245574
499.505 3.17333 0.238476
499.505 3.23679 0.230418
499.505 3.30026 0.221431
499.505 3.36373 0.211553
499.505 3.42719 0.200823
499.505 3.49066 0.189285
499.505 3.55413 0.176984
499.505 3.61759 0.16397
499.505 3.68106 0.150297
499.505 3.74452 0.136018
499.505 3.80799 0.121191
499.505 3.87146 0.105877
499.505 3.93492 0.0901359
499.505 3.99839 0.0740319
499.505 4.06186 0.0576301
499.505 4.12532 0.040996
499.505 4.18879 0.0241971
499.505 4.25226 0.00730056
499.505 4.31572 -0.00962529
499.505 4.37919 -0.0265124
499.505 4.44266 -0.0432927
499.505 4.50612 -0.0598988
499.505 4.56959 -0.0762635
499.505 4.63306 -0.0923213
499.505 4.69652 -0.108007
499.505 4.75999 -0.123258
499.505 4.82346 -0.138013
499.505 4.88692 -0.152212
499.505 4.95039 -0.165798
499.505 5.01385 -0.178717
499.505 5.07732 -0.190916
499.505 5.14079 -0.202346
499.505 5.20425 -0.212962
499.505 5.26772 -0.222719
499.505 5.33119 -0.23158
499.505 5.39465 -0.239509
499.505 5.45812 -0.246473
499.505 5.52159 -0.252445
499.505 5.58505 -0.2574
499.505 5.64852 -0.261319
499.505 5.71199 -0.264185
499.505 5.77545 -0.265988
499.505 5.83892 -0.266719
499.505 5.90239 -0.266377
499.505 5.96585 -0.264962
499.505 6.02932 -0.26248
499.505 6.09279 -0.258942
499.505 6.15625 -0.25436
499.505 6.21972 -0.248754
499.505 6.28319 -0.242147
500.505 0 0.246417
500.505 0.0634665 0.252585
500.505 0.126933 0.257737
500.505 0.1904 0.26185
500.505 0.253866 0.264909
500.505 0.317333 0.266901
500.505 0.380799 0.267818
500.505 0.444266 0.267657
500.505 0.507732 0.266419
500.505 0.571199 0.264107
500.505 0.634665 0.260733
500.505 0.698132 0.256308
500.505 0.761598 0.250851
500.505 0.825065 0.244384
500.505 0.888531 0.236933
500.505 0.951998 0.228528
500.505 1.01546 0.219203
500.505 1.07893 0.208995
500.505 1.1424 0.197945
500.505 1.20586 0.186099
500.505 1.26933 0.173503
500.505 1.3328 0.160208
500.505 1.39626 0.146269
500.505 1.45973 0.13174
500.505 1.5232 0.116681
500.505 1.58666 0.101152
500.505 1.65013 0.0852163
500.505 1.7136 0.068937
500.505 1.77706 0.0523801
500.505 1.84053 0.0356123
500.505 1.904 0.018701
500.505 1.96746 0.00171451
500.505 2.03093 -0.0152788
500.505 2.0944 -0.0322107
500.505 2.15786 -0.0490129
500.505 2.22133 -0.0656177
500.505 2.28479 -0.0819584
500.505 2.34826 -0.0979689
500.505 2.41173 -0.113585
500.505 2.47519 -0.128744
500.505 2.53866 -0.143384
500.505 2.60213 -0.157447
500.505 2.66559 -0.170876
500.505 2.72906 -0.183617
500.505 2.79253 -0.195618
500.505 2.85599 -0.206832
500.505 2.91946 -0.217214
500.505 2.98293 -0.22672
500.505 3.04639 -0.235313
500.505 3.10986 -0.242959
500.505 3.17333 -0.249627
500.505 3.23679 -0.255289
500.505 3.30026 -0.259924
500.505 3.36373 -0.263512
500.505 3.42719 -0.266039
500.505 3.49066 -0.267494
500.505 3.55413 -0.267873
500.505 3.61759 -0.267173
500.505 3.68106 -0.265397
500.505 3.74452 -0.262552
500.505 3.80799 -0.25865
500.505 3.87146 -0.253707
500.505 3.93492 -0.247742
500.505 3.99839 -0.24078
500.505 4.06186 -0.232848
500.505 4.12532 -0.223978
500.505 4.18879 -0.214207
500.505 4.25226 -0.203572
500.505 4.31572 -0.192119
500.505 4.37919 -0.179891
500.505 4.44266 -0.16694
500.505 4.50612 -0.153316
500.505 4.56959 -0.139075
500.505 4.63306 -0.124273
500.505 4.69652 -0.108972
500.505 4.75999 -0.0932313
500.505 4.82346 -0.0771155
500.505 4.88692 -0.0606891
500.505 4.95039 -0.0440183
500.505 5.01385 -0.0271703
500.505 5.07732 -0.010213
500.505 5.14079 0.00678553
500.505 5.20425 0.0237567
500.505 5.26772 0.0406323
500.505 5.33119 0.0573442
500.505 5.39465 0.0738253
500.505 5.45812 0.0900089
500.505 5.52159 0.10583
500.505 5.58505 0.121225
500.505 5.64852 0.136132
500.505 5.71199 0.150491
500.505 5.77545 0.164244
500.505 5.83892 0.177336
500.505 5.90239 0.189713
500.505 5.96585 0.201327
500.505 6.02932 0.21213
500.505 6.09279 0.222078
500.505 6.15625 0.231133
500.505 6.21972 0.239257
500.505 6.28319 0.246417
501.507 0 -0.0633361
501.507 0.0634665 -0.0539351
501.507 0.126933 -0.0443169
501.507 0.1904 -0.0345203
501.507 0.253866 -0.0245846
501.507 0.317333 -0.01455
501.507 0.380799 -0.0044569
501.507 0.444266 0.00565428
501.507 0.507732 0.0157426
501.507 0.571199 0.0257676
501.507 0.634665 0.0356889
501.507 0.698132 0.0454664
501.507 0.761598 0.0550609
501.507 0.825065 0.0644336
501.507 0.888531 0.0735469
501.507 0.951998 0.0823641
501.507 1.01546 0.0908496
501.507 1.07893 0.0989692
501.507 1.1424 0.10669
501.507 1.20586 0.113982
501.507 1.26933 0.120815
501.507 1.3328 0.127161
501.507 1.39626 0.132995
501.507 1.45973 0.138293
501.507 1.5232 0.143035
501.507 1.58666 0.147201
501.507 1.65013 0.150774
501.507 1.7136 0.15374
501.507 1.77706 0.156086
501.507 1.84053 0.157805
501.507 1.904 0.158888
501.507 1.96746 0.159331
501.507 2.03093 0.159132
501.507 2.0944 0.158293
501.507 2.15786 0.156817
501.507 2.22133 0.154709
501.507 2.28479 0.151978
501.507 2.34826 0.148635
501.507 2.41173 0.144693
501.507 2.47519 0.140169
501.507 2.53866 0.135081
501.507 2.60213 0.129448
501.507 2.66559 0.123294
501.507 2.72906 0.116645
501.507 2.79253 0.109525
501.507 2.85599 0.101964
501.507 2.91946 0.0939925
501.507 2.98293 0.0856426
501.507 3.04639 0.0769478
501.507 3.10986 0.0679433
501.507 3.17333 0.0586651
501.507 3.23679 0.0491508
501.507 3.30026 0.0394385
501.507 3.36373 0.0295674
501.507 3.42719 0.0195773
501.507 3.49066 0.00950826
501.507 3.55413 -0.000598982
501.507 3.61759 -0.0107039
501.507 3.68106 -0.0207656
501.507 3.74452 -0.0307437
501.507 3.80799 -0.0405981
501.507 3.87146 -0.050289
501.507 3.93492 -0.0597774
501.507 3.99839 -0.0690251
501.507 4.06186 -0.0779947
501.507 4.12532 -0.0866504
501.507 4.18879 -0.0949572
501.507 4.25226 -0.102882
501.507 4.31572 -0.110392
501.507 4.37919 -0.117457
501.507 4.44266 -0.12405
501.507 4.50612 -0.130143
501.507 4.56959 -0.135712
501.507 4.63306 -0.140735
501.507 4.69652 -0.145191
501.507 4.75999 -0.149062
501.507 4.82346 -0.152333
501.507 4.88692 -0.154991
501.507 4.95039 -0.157025
501.507 5.01385 -0.158426
501.507 5.07732 -0.15919
501.507 5.14079 -0.159312
501.507 5.20425 -0.158793
501.507 5.26772 -0.157634
501.507 5.33119 -0.155841
501.507 5.39465 -0.15342
501.507 5.45812 -0.150382
501.507 5.52159 -0.146738
501.507 5.58505 -0.142503
501.507 5.64852 -0.137694
501.507 5.71199 -0.132331
501.507 5.77545 -0.126435
501.507 5.83892 -0.12003
501.507 5.90239 -0.113141
501.507 5.96585 -0.105798
501.507 6.02932 -0.0980276
501.507 6.09279 -0.0898629
501.507 6.15625 -0.0813361
501.507 6.21972 -0.0724821
501.507 6.28319 -0.0633362
502.507 0 -0.105761
502.507 0.0634665 -0.125383
502.507 0.126933 -0.144499
502.507 0.1904 -0.163034
502.507 0.253866 -0.180912
502.507 0.317333 -0.198062
502.507 0.380799 -0.214414
502.507 0.444266 -0.229904
502.507 0.507732 -0.244467
502.507 0.571199 -0.258045
502.507 0.634665 -0.270585
502.507 0.698132 -0.282035
502.507 0.761598 -0.29235
502.507 0.825065 -0.301487
502.507 0.888531 -0.30941
502.507 0.951998 -0.316088
502.507 1.01546 -0.321493
502.507 1.07893 -0.325603
502.507 1.1424 -0.328402
502.507 1.20586 -0.329879
502.507 1.26933 -0.330027
502.507 1.3328 -0.328847
502.507 1.39626 -0.326342
502.507 1.45973 -0.322523
502.507 1.5232 -0.317406
502.507 1.58666 -0.31101
502.507 1.65013 -0.303362
502.507 1.7136 -0.294494
502.507 1.77706 -0.284438
502.507 1.84053 -0.273238
502.507 1.904 -0.260937
502.507 1.96746 -0.247586
502.507 2.03093 -0.233237
502.507 2.0944 -0.21795
502.507 2.15786 -0.201784
502.507 2.22133 -0.184807
502.507 2.28479 -0.167085
502.507 2.34826 -0.148691
502.507 2.41173 -0.129697
502.507 2.47519 -0.110182
502.507 2.53866 -0.0902227
502.507 2.60213 -0.0699
502.507 2.66559 -0.0492961
502.507 2.72906 -0.0284935
502.507 2.79253 -0.00757635
502.507 2.85599 0.0133714
502.507 2.91946 0.0342653
502.507 2.98293 0.0550211
502.507 3.04639 0.0755555
502.507 3.10986 0.0957856
502.507 3.17333 0.11563
502.507 3.23679 0.135009
502.507 3.30026 0.153844
502.507 3.36373 0.17206
502.507 3.42719 0.189583
502.507 3.49066 0.206342
502.507 3.55413 0.222271
502.507 3.61759 0.237304
502.507 3.68106 0.251383
502.507 3.74452 0.264448
502.507 3.80799 0.276449
502.507 3.87146 0.287337
502.507 3.93492 0.297068
502.507 3.99839 0.305603
502.507 4.06186 0.312907
502.507 4.12532 0.318951
502.507 4.18879 0.323711
502.507 4.25226 0.327167
502.507 4.31572 0.329306
502.507 4.37919 0.330119
502.507 4.44266 0.329603
502.507 4.50612 0.327759
502.507 4.56959 0.324596
502.507 4.63306 0.320126
502.507 4.69652 0.314366
502.507 4.75999 0.307341
502.507 4.82346 0.299079
502.507 4.88692 0.289612
502.507 4.95039 0.278979
502.507 5.01385 0.267222
502.507 5.07732 0.254389
502.507 5.14079 0.240533
502.507 5.20425 0.225707
502.507 5.26772 0.209973
502.507 5.33119 0.193393
502.507 5.39465 0.176035
502.507 5.45812 0.157967
502.507 5.52159 0.139264
502.507 5.58505 0.12
502.507 5.64852 0.100253
502.507 5.71199 0.0801017
502.507 5.77545 0.0596281
502.507 5.83892 0.0389144
502.507 5.90239 0.018044
502.507 5.96585 -0.0028991
502.507 6.02932 -0.0238303
502.507 6.09279 -0.0446658
502.507 6.15625 -0.0653213
502.507 6.21972 -0.0857137
502.507 6.28319 -0.105761
503.508 0 -0.0082318
503.508 0.0634665 -0.0109571
503.508 0.126933 -0.0136383
503.508 0.1904 -0.0162646
503.508 0.253866 -0.0188253
503.508 0.317333 -0.0213104
503.508 0.380799 -0.0237095
503.508 0.444266 -0.0260132
503.508 0.507732 -0.0282122
503.508 0.571199 -0.0302975
503.508 0.634665 -0.0322608
503.508 0.698132 -0.0340942
503.508 0.761598 -0.0357904
503.508 0.825065 -0.0373425
503.508 0.888531 -0.0387442
503.508 0.951998 -0.0399899
503.508 1.01546 -0.0410744
503.508 1.07893 -0.0419937
503.508 1.1424 -0.042744
503.508 1.20586 -0.0433221
503.508 1.26933 -0.0437256
503.508 1.3328 -0.0439529
503.508 1.39626 -0.0440036
503.508 1.45973 -0.043877
503.508 1.5232 -0.0435737
503.508 1.58666 -0.043095
503.508 1.65013 -0.0424426
503.508 1.7136 -0.0416196
503.508 1.77706 -0.0406288
503.508 1.84053 -0.0394743
503.508 1.904 -0.038161
503.508 1.96746 -0.0366941
503.508 2.03093 -0.0350793
503.508 2.0944 -0.0333233
503.508 2.15786 -0.031433
503.508 2.22133 -0.0294164
503.508 2.28479 -0.0272812
503.508 2.34826 -0.025036
503.508 2.41173 -0.0226903
503.508 2.47519 -0.020253
503.508 2.53866 -0.0177342
503.508 2.60213 -0.0151441
503.508 2.66559 -0.0124929
503.508 2.72906 -0.00979146
503.508 2.79253 -0.00705052
503.508 2.85599 -0.00428124
503.508 2.91946 -0.0014947
503.508 2.98293 0.00129784
503.508 3.04639 0.0040852
503.508 3.10986 0.00685598
503.508 3.17333 0.00959923
503.508 3.23679 0.0123039
503.508 3.30026 0.0149589
503.508 3.36373 0.0175538
503.508 3.42719 0.0200779
503.508 3.49066 0.0225213
503.508 3.55413 0.0248739
503.508 3.61759 0.0271263
503.508 3.68106 0.0292695
503.508 3.74452 0.031295
503.508 3.80799 0.0331943
503.508 3.87146 0.0349599
503.508 3.93492 0.0365849
503.508 3.99839 0.0380624
503.508 4.06186 0.039387
503.508 4.12532 0.0405526
503.508 4.18879 0.041555
503.508 4.25226 0.0423902
503.508 4.31572 0.0430548
503.508 4.37919 0.0435457
503.508 4.44266 0.0438614
503.508 4.50612 0.0440005
503.508 4.56959 0.0439624
503.508 4.63306 0.0437474
503.508 4.69652 0.0433562
503.508 4.75999 0.0427904
503.508 4.82346 0.0420523
503.508 4.88692 0.0411448
503.508 4.95039 0.0400716
503.508 5.01385 0.0388372
503.508 5.07732 0.0374464
503.508 5.14079 0.0359048
503.508 5.20425 0.0342186
503.508 5.26772 0.0323945
503.508 5.33119 0.03044
503.508 5.39465 0.028363
503.508 5.45812 0.0261718
503.508 5.52159 0.0238752
503.508 5.58505 0.0214825
503.508 5.64852 0.0190032
503.508 5.71199 0.0164475
503.508 5.77545 0.0138254
503.508 5.83892 0.0111478
503.508 5.90239 0.0084252
503.508 5.96585 0.00566881
503.508 6.02932 0.0028894
503.508 6.09279 9.85232e-05
503.508 6.15625 -0.00269284
503.508 6.21972 -0.00547335
503.508 6.28319 -0.0082318
504.509 0 -0.0322454
504.509 0.0634665 -0.0372037
504.509 0.126933 -0.0420124
504.509 0.1904 -0.0466518
504.509 0.253866 -0.0511032
504.509 0.317333 -0.055349
504.509 0.380799 -0.0593721
504.509 0.444266 -0.0631557
504.509 0.507732 -0.0666854
504.509 0.571199 -0.0699465
504.509 0.634665 -0.0729259
504.509 0.698132 -0.0756114
504.509 0.761598 -0.0779929
504.509 0.825065 -0.08006
504.509 0.888531 -0.0818048
504.509 0.951998 -0.0832202
504.509 1.01546 -0.0843006
504.509 1.07893 -0.0850417
504.509 1.1424 -0.08544
504.509 1.20586 -0.0854945
504.509 1.26933 -0.0852046
504.509 1.3328 -0.0845716
504.509 1.39626 -0.0835981
504.509 1.45973 -0.0822882
504.509 1.5232 -0.0806467
504.509 1.58666 -0.0786806
504.509 1.65013 -0.0763976
504.509 1.7136 -0.073807
504.509 1.77706 -0.0709193
504.509 1.84053 -0.0677458
504.509 1.904 -0.0642998
504.509 1.96746 -0.0605947
504.509 2.03093 -0.0566455
504.509 2.0944 -0.0524684
504.509 2.15786 -0.04808
504.509 2.22133 -0.043498
504.509 2.28479 -0.0387409
504.509 2.34826 -0.0338277
504.509 2.41173 -0.0287783
504.509 2.47519 -0.023613
504.509 2.53866 -0.0183527
504.509 2.60213 -0.0130185
504.509 2.66559 -0.00763184
504.509 2.72906 -0.00221436
504.509 2.79253 0.0032119
504.509 2.85599 0.00862532
504.509 2.91946 0.0140039
504.509 2.98293 0.0193262
504.509 3.04639 0.0245706
504.509 3.10986 0.0297161
504.509 3.17333 0.0347422
504.509 3.23679 0.0396281
504.509 3.30026 0.0443543
504.509 3.36373 0.0489022
504.509 3.42719 0.0532529
504.509 3.49066 0.0573894
504.509 3.55413 0.0612949
504.509 3.61759 0.0649533
504.509 3.68106 0.0683503
504.509 3.74452 0.0714721
504.509 3.80799 0.0743063
504.509 3.87146 0.0768407
504.509 3.93492 0.0790661
504.509 3.99839 0.0809733
504.509 4.06186 0.0825542
504.509 4.12532 0.0838027
504.509 4.18879 0.0847136
504.509 4.25226 0.0852835
504.509 4.31572 0.0855103
504.509 4.37919 0.0853926
504.509 4.44266 0.084931
504.509 4.50612 0.0841274
504.509 4.56959 0.0829849
504.509 4.63306 0.0815086
504.509 4.69652 0.0797038
504.509 4.75999 0.0775781
504.509 4.82346 0.0751402
504.509 4.88692 0.0723995
504.509 4.95039 0.0693675
504.509 5.01385 0.0660561
504.509 5.07732 0.0624786
504.509 5.14079 0.0586497
504.509 5.20425 0.0545845
504.509 5.26772 0.0502996
504.509 5.33119 0.0458121
504.509 5.39465 0.0411402
504.509 5.45812 0.0363025
504.509 5.52159 0.0313188
504.509 5.58505 0.0262088
504.509 5.64852 0.0209934
504.509 5.71199 0.0156934
504.509 5.77545 0.0103303
504.509 5.83892 0.00492555
504.509 5.90239 -0.000499083
504.509 5.96585 -0.00592161
504.509 6.02932 -0.0113204
504.509 6.09279 -0.0166735
504.509 6.15625 -0.0219595
504.509 6.21972 -0.027157
504.509 6.28319 -0.0322453
505.51 0 -0.039284
505.51 0.0634665 -0.0311551
505.51 0.126933 -0.0229008
505.51 0.1904 -0.0145543
505.51 0.253866 -0.00614928
505.51 0.317333 0.00228081
505.51 0.380799 0.0107014
505.51 0.444266 0.019079
505.51 0.507732 0.0273798
505.51 0.571199 0.0355704
505.51 0.634665 0.0436177
505.51 0.698132 0.0514893
505.51 0.761598 0.0591538
505.51 0.825065 0.06658
505.51 0.888531 0.0737381
505.51 0.951998 0.0805991
505.51 1.01546 0.0871358
505.51 1.07893 0.0933216
505.51 1.1424 0.0991316
505.51 1.20586 0.104542
505.51 1.26933 0.109532
505.51 1.3328 0.114081
505.51 1.39626 0.118171
505.51 1.45973 0.121784
505.51 1.5232 0.124907
505.51 1.58666 0.127528
505.51 1.65013 0.129634
505.51 1.7136 0.131219
505.51 1.77706 0.132276
505.51 1.84053 0.132799
505.51 1.904 0.132788
505.51 1.96746 0.132243
505.51 2.03093 0.131165
505.51 2.0944 0.129558
505.51 2.15786 0.12743
505.51 2.22133 0.124789
505.51 2.28479 0.121646
505.51 2.34826 0.118012
505.51 2.41173 0.113904
505.51 2.47519 0.109336
505.51 2.53866 0.104329
505.51 2.60213 0.0989012
505.51 2.66559 0.0930754
505.51 2.72906 0.0868748
505.51 2.79253 0.0803242
505.51 2.85599 0.0734505
505.51 2.91946 0.0662809
505.51 2.98293 0.0588443
505.51 3.04639 0.0511708
505.51 3.10986 0.0432911
505.51 3.17333 0.0352375
505.51 3.23679 0.0270417
505.51 3.30026 0.0187372
505.51 3.36373 0.0103572
505.51 3.42719 0.00193534
505.51 3.49066 -0.00649449
505.51 3.55413 -0.0148977
505.51 3.61759 -0.0232411
505.51 3.68106 -0.0314911
505.51 3.74452 -0.0396139
505.51 3.80799 -0.0475775
505.51 3.87146 -0.0553495
505.51 3.93492 -0.0628985
505.51 3.99839 -0.0701944
505.51 4.06186 -0.0772076
505.51 4.12532 -0.0839098
505.51 4.18879 -0.0902742
505.51 4.25226 -0.0962751
505.51 4.31572 -0.101888
505.51 4.37919 -0.107091
505.51 4.44266 -0.111863
505.51 4.50612 -0.116184
505.51 4.56959 -0.120038
505.51 4.63306 -0.123408
505.51 4.69652 -0.126281
505.51 4.75999 -0.128646
505.51 4.82346 -0.130492
505.51 4.88692 -0.131814
505.51 4.95039 -0.132604
505.51 5.01385 -0.132861
505.51 5.07732 -0.132582
505.51 5.14079 -0.13177
505.51 5.20425 -0.130427
505.51 5.26772 -0.128559
505.51 5.33119 -0.126173
505.51 5.39465 -0.123279
505.51 5.45812 -0.119889
505.51 5.52159 -0.116016
505.51 5.58505 -0.111676
505.51 5.64852 -0.106886
505.51 5.71199 -0.101666
505.51 5.77545 -0.0960368
505.51 5.83892 -0.0900204
505.51 5.90239 -0.0836416
505.51 5.96585 -0.0769262
505.51 6.02932 -0.0699008
505.51 6.09279 -0.062594
505.51 6.15625 -0.0550352
505.51 6.21972 -0.0472547
505.51 6.28319 -0.0392839
506.511 0 -0.202198
506.511 0.0634665 -0.181169
506.511 0.126933 -0.159411
506.511 0.1904 -0.137011
506.511 0.253866 -0.114059
506.511 0.317333 -0.0906478
506.511 0.380799 -0.0668717
506.511 0.444266 -0.0428263
506.511 0.507732 -0.0186085
506.511 0.571199 0.00568432
506.511 0.634665 0.0299542
506.511 0.698132 0.0541034
506.511 0.761598 0.0780349
506.511 0.825065 0.101652
506.511 0.888531 0.12486
506.511 0.951998 0.147565
506.511 1.01546 0.169676
506.511 1.07893 0.191104
506.511 1.1424 0.211762
506.511 1.20586 0.231567
506.511 1.26933 0.25044
506.511 1.3328 0.268305
506.511 1.39626 0.285089
506.511 1.45973 0.300725
506.511 1.5232 0.315151
506.511 1.58666 0.328307
506.511 1.65013 0.340142
506.511 1.7136 0.350607
506.511 1.77706 0.359659
506.511 1.84053 0.367264
506.511 1.904 0.37339
506.511 1.96746 0.378012
506.511 2.03093 0.381113
506.511 2.0944 0.382678
506.511 2.15786 0.382703
506.511 2.22133 0.381187
506.511 2.28479 0.378136
506.511 2.34826 0.373562
506.511 2.41173 0.367484
506.511 2.47519 0.359926
506.511 2.53866 0.350919
506.511 2.60213 0.340499
506.511 2.66559 0.328708
506.511 2.72906 0.315594
506.511 2.79253 0.301208
506.511 2.85599 0.28561
506.511 2.91946 0.268861
506.511 2.98293 0.251031
506.511 3.04639 0.232189
506.511 3.10986 0.212412
506.511 3.17333 0.19178
506.511 3.23679 0.170376
506.511 3.30026 0.148285
506.511 3.36373 0.125598
506.511 3.42719 0.102405
506.511 3.49066 0.0787994
506.511 3.55413 0.0548765
506.511 3.61759 0.0307328
506.511 3.68106 0.00646524
506.511 3.74452 -0.0178282
506.511 3.80799 -0.04205
506.511 3.87146 -0.0661024
506.511 3.93492 -0.0898886
506.511 3.99839 -0.113313
506.511 4.06186 -0.136281
506.511 4.12532 -0.1587
506.511 4.18879 -0.180481
506.511 4.25226 -0.201534
506.511 4.31572 -0.221776
506.511 4.37919 -0.241125
506.511 4.44266 -0.259503
506.511 4.50612 -0.276836
506.511 4.56959 -0.293055
506.511 4.63306 -0.308093
506.511 4.69652 -0.321891
506.511 4.75999 -0.334392
506.511 4.82346 -0.345548
506.511 4.88692 -0.355311
506.511 4.95039 -0.363645
506.511 5.01385 -0.370513
506.511 5.07732 -0.375891
506.511 5.14079 -0.379754
506.511 5.20425 -0.382088
506.511 5.26772 -0.382883
506.511 5.33119 -0.382138
506.511 5.39465 -0.379853
506.511 5.45812 -0.376038
506.511 5.52159 -0.37071
506.511 5.58505 -0.363888
506.511 5.64852 -0.355602
506.511 5.71199 -0.345884
506.511 5.77545 -0.334773
506.511 5.83892 -0.322313
506.511 5.90239 -0.308556
506.511 5.96585 -0.293557
506.511 6.02932 -0.277375
506.511 6.09279 -0.260077
506.511 6.15625 -0.241731
506.511 6.21972 -0.222412
506.511 6.28319 -0.202198
507.512 0 -0.0958327
507.512 0.0634665 -0.0971449
507.512 0.126933 -0.0980661
507.512 0.1904 -0.0985924
507.512 0.253866 -0.0987218
507.512 0.317333 -0.0984535
507.512 0.380799 -0.0977889
507.512 0.444266 -0.0967304
507.512 0.507732 -0.0952825
507.512 0.571199 -0.093451
507.512 0.634665 -0.0912431
507.512 0.698132 -0.0886678
507.512 0.761598 -0.0857355
507.512 0.825065 -0.082458
507.512 0.888531 -0.0788484
507.512 0.951998 -0.0749213
507.512 1.01546 -0.0706925
507.512 1.07893 -0.0661791
507.512 1.1424 -0.0613993
507.512 1.20586 -0.0563722
507.512 1.26933 -0.0511181
507.512 1.3328 -0.0456581
507.512 1.39626 -0.0400144
507.512 1.45973 -0.0342094
507.512 1.5232 -0.0282668
507.512 1.58666 -0.0222103
507.512 1.65013 -0.0160644
507.512 1.7136 -0.0098538
507.512 1.77706 -0.00360351
507.512 1.84053 0.00266128
507.512 1.904 0.00891531
507.512 1.96746 0.0151335
507.512 2.03093 0.0212908
507.512 2.0944 0.0273622
507.512 2.15786 0.0333236
507.512 2.22133 0.0391507
507.512 2.28479 0.0448202
507.512 2.34826 0.0503092
507.512 2.41173 0.0555956
507.512 2.47519 0.0606583
507.512 2.53866 0.0654765
507.512 2.60213 0.0700313
507.512 2.66559 0.0743039
507.512 2.72906 0.0782774
507.512 2.79253 0.0819358
507.512 2.85599 0.0852642
507.512 2.91946 0.0882492
507.512 2.98293 0.0908789
507.512 3.04639 0.0931426
507.512 3.10986 0.0950314
507.512 3.17333 0.0965374
507.512 3.23679 0.0976546
507.512 3.30026 0.0983789
507.512 3.36373 0.0987068
507.512 3.42719 0.0986372
507.512 3.49066 0.0981706
507.512 3.55413 0.0973087
507.512 3.61759 0.0960549
507.512 3.68106 0.0944142
507.512 3.74452 0.0923935
507.512 3.80799 0.0900006
507.512 3.87146 0.0872456
507.512 3.93492 0.084139
507.512 3.99839 0.0806937
507.512 4.06186 0.0769236
507.512 4.12532 0.0728436
507.512 4.18879 0.0684703
507.512 4.25226 0.0638213
507.512 4.31572 0.0589154
507.512 4.37919 0.0537722
507.512 4.44266 0.0484125
507.512 4.50612 0.0428579
507.512 4.56959 0.0371306
507.512 4.63306 0.0312539
507.512 4.69652 0.0252513
507.512 4.75999 0.0191471
507.512 4.82346 0.0129656
507.512 4.88692 0.00673208
507.512 4.95039 0.000471374
507.512 5.01385 -0.00579119
507.512 5.07732 -0.0120305
507.512 5.14079 -0.0182214
507.512 5.20425 -0.0243387
507.512 5.26772 -0.0303582
507.512 5.33119 -0.0362554
507.512 5.39465 -0.0420066
507.512 5.45812 -0.0475886
507.512 5.52159 -0.0529791
507.512 5.58505 -0.0581562
507.512 5.64852 -0.0630991
507.512 5.71199 -0.067788
507.512 5.77545 -0.0722039
507.512 5.83892 -0.0763291
507.512 5.90239 -0.0801469
507.512 5.96585 -0.083642
507.512 6.02932 -0.0868003
507.512 6.09279 -0.089609
507.512 6.15625 -0.0920571
507.512 6.21972 -0.0941344
507.512 6.28319 -0.0958326
508.513 0 -0.0101239
508.513 0.0634665 -0.0244213
508.513 0.126933 -0.0386205
508.513 0.1904 -0.0526641
508.513 0.253866 -0.0664956
508.513 0.317333 -0.0800594
508.513 0.380799 -0.0933008
508.513 0.444266 -0.106167
508.513 0.507732 -0.118605
508.513 0.571199 -0.130566
508.513 0.634665 -0.142
508.513 0.698132 -0.152864
508.513 0.761598 -0.163111
508.513 0.825065 -0.172702
508.513 0.888531 -0.181597
508.513 0.951998 -0.189761
508.513 1.01546 -0.197162
508.513 1.07893 -0.203768
508.513 1.1424 -0.209554
508.513 1.20586 -0.214495
508.513 1.26933 -0.218574
508.513 1.3328 -0.221772
508.513 1.39626 -0.224077
508.513 1.45973 -0.225479
508.513 1.5232 -0.225974
508.513 1.58666 -0.225559
508.513 1.65013 -0.224236
508.513 1.7136 -0.22201
508.513 1.77706 -0.218889
508.513 1.84053 -0.214888
508.513 1.904 -0.210021
508.513 1.96746 -0.204309
508.513 2.03093 -0.197773
508.513 2.0944 -0.190442
508.513 2.15786 -0.182343
508.513 2.22133 -0.173511
508.513 2.28479 -0.163979
508.513 2.34826 -0.153788
508.513 2.41173 -0.142977
508.513 2.47519 -0.13159
508.513 2.53866 -0.119674
508.513 2.60213 -0.107276
508.513 2.66559 -0.0944453
508.513 2.72906 -0.0812348
508.513 2.79253 -0.0676971
508.513 2.85599 -0.0538868
508.513 2.91946 -0.0398595
508.513 2.98293 -0.0256718
508.513 3.04639 -0.0113807
508.513 3.10986 0.00295636
508.513 3.17333 0.0172814
508.513 3.23679 0.0315368
508.513 3.30026 0.0456653
508.513 3.36373 0.0596099
508.513 3.42719 0.0733145
508.513 3.49066 0.0867238
508.513 3.55413 0.099784
508.513 3.61759 0.112442
508.513 3.68106 0.124648
508.513 3.74452 0.136352
508.513 3.80799 0.147506
508.513 3.87146 0.158067
508.513 3.93492 0.167991
508.513 3.99839 0.177239
508.513 4.06186 0.185773
508.513 4.12532 0.193559
508.513 4.18879 0.200566
508.513 4.25226 0.206765
508.513 4.31572 0.212131
508.513 4.37919 0.216643
508.513 4.44266 0.220283
508.513 4.50612 0.223037
508.513 4.56959 0.224891
508.513 4.63306 0.22584
508.513 4.69652 0.22588
508.513 4.75999 0.225011
508.513 4.82346 0.223235
508.513 4.88692 0.220561
508.513 4.95039 0.216998
508.513 5.01385 0.212561
508.513 5.07732 0.207269
508.513 5.14079 0.201142
508.513 5.20425 0.194205
508.513 5.26772 0.186486
508.513 5.33119 0.178017
508.513 5.39465 0.16883
508.513 5.45812 0.158964
508.513 5.52159 0.148457
508.513 5.58505 0.137353
508.513 5.64852 0.125695
508.513 5.71199 0.113532
508.513 5.77545 0.100911
508.513 5.83892 0.0878844
508.513 5.90239 0.0745035
508.513 5.96585 0.0608225
508.513 6.02932 0.0468968
508.513 6.09279 0.0327821
508.513 6.15625 0.0185356
508.513 6.21972 0.00421425
508.513 6.28319 -0.0101239
509.514 0 0.0663487
509.514 0.0634665 0.0623805
509.514 0.126933 0.0581612
509.514 0.1904 0.0537075
509.514 0.253866 0.0490377
509.514 0.317333 0.0441705
509.514 0.380799 0.0391254
509.514 0.444266 0.0339228
509.514 0.507732 0.0285835
509.514 0.571199 0.0231292
509.514 0.634665 0.0175816
509.514 0.698132 0.0119634
509.514 0.761598 0.00629687
509.514 0.825065 0.00060502
509.514 0.888531 -0.00508914
509.514 0.951998 -0.0107629
509.514 1.01546 -0.0163934
509.514 1.07893 -0.0219578
509.514 1.1424 -0.0274337
509.514 1.20586 -0.0327993
509.514 1.26933 -0.0380327
509.514 1.3328 -0.043113
509.514 1.39626 -0.0480197
509.514 1.45973 -0.0527331
509.514 1.5232 -0.0572341
509.514 1.58666 -0.0615047
509.514 1.65013 -0.0655276
509.514 1.7136 -0.0692866
509.514 1.77706 -0.0727667
509.514 1.84053 -0.0759537
509.514 1.904 -0.0788349
509.514 1.96746 -0.0813986
509.514 2.03093 -0.0836346
509.514 2.0944 -0.0855339
509.514 2.15786 -0.0870887
509.514 2.22133 -0.0882928
509.514 2.28479 -0.0891415
509.514 2.34826 -0.0896311
509.514 2.41173 -0.0897599
509.514 2.47519 -0.0895273
509.514 2.53866 -0.0889341
509.514 2.60213 -0.0879828
509.514 2.66559 -0.0866773
509.514 2.72906 -0.0850227
509.514 2.79253 -0.0830258
509.514 2.85599 -0.0806946
509.514 2.91946 -0.0780386
509.514 2.98293 -0.0750679
509.514 3.04639 -0.0717951
509.514 3.10986 -0.0682337
509.514 3.17333 -0.064397
509.514 3.23679 -0.0603012
509.514 3.30026 -0.0559625
509.514 3.36373 -0.0513986
509.514 3.42719 -0.0466276
509.514 3.49066 -0.041669
509.514 3.55413 -0.0365426
509.514 3.61759 -0.0312688
509.514 3.68106 -0.0258693
509.514 3.74452 -0.0203657
509.514 3.80799 -0.01478
509.514 3.87146 -0.00913485
509.514 3.93492 -0.00345264
509.514 3.99839 0.00224316
509.514 4.06186 0.0079301
509.514 4.12532 0.0135849
509.514 4.18879 0.0191853
509.514 4.25226 0.0247081
509.514 4.31572 0.0301317
509.514 4.37919 0.0354339
509.514 4.44266 0.0405933
509.514 4.50612 0.0455893
509.514 4.56959 0.0504019
509.514 4.63306 0.0550113
509.514 4.69652 0.0593993
509.514 4.75999 0.0635482
509.514 4.82346 0.067441
509.514 4.88692 0.0710624
509.514 4.95039 0.0743976
509.514 5.01385 0.0774333
509.514 5.07732 0.0801571
509.514 5.14079 0.0825582
509.514 5.20425 0.0846269
509.514 5.26772 0.0863548
509.514 5.33119 0.087735
509.514 5.39465 0.0887619
509.514 5.45812 0.0894313
509.514 5.52159 0.0897408
509.514 5.58505 0.0896887
509.514 5.64852 0.0892756
509.514 5.71199 0.0885029
509.514 5.77545 0.087374
509.514 5.83892 0.0858932
509.514 5.90239 0.0840666
509.514 5.96585 0.0819014
509.514 6.02932 0.0794064
509.514 6.09279 0.0765917
509.514 6.15625 0.0734687
509.514 6.21972 0.0700498
509.514 6.28319 0.0663488
510.515 0 -0.223592
510.515 0.0634665 -0.203903
510.515 0.126933 -0.183393
510.515 0.1904 -0.162145
510.515 0.253866 -0.140243
510.515 0.317333 -0.117777
510.515 0.380799 -0.094837
510.515 0.444266 -0.0715148
510.515 0.507732 -0.0479047
510.515 0.571199 -0.0241017
510.515 0.634665 -0.00020158
510.515 0.698132 0.0236992
510.515 0.761598 0.0475047
510.515 0.825065 0.0711187
510.515 0.888531 0.0944466
510.515 0.951998 0.117394
510.515 1.01546 0.139869
510.515 1.07893 0.16178
510.515 1.1424 0.18304
510.515 1.20586 0.203564
510.515 1.26933 0.223267
510.515 1.3328 0.242072
510.515 1.39626 0.259901
510.515 1.45973 0.276684
510.515 1.5232 0.292353
510.515 1.58666 0.306845
510.515 1.65013 0.320102
510.515 1.7136 0.332069
510.515 1.77706 0.342699
510.515 1.84053 0.351949
510.515 1.904 0.359782
510.515 1.96746 0.366167
510.515 2.03093 0.371077
510.515 2.0944 0.374492
510.515 2.15786 0.3764
510.515 2.22133 0.376792
510.515 2.28479 0.375667
510.515 2.34826 0.37303
510.515 2.41173 0.36889
510.515 2.47519 0.363265
510.515 2.53866 0.356177
510.515 2.60213 0.347655
510.515 2.66559 0.337733
510.515 2.72906 0.326451
510.515 2.79253 0.313855
510.515 2.85599 0.299994
510.515 2.91946 0.284926
510.515 2.98293 0.268711
510.515 3.04639 0.251413
510.515 3.10986 0.233103
510.515 3.17333 0.213855
510.515 3.23679 0.193746
510.515 3.30026 0.172856
510.515 3.36373 0.15127
510.515 3.42719 0.129075
510.515 3.49066 0.106361
510.515 3.55413 0.0832177
510.515 3.61759 0.0597398
510.515 3.68106 0.0360213
510.515 3.74452 0.0121577
510.515 3.80799 -0.0117547
510.515 3.87146 -0.0356198
510.515 3.93492 -0.0593417
510.515 3.99839 -0.0828244
510.515 4.06186 -0.105974
510.515 4.12532 -0.128696
510.515 4.18879 -0.150901
510.515 4.25226 -0.172497
510.515 4.31572 -0.193399
510.515 4.37919 -0.213523
510.515 4.44266 -0.232786
510.515 4.50612 -0.251113
510.515 4.56959 -0.268428
510.515 4.63306 -0.284662
510.515 4.69652 -0.29975
510.515 4.75999 -0.313631
510.515 4.82346 -0.326249
510.515 4.88692 -0.337554
510.515 4.95039 -0.347499
510.515 5.01385 -0.356045
510.515 5.07732 -0.363158
510.515 5.14079 -0.368808
510.515 5.20425 -0.372973
510.515 5.26772 -0.375636
510.515 5.33119 -0.376786
510.515 5.39465 -0.376419
510.515 5.45812 -0.374537
510.515 5.52159 -0.371147
510.515 5.58505 -0.366262
510.515 5.64852 -0.359902
510.515 5.71199 -0.352093
510.515 5.77545 -0.342867
510.515 5.83892 -0.332259
510.515 5.90239 -0.320314
510.515 5.96585 -0.307079
510.515 6.02932 -0.292608
510.515 6.09279 -0.276958
510.515 6.15625 -0.260193
510.515 6.21972 -0.24238
510.515 6.28319 -0.223592
511.516 0 0.0240331
511.516 0.0634665 0.0165665
511.516 0.126933 0.00903316
511.516 0.1904 0.00146356
511.516 0.253866 -0.00611184
511.516 0.317333 -0.0136629
511.516 0.380799 -0.0211587
511.516 0.444266 -0.0285694
511.516 0.507732 -0.0358651
511.516 0.571199 -0.0430162
511.516 0.634665 -0.0499941
511.516 0.698132 -0.0567709
511.516 0.761598 -0.0633191
511.516 0.825065 -0.0696122
511.516 0.888531 -0.0756249
511.516 0.951998 -0.0813333
511.516 1.01546 -0.0867141
511.516 1.07893 -0.0917458
511.516 1.1424 -0.096408
511.516 1.20586 -0.100682
511.516 1.26933 -0.104551
511.516 1.3328 -0.107998
511.516 1.39626 -0.111011
511.516 1.45973 -0.113577
511.516 1.5232 -0.115685
511.516 1.58666 -0.117328
511.516 1.65013 -0.118498
511.516 1.7136 -0.119191
511.516 1.77706 -0.119404
511.516 1.84053 -0.119136
511.516 1.904 -0.118389
511.516 1.96746 -0.117165
511.516 2.03093 -0.115469
511.516 2.0944 -0.113308
511.516 2.15786 -0.110691
511.516 2.22133 -0.107628
511.516 2.28479 -0.104132
511.516 2.34826 -0.100216
511.516 2.41173 -0.095897
511.516 2.47519 -0.0911916
511.516 2.53866 -0.0861194
511.516 2.60213 -0.0807001
511.516 2.66559 -0.0749561
511.516 2.72906 -0.0689099
511.516 2.79253 -0.0625867
511.516 2.85599 -0.0560113
511.516 2.91946 -0.0492102
511.516 2.98293 -0.0422113
511.516 3.04639 -0.035042
511.516 3.10986 -0.0277318
511.516 3.17333 -0.02031
511.516 3.23679 -0.0128062
511.516 3.30026 -0.00525118
511.516 3.36373 0.00232529
511.516 3.42719 0.0098925
511.516 3.49066 0.0174195
511.516 3.55413 0.0248765
511.516 3.61759 0.0322333
511.516 3.68106 0.0394605
511.516 3.74452 0.0465286
511.516 3.80799 0.0534094
511.516 3.87146 0.0600751
511.516 3.93492 0.0664991
511.516 3.99839 0.0726551
511.516 4.06186 0.0785187
511.516 4.12532 0.084066
511.516 4.18879 0.089275
511.516 4.25226 0.0941242
511.516 4.31572 0.0985945
511.516 4.37919 0.102668
511.516 4.44266 0.106328
511.516 4.50612 0.10956
511.516 4.56959 0.11235
511.516 4.63306 0.114689
511.516 4.69652 0.116565
511.516 4.75999 0.117972
511.516 4.82346 0.118904
511.516 4.88692 0.119357
511.516 4.95039 0.11933
511.516 5.01385 0.118822
511.516 5.07732 0.117836
511.516 5.14079 0.116375
511.516 5.20425 0.114446
511.516 5.26772 0.112056
511.516 5.33119 0.109214
511.516 5.39465 0.105933
511.516 5.45812 0.102225
511.516 5.52159 0.0981058
511.516 5.58505 0.0935915
511.516 5.64852 0.0887001
511.516 5.71199 0.0834517
511.516 5.77545 0.0778674
511.516 5.83892 0.0719694
511.516 5.90239 0.0657815
511.516 5.96585 0.0593286
511.516 6.02932 0.0526372
511.516 6.09279 0.0457337
511.516 6.15625 0.038646
511.516 6.21972 0.0314024
511.516 6.28319 0.024033
512.517 0 -0.413355
512.517 0.0634665 -0.429006
512.517 0.126933 -0.442929
512.517 0.1904 -0.455068
512.517 0.253866 -0.465375
512.517 0.317333 -0.473808
512.517 0.380799 -0.480333
512.517 0.444266 -0.484924
512.517 0.507732 -0.487562
512.517 0.571199 -0.488237
512.517 0.634665 -0.486947
512.517 0.698132 -0.483695
512.517 0.761598 -0.478495
512.517 0.825065 -0.47137
512.517 0.888531 -0.462346
512.517 0.951998 -0.45146
512.517 1.01546 -0.438756
512.517 1.07893 -0.424286
512.517 1.1424 -0.408107
512.517 1.20586 -0.390285
512.517 1.26933 -0.370891
512.517 1.3328 -0.350004
512.517 1.39626 -0.327708
512.517 1.45973 -0.304092
512.517 1.5232 -0.279251
512.517 1.58666 -0.253286
512.517 1.65013 -0.226302
512.517 1.7136 -0.198406
512.517 1.77706 -0.169711
512.517 1.84053 -0.140332
512.517 1.904 -0.110389
512.517 1.96746 -0.0800011
512.517 2.03093 -0.0492911
512.517 2.0944 -0.0183826
512.517 2.15786 0.0126
512.517 2.22133 0.0435316
512.517 2.28479 0.0742881
512.517 2.34826 0.104746
512.517 2.41173 0.134781
512.517 2.47519 0.164274
512.517 2.53866 0.193106
512.517 2.60213 0.221159
512.517 2.66559 0.248323
512.517 2.72906 0.274486
512.517 2.79253 0.299544
512.517 2.85599 0.323396
512.517 2.91946 0.345946
512.517 2.98293 0.367103
512.517 3.04639 0.386781
512.517 3.10986 0.404902
512.517 3.17333 0.421393
512.517 3.23679 0.436187
512.517 3.30026 0.449225
512.517 3.36373 0.460453
512.517 3.42719 0.469828
512.517 3.49066 0.477311
512.517 3.55413 0.482872
512.517 3.61759 0.486488
512.517 3.68106 0.488146
512.517 3.74452 0.487838
512.517 3.80799 0.485565
512.517 3.87146 0.481338
512.517 3.93492 0.475172
512.517 3.99839 0.467093
512.517 4.06186 0.457133
512.517 4.12532 0.445332
512.517 4.18879 0.431739
512.517 4.25226 0.416406
512.517 4.31572 0.399397
512.517 4.37919 0.38078
512.517 4.44266 0.36063
512.517 4.50612 0.339027
512.517 4.56959 0.316059
512.517 4.63306 0.291819
512.517 4.69652 0.266403
512.517 4.75999 0.239915
512.517 4.82346 0.212461
512.517 4.88692 0.184151
512.517 4.95039 0.1551
512.517 5.01385 0.125424
512.517 5.07732 0.095243
512.517 5.14079 0.0646787
512.517 5.20425 0.0338539
512.517 5.26772 0.00289271
512.517 5.33119 -0.02808
512.517 5.39465 -0.0589397
512.517 5.45812 -0.0895618
512.517 5.52159 -0.119823
512.517 5.58505 -0.149603
512.517 5.64852 -0.178779
512.517 5.71199 -0.207237
512.517 5.77545 -0.234859
512.517 5.83892 -0.261536
512.517 5.90239 -0.28716
512.517 5.96585 -0.311627
512.517 6.02932 -0.334839
512.517 6.09279 -0.356704
512.517 6.15625 -0.377132
512.517 6.21972 -0.396041
512.517 6.28319 -0.413356
513.518 0 0.0472684
513.518 0.0634665 0.0398836
513.518 0.126933 0.0323384
513.518 0.1904 0.0246627
513.518 0.253866 0.0168879
513.518 0.317333 0.00904506
513.518 0.380799 0.00116563
513.518 0.444266 -0.0067182
513.518 0.507732 -0.0145751
513.518 0.571199 -0.0223733
513.518 0.634665 -0.0300816
513.518 0.698132 -0.0376685
513.518 0.761598 -0.0451039
513.518 0.825065 -0.0523576
513.518 0.888531 -0.0594006
513.518 0.951998 -0.0662042
513.518 1.01546 -0.0727413
513.518 1.07893 -0.0789856
513.518 1.1424 -0.0849118
513.518 1.20586 -0.0904961
513.518 1.26933 -0.0957159
513.518 1.3328 -0.10055
513.518 1.39626 -0.10498
513.518 1.45973 -0.108987
513.518 1.5232 -0.112555
513.518 1.58666 -0.11567
513.518 1.65013 -0.118319
513.518 1.7136 -0.120491
513.518 1.77706 -0.122179
513.518 1.84053 -0.123374
513.518 1.904 -0.124073
513.518 1.96746 -0.124272
513.518 2.03093 -0.123971
513.518 2.0944 -0.12317
513.518 2.15786 -0.121874
513.518 2.22133 -0.120086
513.518 2.28479 -0.117816
513.518 2.34826 -0.11507
513.518 2.41173 -0.111862
513.518 2.47519 -0.108203
513.518 2.53866 -0.104109
513.518 2.60213 -0.0995946
513.518 2.66559 -0.0946796
513.518 2.72906 -0.0893835
513.518 2.79253 -0.0837276
513.518 2.85599 -0.0777344
513.518 2.91946 -0.0714282
513.518 2.98293 -0.0648343
513.518 3.04639 -0.0579796
513.518 3.10986 -0.0508913
513.518 3.17333 -0.043598
513.518 3.23679 -0.0361292
513.518 3.30026 -0.0285148
513.518 3.36373 -0.0207859
513.518 3.42719 -0.0129731
513.518 3.49066 -0.00510796
513.518 3.55413 0.00277766
513.518 3.61759 0.010652
513.518 3.68106 0.0184835
513.518 3.74452 0.0262407
513.518 3.80799 0.033892
513.518 3.87146 0.0414071
513.518 3.93492 0.0487553
513.518 3.99839 0.0559071
513.518 4.06186 0.0628341
513.518 4.12532 0.0695077
513.518 4.18879 0.0759017
513.518 4.25226 0.08199
513.518 4.31572 0.0877481
513.518 4.37919 0.0931529
513.518 4.44266 0.0981825
513.518 4.50612 0.102817
513.518 4.56959 0.107037
513.518 4.63306 0.110827
513.518 4.69652 0.11417
513.518 4.75999 0.117053
513.518 4.82346 0.119465
513.518 4.88692 0.121396
513.518 4.95039 0.122838
513.518 5.01385 0.123786
513.518 5.07732 0.124235
513.518 5.14079 0.124184
513.518 5.20425 0.123633
513.518 5.26772 0.122584
513.518 5.33119 0.121041
513.518 5.39465 0.119011
513.518 5.45812 0.116502
513.518 5.52159 0.113523
513.518 5.58505 0.110088
513.518 5.64852 0.106209
513.518 5.71199 0.101903
513.518 5.77545 0.0971861
513.518 5.83892 0.0920779
513.518 5.90239 0.0865991
513.518 5.96585 0.0807716
513.518 6.02932 0.074619
513.518 6.09279 0.0681657
513.518 6.15625 0.0614379
513.518 6.21972 0.0544629
513.518 6.28319 0.0472684
514.519 0 -0.15541
514.519 0.0634665 -0.167394
514.519 0.126933 -0.178705
514.519 0.1904 -0.189295
514.519 0.253866 -0.199124
514.519 0.317333 -0.20815
514.519 0.380799 -0.216339
514.519 0.444266 -0.223656
514.519 0.507732 -0.230073
514.519 0.571199 -0.235564
514.519 0.634665 -0.240105
514.519 0.698132 -0.24368
514.519 0.761598 -0.246274
514.519 0.825065 -0.247876
514.519 0.888531 -0.24848
514.519 0.951998 -0.248084
514.519 1.01546 -0.246688
514.519 1.07893 -0.2443
514.519 1.1424 -0.240927
514.519 1.20586 -0.236585
514.519 1.26933 -0.231289
514.519 1.3328 -0.225063
514.519 1.39626 -0.21793
514.519 1.45973 -0.20992
514.519 1.5232 -0.201064
514.519 1.58666 -0.191399
514.519 1.65013 -0.180963
514.519 1.7136 -0.169798
514.519 1.77706 -0.15795
514.519 1.84053 -0.145466
514.519 1.904 -0.132396
514.519 1.96746 -0.118792
514.519 2.03093 -0.104711
514.519 2.0944 -0.0902076
514.519 2.15786 -0.0753413
514.519 2.22133 -0.0601716
514.519 2.28479 -0.0447596
514.519 2.34826 -0.0291673
514.519 2.41173 -0.0134575
514.519 2.47519 0.00230633
514.519 2.53866 0.0180612
514.519 2.60213 0.033743
514.519 2.66559 0.049289
514.519 2.72906 0.0646365
514.519 2.79253 0.0797237
514.519 2.85599 0.09449
514.519 2.91946 0.108876
514.519 2.98293 0.122823
514.519 3.04639 0.136276
514.519 3.10986 0.14918
514.519 3.17333 0.161484
514.519 3.23679 0.173137
514.519 3.30026 0.184093
514.519 3.36373 0.194307
514.519 3.42719 0.20374
514.519 3.49066 0.212352
514.519 3.55413 0.220108
514.519 3.61759 0.226979
514.519 3.68106 0.232936
514.519 3.74452 0.237954
514.519 3.80799 0.242015
514.519 3.87146 0.245101
514.519 3.93492 0.2472
514.519 3.99839 0.248303
514.519 4.06186 0.248407
514.519 4.12532 0.247511
514.519 4.18879 0.245618
514.519 4.25226 0.242736
514.519 4.31572 0.238876
514.519 4.37919 0.234055
514.519 4.44266 0.228291
514.519 4.50612 0.221608
514.519 4.56959 0.214033
514.519 4.63306 0.205595
514.519 4.69652 0.19633
514.519 4.75999 0.186275
514.519 4.82346 0.175469
514.519 4.88692 0.163957
514.519 4.95039 0.151784
514.519 5.01385 0.139001
514.519 5.07732 0.125657
514.519 5.14079 0.111808
514.519 5.20425 0.0975083
514.519 5.26772 0.0828162
514.519 5.33119 0.0677904
514.519 5.39465 0.0524919
514.519 5.45812 0.0369821
514.519 5.52159 0.0213232
514.519 5.58505 0.00557841
514.519 5.64852 -0.0101887
514.519 5.71199 -0.025915
514.519 5.77545 -0.0415367
514.519 5.83892 -0.0569912
514.519 5.90239 -0.0722166
514.519 5.96585 -0.087151
514.519 6.02932 -0.101734
514.519 6.09279 -0.115908
514.519 6.15625 -0.129615
514.519 6.21972 -0.1428
514.519 6.28319 -0.15541
515.52 0 -0.028798
515.52 0.0634665 -0.0178128
515.52 0.126933 -0.00675589
515.52 0.1904 0.00432817
515.52 0.253866 0.0153949
515.52 0.317333 0.0263996
515.52 0.380799 0.037298
515.52 0.444266 0.0480462
515.52 0.507732 0.058601
515.52 0.571199 0.0689198
515.52 0.634665 0.078961
515.52 0.698132 0.0886842
515.52 0.761598 0.0980508
515.52 0.825065 0.107022
515.52 0.888531 0.115562
515.52 0.951998 0.123637
515.52 1.01546 0.131215
515.52 1.07893 0.138264
515.52 1.1424 0.144756
515.52 1.20586 0.150665
515.52 1.26933 0.155968
515.52 1.3328 0.160643
515.52 1.39626 0.16467
515.52 1.45973 0.168035
515.52 1.5232 0.170723
515.52 1.58666 0.172724
515.52 1.65013 0.174029
515.52 1.7136 0.174633
515.52 1.77706 0.174534
515.52 1.84053 0.173733
515.52 1.904 0.172232
515.52 1.96746 0.170037
515.52 2.03093 0.167158
515.52 2.0944 0.163605
515.52 2.15786 0.159394
515.52 2.22133 0.154541
515.52 2.28479 0.149066
515.52 2.34826 0.14299
515.52 2.41173 0.136339
515.52 2.47519 0.129138
515.52 2.53866 0.121418
515.52 2.60213 0.113209
515.52 2.66559 0.104544
515.52 2.72906 0.0954579
515.52 2.79253 0.0859875
515.52 2.85599 0.0761708
515.52 2.91946 0.0660475
515.52 2.98293 0.0556581
515.52 3.04639 0.0450447
515.52 3.10986 0.0342499
515.52 3.17333 0.0233172
515.52 3.23679 0.0122906
515.52 3.30026 0.00121441
515.52 3.36373 -0.00986652
515.52 3.42719 -0.0209078
515.52 3.49066 -0.0318648
515.52 3.55413 -0.0426936
515.52 3.61759 -0.0533504
515.52 3.68106 -0.0637925
515.52 3.74452 -0.0739778
515.52 3.80799 -0.0838647
515.52 3.87146 -0.0934145
515.52 3.93492 -0.102588
515.52 3.99839 -0.111348
515.52 4.06186 -0.11966
515.52 4.12532 -0.127491
515.52 4.18879 -0.134807
515.52 4.25226 -0.141581
515.52 4.31572 -0.147785
515.52 4.37919 -0.153394
515.52 4.44266 -0.158385
515.52 4.50612 -0.162738
515.52 4.56959 -0.166436
515.52 4.63306 -0.169464
515.52 4.69652 -0.17181
515.52 4.75999 -0.173464
515.52 4.82346 -0.174419
515.52 4.88692 -0.174672
515.52 4.95039 -0.174221
515.52 5.01385 -0.173069
515.52 5.07732 -0.171221
515.52 5.14079 -0.168682
515.52 5.20425 -0.165465
515.52 5.26772 -0.161581
515.52 5.33119 -0.157047
515.52 5.39465 -0.15188
515.52 5.45812 -0.146102
515.52 5.52159 -0.139735
515.52 5.58505 -0.132806
515.52 5.64852 -0.125341
515.52 5.71199 -0.117373
515.52 5.77545 -0.108931
515.52 5.83892 -0.100051
515.52 5.90239 -0.0907684
515.52 5.96585 -0.08112
515.52 6.02932 -0.0711451
515.52 6.09279 -0.0608835
515.52 6.15625 -0.0503769
515.52 6.21972 -0.0396672
515.52 6.28319 -0.0287979
516.521 0 0.261311
516.521 0.0634665 0.233642
516.521 0.126933 0.205031
516.521 0.1904 0.175595
516.521 0.253866 0.145452
516.521 0.317333 0.114724
516.521 0.380799 0.083533
516.521 0.444266 0.0520059
516.521 0.507732 0.0202694
516.521 0.571199 -0.0115486
516.521 0.634665 -0.0433202
516.521 0.698132 -0.0749173
516.521 0.761598 -0.106213
516.521 0.825065 -0.137081
516.521 0.888531 -0.167396
516.521 0.951998 -0.197038
516.521 1.01546 -0.225887
516.521 1.07893 -0.253825
516.521 1.1424 -0.280742
516.521 1.20586 -0.306528
516.521 1.26933 -0.33108
516.521 1.3328 -0.354299
516.521 1.39626 -0.376092
516.521 1.45973 -0.396369
516.521 1.5232 -0.415051
516.521 1.58666 -0.432061
516.521 1.65013 -0.447332
516.521 1.7136 -0.460802
516.521 1.77706 -0.472416
516.521 1.84053 -0.482127
516.521 1.904 -0.489898
516.521 1.96746 -0.495696
516.521 2.03093 -0.499498
516.521 2.0944 -0.501288
516.521 2.15786 -0.50106
516.521 2.22133 -0.498814
516.521 2.28479 -0.49456
516.521 2.34826 -0.488315
516.521 2.41173 -0.480103
516.521 2.47519 -0.469958
516.521 2.53866 -0.457921
516.521 2.60213 -0.444039
516.521 2.66559 -0.42837
516.521 2.72906 -0.410976
516.521 2.79253 -0.391926
516.521 2.85599 -0.371299
516.521 2.91946 -0.349177
516.521 2.98293 -0.325649
516.521 3.04639 -0.300809
516.521 3.10986 -0.274758
516.521 3.17333 -0.247601
516.521 3.23679 -0.219447
516.521 3.30026 -0.190409
516.521 3.36373 -0.160605
516.521 3.42719 -0.130153
516.521 3.49066 -0.0991782
516.521 3.55413 -0.0678035
516.521 3.61759 -0.0361558
516.521 3.68106 -0.00436255
516.521 3.74452 0.0274483
516.521 3.80799 0.0591486
516.521 3.87146 0.0906106
516.521 3.93492 0.121708
516.521 3.99839 0.152315
516.521 4.06186 0.182309
516.521 4.12532 0.211569
516.521 4.18879 0.239977
516.521 4.25226 0.267418
516.521 4.31572 0.293783
516.521 4.37919 0.318965
516.521 4.44266 0.342862
516.521 4.50612 0.365379
516.521 4.56959 0.386425
516.521 4.63306 0.405914
516.521 4.69652 0.42377
516.521 4.75999 0.439918
516.521 4.82346 0.454296
516.521 4.88692 0.466844
516.521 4.95039 0.477513
516.521 5.01385 0.486258
516.521 5.07732 0.493045
516.521 5.14079 0.497847
516.521 5.20425 0.500645
516.521 5.26772 0.501427
516.521 5.33119 0.500189
516.521 5.39465 0.496937
516.521 5.45812 0.491685
516.521 5.52159 0.484452
516.521 5.58505 0.47527
516.521 5.64852 0.464173
516.521 5.71199 0.451207
516.521 5.77545 0.436424
516.521 5.83892 0.419884
516.521 5.90239 0.401653
516.521 5.96585 0.381805
516.521 6.02932 0.36042
516.521 6.09279 0.337583
516.521 6.15625 0.313387
516.521 6.21972 0.287929
516.521 6.28319 0.261311
517.522 0 -0.0977178
517.522 0.0634665 -0.111387
517.522 0.126933 -0.124607
517.522 0.1904 -0.137326
517.522 0.253866 -0.149491
517.522 0.317333 -0.161055
517.522 0.380799 -0.17197
517.522 0.444266 -0.182193
517.522 0.507732 -0.191682
517.522 0.571199 -0.200399
517.522 0.634665 -0.20831
517.522 0.698132 -0.215381
517.522 0.761598 -0.221585
517.522 0.825065 -0.226897
517.522 0.888531 -0.231296
517.522 0.951998 -0.234763
517.522 1.01546 -0.237285
517.522 1.07893 -0.238851
517.522 1.1424 -0.239455
517.522 1.20586 -0.239096
517.522 1.26933 -0.237773
517.522 1.3328 -0.235493
517.522 1.39626 -0.232265
517.522 1.45973 -0.228102
517.522 1.5232 -0.22302
517.522 1.58666 -0.21704
517.522 1.65013 -0.210186
517.522 1.7136 -0.202486
517.522 1.77706 -0.193971
517.522 1.84053 -0.184674
517.522 1.904 -0.174634
517.522 1.96746 -0.16389
517.522 2.03093 -0.152487
517.522 2.0944 -0.14047
517.522 2.15786 -0.127887
517.522 2.22133 -0.114789
517.522 2.28479 -0.101229
517.522 2.34826 -0.0872612
517.522 2.41173 -0.0729421
517.522 2.47519 -0.0583295
517.522 2.53866 -0.0434816
517.522 2.60213 -0.0284588
517.522 2.66559 -0.0133213
517.522 2.72906 0.0018696
517.522 2.79253 0.0170529
517.522 2.85599 0.0321678
517.522 2.91946 0.0471529
517.522 2.98293 0.0619483
517.522 3.04639 0.0764942
517.522 3.10986 0.0907321
517.522 3.17333 0.104605
517.522 3.23679 0.118056
517.522 3.30026 0.131032
517.522 3.36373 0.143481
517.522 3.42719 0.155351
517.522 3.49066 0.166596
517.522 3.55413 0.177171
517.522 3.61759 0.187031
517.522 3.68106 0.196139
517.522 3.74452 0.204457
517.522 3.80799 0.211952
517.522 3.87146 0.218593
517.522 3.93492 0.224355
517.522 3.99839 0.229212
517.522 4.06186 0.233147
517.522 4.12532 0.236142
517.522 4.18879 0.238188
517.522 4.25226 0.239273
517.522 4.31572 0.239396
517.522 4.37919 0.238554
517.522 4.44266 0.236752
517.522 4.50612 0.233997
517.522 4.56959 0.230299
517.522 4.63306 0.225675
517.522 4.69652 0.220141
517.522 4.75999 0.213721
517.522 4.82346 0.20644
517.522 4.88692 0.198328
517.522 4.95039 0.189418
517.522 5.01385 0.179744
517.522 5.07732 0.169347
517.522 5.14079 0.158268
517.522 5.20425 0.146552
517.522 5.26772 0.134246
517.522 5.33119 0.121399
517.522 5.39465 0.108063
517.522 5.45812 0.0942926
517.522 5.52159 0.0801419
517.522 5.58505 0.0656688
517.522 5.64852 0.0509312
517.522 5.71199 0.0359884
517.522 5.77545 0.0209006
517.522 5.83892 0.00572893
517.522 5.90239 -0.00946573
517.522 5.96585 -0.0246227
517.522 6.02932 -0.0396803
517.522 6.09279 -0.0545779
517.522 6.15625 -0.0692559
517.522 6.21972 -0.0836554
517.522 6.28319 -0.0977176
518.523 0 -0.0255694
518.523 0.0634665 0.0124652
518.523 0.126933 0.0504496
518.523 0.1904 0.0882309
518.523 0.253866 0.125657
518.523 0.317333 0.162577
518.523 0.380799 0.198842
518.523 0.444266 0.234307
518.523 0.507732 0.268828
518.523 0.571199 0.302267
518.523 0.634665 0.334489
518.523 0.698132 0.365364
518.523 0.761598 0.394767
518.523 0.825065 0.422581
518.523 0.888531 0.448694
518.523 0.951998 0.472999
518.523 1.01546 0.4954
518.523 1.07893 0.515807
518.523 1.1424 0.534136
518.523 1.20586 0.550314
518.523 1.26933 0.564277
518.523 1.3328 0.575968
518.523 1.39626 0.585339
518.523 1.45973 0.592353
518.523 1.5232 0.596982
518.523 1.58666 0.599207
518.523 1.65013 0.59902
518.523 1.7136 0.596421
518.523 1.77706 0.59142
518.523 1.84053 0.584036
518.523 1.904 0.574302
518.523 1.96746 0.562256
518.523 2.03093 0.547945
518.523 2.0944 0.531428
518.523 2.15786 0.51277
518.523 2.22133 0.492049
518.523 2.28479 0.469346
518.523 2.34826 0.444752
518.523 2.41173 0.418369
518.523 2.47519 0.3903
518.523 2.53866 0.36066
518.523 2.60213 0.329568
518.523 2.66559 0.297149
518.523 2.72906 0.263533
518.523 2.79253 0.228855
518.523 2.85599 0.193257
518.523 2.91946 0.15688
518.523 2.98293 0.119872
518.523 3.04639 0.0823805
518.523 3.10986 0.0445577
518.523 3.17333 0.0065553
518.523 3.23679 -0.0314731
518.523 3.30026 -0.0693751
518.523 3.36373 -0.106998
518.523 3.42719 -0.14419
518.523 3.49066 -0.180801
518.523 3.55413 -0.216684
518.523 3.61759 -0.251695
518.523 3.68106 -0.285691
518.523 3.74452 -0.318539
518.523 3.80799 -0.350103
518.523 3.87146 -0.380257
518.523 3.93492 -0.40888
518.523 3.99839 -0.435857
518.523 4.06186 -0.461079
518.523 4.12532 -0.484444
518.523 4.18879 -0.505858
518.523 4.25226 -0.525236
518.523 4.31572 -0.542499
518.523 4.37919 -0.557576
518.523 4.44266 -0.570409
518.523 4.50612 -0.580946
518.523 4.56959 -0.589142
518.523 4.63306 -0.594967
518.523 4.69652 -0.598396
518.523 4.75999 -0.599415
518.523 4.82346 -0.598021
518.523 4.88692 -0.594219
518.523 4.95039 -0.588024
518.523 5.01385 -0.579461
518.523 5.07732 -0.568565
518.523 5.14079 -0.55538
518.523 5.20425 -0.539958
518.523 5.26772 -0.522361
518.523 5.33119 -0.502662
518.523 5.39465 -0.480939
518.523 5.45812 -0.457279
518.523 5.52159 -0.431778
518.523 5.58505 -0.404538
518.523 5.64852 -0.37567
518.523 5.71199 -0.345288
518.523 5.77545 -0.313516
518.523 5.83892 -0.280482
518.523 5.90239 -0.246318
518.523 5.96585 -0.211162
518.523 6.02932 -0.175157
518.523 6.09279 -0.138445
518.523 6.15625 -0.101177
518.523 6.21972 -0.063501
518.523 6.28319 -0.0255692
519.524 0 -0.321248
519.524 0.0634665 -0.341412
519.524 0.126933 -0.3602
519.524 0.1904 -0.377539
519.524 0.253866 -0.393357
519.524 0.317333 -0.407591
519.524 0.380799 -0.420184
519.524 0.444266 -0.431085
519.524 0.507732 -0.44025
519.524 0.571199 -0.447643
519.524 0.634665 -0.453233
519.524 0.698132 -0.456998
519.524 0.761598 -0.458923
519.524 0.825065 -0.459
519.524 0.888531 -0.457228
519.524 0.951998 -0.453616
519.524 1.01546 -0.448177
519.524 1.07893 -0.440933
519.524 1.1424 -0.431914
519.524 1.20586 -0.421156
519.524 1.26933 -0.408702
519.524 1.3328 -0.394602
519.524 1.39626 -0.378913
519.524 1.45973 -0.361699
519.524 1.5232 -0.343028
519.524 1.58666 -0.322975
519.524 1.65013 -0.301623
519.524 1.7136 -0.279056
519.524 1.77706 -0.255365
519.524 1.84053 -0.230646
519.524 1.904 -0.204998
519.524 1.96746 -0.178525
519.524 2.03093 -0.151332
519.524 2.0944 -0.123531
519.524 2.15786 -0.0952319
519.524 2.22133 -0.0665497
519.524 2.28479 -0.0375993
519.524 2.34826 -0.00849751
519.524 2.41173 0.0206386
519.524 2.47519 0.0496915
519.524 2.53866 0.0785442
519.524 2.60213 0.107081
519.524 2.66559 0.135186
519.524 2.72906 0.162747
519.524 2.79253 0.189653
519.524 2.85599 0.215795
519.524 2.91946 0.241068
519.524 2.98293 0.26537
519.524 3.04639 0.288604
519.524 3.10986 0.310676
519.524 3.17333 0.331497
519.524 3.23679 0.350983
519.524 3.30026 0.369055
519.524 3.36373 0.385642
519.524 3.42719 0.400675
519.524 3.49066 0.414096
519.524 3.55413 0.425849
519.524 3.61759 0.435887
519.524 3.68106 0.44417
519.524 3.74452 0.450664
519.524 3.80799 0.455345
519.524 3.87146 0.458191
519.524 3.93492 0.459192
519.524 3.99839 0.458345
519.524 4.06186 0.455652
519.524 4.12532 0.451123
519.524 4.18879 0.444779
519.524 4.25226 0.436643
519.524 4.31572 0.42675
519.524 4.37919 0.415138
519.524 4.44266 0.401854
519.524 4.50612 0.386952
519.524 4.56959 0.370493
519.524 4.63306 0.352541
519.524 4.69652 0.33317
519.524 4.75999 0.312457
519.524 4.82346 0.290486
519.524 4.88692 0.267345
519.524 4.95039 0.243128
519.524 5.01385 0.217932
519.524 5.07732 0.191858
519.524 5.14079 0.165012
519.524 5.20425 0.137501
519.524 5.26772 0.109437
519.524 5.33119 0.0809314
519.524 5.39465 0.0521005
519.524 5.45812 0.02306
519.524 5.52159 -0.00607357
519.524 5.58505 -0.0351827
519.524 5.64852 -0.0641501
519.524 5.71199 -0.0928593
519.524 5.77545 -0.121194
519.524 5.83892 -0.149042
519.524 5.90239 -0.176289
519.524 5.96585 -0.202826
519.524 6.02932 -0.228546
519.524 6.09279 -0.253347
519.524 6.15625 -0.277127
519.524 6.21972 -0.299791
519.524 6.28319 -0.321248
520.525 0 0.198466
520.525 0.0634665 0.190478
520.525 0.126933 0.181723
520.525 0.1904 0.172237
520.525 0.253866 0.162057
520.525 0.317333 0.151224
520.525 0.380799 0.139783
520.525 0.444266 0.127779
520.525 0.507732 0.11526
520.525 0.571199 0.102277
520.525 0.634665 0.0888821
520.525 0.698132 0.0751293
520.525 0.761598 0.0610741
520.525 0.825065 0.046773
520.525 0.888531 0.0322836
520.525 0.951998 0.0176642
520.525 1.01546 0.00297356
520.525 1.07893 -0.0117291
520.525 1.1424 -0.0263844
520.525 1.20586 -0.0409335
520.525 1.26933 -0.0553177
520.525 1.3328 -0.0694794
520.525 1.39626 -0.0833611
520.525 1.45973 -0.0969071
520.525 1.5232 -0.110063
520.525 1.58666 -0.122776
520.525 1.65013 -0.134994
520.525 1.7136 -0.146669
520.525 1.77706 -0.157753
520.525 1.84053 -0.168202
520.525 1.904 -0.177973
520.525 1.96746 -0.187029
520.525 2.03093 -0.19533
520.525 2.0944 -0.202846
520.525 2.15786 -0.209544
520.525 2.22133 -0.2154
520.525 2.28479 -0.220387
520.525 2.34826 -0.224487
520.525 2.41173 -0.227683
520.525 2.47519 -0.229962
520.525 2.53866 -0.231316
520.525 2.60213 -0.231738
520.525 2.66559 -0.231227
520.525 2.72906 -0.229784
520.525 2.79253 -0.227417
520.525 2.85599 -0.224134
520.525 2.91946 -0.219948
520.525 2.98293 -0.214877
520.525 3.04639 -0.20894
520.525 3.10986 -0.202162
520.525 3.17333 -0.19457
520.525 3.23679 -0.186195
520.525 3.30026 -0.177069
520.525 3.36373 -0.167231
520.525 3.42719 -0.15672
520.525 3.49066 -0.145577
520.525 3.55413 -0.133848
520.525 3.61759 -0.12158
520.525 3.68106 -0.108823
520.525 3.74452 -0.0956276
520.525 3.80799 -0.082047
520.525 3.87146 -0.0681361
520.525 3.93492 -0.0539508
520.525 3.99839 -0.0395481
520.525 4.06186 -0.0249864
520.525 4.12532 -0.010324
520.525 4.18879 0.00438008
520.525 4.25226 0.0190664
520.525 4.31572 0.0336759
520.525 4.37919 0.0481499
520.525 4.44266 0.0624299
520.525 4.50612 0.0764586
520.525 4.56959 0.0901795
520.525 4.63306 0.103537
520.525 4.69652 0.116478
520.525 4.75999 0.12895
520.525 4.82346 0.140902
520.525 4.88692 0.152287
520.525 4.95039 0.163059
520.525 5.01385 0.173175
520.525 5.07732 0.182593
520.525 5.14079 0.191276
520.525 5.20425 0.199189
520.525 5.26772 0.206299
520.525 5.33119 0.212579
520.525 5.39465 0.218003
520.525 5.45812 0.222549
520.525 5.52159 0.226199
520.525 5.58505 0.228938
520.525 5.64852 0.230755
520.525 5.71199 0.231643
520.525 5.77545 0.231599
520.525 5.83892 0.230622
520.525 5.90239 0.228716
520.525 5.96585 0.225889
520.525 6.02932 0.222153
520.525 6.09279 0.217522
520.525 6.15625 0.212015
520.525 6.21972 0.205654
520.525 6.28319 0.198466
521.526 0 0.0309126
521.526 0.0634665 0.0509513
521.526 0.126933 0.0707849
521.526 0.1904 0.0903335
521.526 0.253866 0.109518
521.526 0.317333 0.128262
521.526 0.380799 0.146489
521.526 0.444266 0.164127
521.526 0.507732 0.181104
521.526 0.571199 0.197351
521.526 0.634665 0.212804
521.526 0.698132 0.2274
521.526 0.761598 0.24108
521.526 0.825065 0.253789
521.526 0.888531 0.265477
521.526 0.951998 0.276095
521.526 1.01546 0.285602
521.526 1.07893 0.293959
521.526 1.1424 0.301132
521.526 1.20586 0.307093
521.526 1.26933 0.311817
521.526 1.3328 0.315285
521.526 1.39626 0.317483
521.526 1.45973 0.318404
521.526 1.5232 0.318043
521.526 1.58666 0.3164
521.526 1.65013 0.313485
521.526 1.7136 0.309306
521.526 1.77706 0.303882
521.526 1.84053 0.297234
521.526 1.904 0.28939
521.526 1.96746 0.28038
521.526 2.03093 0.270241
521.526 2.0944 0.259014
521.526 2.15786 0.246744
521.526 2.22133 0.23348
521.526 2.28479 0.219277
521.526 2.34826 0.20419
521.526 2.41173 0.188282
521.526 2.47519 0.171615
521.526 2.53866 0.154257
521.526 2.60213 0.136278
521.526 2.66559 0.11775
521.526 2.72906 0.0987483
521.526 2.79253 0.0793484
521.526 2.85599 0.0596294
521.526 2.91946 0.0396702
521.526 2.98293 0.0195513
521.526 3.04639 -0.00064648
521.526 3.10986 -0.0208415
521.526 3.17333 -0.0409525
521.526 3.23679 -0.0608988
521.526 3.30026 -0.0805998
521.526 3.36373 -0.0999762
521.526 3.42719 -0.11895
521.526 3.49066 -0.137445
521.526 3.55413 -0.155387
521.526 3.61759 -0.172702
521.526 3.68106 -0.189323
521.526 3.74452 -0.205181
521.526 3.80799 -0.220213
521.526 3.87146 -0.234358
521.526 3.93492 -0.247559
521.526 3.99839 -0.259764
521.526 4.06186 -0.270923
521.526 4.12532 -0.28099
521.526 4.18879 -0.289926
521.526 4.25226 -0.297695
521.526 4.31572 -0.304266
521.526 4.37919 -0.30961
521.526 4.44266 -0.313709
521.526 4.50612 -0.316544
521.526 4.56959 -0.318104
521.526 4.63306 -0.318384
521.526 4.69652 -0.317381
521.526 4.75999 -0.315101
521.526 4.82346 -0.311552
521.526 4.88692 -0.306748
521.526 4.95039 -0.300709
521.526 5.01385 -0.29346
521.526 5.07732 -0.285028
521.526 5.14079 -0.275449
521.526 5.20425 -0.264761
521.526 5.26772 -0.253006
521.526 5.33119 -0.240233
521.526 5.39465 -0.226493
521.526 5.45812 -0.21184
521.526 5.52159 -0.196335
521.526 5.58505 -0.180039
521.526 5.64852 -0.163018
521.526 5.71199 -0.14534
521.526 5.77545 -0.127078
521.526 5.83892 -0.108304
521.526 5.90239 -0.089093
521.526 5.96585 -0.0695239
521.526 6.02932 -0.0496748
521.526 6.09279 -0.0296257
521.526 6.15625 -0.00945716
521.526 6.21972 0.0107494
521.526 6.28319 0.0309127
522.527 0 -0.170443
522.527 0.0634665 -0.16748
522.527 0.126933 -0.163842
522.527 0.1904 -0.159544
522.527 0.253866 -0.154604
522.527 0.317333 -0.149042
522.527 0.380799 -0.142879
522.527 0.444266 -0.136141
522.527 0.507732 -0.128855
522.527 0.571199 -0.12105
522.527 0.634665 -0.112758
522.527 0.698132 -0.104012
522.527 0.761598 -0.0948464
522.527 0.825065 -0.0852992
522.527 0.888531 -0.0754086
522.527 0.951998 -0.0652144
522.527 1.01546 -0.0547576
522.527 1.07893 -0.0440802
522.527 1.1424 -0.0332254
522.527 1.20586 -0.0222367
522.527 1.26933 -0.0111586
522.527 1.3328 -3.5501e-05
522.527 1.39626 0.0110876
522.527 1.45973 0.0221664
522.527 1.5232 0.0331556
522.527 1.58666 0.0440114
522.527 1.65013 0.0546901
522.527 1.7136 0.0651484
522.527 1.77706 0.0753446
522.527 1.84053 0.0852372
522.527 1.904 0.0947867
522.527 1.96746 0.103954
522.527 2.03093 0.112704
522.527 2.0944 0.120999
522.527 2.15786 0.128807
522.527 2.22133 0.136097
522.527 2.28479 0.142838
522.527 2.34826 0.149005
522.527 2.41173 0.154571
522.527 2.47519 0.159515
522.527 2.53866 0.163816
522.527 2.60213 0.167458
522.527 2.66559 0.170426
522.527 2.72906 0.172707
522.527 2.79253 0.174294
522.527 2.85599 0.175178
522.527 2.91946 0.175357
522.527 2.98293 0.174829
522.527 3.04639 0.173598
522.527 3.10986 0.171668
522.527 3.17333 0.169046
522.527 3.23679 0.165744
522.527 3.30026 0.161774
522.527 3.36373 0.157153
522.527 3.42719 0.1519
522.527 3.49066 0.146034
522.527 3.55413 0.139581
522.527 3.61759 0.132565
522.527 3.68106 0.125016
522.527 3.74452 0.116963
522.527 3.80799 0.108439
522.527 3.87146 0.0994791
522.527 3.93492 0.0901182
522.527 3.99839 0.0803945
522.527 4.06186 0.0703469
522.527 4.12532 0.0600161
522.527 4.18879 0.0494438
522.527 4.25226 0.0386722
522.527 4.31572 0.0277451
522.527 4.37919 0.0167061
522.527 4.44266 0.0055999
522.527 4.50612 -0.0055288
522.527 4.56959 -0.0166354
522.527 4.63306 -0.0276749
522.527 4.69652 -0.0386029
522.527 4.75999 -0.0493757
522.527 4.82346 -0.0599495
522.527 4.88692 -0.0702818
522.527 4.95039 -0.0803314
522.527 5.01385 -0.0900574
522.527 5.07732 -0.0994205
522.527 5.14079 -0.108384
522.527 5.20425 -0.11691
522.527 5.26772 -0.124966
522.527 5.33119 -0.132519
522.527 5.39465 -0.139538
522.527 5.45812 -0.145995
522.527 5.52159 -0.151864
522.527 5.58505 -0.157122
522.527 5.64852 -0.161747
522.527 5.71199 -0.165721
522.527 5.77545 -0.169027
522.527 5.83892 -0.171653
522.527 5.90239 -0.173588
522.527 5.96585 -0.174824
522.527 6.02932 -0.175355
522.527 6.09279 -0.175181
522.527 6.15625 -0.174301
522.527 6.21972 -0.17272
522.527 6.28319 -0.170443
523.528 0 0.12292
523.528 0.0634665 0.114988
523.528 0.126933 0.106592
523.528 0.1904 0.097767
523.528 0.253866 0.0885483
523.528 0.317333 0.0789731
523.528 0.380799 0.06908
523.528 0.444266 0.0589085
523.528 0.507732 0.0484998
523.528 0.571199 0.0378961
523.528 0.634665 0.0271397
523.528 0.698132 0.016274
523.528 0.761598 0.0053426
523.528 0.825065 -0.00561025
523.528 0.888531 -0.0165403
523.528 0.951998 -0.027404
523.528 1.01546 -0.0381572
523.528 1.07893 -0.0487567
523.528 1.1424 -0.05916
523.528 1.20586 -0.0693252
523.528 1.26933 -0.079211
523.528 1.3328 -0.088778
523.528 1.39626 -0.0979874
523.528 1.45973 -0.106802
523.528 1.5232 -0.115187
523.528 1.58666 -0.123108
523.528 1.65013 -0.130533
523.528 1.7136 -0.137433
523.528 1.77706 -0.14378
523.528 1.84053 -0.149547
523.528 1.904 -0.154712
523.528 1.96746 -0.159254
523.528 2.03093 -0.163155
523.528 2.0944 -0.166399
523.528 2.15786 -0.168973
523.528 2.22133 -0.170867
523.528 2.28479 -0.172072
523.528 2.34826 -0.172585
523.528 2.41173 -0.172403
523.528 2.47519 -0.171526
523.528 2.53866 -0.169959
523.528 2.60213 -0.167708
523.528 2.66559 -0.164781
523.528 2.72906 -0.16119
523.528 2.79253 -0.156951
523.528 2.85599 -0.15208
523.528 2.91946 -0.146596
523.528 2.98293 -0.140522
523.528 3.04639 -0.133882
523.528 3.10986 -0.126703
523.528 3.17333 -0.119014
523.528 3.23679 -0.110846
523.528 3.30026 -0.102231
523.528 3.36373 -0.0932045
523.528 3.42719 -0.0838028
523.528 3.49066 -0.0740638
523.528 3.55413 -0.0640264
523.528 3.61759 -0.0537313
523.528 3.68106 -0.0432196
523.528 3.74452 -0.0325343
523.528 3.80799 -0.0217177
523.528 3.87146 -0.0108137
523.528 3.93492 0.000133932
523.528 3.99839 0.0110809
523.528 4.06186 0.0219831
523.528 4.12532 0.032797
523.528 4.18879 0.0434788
523.528 4.25226 0.0539856
523.528 4.31572 0.064275
523.528 4.37919 0.0743054
523.528 4.44266 0.0840366
523.528 4.50612 0.0934297
523.528 4.56959 0.102446
523.528 4.63306 0.111051
523.528 4.69652 0.119208
523.528 4.75999 0.126885
523.528 4.82346 0.134051
523.528 4.88692 0.140677
523.528 4.95039 0.146737
523.528 5.01385 0.152206
523.528 5.07732 0.157062
523.528 5.14079 0.161286
523.528 5.20425 0.16486
523.528 5.26772 0.167771
523.528 5.33119 0.170006
523.528 5.39465 0.171556
523.528 5.45812 0.172416
523.528 5.52159 0.172581
523.528 5.58505 0.172051
523.528 5.64852 0.170829
523.528 5.71199 0.168918
523.528 5.77545 0.166328
523.528 5.83892 0.163068
523.528 5.90239 0.159151
523.528 5.96585 0.154593
523.528 6.02932 0.149413
523.528 6.09279 0.143631
523.528 6.15625 0.137271
523.528 6.21972 0.130358
523.528 6.28319 0.12292
524.529 0 0.330022
524.529 0.0634665 0.325949
524.529 0.126933 0.320563
524.529 0.1904 0.313887
524.529 0.253866 0.305946
524.529 0.317333 0.296774
524.529 0.380799 0.286406
524.529 0.444266 0.274886
524.529 0.507732 0.262258
524.529 0.571199 0.248575
524.529 0.634665 0.23389
524.529 0.698132 0.218264
524.529 0.761598 0.201759
524.529 0.825065 0.184441
524.529 0.888531 0.166381
524.529 0.951998 0.147651
524.529 1.01546 0.128326
524.529 1.07893 0.108485
524.529 1.1424 0.0882067
524.529 1.20586 0.0675733
524.529 1.26933 0.0466678
524.529 1.3328 0.0255743
524.529 1.39626 0.00437792
524.529 1.45973 -0.0168362
524.529 1.5232 -0.0379824
524.529 1.58666 -0.0589757
524.529 1.65013 -0.0797316
524.529 1.7136 -0.100166
524.529 1.77706 -0.120198
524.529 1.84053 -0.139745
524.529 1.904 -0.15873
524.529 1.96746 -0.177076
524.529 2.03093 -0.194708
524.529 2.0944 -0.211557
524.529 2.15786 -0.227553
524.529 2.22133 -0.242634
524.529 2.28479 -0.256737
524.529 2.34826 -0.269807
524.529 2.41173 -0.28179
524.529 2.47519 -0.292639
524.529 2.53866 -0.302309
524.529 2.60213 -0.310762
524.529 2.66559 -0.317963
524.529 2.72906 -0.323885
524.529 2.79253 -0.328502
524.529 2.85599 -0.331796
524.529 2.91946 -0.333754
524.529 2.98293 -0.334369
524.529 3.04639 -0.333637
524.529 3.10986 -0.331561
524.529 3.17333 -0.328151
524.529 3.23679 -0.323419
524.529 3.30026 -0.317385
524.529 3.36373 -0.310073
524.529 3.42719 -0.301512
524.529 3.49066 -0.291737
524.529 3.55413 -0.280788
524.529 3.61759 -0.268707
524.529 3.68106 -0.255545
524.529 3.74452 -0.241354
524.529 3.80799 -0.226191
524.529 3.87146 -0.210117
524.529 3.93492 -0.193197
524.529 3.99839 -0.1755
524.529 4.06186 -0.157095
524.529 4.12532 -0.138058
524.529 4.18879 -0.118465
524.529 4.25226 -0.0983953
524.529 4.31572 -0.0779292
524.529 4.37919 -0.0571491
524.529 4.44266 -0.0361394
524.529 4.50612 -0.0149837
524.529 4.56959 0.00623218
524.529 4.63306 0.0274231
524.529 4.69652 0.0485034
524.529 4.75999 0.0693886
524.529 4.82346 0.0899942
524.529 4.88692 0.110238
524.529 4.95039 0.130037
524.529 5.01385 0.149313
524.529 5.07732 0.167988
524.529 5.14079 0.185986
524.529 5.20425 0.203235
524.529 5.26772 0.219666
524.529 5.33119 0.235212
524.529 5.39465 0.249812
524.529 5.45812 0.263405
524.529 5.52159 0.275938
524.529 5.58505 0.287359
524.529 5.64852 0.297624
524.529 5.71199 0.30669
524.529 5.77545 0.314521
524.529 5.83892 0.321086
524.529 5.90239 0.326357
524.529 5.96585 0.330315
524.529 6.02932 0.332943
524.529 6.09279 0.33423
524.529 6.15625 0.334171
524.529 6.21972 0.332766
524.529 6.28319 0.330022
525.53 0 -0.0262696
525.53 0.0634665 -0.0336596
525.53 0.126933 -0.0409141
525.53 0.1904 -0.0480041
525.53 0.253866 -0.0549007
525.53 0.317333 -0.0615761
525.53 0.380799 -0.0680036
525.53 0.444266 -0.0741573
525.53 0.507732 -0.0800123
525.53 0.571199 -0.0855452
525.53 0.634665 -0.0907337
525.53 0.698132 -0.0955567
525.53 0.761598 -0.0999952
525.53 0.825065 -0.104031
525.53 0.888531 -0.107648
525.53 0.951998 -0.110831
525.53 1.01546 -0.113568
525.53 1.07893 -0.115848
525.53 1.1424 -0.117661
525.53 1.20586 -0.119
525.53 1.26933 -0.119861
525.53 1.3328 -0.120238
525.53 1.39626 -0.120132
525.53 1.45973 -0.119542
525.53 1.5232 -0.11847
525.53 1.58666 -0.116921
525.53 1.65013 -0.114902
525.53 1.7136 -0.11242
525.53 1.77706 -0.109485
525.53 1.84053 -0.10611
525.53 1.904 -0.102307
525.53 1.96746 -0.0980923
525.53 2.03093 -0.0934823
525.53 2.0944 -0.0884961
525.53 2.15786 -0.0831535
525.53 2.22133 -0.077476
525.53 2.28479 -0.0714867
525.53 2.34826 -0.0652094
525.53 2.41173 -0.0586697
525.53 2.47519 -0.0518937
525.53 2.53866 -0.0449087
525.53 2.60213 -0.0377429
525.53 2.66559 -0.0304249
525.53 2.72906 -0.0229848
525.53 2.79253 -0.0154519
525.53 2.85599 -0.0078568
525.53 2.91946 -0.000229959
525.53 2.98293 0.00739772
525.53 3.04639 0.0149954
525.53 3.10986 0.022533
525.53 3.17333 0.0299796
525.53 3.23679 0.0373057
525.53 3.30026 0.0444815
525.53 3.36373 0.0514782
525.53 3.42719 0.0582676
525.53 3.49066 0.0648225
525.53 3.55413 0.0711163
525.53 3.61759 0.0771237
525.53 3.68106 0.0828205
525.53 3.74452 0.088184
525.53 3.80799 0.0931922
525.53 3.87146 0.0978252
525.53 3.93492 0.102064
525.53 3.99839 0.105893
525.53 4.06186 0.109294
525.53 4.12532 0.112256
525.53 4.18879 0.114766
525.53 4.25226 0.116813
525.53 4.31572 0.11839
525.53 4.37919 0.119491
525.53 4.44266 0.12011
525.53 4.50612 0.120246
525.53 4.56959 0.119897
525.53 4.63306 0.119066
525.53 4.69652 0.117755
525.53 4.75999 0.11597
525.53 4.82346 0.113718
525.53 4.88692 0.111009
525.53 4.95039 0.107852
525.53 5.01385 0.104261
525.53 5.07732 0.10025
525.53 5.14079 0.0958353
525.53 5.20425 0.0910351
525.53 5.26772 0.085868
525.53 5.33119 0.0803552
525.53 5.39465 0.0745189
525.53 5.45812 0.0683824
525.53 5.52159 0.0619708
525.53 5.58505 0.0553096
525.53 5.64852 0.0484256
525.53 5.71199 0.0413465
525.53 5.77545 0.0341011
525.53 5.83892 0.0267183
525.53 5.90239 0.019228
525.53 5.96585 0.0116602
525.53 6.02932 0.00404538
525.53 6.09279 -0.00358561
525.53 6.15625 -0.0112021
525.53 6.21972 -0.0187736
525.53 6.28319 -0.0262696
526.531 0 -0.129626
526.531 0.0634665 -0.144812
526.531 0.126933 -0.159414
526.531 0.1904 -0.173374
526.531 0.253866 -0.186636
526.531 0.317333 -0.199146
526.531 0.380799 -0.210855
526.531 0.444266 -0.221715
526.531 0.507732 -0.231681
526.531 0.571199 -0.240715
526.531 0.634665 -0.24878
526.531 0.698132 -0.255843
526.531 0.761598 -0.261875
526.531 0.825065 -0.266854
526.531 0.888531 -0.270758
526.531 0.951998 -0.273571
526.531 1.01546 -0.275283
526.531 1.07893 -0.275886
526.531 1.1424 -0.275378
526.531 1.20586 -0.273762
526.531 1.26933 -0.271043
526.531 1.3328 -0.267233
526.531 1.39626 -0.262347
526.531 1.45973 -0.256405
526.531 1.5232 -0.24943
526.531 1.58666 -0.24145
526.531 1.65013 -0.232499
526.531 1.7136 -0.222611
526.531 1.77706 -0.211827
526.531 1.84053 -0.20019
526.531 1.904 -0.187747
526.531 1.96746 -0.174547
526.531 2.03093 -0.160646
526.531 2.0944 -0.146097
526.531 2.15786 -0.130959
526.531 2.22133 -0.115295
526.531 2.28479 -0.0991662
526.531 2.34826 -0.0826382
526.531 2.41173 -0.0657773
526.531 2.47519 -0.0486518
526.531 2.53866 -0.03133
526.531 2.60213 -0.0138823
526.531 2.66559 0.0036215
526.531 2.72906 0.0211103
526.531 2.79253 0.0385142
526.531 2.85599 0.0557631
526.531 2.91946 0.0727876
526.531 2.98293 0.0895188
526.531 3.04639 0.10589
526.531 3.10986 0.121834
526.531 3.17333 0.137288
526.531 3.23679 0.152189
526.531 3.30026 0.166478
526.531 3.36373 0.180095
526.531 3.42719 0.192988
526.531 3.49066 0.205104
526.531 3.55413 0.216393
526.531 3.61759 0.226812
526.531 3.68106 0.236317
526.531 3.74452 0.24487
526.531 3.80799 0.252438
526.531 3.87146 0.25899
526.531 3.93492 0.264498
526.531 3.99839 0.268941
526.531 4.06186 0.272301
526.531 4.12532 0.274565
526.531 4.18879 0.275723
526.531 4.25226 0.275771
526.531 4.31572 0.274709
526.531 4.37919 0.27254
526.531 4.44266 0.269274
526.531 4.50612 0.264924
526.531 4.56959 0.259507
526.531 4.63306 0.253044
526.531 4.69652 0.245564
526.531 4.75999 0.237094
526.531 4.82346 0.22767
526.531 4.88692 0.217328
526.531 4.95039 0.206112
526.531 5.01385 0.194066
526.531 5.07732 0.181238
526.531 5.14079 0.167681
526.531 5.20425 0.153448
526.531 5.26772 0.138598
526.531 5.33119 0.123189
526.531 5.39465 0.107285
526.531 5.45812 0.090948
526.531 5.52159 0.0742451
526.531 5.58505 0.0572434
526.531 5.64852 0.0400111
526.531 5.71199 0.0226179
526.531 5.77545 0.00513304
526.531 5.83892 -0.0123717
526.531 5.90239 -0.0298272
526.531 5.96585 -0.0471625
526.531 6.02932 -0.0643079
526.531 6.09279 -0.0811943
526.531 6.15625 -0.0977537
526.531 6.21972 -0.113919
526.531 6.28319 -0.129626
527.532 0 0.0206983
527.532 0.0634665 0.0440108
527.532 0.126933 0.0671465
527.532 0.1904 0.0900116
527.532 0.253866 0.112514
527.532 0.317333 0.134564
527.532 0.380799 0.156072
527.532 0.444266 0.176951
527.532 0.507732 0.197118
527.532 0.571199 0.216491
527.532 0.634665 0.234992
527.532 0.698132 0.252547
527.532 0.761598 0.269086
527.532 0.825065 0.284541
527.532 0.888531 0.298849
527.532 0.951998 0.311955
527.532 1.01546 0.323804
527.532 1.07893 0.33435
527.532 1.1424 0.343549
527.532 1.20586 0.351365
527.532 1.26933 0.357766
527.532 1.3328 0.362727
527.532 1.39626 0.366227
527.532 1.45973 0.368253
527.532 1.5232 0.368795
527.532 1.58666 0.367852
527.532 1.65013 0.365429
527.532 1.7136 0.361533
527.532 1.77706 0.356182
527.532 1.84053 0.349397
527.532 1.904 0.341205
527.532 1.96746 0.331639
527.532 2.03093 0.320738
527.532 2.0944 0.308545
527.532 2.15786 0.29511
527.532 2.22133 0.280486
527.532 2.28479 0.264733
527.532 2.34826 0.247914
527.532 2.41173 0.230097
527.532 2.47519 0.211353
527.532 2.53866 0.191758
527.532 2.60213 0.171391
527.532 2.66559 0.150334
527.532 2.72906 0.128672
527.532 2.79253 0.106491
527.532 2.85599 0.0838817
527.532 2.91946 0.0609345
527.532 2.98293 0.0377421
527.532 3.04639 0.0143977
527.532 3.10986 -0.0090046
527.532 3.17333 -0.0323708
527.532 3.23679 -0.0556066
527.532 3.30026 -0.0786185
527.532 3.36373 -0.101314
527.532 3.42719 -0.123601
527.532 3.49066 -0.145391
527.532 3.55413 -0.166595
527.532 3.61759 -0.187129
527.532 3.68106 -0.206909
527.532 3.74452 -0.225855
527.532 3.80799 -0.243893
527.532 3.87146 -0.260948
527.532 3.93492 -0.276952
527.532 3.99839 -0.291842
527.532 4.06186 -0.305556
527.532 4.12532 -0.31804
527.532 4.18879 -0.329243
527.532 4.25226 -0.339121
527.532 4.31572 -0.347633
527.532 4.37919 -0.354744
527.532 4.44266 -0.360428
527.532 4.50612 -0.364661
527.532 4.56959 -0.367425
527.532 4.63306 -0.368709
527.532 4.69652 -0.368509
527.532 4.75999 -0.366825
527.532 4.82346 -0.363664
527.532 4.88692 -0.359038
527.532 4.95039 -0.352968
527.532 5.01385 -0.345475
527.532 5.07732 -0.336591
527.532 5.14079 -0.326353
527.532 5.20425 -0.3148
527.532 5.26772 -0.301979
527.532 5.33119 -0.287943
527.532 5.39465 -0.272746
527.532 5.45812 -0.256453
527.532 5.52159 -0.239126
527.532 5.58505 -0.220836
527.532 5.64852 -0.201657
527.532 5.71199 -0.181666
527.532 5.77545 -0.160943
527.532 5.83892 -0.139573
527.532 5.90239 -0.117641
527.532 5.96585 -0.0952345
527.532 6.02932 -0.0724444
527.532 6.09279 -0.0493633
527.532 6.15625 -0.0260829
527.532 6.21972 -0.00269786
527.532 6.28319 0.0206984
528.533 0 0.0622137
528.533 0.0634665 0.0695588
528.533 0.126933 0.0766238
528.533 0.1904 0.0833803
528.533 0.253866 0.089801
528.533 0.317333 0.0958601
528.533 0.380799 0.101533
528.533 0.444266 0.106798
528.533 0.507732 0.111632
528.533 0.571199 0.116017
528.533 0.634665 0.119934
528.533 0.698132 0.123369
528.533 0.761598 0.126307
528.533 0.825065 0.128736
528.533 0.888531 0.130647
528.533 0.951998 0.132032
528.533 1.01546 0.132885
528.533 1.07893 0.133203
528.533 1.1424 0.132985
528.533 1.20586 0.132231
528.533 1.26933 0.130945
528.533 1.3328 0.129132
528.533 1.39626 0.126798
528.533 1.45973 0.123954
528.533 1.5232 0.120611
528.533 1.58666 0.116782
528.533 1.65013 0.112484
528.533 1.7136 0.107732
528.533 1.77706 0.102546
528.533 1.84053 0.0969473
528.533 1.904 0.0909584
528.533 1.96746 0.0846029
528.533 2.03093 0.077907
528.533 2.0944 0.0708975
528.533 2.15786 0.0636023
528.533 2.22133 0.056051
528.533 2.28479 0.0482743
528.533 2.34826 0.040303
528.533 2.41173 0.0321694
528.533 2.47519 0.0239062
528.533 2.53866 0.015547
528.533 2.60213 0.00712486
528.533 2.66559 -0.00132585
528.533 2.72906 -0.00977107
528.533 2.79253 -0.0181771
528.533 2.85599 -0.0265099
528.533 2.91946 -0.034736
528.533 2.98293 -0.0428222
528.533 3.04639 -0.0507358
528.533 3.10986 -0.0584454
528.533 3.17333 -0.0659195
528.533 3.23679 -0.0731281
528.533 3.30026 -0.0800423
528.533 3.36373 -0.0866342
528.533 3.42719 -0.0928773
528.533 3.49066 -0.0987464
528.533 3.55413 -0.104218
528.533 3.61759 -0.10927
528.533 3.68106 -0.113882
528.533 3.74452 -0.118035
528.533 3.80799 -0.121713
528.533 3.87146 -0.124901
528.533 3.93492 -0.127586
528.533 3.99839 -0.129757
528.533 4.06186 -0.131406
528.533 4.12532 -0.132525
528.533 4.18879 -0.133111
528.533 4.25226 -0.133161
528.533 4.31572 -0.132675
528.533 4.37919 -0.131654
528.533 4.44266 -0.130104
528.533 4.50612 -0.12803
528.533 4.56959 -0.125439
528.533 4.63306 -0.122344
528.533 4.69652 -0.118757
528.533 4.75999 -0.114691
528.533 4.82346 -0.110163
528.533 4.88692 -0.105192
528.533 4.95039 -0.0997968
528.533 5.01385 -0.0940002
528.533 5.07732 -0.0878247
528.533 5.14079 -0.0812959
528.533 5.20425 -0.0744397
528.533 5.26772 -0.0672838
528.533 5.33119 -0.0598569
528.533 5.39465 -0.0521888
528.533 5.45812 -0.0443109
528.533 5.52159 -0.0362545
528.533 5.58505 -0.028052
528.533 5.64852 -0.0197364
528.533 5.71199 -0.0113415
528.533 5.77545 -0.00290112
528.533 5.83892 0.00555121
528.533 5.90239 0.0139812
528.533 5.96585 0.0223548
528.533 6.02932 0.0306384
528.533 6.09279 0.0387986
528.533 6.15625 0.0468026
528.533 6.21972 0.0546182
528.533 6.28319 0.0622138
529.534 0 0.0621169
529.534 0.0634665 0.0771585
529.534 0.126933 0.0918894
529.534 0.1904 0.10625
529.534 0.253866 0.120183
529.534 0.317333 0.133632
529.534 0.380799 0.146544
529.534 0.444266 0.158865
529.534 0.507732 0.170546
529.534 0.571199 0.18154
529.534 0.634665 0.191804
529.534 0.698132 0.201295
529.534 0.761598 0.209976
529.534 0.825065 0.217811
529.534 0.888531 0.224769
529.534 0.951998 0.230822
529.534 1.01546 0.235945
529.534 1.07893 0.240119
529.534 1.1424 0.243326
529.534 1.20586 0.245553
529.534 1.26933 0.246791
529.534 1.3328 0.247035
529.534 1.39626 0.246285
529.534 1.45973 0.244543
529.534 1.5232 0.241816
529.534 1.58666 0.238115
529.534 1.65013 0.233456
529.534 1.7136 0.227857
529.534 1.77706 0.22134
529.534 1.84053 0.213932
529.534 1.904 0.205663
529.534 1.96746 0.196565
529.534 2.03093 0.186676
529.534 2.0944 0.176035
529.534 2.15786 0.164686
529.534 2.22133 0.152673
529.534 2.28479 0.140045
529.534 2.34826 0.126854
529.534 2.41173 0.113152
529.534 2.47519 0.098994
529.534 2.53866 0.0844374
529.534 2.60213 0.0695409
529.534 2.66559 0.0543646
529.534 2.72906 0.0389691
529.534 2.79253 0.0234169
529.534 2.85599 0.00777032
529.534 2.91946 -0.00790768
529.534 2.98293 -0.0235536
529.534 3.04639 -0.0391048
529.534 3.10986 -0.0544985
529.534 3.17333 -0.0696729
529.534 3.23679 -0.0845666
529.534 3.30026 -0.0991198
529.534 3.36373 -0.113274
529.534 3.42719 -0.126972
529.534 3.49066 -0.140159
529.534 3.55413 -0.152781
529.534 3.61759 -0.164788
529.534 3.68106 -0.176132
529.534 3.74452 -0.186766
529.534 3.80799 -0.196648
529.534 3.87146 -0.205739
529.534 3.93492 -0.214001
529.534 3.99839 -0.221401
529.534 4.06186 -0.22791
529.534 4.12532 -0.233501
529.534 4.18879 -0.238152
529.534 4.25226 -0.241844
529.534 4.31572 -0.244563
529.534 4.37919 -0.246296
529.534 4.44266 -0.247037
529.534 4.50612 -0.246784
529.534 4.56959 -0.245537
529.534 4.63306 -0.243302
529.534 4.69652 -0.240087
529.534 4.75999 -0.235905
529.534 4.82346 -0.230773
529.534 4.88692 -0.224712
529.534 4.95039 -0.217746
529.534 5.01385 -0.209903
529.534 5.07732 -0.201215
529.534 5.14079 -0.191717
529.534 5.20425 -0.181447
529.534 5.26772 -0.170446
529.534 5.33119 -0.158759
529.534 5.39465 -0.146433
529.534 5.45812 -0.133517
529.534 5.52159 -0.120063
529.534 5.58505 -0.106126
529.534 5.64852 -0.0917618
529.534 5.71199 -0.077028
529.534 5.77545 -0.0619839
529.534 5.83892 -0.0466904
529.534 5.90239 -0.0312087
529.534 5.96585 -0.0156014
529.534 6.02932 6.87389e-05
529.534 6.09279 0.0157386
529.534 6.15625 0.031345
529.534 6.21972 0.0468252
529.534 6.28319 0.062117
530.535 0 0.131247
530.535 0.0634665 0.141035
530.535 0.126933 0.150255
530.535 0.1904 0.15887
530.535 0.253866 0.166845
530.535 0.317333 0.174149
530.535 0.380799 0.180751
530.535 0.444266 0.186625
530.535 0.507732 0.191748
530.535 0.571199 0.196099
530.535 0.634665 0.19966
530.535 0.698132 0.202417
530.535 0.761598 0.20436
530.535 0.825065 0.205479
530.535 0.888531 0.205771
530.535 0.951998 0.205234
530.535 1.01546 0.203871
530.535 1.07893 0.201687
530.535 1.1424 0.198691
530.535 1.20586 0.194895
530.535 1.26933 0.190314
530.535 1.3328 0.184967
530.535 1.39626 0.178875
530.535 1.45973 0.172062
530.535 1.5232 0.164557
530.535 1.58666 0.15639
530.535 1.65013 0.147592
530.535 1.7136 0.1382
530.535 1.77706 0.128252
530.535 1.84053 0.117787
530.535 1.904 0.106848
530.535 1.96746 0.0954791
530.535 2.03093 0.0837254
530.535 2.0944 0.0716346
530.535 2.15786 0.0592553
530.535 2.22133 0.0466374
530.535 2.28479 0.0338318
530.535 2.34826 0.0208899
530.535 2.41173 0.00786382
530.535 2.47519 -0.00519388
530.535 2.53866 -0.0182306
530.535 2.60213 -0.0311941
530.535 2.66559 -0.0440318
530.535 2.72906 -0.0566922
530.535 2.79253 -0.0691243
530.535 2.85599 -0.0812781
530.535 2.91946 -0.0931046
530.535 2.98293 -0.104556
530.535 3.04639 -0.115587
530.535 3.10986 -0.126152
530.535 3.17333 -0.136209
530.535 3.23679 -0.145718
530.535 3.30026 -0.15464
530.535 3.36373 -0.16294
530.535 3.42719 -0.170583
530.535 3.49066 -0.177539
530.535 3.55413 -0.183781
530.535 3.61759 -0.189282
530.535 3.68106 -0.194021
530.535 3.74452 -0.197979
530.535 3.80799 -0.20114
530.535 3.87146 -0.203491
530.535 3.93492 -0.205023
530.535 3.99839 -0.205729
530.535 4.06186 -0.205606
530.535 4.12532 -0.204656
530.535 4.18879 -0.202881
530.535 4.25226 -0.20029
530.535 4.31572 -0.196892
530.535 4.37919 -0.192702
530.535 4.44266 -0.187735
530.535 4.50612 -0.182012
530.535 4.56959 -0.175557
530.535 4.63306 -0.168395
530.535 4.69652 -0.160554
530.535 4.75999 -0.152067
530.535 4.82346 -0.142968
530.535 4.88692 -0.133293
530.535 4.95039 -0.123082
530.535 5.01385 -0.112374
530.535 5.07732 -0.101215
530.535 5.14079 -0.0896473
530.535 5.20425 -0.0777191
530.535 5.26772 -0.0654779
530.535 5.33119 -0.052973
530.535 5.39465 -0.0402549
530.535 5.45812 -0.0273746
530.535 5.52159 -0.0143841
530.535 5.58505 -0.00133558
530.535 5.64852 0.0117182
530.535 5.71199 0.0247247
530.535 5.77545 0.0376318
530.535 5.83892 0.0503874
530.535 5.90239 0.06294
530.535 5.96585 0.0752392
530.535 6.02932 0.0872354
530.535 6.09279 0.0988801
530.535 6.15625 0.110127
530.535 6.21972 0.120931
530.535 6.28319 0.131247
531.536 0 -0.265588
531.536 0.0634665 -0.26885
531.536 0.126933 -0.271029
531.536 0.1904 -0.272117
531.536 0.253866 -0.272109
531.536 0.317333 -0.271005
531.536 0.380799 -0.268811
531.536 0.444266 -0.265534
531.536 0.507732 -0.261187
531.536 0.571199 -0.255789
531.536 0.634665 -0.249361
531.536 0.698132 -0.241928
531.536 0.761598 -0.233522
531.536 0.825065 -0.224175
531.536 0.888531 -0.213926
531.536 0.951998 -0.202815
531.536 1.01546 -0.190888
531.536 1.07893 -0.178192
531.536 1.1424 -0.164778
531.536 1.20586 -0.150701
531.536 1.26933 -0.136017
531.536 1.3328 -0.120786
531.536 1.39626 -0.105068
531.536 1.45973 -0.0889266
531.536 1.5232 -0.0724273
531.536 1.58666 -0.0556366
531.536 1.65013 -0.0386217
531.536 1.7136 -0.0214515
531.536 1.77706 -0.00419471
531.536 1.84053 0.0130788
531.536 1.904 0.0302997
531.536 1.96746 0.0473986
531.536 2.03093 0.0643066
531.536 2.0944 0.0809558
531.536 2.15786 0.0972789
531.536 2.22133 0.11321
531.536 2.28479 0.128686
531.536 2.34826 0.143643
531.536 2.41173 0.158022
531.536 2.47519 0.171765
531.536 2.53866 0.184816
531.536 2.60213 0.197123
531.536 2.66559 0.208636
531.536 2.72906 0.219309
531.536 2.79253 0.229099
531.536 2.85599 0.237966
531.536 2.91946 0.245876
531.536 2.98293 0.252795
531.536 3.04639 0.258696
531.536 3.10986 0.263556
531.536 3.17333 0.267354
531.536 3.23679 0.270076
531.536 3.30026 0.27171
531.536 3.36373 0.27225
531.536 3.42719 0.271694
531.536 3.49066 0.270044
531.536 3.55413 0.267307
531.536 3.61759 0.263493
531.536 3.68106 0.258618
531.536 3.74452 0.252702
531.536 3.80799 0.245768
531.536 3.87146 0.237845
531.536 3.93492 0.228964
531.536 3.99839 0.219161
531.536 4.06186 0.208476
531.536 4.12532 0.196951
531.536 4.18879 0.184633
531.536 4.25226 0.171571
531.536 4.31572 0.157819
531.536 4.37919 0.143431
531.536 4.44266 0.128466
531.536 4.50612 0.112983
531.536 4.56959 0.0970458
531.536 4.63306 0.0807176
531.536 4.69652 0.0640642
531.536 4.75999 0.0471529
531.536 4.82346 0.0300517
531.536 4.88692 0.0128295
531.536 4.95039 -0.00444428
531.536 5.01385 -0.0217001
531.536 5.07732 -0.0388688
531.536 5.14079 -0.0558808
531.536 5.20425 -0.0726678
531.536 5.26772 -0.0891622
531.536 5.33119 -0.105298
531.536 5.39465 -0.121009
531.536 5.45812 -0.136233
531.536 5.52159 -0.150909
531.536 5.58505 -0.164977
531.536 5.64852 -0.17838
531.536 5.71199 -0.191066
531.536 5.77545 -0.202982
531.536 5.83892 -0.21408
531.536 5.90239 -0.224317
531.536 5.96585 -0.23365
531.536 6.02932 -0.242043
531.536 6.09279 -0.249461
531.536 6.15625 -0.255874
531.536 6.21972 -0.261257
531.536 6.28319 -0.265588
532.537 0 -0.0966857
532.537 0.0634665 -0.0902373
532.537 0.126933 -0.0834258
532.537 0.1904 -0.0762781
532.537 0.253866 -0.0688232
532.537 0.317333 -0.0610913
532.537 0.380799 -0.0531134
532.537 0.444266 -0.0449216
532.537 0.507732 -0.0365489
532.537 0.571199 -0.0280291
532.537 0.634665 -0.0193963
532.537 0.698132 -0.0106856
532.537 0.761598 -0.00193173
532.537 0.825065 0.00682985
532.537 0.888531 0.015564
532.537 0.951998 0.0242353
532.537 1.01546 0.0328093
532.537 1.07893 0.041251
532.537 1.1424 0.0495266
532.537 1.20586 0.0576028
532.537 1.26933 0.0654471
532.537 1.3328 0.0730279
532.537 1.39626 0.0803144
532.537 1.45973 0.0872779
532.537 1.5232 0.0938896
532.537 1.58666 0.100123
532.537 1.65013 0.105954
532.537 1.7136 0.111358
532.537 1.77706 0.116314
532.537 1.84053 0.120801
532.537 1.904 0.124802
532.537 1.96746 0.1283
532.537 2.03093 0.131282
532.537 2.0944 0.133734
532.537 2.15786 0.135649
532.537 2.22133 0.137018
532.537 2.28479 0.137834
532.537 2.34826 0.138095
532.537 2.41173 0.137801
532.537 2.47519 0.136952
532.537 2.53866 0.135551
532.537 2.60213 0.133604
532.537 2.66559 0.131119
532.537 2.72906 0.128107
532.537 2.79253 0.124579
532.537 2.85599 0.120549
532.537 2.91946 0.116033
532.537 2.98293 0.11105
532.537 3.04639 0.105621
532.537 3.10986 0.0997655
532.537 3.17333 0.0935085
532.537 3.23679 0.0868752
532.537 3.30026 0.079892
532.537 3.36373 0.0725872
532.537 3.42719 0.0649899
532.537 3.49066 0.0571311
532.537 3.55413 0.0490422
532.537 3.61759 0.0407557
532.537 3.68106 0.0323052
532.537 3.74452 0.0237247
532.537 3.80799 0.0150485
532.537 3.87146 0.00631179
532.537 3.93492 -0.00245035
532.537 3.99839 -0.0112026
532.537 4.06186 -0.0199098
532.537 4.12532 -0.0285368
532.537 4.18879 -0.0370487
532.537 4.25226 -0.0454116
532.537 4.31572 -0.0535918
532.537 4.37919 -0.0615561
532.537 4.44266 -0.0692723
532.537 4.50612 -0.0767098
532.537 4.56959 -0.0838382
532.537 4.63306 -0.0906291
532.537 4.69652 -0.0970555
532.537 4.75999 -0.103091
532.537 4.82346 -0.108711
532.537 4.88692 -0.113893
532.537 4.95039 -0.118617
532.537 5.01385 -0.122863
532.537 5.07732 -0.126615
532.537 5.14079 -0.129856
532.537 5.20425 -0.132575
532.537 5.26772 -0.13476
532.537 5.33119 -0.136402
532.537 5.39465 -0.137495
532.537 5.45812 -0.138034
532.537 5.52159 -0.138018
532.537 5.58505 -0.137445
532.537 5.64852 -0.13632
532.537 5.71199 -0.134645
532.537 5.77545 -0.132429
532.537 5.83892 -0.129679
532.537 5.90239 -0.126407
532.537 5.96585 -0.122625
532.537 6.02932 -0.11835
532.537 6.09279 -0.113599
532.537 6.15625 -0.10839
532.537 6.21972 -0.102745
532.537 6.28319 -0.0966858
533.538 0 0.235658
533.538 0.0634665 0.243037
533.538 0.126933 0.249437
533.538 0.1904 0.254832
533.538 0.253866 0.259202
533.538 0.317333 0.262528
533.538 0.380799 0.264796
533.538 0.444266 0.265999
533.538 0.507732 0.26613
533.538 0.571199 0.26519
533.538 0.634665 0.263182
533.538 0.698132 0.260114
533.538 0.761598 0.255999
533.538 0.825065 0.250853
533.538 0.888531 0.244697
533.538 0.951998 0.237555
533.538 1.01546 0.229457
533.538 1.07893 0.220435
533.538 1.1424 0.210526
533.538 1.20586 0.199769
533.538 1.26933 0.188207
533.538 1.3328 0.175887
533.538 1.39626 0.16286
533.538 1.45973 0.149176
533.538 1.5232 0.134892
533.538 1.58666 0.120065
533.538 1.65013 0.104754
533.538 1.7136 0.0890212
533.538 1.77706 0.0729302
533.538 1.84053 0.0565454
533.538 1.904 0.0399331
533.538 1.96746 0.0231598
533.538 2.03093 0.00629329
533.538 2.0944 -0.0105985
533.538 2.15786 -0.0274476
533.538 2.22133 -0.0441863
533.538 2.28479 -0.060747
533.538 2.34826 -0.0770631
533.538 2.41173 -0.0930688
533.538 2.47519 -0.1087
533.538 2.53866 -0.123893
533.538 2.60213 -0.138588
533.538 2.66559 -0.152724
533.538 2.72906 -0.166245
533.538 2.79253 -0.179098
533.538 2.85599 -0.191228
533.538 2.91946 -0.202589
533.538 2.98293 -0.213135
533.538 3.04639 -0.222821
533.538 3.10986 -0.231611
533.538 3.17333 -0.239468
533.538 3.23679 -0.246361
533.538 3.30026 -0.252262
533.538 3.36373 -0.257146
533.538 3.42719 -0.260996
533.538 3.49066 -0.263795
533.538 3.55413 -0.265531
533.538 3.61759 -0.266198
533.538 3.68106 -0.265794
533.538 3.74452 -0.264319
533.538 3.80799 -0.26178
533.538 3.87146 -0.258186
533.538 3.93492 -0.253554
533.538 3.99839 -0.2479
533.538 4.06186 -0.241247
533.538 4.12532 -0.233624
533.538 4.18879 -0.22506
533.538 4.25226 -0.215589
533.538 4.31572 -0.205251
533.538 4.37919 -0.194085
533.538 4.44266 -0.182139
533.538 4.50612 -0.169459
533.538 4.56959 -0.156097
533.538 4.63306 -0.142106
533.538 4.69652 -0.127543
533.538 4.75999 -0.112466
533.538 4.82346 -0.0969363
533.538 4.88692 -0.0810164
533.538 4.95039 -0.0647704
533.538 5.01385 -0.0482635
533.538 5.07732 -0.0315623
533.538 5.14079 -0.014734
533.538 5.20425 0.00215375
533.538 5.26772 0.0190327
533.538 5.33119 0.0358351
533.538 5.39465 0.0524932
533.538 5.45812 0.0689397
533.538 5.52159 0.0851086
533.538 5.58505 0.100935
533.538 5.64852 0.116355
533.538 5.71199 0.131306
533.538 5.77545 0.145729
533.538 5.83892 0.159565
533.538 5.90239 0.172759
533.538 5.96585 0.185256
533.538 6.02932 0.197008
533.538 6.09279 0.207966
533.538 6.15625 0.218088
533.538 6.21972 0.227331
533.538 6.28319 0.235658
534.539 0 -0.10035
534.539 0.0634665 -0.0952702
534.539 0.126933 -0.0898065
534.539 0.1904 -0.0839813
534.539 0.253866 -0.0778179
534.539 0.317333 -0.071341
534.539 0.380799 -0.0645768
534.539 0.444266 -0.0575528
534.539 0.507732 -0.0502969
534.539 0.571199 -0.0428386
534.539 0.634665 -0.0352077
534.539 0.698132 -0.0274351
534.539 0.761598 -0.019552
534.539 0.825065 -0.0115903
534.539 0.888531 -0.00358176
534.539 0.951998 0.00444129
534.539 1.01546 0.0124462
534.539 1.07893 0.0204012
534.539 1.1424 0.028274
534.539 1.20586 0.0360328
534.539 1.26933 0.0436466
534.539 1.3328 0.0510847
534.539 1.39626 0.0583172
534.539 1.45973 0.0653146
534.539 1.5232 0.0720493
534.539 1.58666 0.0784936
534.539 1.65013 0.0846219
534.539 1.7136 0.0904098
534.539 1.77706 0.0958332
534.539 1.84053 0.100871
534.539 1.904 0.105502
534.539 1.96746 0.109709
534.539 2.03093 0.113474
534.539 2.0944 0.116782
534.539 2.15786 0.11962
534.539 2.22133 0.121976
534.539 2.28479 0.123841
534.539 2.34826 0.125207
534.539 2.41173 0.126069
534.539 2.47519 0.126424
534.539 2.53866 0.126269
534.539 2.60213 0.125606
534.539 2.66559 0.124438
534.539 2.72906 0.122768
534.539 2.79253 0.120603
534.539 2.85599 0.117954
534.539 2.91946 0.114829
534.539 2.98293 0.111242
534.539 3.04639 0.107207
534.539 3.10986 0.10274
534.539 3.17333 0.0978593
534.539 3.23679 0.0925849
534.539 3.30026 0.0869376
534.539 3.36373 0.0809403
534.539 3.42719 0.074617
534.539 3.49066 0.0679932
534.539 3.55413 0.0610956
534.539 3.61759 0.0539521
534.539 3.68106 0.0465912
534.539 3.74452 0.0390429
534.539 3.80799 0.0313372
534.539 3.87146 0.0235055
534.539 3.93492 0.0155788
534.539 3.99839 0.00758974
534.539 4.06186 -0.000429907
534.539 4.12532 -0.00844801
534.539 4.18879 -0.0164319
534.539 4.25226 -0.0243498
534.539 4.31572 -0.0321695
534.539 4.37919 -0.0398599
534.539 4.44266 -0.0473896
534.539 4.50612 -0.0547285
534.539 4.56959 -0.061847
534.539 4.63306 -0.0687165
534.539 4.69652 -0.0753093
534.539 4.75999 -0.081599
534.539 4.82346 -0.0875599
534.539 4.88692 -0.0931684
534.539 4.95039 -0.0984016
534.539 5.01385 -0.103239
534.539 5.07732 -0.10766
534.539 5.14079 -0.111648
534.539 5.20425 -0.115186
534.539 5.26772 -0.118261
534.539 5.33119 -0.120859
534.539 5.39465 -0.12297
534.539 5.45812 -0.124587
534.539 5.52159 -0.125702
534.539 5.58505 -0.12631
534.539 5.64852 -0.12641
534.539 5.71199 -0.126001
534.539 5.77545 -0.125085
534.539 5.83892 -0.123665
534.539 5.90239 -0.121747
534.539 5.96585 -0.119339
534.539 6.02932 -0.11645
534.539 6.09279 -0.113092
534.539 6.15625 -0.109279
534.539 6.21972 -0.105026
534.539 6.28319 -0.10035
535.54 0 0.0448408
535.54 0.0634665 0.0585788
535.54 0.126933 0.0720809
535.54 0.1904 0.0852927
535.54 0.253866 0.098161
535.54 0.317333 0.110634
535.54 0.380799 0.122662
535.54 0.444266 0.134196
535.54 0.507732 0.145189
535.54 0.571199 0.155598
535.54 0.634665 0.16538
535.54 0.698132 0.174496
535.54 0.761598 0.18291
535.54 0.825065 0.190587
535.54 0.888531 0.197497
535.54 0.951998 0.203611
535.54 1.01546 0.208906
535.54 1.07893 0.213359
535.54 1.1424 0.216953
535.54 1.20586 0.219674
535.54 1.26933 0.221511
535.54 1.3328 0.222455
535.54 1.39626 0.222503
535.54 1.45973 0.221656
535.54 1.5232 0.219916
535.54 1.58666 0.21729
535.54 1.65013 0.213789
535.54 1.7136 0.209428
535.54 1.77706 0.204224
535.54 1.84053 0.198197
535.54 1.904 0.191372
535.54 1.96746 0.183776
535.54 2.03093 0.17544
535.54 2.0944 0.166398
535.54 2.15786 0.156686
535.54 2.22133 0.146343
535.54 2.28479 0.135411
535.54 2.34826 0.123933
535.54 2.41173 0.111957
535.54 2.47519 0.0995292
535.54 2.53866 0.0867012
535.54 2.60213 0.0735238
535.54 2.66559 0.0600505
535.54 2.72906 0.0463354
535.54 2.79253 0.0324337
535.54 2.85599 0.0184014
535.54 2.91946 0.00429495
535.54 2.98293 -0.00982869
535.54 3.04639 -0.0239128
535.54 3.10986 -0.0379006
535.54 3.17333 -0.0517359
535.54 3.23679 -0.0653626
535.54 3.30026 -0.0787264
535.54 3.36373 -0.0917731
535.54 3.42719 -0.10445
535.54 3.49066 -0.116707
535.54 3.55413 -0.128494
535.54 3.61759 -0.139763
535.54 3.68106 -0.150469
535.54 3.74452 -0.16057
535.54 3.80799 -0.170024
535.54 3.87146 -0.178793
535.54 3.93492 -0.186843
535.54 3.99839 -0.19414
535.54 4.06186 -0.200655
535.54 4.12532 -0.206362
535.54 4.18879 -0.211239
535.54 4.25226 -0.215265
535.54 4.31572 -0.218424
535.54 4.37919 -0.220704
535.54 4.44266 -0.222094
535.54 4.50612 -0.222591
535.54 4.56959 -0.222191
535.54 4.63306 -0.220897
535.54 4.69652 -0.218713
535.54 4.75999 -0.215648
535.54 4.82346 -0.211715
535.54 4.88692 -0.20693
535.54 4.95039 -0.201311
535.54 5.01385 -0.194882
535.54 5.07732 -0.187668
535.54 5.14079 -0.179699
535.54 5.20425 -0.171005
535.54 5.26772 -0.161623
535.54 5.33119 -0.151591
535.54 5.39465 -0.140948
535.54 5.45812 -0.129737
535.54 5.52159 -0.118004
535.54 5.58505 -0.105796
535.54 5.64852 -0.0931621
535.54 5.71199 -0.0801528
535.54 5.77545 -0.0668208
535.54 5.83892 -0.0532198
535.54 5.90239 -0.0394044
535.54 5.96585 -0.0254303
535.54 6.02932 -0.0113539
535.54 6.09279 0.00276824
535.54 6.15625 0.0168793
535.54 6.21972 0.0309224
535.54 6.28319 0.0448409
536.541 0 -0.00201007
536.541 0.0634665 -0.0104504
536.541 0.126933 -0.0188487
536.541 0.1904 -0.027171
536.541 0.253866 -0.0353841
536.541 0.317333 -0.0434546
536.541 0.380799 -0.0513501
536.541 0.444266 -0.0590388
536.541 0.507732 -0.0664898
536.541 0.571199 -0.073673
536.541 0.634665 -0.0805598
536.541 0.698132 -0.087122
536.541 0.761598 -0.0933335
536.541 0.825065 -0.0991692
536.541 0.888531 -0.104605
536.541 0.951998 -0.109621
536.541 1.01546 -0.114194
536.541 1.07893 -0.118308
536.541 1.1424 -0.121946
536.541 1.20586 -0.125092
536.541 1.26933 -0.127735
536.541 1.3328 -0.129863
536.541 1.39626 -0.131469
536.541 1.45973 -0.132545
536.541 1.5232 -0.133087
536.541 1.58666 -0.133094
536.541 1.65013 -0.132564
536.541 1.7136 -0.131501
536.541 1.77706 -0.129908
536.541 1.84053 -0.127793
536.541 1.904 -0.125162
536.541 1.96746 -0.122028
536.541 2.03093 -0.118402
536.541 2.0944 -0.1143
536.541 2.15786 -0.109737
536.541 2.22133 -0.104732
536.541 2.28479 -0.0993059
536.541 2.34826 -0.0934798
536.541 2.41173 -0.0872772
536.541 2.47519 -0.0807232
536.541 2.53866 -0.073844
536.541 2.60213 -0.0666675
536.541 2.66559 -0.0592228
536.541 2.72906 -0.0515394
536.541 2.79253 -0.0436484
536.541 2.85599 -0.0355819
536.541 2.91946 -0.027372
536.541 2.98293 -0.0190518
536.541 3.04639 -0.010655
536.541 3.10986 -0.00221526
536.541 3.17333 0.00623341
536.541 3.23679 0.0146569
536.541 3.30026 0.0230214
536.541 3.36373 0.0312934
536.541 3.42719 0.0394391
536.541 3.49066 0.0474262
536.541 3.55413 0.0552222
536.541 3.61759 0.062796
536.541 3.68106 0.0701168
536.541 3.74452 0.0771552
536.541 3.80799 0.0838832
536.541 3.87146 0.0902732
536.541 3.93492 0.0962998
536.541 3.99839 0.101939
536.541 4.06186 0.107167
536.541 4.12532 0.111964
536.541 4.18879 0.11631
536.541 4.25226 0.120187
536.541 4.31572 0.123581
536.541 4.37919 0.126477
536.541 4.44266 0.128864
536.541 4.50612 0.130732
536.541 4.56959 0.132073
536.541 4.63306 0.132883
536.541 4.69652 0.133157
536.541 4.75999 0.132896
536.541 4.82346 0.132099
536.541 4.88692 0.130771
536.541 4.95039 0.128915
536.541 5.01385 0.126541
536.541 5.07732 0.123657
536.541 5.14079 0.120276
536.541 5.20425 0.116409
536.541 5.26772 0.112075
536.541 5.33119 0.107289
536.541 5.39465 0.10207
536.541 5.45812 0.0964415
536.541 5.52159 0.090424
536.541 5.58505 0.0840424
536.541 5.64852 0.0773224
536.541 5.71199 0.0702913
536.541 5.77545 0.0629769
536.541 5.83892 0.055409
536.541 5.90239 0.0476179
536.541 5.96585 0.0396352
536.541 6.02932 0.0314928
536.541 6.09279 0.0232236
536.541 6.15625 0.0148609
536.541 6.21972 0.00643842
536.541 6.28319 -0.00201011
537.542 0 0.0664403
537.542 0.0634665 0.0644498
537.542 0.126933 0.0621995
537.542 0.1904 0.0596988
537.542 0.253866 0.0569579
537.542 0.317333 0.0539876
537.542 0.380799 0.0507998
537.542 0.444266 0.0474073
537.542 0.507732 0.0438241
537.542 0.571199 0.0400645
537.542 0.634665 0.0361435
537.542 0.698132 0.0320769
537.542 0.761598 0.0278813
537.542 0.825065 0.0235733
537.542 0.888531 0.0191704
537.542 0.951998 0.0146902
537.542 1.01546 0.0101511
537.542 1.07893 0.00557092
537.542 1.1424 0.000968348
537.542 1.20586 -0.00363806
537.542 1.26933 -0.00822985
537.542 1.3328 -0.0127885
537.542 1.39626 -0.0172957
537.542 1.45973 -0.0217332
537.542 1.5232 -0.0260832
537.542 1.58666 -0.0303281
537.542 1.65013 -0.034451
537.542 1.7136 -0.0384351
537.542 1.77706 -0.0422645
537.542 1.84053 -0.0459237
537.542 1.904 -0.0493978
537.542 1.96746 -0.0526733
537.542 2.03093 -0.0557366
537.542 2.0944 -0.0585754
537.542 2.15786 -0.0611784
537.542 2.22133 -0.063535
537.542 2.28479 -0.0656358
537.542 2.34826 -0.0674721
537.542 2.41173 -0.0690372
537.542 2.47519 -0.070324
537.542 2.53866 -0.0713276
537.542 2.60213 -0.0720441
537.542 2.66559 -0.0724704
537.542 2.72906 -0.0726049
537.542 2.79253 -0.072447
537.542 2.85599 -0.0719975
537.542 2.91946 -0.0712581
537.542 2.98293 -0.0702317
537.542 3.04639 -0.0689226
537.542 3.10986 -0.0673358
537.542 3.17333 -0.065478
537.542 3.23679 -0.0633565
537.542 3.30026 -0.0609799
537.542 3.36373 -0.0583578
537.542 3.42719 -0.0555007
537.542 3.49066 -0.0524199
537.542 3.55413 -0.0491282
537.542 3.61759 -0.0456387
537.542 3.68106 -0.0419654
537.542 3.74452 -0.0381232
537.542 3.80799 -0.0341273
537.542 3.87146 -0.0299942
537.542 3.93492 -0.0257402
537.542 3.99839 -0.0213826
537.542 4.06186 -0.0169388
537.542 4.12532 -0.0124269
537.542 4.18879 -0.00786498
537.542 4.25226 -0.00327125
537.542 4.31572 0.00133547
537.542 4.37919 0.00593696
537.542 4.44266 0.0105144
537.542 4.50612 0.0150496
537.542 4.56959 0.0195242
537.542 4.63306 0.0239202
537.542 4.69652 0.0282199
537.542 4.75999 0.0324059
537.542 4.82346 0.0364614
537.542 4.88692 0.0403702
537.542 4.95039 0.0441163
537.542 5.01385 0.0476848
537.542 5.07732 0.0510614
537.542 5.14079 0.0542322
537.542 5.20425 0.0571848
537.542 5.26772 0.0599071
537.542 5.33119 0.0623881
537.542 5.39465 0.0646179
537.542 5.45812 0.0665877
537.542 5.52159 0.0682891
537.542 5.58505 0.0697155
537.542 5.64852 0.0708614
537.542 5.71199 0.071722
537.542 5.77545 0.0722936
537.542 5.83892 0.0725742
537.542 5.90239 0.0725625
537.542 5.96585 0.0722586
537.542 6.02932 0.0716639
537.542 6.09279 0.0707805
537.542 6.15625 0.0696121
537.542 6.21972 0.0681634
537.542 6.28319 0.0664402
538.543 0 -0.0704664
538.543 0.0634665 -0.0505733
538.543 0.126933 -0.0304765
538.543 0.1904 -0.0102571
538.543 0.253866 0.0100037
538.543 0.317333 0.0302242
538.543 0.380799 0.0503231
538.543 0.444266 0.0702191
538.543 0.507732 0.0898325
538.543 0.571199 0.109084
538.543 0.634665 0.127897
538.543 0.698132 0.146194
538.543 0.761598 0.163903
538.543 0.825065 0.180952
538.543 0.888531 0.197272
538.543 0.951998 0.212798
538.543 1.01546 0.227467
538.543 1.07893 0.24122
538.543 1.1424 0.254002
538.543 1.20586 0.26576
538.543 1.26933 0.276449
538.543 1.3328 0.286025
538.543 1.39626 0.294449
538.543 1.45973 0.301687
538.543 1.5232 0.307711
538.543 1.58666 0.312495
538.543 1.65013 0.316022
538.543 1.7136 0.318275
538.543 1.77706 0.319247
538.543 1.84053 0.318934
538.543 1.904 0.317336
538.543 1.96746 0.31446
538.543 2.03093 0.310319
538.543 2.0944 0.304928
538.543 2.15786 0.298309
538.543 2.22133 0.290488
538.543 2.28479 0.281499
538.543 2.34826 0.271375
538.543 2.41173 0.260159
538.543 2.47519 0.247895
538.543 2.53866 0.234633
538.543 2.60213 0.220426
538.543 2.66559 0.205332
538.543 2.72906 0.189411
538.543 2.79253 0.172727
538.543 2.85599 0.155348
538.543 2.91946 0.137343
538.543 2.98293 0.118785
538.543 3.04639 0.0997494
538.543 3.10986 0.0803115
538.543 3.17333 0.0605502
538.543 3.23679 0.0405454
538.543 3.30026 0.020377
538.543 3.36373 0.000126783
538.543 3.42719 -0.0201242
538.543 3.49066 -0.040294
538.543 3.55413 -0.0603015
538.543 3.61759 -0.0800663
538.543 3.68106 -0.0995085
538.543 3.74452 -0.11855
538.543 3.80799 -0.137114
538.543 3.87146 -0.155127
538.543 3.93492 -0.172514
538.543 3.99839 -0.189207
538.543 4.06186 -0.205138
538.543 4.12532 -0.220243
538.543 4.18879 -0.234461
538.543 4.25226 -0.247735
538.543 4.31572 -0.260012
538.543 4.37919 -0.271242
538.543 4.44266 -0.281379
538.543 4.50612 -0.290383
538.543 4.56959 -0.298218
538.543 4.63306 -0.304853
538.543 4.69652 -0.310259
538.543 4.75999 -0.314417
538.543 4.82346 -0.317308
538.543 4.88692 -0.318922
538.543 4.95039 -0.319252
538.543 5.01385 -0.318295
538.543 5.07732 -0.316058
538.543 5.14079 -0.312548
538.543 5.20425 -0.307778
538.543 5.26772 -0.30177
538.543 5.33119 -0.294547
538.543 5.39465 -0.286137
538.543 5.45812 -0.276576
538.543 5.52159 -0.265901
538.543 5.58505 -0.254155
538.543 5.64852 -0.241386
538.543 5.71199 -0.227644
538.543 5.77545 -0.212987
538.543 5.83892 -0.197471
538.543 5.90239 -0.181161
538.543 5.96585 -0.16412
538.543 6.02932 -0.146419
538.543 6.09279 -0.128129
538.543 6.15625 -0.109322
538.543 6.21972 -0.0900757
538.543 6.28319 -0.0704663
539.544 0 0.417513
539.544 0.0634665 0.415646
539.544 0.126933 0.412106
539.544 0.1904 0.406905
539.544 0.253866 0.400066
539.544 0.317333 0.391617
539.544 0.380799 0.38159
539.544 0.444266 0.370027
539.544 0.507732 0.356974
539.544 0.571199 0.342484
539.544 0.634665 0.326614
539.544 0.698132 0.30943
539.544 0.761598 0.290999
539.544 0.825065 0.271397
539.544 0.888531 0.250702
539.544 0.951998 0.228997
539.544 1.01546 0.20637
539.544 1.07893 0.182912
539.544 1.1424 0.158718
539.544 1.20586 0.133885
539.544 1.26933 0.108512
539.544 1.3328 0.0827028
539.544 1.39626 0.0565605
539.544 1.45973 0.0301901
539.544 1.5232 0.00369838
539.544 1.58666 -0.0228083
539.544 1.65013 -0.049223
539.544 1.7136 -0.0754396
539.544 1.77706 -0.101352
539.544 1.84053 -0.126857
539.544 1.904 -0.151851
539.544 1.96746 -0.176233
539.544 2.03093 -0.199907
539.544 2.0944 -0.222774
539.544 2.15786 -0.244745
539.544 2.22133 -0.26573
539.544 2.28479 -0.285645
539.544 2.34826 -0.30441
539.544 2.41173 -0.32195
539.544 2.47519 -0.338194
539.544 2.53866 -0.353075
539.544 2.60213 -0.366534
539.544 2.66559 -0.378518
539.544 2.72906 -0.388977
539.544 2.79253 -0.39787
539.544 2.85599 -0.405161
539.544 2.91946 -0.410821
539.544 2.98293 -0.414826
539.544 3.04639 -0.417161
539.544 3.10986 -0.417817
539.544 3.17333 -0.41679
539.544 3.23679 -0.414084
539.544 3.30026 -0.409711
539.544 3.36373 -0.403689
539.544 3.42719 -0.396041
539.544 3.49066 -0.386798
539.544 3.55413 -0.375998
539.544 3.61759 -0.363684
539.544 3.68106 -0.349905
539.544 3.74452 -0.334717
539.544 3.80799 -0.318182
539.544 3.87146 -0.300365
539.544 3.93492 -0.281339
539.544 3.99839 -0.261181
539.544 4.06186 -0.23997
539.544 4.12532 -0.217793
539.544 4.18879 -0.194739
539.544 4.25226 -0.170901
539.544 4.31572 -0.146375
539.544 4.37919 -0.121259
539.544 4.44266 -0.0956558
539.544 4.50612 -0.0696668
539.544 4.56959 -0.0433973
539.544 4.63306 -0.0169528
539.544 4.69652 0.00955979
539.544 4.75999 0.0360337
539.544 4.82346 0.0623628
539.544 4.88692 0.0884406
539.544 4.95039 0.114162
539.544 5.01385 0.139424
539.544 5.07732 0.164125
539.544 5.14079 0.188165
539.544 5.20425 0.211447
539.544 5.26772 0.233877
539.544 5.33119 0.255366
539.544 5.39465 0.275827
539.544 5.45812 0.295177
539.544 5.52159 0.313338
539.544 5.58505 0.330238
539.544 5.64852 0.345808
539.544 5.71199 0.359986
539.544 5.77545 0.372714
539.544 5.83892 0.383941
539.544 5.90239 0.393622
539.544 5.96585 0.401718
539.544 6.02932 0.408197
539.544 6.09279 0.413032
539.544 6.15625 0.416204
539.544 6.21972 0.417699
539.544 6.28319 0.417513
540.545 0 -0.130606
540.545 0.0634665 -0.084754
540.545 0.126933 -0.0385608
540.545 0.1904 0.00778765
540.545 0.253866 0.0541046
540.545 0.317333 0.100204
540.545 0.380799 0.1459
540.545 0.444266 0.191008
540.545 0.507732 0.235347
540.545 0.571199 0.278738
540.545 0.634665 0.321007
540.545 0.698132 0.361985
540.545 0.761598 0.401503
540.545 0.825065 0.439405
540.545 0.888531 0.475538
540.545 0.951998 0.509756
540.545 1.01546 0.541921
540.545 1.07893 0.571905
540.545 1.1424 0.599586
540.545 1.20586 0.624851
540.545 1.26933 0.647602
540.545 1.3328 0.667744
540.545 1.39626 0.685198
540.545 1.45973 0.699893
540.545 1.5232 0.711769
540.545 1.58666 0.720779
540.545 1.65013 0.726887
540.545 1.7136 0.730068
540.545 1.77706 0.73031
540.545 1.84053 0.72761
540.545 1.904 0.721981
540.545 1.96746 0.713444
540.545 2.03093 0.702035
540.545 2.0944 0.6878
540.545 2.15786 0.670795
540.545 2.22133 0.651088
540.545 2.28479 0.62876
540.545 2.34826 0.603899
540.545 2.41173 0.576608
540.545 2.47519 0.546994
540.545 2.53866 0.515178
540.545 2.60213 0.481287
540.545 2.66559 0.445459
540.545 2.72906 0.407837
540.545 2.79253 0.368573
540.545 2.85599 0.327824
540.545 2.91946 0.285756
540.545 2.98293 0.242536
540.545 3.04639 0.198341
540.545 3.10986 0.153346
540.545 3.17333 0.107734
540.545 3.23679 0.0616885
540.545 3.30026 0.0153943
540.545 3.36373 -0.0309617
540.545 3.42719 -0.0771932
540.545 3.49066 -0.123114
540.545 3.55413 -0.168539
540.545 3.61759 -0.213285
540.545 3.68106 -0.257173
540.545 3.74452 -0.300024
540.545 3.80799 -0.341668
540.545 3.87146 -0.381936
540.545 3.93492 -0.420666
540.545 3.99839 -0.457702
540.545 4.06186 -0.492895
540.545 4.12532 -0.526104
540.545 4.18879 -0.557194
540.545 4.25226 -0.58604
540.545 4.31572 -0.612527
540.545 4.37919 -0.636547
540.545 4.44266 -0.658004
540.545 4.50612 -0.676812
540.545 4.56959 -0.692893
540.545 4.63306 -0.706186
540.545 4.69652 -0.716634
540.545 4.75999 -0.724198
540.545 4.82346 -0.728845
540.545 4.88692 -0.730556
540.545 4.95039 -0.729327
540.545 5.01385 -0.725161
540.545 5.07732 -0.718074
540.545 5.14079 -0.708096
540.545 5.20425 -0.695267
540.545 5.26772 -0.679639
540.545 5.33119 -0.661274
540.545 5.39465 -0.640246
540.545 5.45812 -0.61664
540.545 5.52159 -0.590551
540.545 5.58505 -0.562084
540.545 5.64852 -0.531354
540.545 5.71199 -0.498484
540.545 5.77545 -0.463607
540.545 5.83892 -0.426863
540.545 5.90239 -0.3884
540.545 5.96585 -0.348374
540.545 6.02932 -0.306944
540.545 6.09279 -0.264279
540.545 6.15625 -0.220549
540.545 6.21972 -0.175932
540.545 6.28319 -0.130606
541.546 0 -0.0878955
541.546 0.0634665 -0.102492
541.546 0.126933 -0.116675
541.546 0.1904 -0.130388
541.546 0.253866 -0.143577
541.546 0.317333 -0.156188
541.546 0.380799 -0.168169
541.546 0.444266 -0.179473
541.546 0.507732 -0.190055
541.546 0.571199 -0.199872
541.546 0.634665 -0.208883
541.546 0.698132 -0.217053
541.546 0.761598 -0.22435
541.546 0.825065 -0.230743
541.546 0.888531 -0.236207
541.546 0.951998 -0.24072
541.546 1.01546 -0.244263
541.546 1.07893 -0.246823
541.546 1.1424 -0.24839
541.546 1.20586 -0.248955
541.546 1.26933 -0.248519
541.546 1.3328 -0.247081
541.546 1.39626 -0.24465
541.546 1.45973 -0.241232
541.546 1.5232 -0.236844
541.546 1.58666 -0.231502
541.546 1.65013 -0.225227
541.546 1.7136 -0.218046
541.546 1.77706 -0.209986
541.546 1.84053 -0.201081
541.546 1.904 -0.191367
541.546 1.96746 -0.180882
541.546 2.03093 -0.169668
541.546 2.0944 -0.157772
541.546 2.15786 -0.145239
541.546 2.22133 -0.132123
541.546 2.28479 -0.118474
541.546 2.34826 -0.104348
541.546 2.41173 -0.0898021
541.546 2.47519 -0.0748939
541.546 2.53866 -0.059685
541.546 2.60213 -0.0442357
541.546 2.66559 -0.0286081
541.546 2.72906 -0.0128652
541.546 2.79253 0.00292968
541.546 2.85599 0.0187127
541.546 2.91946 0.03442
541.546 2.98293 0.0499892
541.546 3.04639 0.0653567
541.546 3.10986 0.0804613
541.546 3.17333 0.0952417
541.546 3.23679 0.109638
541.546 3.30026 0.123594
541.546 3.36373 0.137052
541.546 3.42719 0.149958
541.546 3.49066 0.16226
541.546 3.55413 0.173909
541.546 3.61759 0.184857
541.546 3.68106 0.195061
541.546 3.74452 0.20448
541.546 3.80799 0.213075
541.546 3.87146 0.220813
541.546 3.93492 0.227661
541.546 3.99839 0.233592
541.546 4.06186 0.238583
541.546 4.12532 0.242614
541.546 4.18879 0.245667
541.546 4.25226 0.247731
541.546 4.31572 0.248798
541.546 4.37919 0.248862
541.546 4.44266 0.247925
541.546 4.50612 0.24599
541.546 4.56959 0.243063
541.546 4.63306 0.239158
541.546 4.69652 0.234291
541.546 4.75999 0.228479
541.546 4.82346 0.221748
541.546 4.88692 0.214123
541.546 4.95039 0.205637
541.546 5.01385 0.196323
541.546 5.07732 0.186218
541.546 5.14079 0.175363
541.546 5.20425 0.163802
541.546 5.26772 0.151582
541.546 5.33119 0.138751
541.546 5.39465 0.125361
541.546 5.45812 0.111467
541.546 5.52159 0.0971239
541.546 5.58505 0.0823895
541.546 5.64852 0.0673236
541.546 5.71199 0.0519865
541.546 5.77545 0.03644
541.546 5.83892 0.0207469
541.546 5.90239 0.00497031
541.546 5.96585 -0.0108267
541.546 6.02932 -0.0265797
541.546 6.09279 -0.0422261
541.546 6.15625 -0.0577018
541.546 6.21972 -0.0729454
541.546 6.28319 -0.0878956
542.547 0 -0.00485435
542.547 0.0634665 -0.0104388
542.547 0.126933 -0.0159812
542.547 0.1904 -0.0214591
542.547 0.253866 -0.0268507
542.547 0.317333 -0.0321343
542.547 0.380799 -0.0372883
542.547 0.444266 -0.0422922
542.547 0.507732 -0.0471259
542.547 0.571199 -0.0517698
542.547 0.634665 -0.0562052
542.547 0.698132 -0.0604143
542.547 0.761598 -0.0643801
542.547 0.825065 -0.0680868
542.547 0.888531 -0.0715193
542.547 0.951998 -0.0746637
542.547 1.01546 -0.0775075
542.547 1.07893 -0.0800392
542.547 1.1424 -0.0822487
542.547 1.20586 -0.0841269
542.547 1.26933 -0.0856665
542.547 1.3328 -0.0868609
542.547 1.39626 -0.0877058
542.547 1.45973 -0.0881974
542.547 1.5232 -0.0883339
542.547 1.58666 -0.0881147
542.547 1.65013 -0.0875406
542.547 1.7136 -0.0866142
542.547 1.77706 -0.085339
542.547 1.84053 -0.0837201
542.547 1.904 -0.081764
542.547 1.96746 -0.0794788
542.547 2.03093 -0.0768735
542.547 2.0944 -0.0739586
542.547 2.15786 -0.0707461
542.547 2.22133 -0.0672486
542.547 2.28479 -0.0634803
542.547 2.34826 -0.0594564
542.547 2.41173 -0.0551932
542.547 2.47519 -0.0507075
542.547 2.53866 -0.0460178
542.547 2.60213 -0.0411429
542.547 2.66559 -0.0361022
542.547 2.72906 -0.030916
542.547 2.79253 -0.0256055
542.547 2.85599 -0.0201918
542.547 2.91946 -0.0146969
542.547 2.98293 -0.00914282
542.547 3.04639 -0.00355186
542.547 3.10986 0.00205351
542.547 3.17333 0.00765035
542.547 3.23679 0.0132166
542.547 3.30026 0.0187296
542.547 3.36373 0.0241673
542.547 3.42719 0.0295073
542.547 3.49066 0.0347288
542.547 3.55413 0.0398104
542.547 3.61759 0.0447316
542.547 3.68106 0.0494728
542.547 3.74452 0.0540147
542.547 3.80799 0.0583392
542.547 3.87146 0.0624287
542.547 3.93492 0.0662669
542.547 3.99839 0.0698382
542.547 4.06186 0.0731283
542.547 4.12532 0.0761238
542.547 4.18879 0.078813
542.547 4.25226 0.0811849
542.547 4.31572 0.0832296
542.547 4.37919 0.0849393
542.547 4.44266 0.0863072
542.547 4.50612 0.0873273
542.547 4.56959 0.0879959
542.547 4.63306 0.0883101
542.547 4.69652 0.0882687
542.547 4.75999 0.0878719
542.547 4.82346 0.0871213
542.547 4.88692 0.0860199
542.547 4.95039 0.0845721
542.547 5.01385 0.0827837
542.547 5.07732 0.080662
542.547 5.14079 0.0782156
542.547 5.20425 0.075454
542.547 5.26772 0.072389
542.547 5.33119 0.0690321
542.547 5.39465 0.0653973
542.547 5.45812 0.0614993
542.547 5.52159 0.0573536
542.547 5.58505 0.052977
542.547 5.64852 0.0483871
542.547 5.71199 0.0436024
542.547 5.77545 0.038642
542.547 5.83892 0.0335259
542.547 5.90239 0.028275
542.547 5.96585 0.0229102
542.547 6.02932 0.0174532
542.547 6.09279 0.0119259
542.547 6.15625 0.00635051
542.547 6.21972 0.000749587
542.547 6.28319 -0.00485437
543.548 0 0.0356511
543.548 0.0634665 0.0220133
543.548 0.126933 0.00828657
543.548 0.1904 -0.00547336
543.548 0.253866 -0.0192112
543.548 0.317333 -0.0328718
543.548 0.380799 -0.0463999
543.548 0.444266 -0.0597413
543.548 0.507732 -0.0728421
543.548 0.571199 -0.0856496
543.548 0.634665 -0.0981123
543.548 0.698132 -0.11018
543.548 0.761598 -0.121804
543.548 0.825065 -0.132937
543.548 0.888531 -0.143535
543.548 0.951998 -0.153555
543.548 1.01546 -0.162957
543.548 1.07893 -0.171703
543.548 1.1424 -0.179757
543.548 1.20586 -0.187088
543.548 1.26933 -0.193665
543.548 1.3328 -0.199462
543.548 1.39626 -0.204456
543.548 1.45973 -0.208627
543.548 1.5232 -0.211958
543.548 1.58666 -0.214436
543.548 1.65013 -0.216049
543.548 1.7136 -0.216793
543.548 1.77706 -0.216664
543.548 1.84053 -0.215663
543.548 1.904 -0.213793
543.548 1.96746 -0.211062
543.548 2.03093 -0.207482
543.548 2.0944 -0.203066
543.548 2.15786 -0.197832
543.548 2.22133 -0.191802
543.548 2.28479 -0.184999
543.548 2.34826 -0.177451
543.548 2.41173 -0.169189
543.548 2.47519 -0.160246
543.548 2.53866 -0.150657
543.548 2.60213 -0.140462
543.548 2.66559 -0.129701
543.548 2.72906 -0.118418
543.548 2.79253 -0.106658
543.548 2.85599 -0.0944687
543.548 2.91946 -0.0818989
543.548 2.98293 -0.0689993
543.548 3.04639 -0.055822
543.548 3.10986 -0.0424197
543.548 3.17333 -0.0288467
543.548 3.23679 -0.0151576
543.548 3.30026 -0.00140743
543.548 3.36373 0.0123485
543.548 3.42719 0.0260546
543.548 3.49066 0.0396559
543.548 3.55413 0.0530974
543.548 3.61759 0.0663252
543.548 3.68106 0.0792859
543.548 3.74452 0.0919273
543.548 3.80799 0.104199
543.548 3.87146 0.11605
543.548 3.93492 0.127435
543.548 3.99839 0.138306
543.548 4.06186 0.14862
543.548 4.12532 0.158336
543.548 4.18879 0.167415
543.548 4.25226 0.175819
543.548 4.31572 0.183515
543.548 4.37919 0.190472
543.548 4.44266 0.196662
543.548 4.50612 0.202061
543.548 4.56959 0.206646
543.548 4.63306 0.210399
543.548 4.69652 0.213304
543.548 4.75999 0.215351
543.548 4.82346 0.21653
543.548 4.88692 0.216838
543.548 4.95039 0.216272
543.548 5.01385 0.214836
543.548 5.07732 0.212535
543.548 5.14079 0.209377
543.548 5.20425 0.205377
543.548 5.26772 0.20055
543.548 5.33119 0.194915
543.548 5.39465 0.188495
543.548 5.45812 0.181317
543.548 5.52159 0.173408
543.548 5.58505 0.1648
543.548 5.64852 0.15553
543.548 5.71199 0.145633
543.548 5.77545 0.13515
543.548 5.83892 0.124122
543.548 5.90239 0.112595
543.548 5.96585 0.100614
543.548 6.02932 0.0882283
543.548 6.09279 0.0754871
543.548 6.15625 0.062442
543.548 6.21972 0.0491456
543.548 6.28319 0.0356512
544.549 0 0.229799
544.549 0.0634665 0.222548
544.549 0.126933 0.2144
544.549 0.1904 0.205389
544.549 0.253866 0.195551
544.549 0.317333 0.184925
544.549 0.380799 0.173555
544.549 0.444266 0.161486
544.549 0.507732 0.148767
544.549 0.571199 0.135449
544.549 0.634665 0.121585
544.549 0.698132 0.107232
544.549 0.761598 0.0924469
544.549 0.825065 0.0772897
544.549 0.888531 0.0618213
544.549 0.951998 0.0461038
544.549 1.01546 0.0302008
544.549 1.07893 0.0141761
544.549 1.1424 -0.00190552
544.549 1.20586 -0.0179796
544.549 1.26933 -0.0339812
544.549 1.3328 -0.0498463
544.549 1.39626 -0.0655103
544.549 1.45973 -0.0809106
544.549 1.5232 -0.0959852
544.549 1.58666 -0.110673
544.549 1.65013 -0.124916
544.549 1.7136 -0.138655
544.549 1.77706 -0.151836
544.549 1.84053 -0.164406
544.549 1.904 -0.176314
544.549 1.96746 -0.187511
544.549 2.03093 -0.197954
544.549 2.0944 -0.2076
544.549 2.15786 -0.216409
544.549 2.22133 -0.224348
544.549 2.28479 -0.231383
544.549 2.34826 -0.237486
544.549 2.41173 -0.242633
544.549 2.47519 -0.246803
544.549 2.53866 -0.249979
544.549 2.60213 -0.252148
544.549 2.66559 -0.253303
544.549 2.72906 -0.253437
544.549 2.79253 -0.252551
544.549 2.85599 -0.250648
544.549 2.91946 -0.247735
544.549 2.98293 -0.243825
544.549 3.04639 -0.238934
544.549 3.10986 -0.23308
544.549 3.17333 -0.226287
544.549 3.23679 -0.218584
544.549 3.30026 -0.21
544.549 3.36373 -0.200571
544.549 3.42719 -0.190334
544.549 3.49066 -0.179331
544.549 3.55413 -0.167605
544.549 3.61759 -0.155205
544.549 3.68106 -0.14218
544.549 3.74452 -0.128582
544.549 3.80799 -0.114466
544.549 3.87146 -0.0998897
544.549 3.93492 -0.0849111
544.549 3.99839 -0.0695906
544.549 4.06186 -0.0539897
544.549 4.12532 -0.0381715
544.549 4.18879 -0.0221996
544.549 4.25226 -0.00613817
544.549 4.31572 0.00994778
544.549 4.37919 0.0259936
544.549 4.44266 0.0419348
544.549 4.50612 0.0577073
544.549 4.56959 0.0732474
544.549 4.63306 0.0884925
544.549 4.69652 0.103381
544.549 4.75999 0.117854
544.549 4.82346 0.131852
544.549 4.88692 0.145319
544.549 4.95039 0.158201
544.549 5.01385 0.170446
544.549 5.07732 0.182004
544.549 5.14079 0.19283
544.549 5.20425 0.202879
544.549 5.26772 0.212111
544.549 5.33119 0.220489
544.549 5.39465 0.22798
544.549 5.45812 0.234552
544.549 5.52159 0.24018
544.549 5.58505 0.244841
544.549 5.64852 0.248516
544.549 5.71199 0.25119
544.549 5.77545 0.252853
544.549 5.83892 0.253497
544.549 5.90239 0.253121
544.549 5.96585 0.251726
544.549 6.02932 0.249317
544.549 6.09279 0.245904
544.549 6.15625 0.241501
544.549 6.21972 0.236125
544.549 6.28319 0.229799
545.55 0 -0.0430922
545.55 0.0634665 -0.0476551
545.55 0.126933 -0.0520262
545.55 0.1904 -0.0561877
545.55 0.253866 -0.0601233
545.55 0.317333 -0.0638165
545.55 0.380799 -0.0672529
545.55 0.444266 -0.0704181
545.55 0.507732 -0.0733002
545.55 0.571199 -0.075887
545.55 0.634665 -0.0781682
545.55 0.698132 -0.0801345
545.55 0.761598 -0.0817783
545.55 0.825065 -0.083093
545.55 0.888531 -0.0840729
545.55 0.951998 -0.084714
545.55 1.01546 -0.0850144
545.55 1.07893 -0.0849725
545.55 1.1424 -0.084588
545.55 1.20586 -0.0838634
545.55 1.26933 -0.0828006
545.55 1.3328 -0.0814049
545.55 1.39626 -0.079681
545.55 1.45973 -0.0776365
545.55 1.5232 -0.0752794
545.55 1.58666 -0.0726192
545.55 1.65013 -0.0696665
545.55 1.7136 -0.0664331
545.55 1.77706 -0.0629323
545.55 1.84053 -0.0591784
545.55 1.904 -0.0551858
545.55 1.96746 -0.0509712
545.55 2.03093 -0.0465514
545.55 2.0944 -0.041944
545.55 2.15786 -0.0371677
545.55 2.22133 -0.0322419
545.55 2.28479 -0.0271862
545.55 2.34826 -0.022021
545.55 2.41173 -0.0167671
545.55 2.47519 -0.0114457
545.55 2.53866 -0.00607822
545.55 2.60213 -0.000686371
545.55 2.66559 0.00470837
545.55 2.72906 0.010084
545.55 2.79253 0.0154192
545.55 2.85599 0.0206922
545.55 2.91946 0.0258818
545.55 2.98293 0.0309676
545.55 3.04639 0.0359283
545.55 3.10986 0.0407445
545.55 3.17333 0.0453965
545.55 3.23679 0.0498657
545.55 3.30026 0.0541343
545.55 3.36373 0.0581849
545.55 3.42719 0.0620011
545.55 3.49066 0.0655676
545.55 3.55413 0.06887
545.55 3.61759 0.0718953
545.55 3.68106 0.074631
545.55 3.74452 0.0770663
545.55 3.80799 0.0791912
545.55 3.87146 0.0809971
545.55 3.93492 0.0824772
545.55 3.99839 0.0836247
545.55 4.06186 0.0844359
545.55 4.12532 0.0849071
545.55 4.18879 0.0850363
545.55 4.25226 0.0848228
545.55 4.31572 0.0842681
545.55 4.37919 0.083374
545.55 4.44266 0.0821443
545.55 4.50612 0.0805837
545.55 4.56959 0.0786984
545.55 4.63306 0.0764968
545.55 4.69652 0.0739865
545.55 4.75999 0.0711786
545.55 4.82346 0.0680841
545.55 4.88692 0.0647155
545.55 4.95039 0.061086
545.55 5.01385 0.0572109
545.55 5.07732 0.0531053
545.55 5.14079 0.0487858
545.55 5.20425 0.04427
545.55 5.26772 0.0395758
545.55 5.33119 0.0347223
545.55 5.39465 0.029729
545.55 5.45812 0.0246159
545.55 5.52159 0.0194039
545.55 5.58505 0.0141135
545.55 5.64852 0.00876647
545.55 5.71199 0.00338402
545.55 5.77545 -0.00201204
545.55 5.83892 -0.00739999
545.55 5.90239 -0.0127582
545.55 5.96585 -0.0180648
545.55 6.02932 -0.0232989
545.55 6.09279 -0.0284391
545.55 6.15625 -0.0334647
545.55 6.21972 -0.0383557
545.55 6.28319 -0.0430921
546.551 0 0.0233009
546.551 0.0634665 0.0472622
546.551 0.126933 0.0710332
546.551 0.1904 0.0945183
546.551 0.253866 0.117623
546.551 0.317333 0.140254
546.551 0.380799 0.16232
546.551 0.444266 0.183732
546.551 0.507732 0.204405
546.551 0.571199 0.224254
546.551 0.634665 0.243201
546.551 0.698132 0.261168
546.551 0.761598 0.278084
546.551 0.825065 0.29388
546.551 0.888531 0.308492
546.551 0.951998 0.321863
546.551 1.01546 0.333937
546.551 1.07893 0.344667
546.551 1.1424 0.354009
546.551 1.20586 0.361925
546.551 1.26933 0.368384
546.551 1.3328 0.37336
546.551 1.39626 0.376831
546.551 1.45973 0.378787
546.551 1.5232 0.379217
546.551 1.58666 0.378119
546.551 1.65013 0.3755
546.551 1.7136 0.371367
546.551 1.77706 0.365741
546.551 1.84053 0.35864
546.551 1.904 0.350097
546.551 1.96746 0.340143
546.551 2.03093 0.328819
546.551 2.0944 0.316172
546.551 2.15786 0.302251
546.551 2.22133 0.287114
546.551 2.28479 0.27082
546.551 2.34826 0.253436
546.551 2.41173 0.235031
546.551 2.47519 0.21568
546.551 2.53866 0.195461
546.551 2.60213 0.174454
546.551 2.66559 0.152745
546.551 2.72906 0.130421
546.551 2.79253 0.107572
546.551 2.85599 0.0842892
546.551 2.91946 0.0606673
546.551 2.98293 0.0368012
546.551 3.04639 0.0127869
546.551 3.10986 -0.011279
546.551 3.17333 -0.0352994
546.551 3.23679 -0.0591775
546.551 3.30026 -0.0828174
546.551 3.36373 -0.106124
546.551 3.42719 -0.129003
546.551 3.49066 -0.151363
546.551 3.55413 -0.173113
546.551 3.61759 -0.194166
546.551 3.68106 -0.214438
546.551 3.74452 -0.233845
546.551 3.80799 -0.252312
546.551 3.87146 -0.269762
546.551 3.93492 -0.286126
546.551 3.99839 -0.301338
546.551 4.06186 -0.315336
546.551 4.12532 -0.328065
546.551 4.18879 -0.339473
546.551 4.25226 -0.349514
546.551 4.31572 -0.358147
546.551 4.37919 -0.365338
546.551 4.44266 -0.371059
546.551 4.50612 -0.375285
546.551 4.56959 -0.378
546.551 4.63306 -0.379193
546.551 4.69652 -0.378859
546.551 4.75999 -0.376999
546.551 4.82346 -0.373622
546.551 4.88692 -0.36874
546.551 4.95039 -0.362373
546.551 5.01385 -0.354547
546.551 5.07732 -0.345293
546.551 5.14079 -0.33465
546.551 5.20425 -0.322658
546.551 5.26772 -0.309367
546.551 5.33119 -0.294831
546.551 5.39465 -0.279107
546.551 5.45812 -0.26226
546.551 5.52159 -0.244357
546.551 5.58505 -0.225469
546.551 5.64852 -0.205674
546.551 5.71199 -0.18505
546.551 5.77545 -0.163682
546.551 5.83892 -0.141654
546.551 5.90239 -0.119056
546.551 5.96585 -0.0959786
546.551 6.02932 -0.0725146
546.551 6.09279 -0.0487588
546.551 6.15625 -0.0248064
546.551 6.21972 -0.000754342
546.551 6.28319 0.0233009
547.552 0 -0.232847
547.552 0.0634665 -0.256875
547.552 0.126933 -0.27987
547.552 0.1904 -0.301737
547.552 0.253866 -0.322389
547.552 0.317333 -0.341744
547.552 0.380799 -0.359722
547.552 0.444266 -0.376252
547.552 0.507732 -0.391266
547.552 0.571199 -0.404705
547.552 0.634665 -0.416515
547.552 0.698132 -0.426647
547.552 0.761598 -0.435061
547.552 0.825065 -0.441724
547.552 0.888531 -0.446608
547.552 0.951998 -0.449694
547.552 1.01546 -0.450968
547.552 1.07893 -0.450428
547.552 1.1424 -0.448073
547.552 1.20586 -0.443913
547.552 1.26933 -0.437967
547.552 1.3328 -0.430257
547.552 1.39626 -0.420814
547.552 1.45973 -0.409678
547.552 1.5232 -0.396891
547.552 1.58666 -0.382506
547.552 1.65013 -0.366581
547.552 1.7136 -0.34918
547.552 1.77706 -0.330373
547.552 1.84053 -0.310235
547.552 1.904 -0.288849
547.552 1.96746 -0.266299
547.552 2.03093 -0.242677
547.552 2.0944 -0.218078
547.552 2.15786 -0.192601
547.552 2.22133 -0.166348
547.552 2.28479 -0.139425
547.552 2.34826 -0.111941
547.552 2.41173 -0.0840064
547.552 2.47519 -0.0557333
547.552 2.53866 -0.0272357
547.552 2.60213 0.00137147
547.552 2.66559 0.0299731
547.552 2.72906 0.058454
547.552 2.79253 0.0866996
547.552 2.85599 0.114596
547.552 2.91946 0.142031
547.552 2.98293 0.168894
547.552 3.04639 0.195077
547.552 3.10986 0.220475
547.552 3.17333 0.244985
547.552 3.23679 0.268508
547.552 3.30026 0.29095
547.552 3.36373 0.312221
547.552 3.42719 0.332234
547.552 3.49066 0.350909
547.552 3.55413 0.368173
547.552 3.61759 0.383952
547.552 3.68106 0.398186
547.552 3.74452 0.410817
547.552 3.80799 0.421793
547.552 3.87146 0.431071
547.552 3.93492 0.438614
547.552 3.99839 0.44439
547.552 4.06186 0.448377
547.552 4.12532 0.450558
547.552 4.18879 0.450925
547.552 4.25226 0.449477
547.552 4.31572 0.446218
547.552 4.37919 0.441162
547.552 4.44266 0.434331
547.552 4.50612 0.42575
547.552 4.56959 0.415455
547.552 4.63306 0.403487
547.552 4.69652 0.389895
547.552 4.75999 0.374732
547.552 4.82346 0.358061
547.552 4.88692 0.339948
547.552 4.95039 0.320466
547.552 5.01385 0.299693
547.552 5.07732 0.277714
547.552 5.14079 0.254616
547.552 5.20425 0.230494
547.552 5.26772 0.205443
547.552 5.33119 0.179564
547.552 5.39465 0.152963
547.552 5.45812 0.125746
547.552 5.52159 0.0980231
547.552 5.58505 0.069905
547.552 5.64852 0.0415055
547.552 5.71199 0.0129387
547.552 5.77545 -0.0156801
547.552 5.83892 -0.0442358
547.552 5.90239 -0.0726134
547.552 5.96585 -0.100698
547.552 6.02932 -0.128378
547.552 6.09279 -0.155541
547.552 6.15625 -0.182077
547.552 6.21972 -0.207881
547.552 6.28319 -0.232847
548.553 0 0.118231
548.553 0.0634665 0.124799
548.553 0.126933 0.130865
548.553 0.1904 0.136404
548.553 0.253866 0.141393
548.553 0.317333 0.145813
548.553 0.380799 0.149646
548.553 0.444266 0.152877
548.553 0.507732 0.155492
548.553 0.571199 0.157481
548.553 0.634665 0.158835
548.553 0.698132 0.15955
548.553 0.761598 0.159623
548.553 0.825065 0.159053
548.553 0.888531 0.157842
548.553 0.951998 0.155996
548.553 1.01546 0.153522
548.553 1.07893 0.15043
548.553 1.1424 0.146731
548.553 1.20586 0.142442
548.553 1.26933 0.13758
548.553 1.3328 0.132163
548.553 1.39626 0.126214
548.553 1.45973 0.119757
548.553 1.5232 0.112818
548.553 1.58666 0.105425
548.553 1.65013 0.0976069
548.553 1.7136 0.089396
548.553 1.77706 0.080825
548.553 1.84053 0.0719285
548.553 1.904 0.0627425
548.553 1.96746 0.0533038
548.553 2.03093 0.0436504
548.553 2.0944 0.0338214
548.553 2.15786 0.0238562
548.553 2.22133 0.0137948
548.553 2.28479 0.00367791
548.553 2.34826 -0.00645377
548.553 2.41173 -0.0165593
548.553 2.47519 -0.0265985
548.553 2.53866 -0.0365303
548.553 2.60213 -0.0463151
548.553 2.66559 -0.0559136
548.553 2.72906 -0.0652868
548.553 2.79253 -0.074397
548.553 2.85599 -0.0832077
548.553 2.91946 -0.0916834
548.553 2.98293 -0.0997898
548.553 3.04639 -0.107495
548.553 3.10986 -0.114767
548.553 3.17333 -0.121576
548.553 3.23679 -0.127896
548.553 3.30026 -0.133702
548.553 3.36373 -0.138968
548.553 3.42719 -0.143676
548.553 3.49066 -0.147804
548.553 3.55413 -0.151338
548.553 3.61759 -0.154262
548.553 3.68106 -0.156565
548.553 3.74452 -0.158238
548.553 3.80799 -0.159273
548.553 3.87146 -0.159667
548.553 3.93492 -0.159418
548.553 3.99839 -0.158527
548.553 4.06186 -0.156998
548.553 4.12532 -0.154837
548.553 4.18879 -0.152052
548.553 4.25226 -0.148655
548.553 4.31572 -0.14466
548.553 4.37919 -0.140082
548.553 4.44266 -0.134939
548.553 4.50612 -0.129254
548.553 4.56959 -0.123048
548.553 4.63306 -0.116346
548.553 4.69652 -0.109177
548.553 4.75999 -0.101567
548.553 4.82346 -0.0935485
548.553 4.88692 -0.0851534
548.553 4.95039 -0.0764154
548.553 5.01385 -0.0673695
548.553 5.07732 -0.0580524
548.553 5.14079 -0.0485016
548.553 5.20425 -0.0387555
548.553 5.26772 -0.0288534
548.553 5.33119 -0.0188349
548.553 5.39465 -0.00874078
548.553 5.45812 0.00138853
548.553 5.52159 0.0115123
548.553 5.58505 0.0215898
548.553 5.64852 0.0315803
548.553 5.71199 0.0414436
548.553 5.77545 0.0511401
548.553 5.83892 0.0606305
548.553 5.90239 0.0698771
548.553 5.96585 0.0788422
548.553 6.02932 0.0874896
548.553 6.09279 0.0957849
548.553 6.15625 0.103694
548.553 6.21972 0.111186
548.553 6.28319 0.118231
549.554 0 -0.0273557
549.554 0.0634665 -0.0265542
549.554 0.126933 -0.0256456
549.554 0.1904 -0.024634
549.554 0.253866 -0.0235231
549.554 0.317333 -0.0223177
549.554 0.380799 -0.0210222
549.554 0.444266 -0.0196421
549.554 0.507732 -0.018183
549.554 0.571199 -0.0166504
549.554 0.634665 -0.0150512
549.554 0.698132 -0.013391
549.554 0.761598 -0.0116771
549.554 0.825065 -0.00991615
549.554 0.888531 -0.00811514
549.554 0.951998 -0.00628158
549.554 1.01546 -0.00442265
549.554 1.07893 -0.00254599
549.554 1.1424 -0.000659059
549.554 1.20586 0.0012306
549.554 1.26933 0.0031153
549.554 1.3328 0.00498723
549.554 1.39626 0.00683935
549.554 1.45973 0.00866379
549.554 1.5232 0.0104534
549.554 1.58666 0.012201
549.554 1.65013 0.0138993
549.554 1.7136 0.0155417
549.554 1.77706 0.0171215
549.554 1.84053 0.0186324
549.554 1.904 0.0200682
549.554 1.96746 0.0214233
549.554 2.03093 0.0226921
549.554 2.0944 0.0238695
549.554 2.15786 0.0249508
549.554 2.22133 0.0259316
549.554 2.28479 0.026808
549.554 2.34826 0.0275764
549.554 2.41173 0.0282339
549.554 2.47519 0.0287776
549.554 2.53866 0.0292054
549.554 2.60213 0.0295157
549.554 2.66559 0.0297071
549.554 2.72906 0.029779
549.554 2.79253 0.0297308
549.554 2.85599 0.029563
549.554 2.91946 0.0292762
549.554 2.98293 0.0288714
549.554 3.04639 0.0283504
549.554 3.10986 0.0277151
549.554 3.17333 0.0269684
549.554 3.23679 0.0261131
549.554 3.30026 0.0251526
549.554 3.36373 0.0240908
549.554 3.42719 0.0229319
549.554 3.49066 0.0216808
549.554 3.55413 0.0203423
549.554 3.61759 0.018922
549.554 3.68106 0.0174254
549.554 3.74452 0.0158589
549.554 3.80799 0.0142283
549.554 3.87146 0.0125402
549.554 3.93492 0.010802
549.554 3.99839 0.00902008
549.554 4.06186 0.00720206
549.554 4.12532 0.00535481
549.554 4.18879 0.00348608
549.554 4.25226 0.00160336
549.554 4.31572 -0.000285901
549.554 4.37919 -0.00217396
549.554 4.44266 -0.00405327
549.554 4.50612 -0.0059163
549.554 4.56959 -0.00775551
549.554 4.63306 -0.00956346
549.554 4.69652 -0.0113329
549.554 4.75999 -0.0130567
549.554 4.82346 -0.0147279
549.554 4.88692 -0.0163398
549.554 4.95039 -0.0178859
549.554 5.01385 -0.01936
549.554 5.07732 -0.0207562
549.554 5.14079 -0.0220688
549.554 5.20425 -0.0232925
549.554 5.26772 -0.0244225
549.554 5.33119 -0.025454
549.554 5.39465 -0.0263831
549.554 5.45812 -0.027206
549.554 5.52159 -0.0279193
549.554 5.58505 -0.0285201
549.554 5.64852 -0.0290062
549.554 5.71199 -0.0293754
549.554 5.77545 -0.0296264
549.554 5.83892 -0.0297581
549.554 5.90239 -0.02977
549.554 5.96585 -0.0296619
549.554 6.02932 -0.0294345
549.554 6.09279 -0.0290885
549.554 6.15625 -0.0286252
549.554 6.21972 -0.028047
549.554 6.28319 -0.0273556
550.555 0 0.160637
550.555 0.0634665 0.160871
550.555 0.126933 0.160456
550.555 0.1904 0.159396
550.555 0.253866 0.157694
550.555 0.317333 0.155357
550.555 0.380799 0.152394
550.555 0.444266 0.148818
550.555 0.507732 0.144643
550.555 0.571199 0.139885
550.555 0.634665 0.134564
550.555 0.698132 0.128701
550.555 0.761598 0.122319
550.555 0.825065 0.115446
550.555 0.888531 0.108107
550.555 0.951998 0.100333
550.555 1.01546 0.092155
550.555 1.07893 0.0836058
550.555 1.1424 0.0747201
550.555 1.20586 0.0655335
550.555 1.26933 0.0560831
550.555 1.3328 0.046407
550.555 1.39626 0.0365436
550.555 1.45973 0.0265334
550.555 1.5232 0.0164162
550.555 1.58666 0.00623317
550.555 1.65013 -0.00397536
550.555 1.7136 -0.0141676
550.555 1.77706 -0.0243027
550.555 1.84053 -0.0343402
550.555 1.904 -0.0442395
550.555 1.96746 -0.0539605
550.555 2.03093 -0.0634641
550.555 2.0944 -0.0727121
550.555 2.15786 -0.0816676
550.555 2.22133 -0.0902943
550.555 2.28479 -0.0985571
550.555 2.34826 -0.106423
550.555 2.41173 -0.113861
550.555 2.47519 -0.12084
550.555 2.53866 -0.127332
550.555 2.60213 -0.133312
550.555 2.66559 -0.138755
550.555 2.72906 -0.14364
550.555 2.79253 -0.147945
550.555 2.85599 -0.151656
550.555 2.91946 -0.154755
550.555 2.98293 -0.157231
550.555 3.04639 -0.159075
550.555 3.10986 -0.160278
550.555 3.17333 -0.160835
550.555 3.23679 -0.160744
550.555 3.30026 -0.160007
550.555 3.36373 -0.158625
550.555 3.42719 -0.156605
550.555 3.49066 -0.153953
550.555 3.55413 -0.150682
550.555 3.61759 -0.146804
550.555 3.68106 -0.142335
550.555 3.74452 -0.137293
550.555 3.80799 -0.131698
550.555 3.87146 -0.125573
550.555 3.93492 -0.118942
550.555 3.99839 -0.111832
550.555 4.06186 -0.104272
550.555 4.12532 -0.0962924
550.555 4.18879 -0.0879247
550.555 4.25226 -0.0792027
550.555 4.31572 -0.0701622
550.555 4.37919 -0.0608391
550.555 4.44266 -0.0512707
550.555 4.50612 -0.0414961
550.555 4.56959 -0.0315544
550.555 4.63306 -0.0214858
550.555 4.69652 -0.0113306
550.555 4.75999 -0.00112958
550.555 4.82346 0.00907599
550.555 4.88692 0.019245
550.555 4.95039 0.0293364
550.555 5.01385 0.0393096
550.555 5.07732 0.0491246
550.555 5.14079 0.0587419
550.555 5.20425 0.0681225
550.555 5.26772 0.0772288
550.555 5.33119 0.0860243
550.555 5.39465 0.0944734
550.555 5.45812 0.102542
550.555 5.52159 0.110198
550.555 5.58505 0.11741
550.555 5.64852 0.124149
550.555 5.71199 0.130388
550.555 5.77545 0.136102
550.555 5.83892 0.141269
550.555 5.90239 0.145866
550.555 5.96585 0.149876
550.555 6.02932 0.153282
550.555 6.09279 0.156072
550.555 6.15625 0.158233
550.555 6.21972 0.159756
550.555 6.28319 0.160637
551.556 0 -0.41028
551.556 0.0634665 -0.394782
551.556 0.126933 -0.377694
551.556 0.1904 -0.359085
551.556 0.253866 -0.33903
551.556 0.317333 -0.31761
551.556 0.380799 -0.294911
551.556 0.444266 -0.271024
551.556 0.507732 -0.246047
551.556 0.571199 -0.220079
551.556 0.634665 -0.193224
551.556 0.698132 -0.165591
551.556 0.761598 -0.137292
551.556 0.825065 -0.108439
551.556 0.888531 -0.0791504
551.556 0.951998 -0.0495429
551.556 1.01546 -0.0197358
551.556 1.07893 0.0101508
551.556 1.1424 0.0399965
551.556 1.20586 0.0696811
551.556 1.26933 0.0990853
551.556 1.3328 0.12809
551.556 1.39626 0.15658
551.556 1.45973 0.184438
551.556 1.5232 0.211555
551.556 1.58666 0.237819
551.556 1.65013 0.263126
551.556 1.7136 0.287373
551.556 1.77706 0.310463
551.556 1.84053 0.332303
551.556 1.904 0.352804
551.556 1.96746 0.371886
551.556 2.03093 0.389469
551.556 2.0944 0.405485
551.556 2.15786 0.419868
551.556 2.22133 0.432559
551.556 2.28479 0.44351
551.556 2.34826 0.452675
551.556 2.41173 0.460017
551.556 2.47519 0.465506
551.556 2.53866 0.469121
551.556 2.60213 0.470847
551.556 2.66559 0.470677
551.556 2.72906 0.468611
551.556 2.79253 0.464659
551.556 2.85599 0.458836
551.556 2.91946 0.451166
551.556 2.98293 0.441678
551.556 3.04639 0.430412
551.556 3.10986 0.417413
551.556 3.17333 0.402733
551.556 3.23679 0.386432
551.556 3.30026 0.368574
551.556 3.36373 0.349233
551.556 3.42719 0.328485
551.556 3.49066 0.306415
551.556 3.55413 0.28311
551.556 3.61759 0.258666
551.556 3.68106 0.23318
551.556 3.74452 0.206755
551.556 3.80799 0.179498
551.556 3.87146 0.151518
551.556 3.93492 0.122928
551.556 3.99839 0.093842
551.556 4.06186 0.0643791
551.556 4.12532 0.0346566
551.556 4.18879 0.00479487
551.556 4.25226 -0.0250863
551.556 4.31572 -0.0548665
551.556 4.37919 -0.0844258
551.556 4.44266 -0.113645
551.556 4.50612 -0.142407
551.556 4.56959 -0.170595
551.556 4.63306 -0.198096
551.556 4.69652 -0.2248
551.556 4.75999 -0.250598
551.556 4.82346 -0.275388
551.556 4.88692 -0.299068
551.556 4.95039 -0.321544
551.556 5.01385 -0.342726
551.556 5.07732 -0.362528
551.556 5.14079 -0.380869
551.556 5.20425 -0.397678
551.556 5.26772 -0.412884
551.556 5.33119 -0.426429
551.556 5.39465 -0.438256
551.556 5.45812 -0.448318
551.556 5.52159 -0.456575
551.556 5.58505 -0.462994
551.556 5.64852 -0.467549
551.556 5.71199 -0.470221
551.556 5.77545 -0.470999
551.556 5.83892 -0.469881
551.556 5.90239 -0.466871
551.556 5.96585 -0.46198
551.556 6.02932 -0.45523
551.556 6.09279 -0.446647
551.556 6.15625 -0.436264
551.556 6.21972 -0.424126
551.556 6.28319 -0.41028
552.557 0 -0.149092
552.557 0.0634665 -0.12964
552.557 0.126933 -0.109667
552.557 0.1904 -0.0892515
552.557 0.253866 -0.0684771
552.557 0.317333 -0.0474267
552.557 0.380799 -0.0261855
552.557 0.444266 -0.00483879
552.557 0.507732 0.0165274
552.557 0.571199 0.037827
552.557 0.634665 0.0589742
552.557 0.698132 0.0798839
552.557 0.761598 0.100472
552.557 0.825065 0.120656
552.557 0.888531 0.140354
552.557 0.951998 0.159486
552.557 1.01546 0.177977
552.557 1.07893 0.195751
552.557 1.1424 0.212736
552.557 1.20586 0.228865
552.557 1.26933 0.244072
552.557 1.3328 0.258297
552.557 1.39626 0.271482
552.557 1.45973 0.283573
552.557 1.5232 0.294522
552.557 1.58666 0.304286
552.557 1.65013 0.312824
552.557 1.7136 0.320103
552.557 1.77706 0.326092
552.557 1.84053 0.330769
552.557 1.904 0.334114
552.557 1.96746 0.336113
552.557 2.03093 0.33676
552.557 2.0944 0.33605
552.557 2.15786 0.333986
552.557 2.22133 0.330579
552.557 2.28479 0.325839
552.557 2.34826 0.319788
552.557 2.41173 0.31245
552.557 2.47519 0.303852
552.557 2.53866 0.294032
552.557 2.60213 0.283028
552.557 2.66559 0.270883
552.557 2.72906 0.257648
552.557 2.79253 0.243377
552.557 2.85599 0.228124
552.557 2.91946 0.211953
552.557 2.98293 0.194929
552.557 3.04639 0.17712
552.557 3.10986 0.158597
552.557 3.17333 0.139436
552.557 3.23679 0.119714
552.557 3.30026 0.0995091
552.557 3.36373 0.0789041
552.557 3.42719 0.0579811
552.557 3.49066 0.0368246
552.557 3.55413 0.0155199
552.557 3.61759 -0.00584731
552.557 3.68106 -0.0271909
552.557 3.74452 -0.0484249
552.557 3.80799 -0.0694641
552.557 3.87146 -0.0902236
552.557 3.93492 -0.11062
552.557 3.99839 -0.130571
552.557 4.06186 -0.149995
552.557 4.12532 -0.168816
552.557 4.18879 -0.186958
552.557 4.25226 -0.204346
552.557 4.31572 -0.220912
552.557 4.37919 -0.236588
552.557 4.44266 -0.251311
552.557 4.50612 -0.265023
552.557 4.56959 -0.277667
552.557 4.63306 -0.289193
552.557 4.69652 -0.299555
552.557 4.75999 -0.30871
552.557 4.82346 -0.316623
552.557 4.88692 -0.323261
552.557 4.95039 -0.328596
552.557 5.01385 -0.332609
552.557 5.07732 -0.335283
552.557 5.14079 -0.336606
552.557 5.20425 -0.336574
552.557 5.26772 -0.335187
552.557 5.33119 -0.33245
552.557 5.39465 -0.328374
552.557 5.45812 -0.322976
552.557 5.52159 -0.316278
552.557 5.58505 -0.308306
552.557 5.64852 -0.299093
552.557 5.71199 -0.288675
552.557 5.77545 -0.277095
552.557 5.83892 -0.264399
552.557 5.90239 -0.250639
552.557 5.96585 -0.235869
552.557 6.02932 -0.220149
552.557 6.09279 -0.203543
552.557 6.15625 -0.186118
552.557 6.21972 -0.167943
552.557 6.28319 -0.149092
553.558 0 -0.06337
553.558 0.0634665 -0.0616572
553.558 0.126933 -0.0596962
553.558 0.1904 -0.0574949
553.558 0.253866 -0.055062
553.558 0.317333 -0.0524073
553.558 0.380799 -0.0495418
553.558 0.444266 -0.0464766
553.558 0.507732 -0.0432244
553.558 0.571199 -0.039798
553.558 0.634665 -0.0362115
553.558 0.698132 -0.0324791
553.558 0.761598 -0.0286159
553.558 0.825065 -0.0246377
553.558 0.888531 -0.0205599
553.558 0.951998 -0.0163995
553.558 1.01546 -0.0121732
553.558 1.07893 -0.00789767
553.558 1.1424 -0.00359057
553.558 1.20586 0.000731045
553.558 1.26933 0.00504998
553.558 1.3328 0.00934848
553.558 1.39626 0.0136091
553.558 1.45973 0.017815
553.558 1.5232 0.0219494
553.558 1.58666 0.0259953
553.558 1.65013 0.0299364
553.558 1.7136 0.033757
553.558 1.77706 0.0374417
553.558 1.84053 0.0409756
553.558 1.904 0.0443446
553.558 1.96746 0.047535
553.558 2.03093 0.050534
553.558 2.0944 0.0533295
553.558 2.15786 0.0559103
553.558 2.22133 0.0582659
553.558 2.28479 0.060387
553.558 2.34826 0.0622648
553.558 2.41173 0.0638919
553.558 2.47519 0.0652619
553.558 2.53866 0.0663689
553.558 2.60213 0.0672087
553.558 2.66559 0.0677779
553.558 2.72906 0.0680742
553.558 2.79253 0.0680964
553.558 2.85599 0.0678444
553.558 2.91946 0.0673192
553.558 2.98293 0.0665229
553.558 3.04639 0.0654587
553.558 3.10986 0.0641311
553.558 3.17333 0.0625451
553.558 3.23679 0.0607073
553.558 3.30026 0.058625
553.558 3.36373 0.0563069
553.558 3.42719 0.0537617
553.558 3.49066 0.0510003
553.558 3.55413 0.0480334
553.558 3.61759 0.0448731
553.558 3.68106 0.041532
553.558 3.74452 0.0380239
553.558 3.80799 0.0343626
553.558 3.87146 0.030563
553.558 3.93492 0.0266402
553.558 3.99839 0.0226101
553.558 4.06186 0.018489
553.558 4.12532 0.0142935
553.558 4.18879 0.0100404
553.558 4.25226 0.00574715
553.558 4.31572 0.00143032
553.558 4.37919 -0.00289201
553.558 4.44266 -0.00720272
553.558 4.50612 -0.0114843
553.558 4.56959 -0.01572
553.558 4.63306 -0.0198921
553.558 4.69652 -0.0239841
553.558 4.75999 -0.0279799
553.558 4.82346 -0.0318627
553.558 4.88692 -0.0356172
553.558 4.95039 -0.0392284
553.558 5.01385 -0.0426817
553.558 5.07732 -0.0459628
553.558 5.14079 -0.0490594
553.558 5.20425 -0.0519579
553.558 5.26772 -0.0546474
553.558 5.33119 -0.0571168
553.558 5.39465 -0.0593563
553.558 5.45812 -0.0613566
553.558 5.52159 -0.0631101
553.558 5.58505 -0.0646093
553.558 5.64852 -0.0658485
553.558 5.71199 -0.0668224
553.558 5.77545 -0.0675274
553.558 5.83892 -0.0679603
553.558 5.90239 -0.0681196
553.558 5.96585 -0.0680046
553.558 6.02932 -0.0676158
553.558 6.09279 -0.0669548
553.558 6.15625 -0.0660241
553.558 6.21972 -0.0648276
553.558 6.28319 -0.06337
554.559 0 0.139468
554.559 0.0634665 0.159404
554.559 0.126933 0.178699
554.559 0.1904 0.197274
554.559 0.253866 0.215055
554.559 0.317333 0.23197
554.559 0.380799 0.247951
554.559 0.444266 0.262933
554.559 0.507732 0.276856
554.559 0.571199 0.289665
554.559 0.634665 0.301308
554.559 0.698132 0.311737
554.559 0.761598 0.320911
554.559 0.825065 0.328792
554.559 0.888531 0.33535
554.559 0.951998 0.340558
554.559 1.01546 0.344394
554.559 1.07893 0.346843
554.559 1.1424 0.347896
554.559 1.20586 0.347548
554.559 1.26933 0.3458
554.559 1.3328 0.34266
554.559 1.39626 0.338141
554.559 1.45973 0.332259
554.559 1.5232 0.32504
554.559 1.58666 0.316512
554.559 1.65013 0.306709
554.559 1.7136 0.295672
554.559 1.77706 0.283444
554.559 1.84053 0.270074
554.559 1.904 0.255618
554.559 1.96746 0.240132
554.559 2.03093 0.223678
554.559 2.0944 0.206324
554.559 2.15786 0.18814
554.559 2.22133 0.169198
554.559 2.28479 0.149574
554.559 2.34826 0.129349
554.559 2.41173 0.108602
554.559 2.47519 0.0874183
554.559 2.53866 0.0658823
554.559 2.60213 0.0440811
554.559 2.66559 0.0221024
554.559 2.72906 3.49154e-05
554.559 2.79253 -0.0220329
554.559 2.85599 -0.0440121
554.559 2.91946 -0.0658138
554.559 2.98293 -0.0873507
554.559 3.04639 -0.108536
554.559 3.10986 -0.129284
554.559 3.17333 -0.149512
554.559 3.23679 -0.169137
554.559 3.30026 -0.188081
554.559 3.36373 -0.206268
554.559 3.42719 -0.223625
554.559 3.49066 -0.240081
554.559 3.55413 -0.255571
554.559 3.61759 -0.270031
554.559 3.68106 -0.283403
554.559 3.74452 -0.295635
554.559 3.80799 -0.306676
554.559 3.87146 -0.316483
554.559 3.93492 -0.325015
554.559 3.99839 -0.332238
554.559 4.06186 -0.338124
554.559 4.12532 -0.342648
554.559 4.18879 -0.345792
554.559 4.25226 -0.347544
554.559 4.31572 -0.347897
554.559 4.37919 -0.346848
554.559 4.44266 -0.344404
554.559 4.50612 -0.340572
554.559 4.56959 -0.335369
554.559 4.63306 -0.328815
554.559 4.69652 -0.320937
554.559 4.75999 -0.311768
554.559 4.82346 -0.301342
554.559 4.88692 -0.289704
554.559 4.95039 -0.276899
554.559 5.01385 -0.262978
554.559 5.07732 -0.247999
554.559 5.14079 -0.232022
554.559 5.20425 -0.21511
554.559 5.26772 -0.197332
554.559 5.33119 -0.178759
554.559 5.39465 -0.159466
554.559 5.45812 -0.139532
554.559 5.52159 -0.119035
554.559 5.58505 -0.0980596
554.559 5.64852 -0.076689
554.559 5.71199 -0.0550094
554.559 5.77545 -0.0331085
554.559 5.83892 -0.0110742
554.559 5.90239 0.0110046
554.559 5.96585 0.0330392
554.559 6.02932 0.0549407
554.559 6.09279 0.0766209
554.559 6.15625 0.0979928
554.559 6.21972 0.11897
554.559 6.28319 0.139468
555.56 0 0.115459
555.56 0.0634665 0.117778
555.56 0.126933 0.119623
555.56 0.1904 0.120986
555.56 0.253866 0.121862
555.56 0.317333 0.122248
555.56 0.380799 0.122141
555.56 0.444266 0.121542
555.56 0.507732 0.120454
555.56 0.571199 0.118881
555.56 0.634665 0.11683
555.56 0.698132 0.114307
555.56 0.761598 0.111325
555.56 0.825065 0.107894
555.56 0.888531 0.104029
555.56 0.951998 0.0997447
555.56 1.01546 0.0950588
555.56 1.07893 0.0899902
555.56 1.1424 0.0845595
555.56 1.20586 0.0787881
555.56 1.26933 0.0726994
555.56 1.3328 0.0663181
555.56 1.39626 0.0596698
555.56 1.45973 0.0527811
555.56 1.5232 0.0456799
555.56 1.58666 0.0383948
555.56 1.65013 0.0309551
555.56 1.7136 0.0233906
555.56 1.77706 0.0157321
555.56 1.84053 0.00801011
555.56 1.904 0.00025595
555.56 1.96746 -0.00749925
555.56 2.03093 -0.015224
555.56 2.0944 -0.0228878
555.56 2.15786 -0.0304595
555.56 2.22133 -0.0379082
555.56 2.28479 -0.0452046
555.56 2.34826 -0.0523188
555.56 2.41173 -0.0592224
555.56 2.47519 -0.0658873
555.56 2.53866 -0.0722871
555.56 2.60213 -0.0783957
555.56 2.66559 -0.0841888
555.56 2.72906 -0.089643
555.56 2.79253 -0.0947358
555.56 2.85599 -0.0994477
555.56 2.91946 -0.103759
555.56 2.98293 -0.107652
555.56 3.04639 -0.111112
555.56 3.10986 -0.114124
555.56 3.17333 -0.116677
555.56 3.23679 -0.11876
555.56 3.30026 -0.120365
555.56 3.36373 -0.121486
555.56 3.42719 -0.122117
555.56 3.49066 -0.122256
555.56 3.55413 -0.121903
555.56 3.61759 -0.121059
555.56 3.68106 -0.119728
555.56 3.74452 -0.117915
555.56 3.80799 -0.115626
555.56 3.87146 -0.112873
555.56 3.93492 -0.109664
555.56 3.99839 -0.106015
555.56 4.06186 -0.101938
555.56 4.12532 -0.0974508
555.56 4.18879 -0.0925712
555.56 4.25226 -0.0873189
555.56 4.31572 -0.0817149
555.56 4.37919 -0.0757819
555.56 4.44266 -0.0695439
555.56 4.50612 -0.0630257
555.56 4.56959 -0.0562537
555.56 4.63306 -0.0492553
555.56 4.69652 -0.0420585
555.56 4.75999 -0.0346924
555.56 4.82346 -0.0271865
555.56 4.88692 -0.0195712
555.56 4.95039 -0.0118771
555.56 5.01385 -0.00413529
555.56 5.07732 0.00362321
555.56 5.14079 0.0113674
555.56 5.20425 0.0190658
555.56 5.26772 0.026687
555.56 5.33119 0.0342012
555.56 5.39465 0.0415774
555.56 5.45812 0.0487862
555.56 5.52159 0.0557987
555.56 5.58505 0.0625864
555.56 5.64852 0.0691218
555.56 5.71199 0.0753794
555.56 5.77545 0.0813332
555.56 5.83892 0.0869597
555.56 5.90239 0.0922359
555.56 5.96585 0.0971406
555.56 6.02932 0.101654
555.56 6.09279 0.105759
555.56 6.15625 0.109437
555.56 6.21972 0.112675
555.56 6.28319 0.115459
556.561 0 -0.0805007
556.561 0.0634665 -0.0771333
556.561 0.126933 -0.0734551
556.561 0.1904 -0.0694813
556.561 0.253866 -0.0652276
556.561 0.317333 -0.0607114
556.561 0.380799 -0.0559506
556.561 0.444266 -0.0509646
556.561 0.507732 -0.0457735
556.561 0.571199 -0.0403978
556.561 0.634665 -0.0348596
556.561 0.698132 -0.029181
556.561 0.761598 -0.023385
556.561 0.825065 -0.0174947
556.561 0.888531 -0.011534
556.561 0.951998 -0.00552685
556.561 1.01546 0.000502587
556.561 1.07893 0.00652992
556.561 1.1424 0.012531
556.561 1.20586 0.0184816
556.561 1.26933 0.0243578
556.561 1.3328 0.030136
556.561 1.39626 0.0357927
556.561 1.45973 0.0413055
556.561 1.5232 0.0466517
556.561 1.58666 0.0518102
556.561 1.65013 0.05676
556.561 1.7136 0.0614814
556.561 1.77706 0.0659551
556.561 1.84053 0.0701632
556.561 1.904 0.0740889
556.561 1.96746 0.0777162
556.561 2.03093 0.0810307
556.561 2.0944 0.0840188
556.561 2.15786 0.0866685
556.561 2.22133 0.0889693
556.561 2.28479 0.0909118
556.561 2.34826 0.0924883
556.561 2.41173 0.0936923
556.561 2.47519 0.0945191
556.561 2.53866 0.0949653
556.561 2.60213 0.0950292
556.561 2.66559 0.0947104
556.561 2.72906 0.0940101
556.561 2.79253 0.0929314
556.561 2.85599 0.0914785
556.561 2.91946 0.0896571
556.561 2.98293 0.0874748
556.561 3.04639 0.0849403
556.561 3.10986 0.0820636
556.561 3.17333 0.0788566
556.561 3.23679 0.0753321
556.561 3.30026 0.0715041
556.561 3.36373 0.0673884
556.561 3.42719 0.0630013
556.561 3.49066 0.0583604
556.561 3.55413 0.0534845
556.561 3.61759 0.0483934
556.561 3.68106 0.0431072
556.561 3.74452 0.0376477
556.561 3.80799 0.0320365
556.561 3.87146 0.0262963
556.561 3.93492 0.0204501
556.561 3.99839 0.0145217
556.561 4.06186 0.00853467
556.561 4.12532 0.0025134
556.561 4.18879 -0.00351803
556.561 4.25226 -0.00953529
556.561 4.31572 -0.0155142
556.561 4.37919 -0.0214305
556.561 4.44266 -0.0272607
556.561 4.50612 -0.0329809
556.561 4.56959 -0.0385684
556.561 4.63306 -0.0440006
556.561 4.69652 -0.0492558
556.561 4.75999 -0.0543124
556.561 4.82346 -0.0591505
556.561 4.88692 -0.0637504
556.561 4.95039 -0.0680934
556.561 5.01385 -0.0721625
556.561 5.07732 -0.0759407
556.561 5.14079 -0.0794135
556.561 5.20425 -0.0825663
556.561 5.26772 -0.0853866
556.561 5.33119 -0.087863
556.561 5.39465 -0.0899858
556.561 5.45812 -0.0917462
556.561 5.52159 -0.0931372
556.561 5.58505 -0.0941531
556.561 5.64852 -0.09479
556.561 5.71199 -0.0950451
556.561 5.77545 -0.0949177
556.561 5.83892 -0.0944076
556.561 5.90239 -0.0935178
556.561 5.96585 -0.0922513
556.561 6.02932 -0.0906134
556.561 6.09279 -0.0886106
556.561 6.15625 -0.0862509
556.561 6.21972 -0.0835441
556.561 6.28319 -0.0805007
557.562 0 0.110574
557.562 0.0634665 0.100666
557.562 0.126933 0.0903524
557.562 0.1904 0.0796753
557.562 0.253866 0.0686772
557.562 0.317333 0.0574024
557.562 0.380799 0.0458968
557.562 0.444266 0.0342063
557.562 0.507732 0.022378
557.562 0.571199 0.0104595
557.562 0.634665 -0.00150099
557.562 0.698132 -0.0134554
557.562 0.761598 -0.0253557
557.562 0.825065 -0.0371539
557.562 0.888531 -0.0488025
557.562 0.951998 -0.0602546
557.562 1.01546 -0.071464
557.562 1.07893 -0.0823856
557.562 1.1424 -0.0929755
557.562 1.20586 -0.103191
557.562 1.26933 -0.112991
557.562 1.3328 -0.122336
557.562 1.39626 -0.131189
557.562 1.45973 -0.139513
557.562 1.5232 -0.147275
557.562 1.58666 -0.154445
557.562 1.65013 -0.160992
557.562 1.7136 -0.166892
557.562 1.77706 -0.172119
557.562 1.84053 -0.176653
557.562 1.904 -0.180476
557.562 1.96746 -0.183572
557.562 2.03093 -0.185929
557.562 2.0944 -0.187538
557.562 2.15786 -0.188391
557.562 2.22133 -0.188486
557.562 2.28479 -0.187821
557.562 2.34826 -0.1864
557.562 2.41173 -0.184229
557.562 2.47519 -0.181316
557.562 2.53866 -0.177673
557.562 2.60213 -0.173315
557.562 2.66559 -0.168258
557.562 2.72906 -0.162524
557.562 2.79253 -0.156135
557.562 2.85599 -0.149118
557.562 2.91946 -0.141501
557.562 2.98293 -0.133313
557.562 3.04639 -0.124589
557.562 3.10986 -0.115363
557.562 3.17333 -0.105673
557.562 3.23679 -0.0955573
557.562 3.30026 -0.0850566
557.562 3.36373 -0.0742134
557.562 3.42719 -0.0630715
557.562 3.49066 -0.0516757
557.562 3.55413 -0.0400716
557.562 3.61759 -0.0283063
557.562 3.68106 -0.016427
557.562 3.74452 -0.00448156
557.562 3.80799 0.00748191
557.562 3.87146 0.0194153
557.562 3.93492 0.0312705
557.562 3.99839 0.0429998
557.562 4.06186 0.054556
557.562 4.12532 0.0658924
557.562 4.18879 0.0769636
557.562 4.25226 0.0877247
557.562 4.31572 0.0981329
557.562 4.37919 0.108146
557.562 4.44266 0.117723
557.562 4.50612 0.126826
557.562 4.56959 0.135419
557.562 4.63306 0.143466
557.562 4.69652 0.150936
557.562 4.75999 0.157798
557.562 4.82346 0.164025
557.562 4.88692 0.169591
557.562 4.95039 0.174474
557.562 5.01385 0.178654
557.562 5.07732 0.182116
557.562 5.14079 0.184844
557.562 5.20425 0.186827
557.562 5.26772 0.188059
557.562 5.33119 0.188533
557.562 5.39465 0.188248
557.562 5.45812 0.187205
557.562 5.52159 0.185408
557.562 5.58505 0.182864
557.562 5.64852 0.179585
557.562 5.71199 0.175582
557.562 5.77545 0.170872
557.562 5.83892 0.165474
557.562 5.90239 0.159409
557.562 5.96585 0.152704
557.562 6.02932 0.145383
557.562 6.09279 0.137476
557.562 6.15625 0.129016
557.562 6.21972 0.120037
557.562 6.28319 0.110574
558.563 0 -0.31598
558.563 0.0634665 -0.320318
558.563 0.126933 -0.323367
558.563 0.1904 -0.325114
558.563 0.253866 -0.325552
558.563 0.317333 -0.324679
558.563 0.380799 -0.322498
558.563 0.444266 -0.319019
558.563 0.507732 -0.314256
558.563 0.571199 -0.308227
558.563 0.634665 -0.300957
558.563 0.698132 -0.292474
558.563 0.761598 -0.282815
558.563 0.825065 -0.272017
558.563 0.888531 -0.260123
558.563 0.951998 -0.247181
558.563 1.01546 -0.233245
558.563 1.07893 -0.218369
558.563 1.1424 -0.202614
558.563 1.20586 -0.186043
558.563 1.26933 -0.168723
558.563 1.3328 -0.150724
558.563 1.39626 -0.132117
558.563 1.45973 -0.112979
558.563 1.5232 -0.0933858
558.563 1.58666 -0.0734166
558.563 1.65013 -0.0531517
558.563 1.7136 -0.0326727
558.563 1.77706 -0.0120622
558.563 1.84053 0.00859686
558.563 1.904 0.0292213
558.563 1.96746 0.049728
558.563 2.03093 0.0700346
558.563 2.0944 0.0900592
558.563 2.15786 0.109721
558.563 2.22133 0.128941
558.563 2.28479 0.147642
558.563 2.34826 0.165748
558.563 2.41173 0.183187
558.563 2.47519 0.199889
558.563 2.53866 0.215785
558.563 2.60213 0.230813
558.563 2.66559 0.244911
558.563 2.72906 0.258023
558.563 2.79253 0.270096
558.563 2.85599 0.281081
558.563 2.91946 0.290935
558.563 2.98293 0.299617
558.563 3.04639 0.307093
558.563 3.10986 0.313332
558.563 3.17333 0.318309
558.563 3.23679 0.322005
558.563 3.30026 0.324404
558.563 3.36373 0.325497
558.563 3.42719 0.325279
558.563 3.49066 0.323752
558.563 3.55413 0.320921
558.563 3.61759 0.316797
558.563 3.68106 0.311398
558.563 3.74452 0.304745
558.563 3.80799 0.296865
558.563 3.87146 0.287789
558.563 3.93492 0.277555
558.563 3.99839 0.266204
558.563 4.06186 0.25378
558.563 4.12532 0.240334
558.563 4.18879 0.225921
558.563 4.25226 0.210598
558.563 4.31572 0.194427
558.563 4.37919 0.177472
558.563 4.44266 0.159804
558.563 4.50612 0.141492
558.563 4.56959 0.12261
558.563 4.63306 0.103234
558.563 4.69652 0.0834432
558.563 4.75999 0.063316
558.563 4.82346 0.0429337
558.563 4.88692 0.0223787
558.563 4.95039 0.00173345
558.563 5.01385 -0.0189185
558.563 5.07732 -0.0394946
558.563 5.14079 -0.0599114
558.563 5.20425 -0.0800871
558.563 5.26772 -0.0999404
558.563 5.33119 -0.119391
558.563 5.39465 -0.138361
558.563 5.45812 -0.156774
558.563 5.52159 -0.174556
558.563 5.58505 -0.191634
558.563 5.64852 -0.207941
558.563 5.71199 -0.223411
558.563 5.77545 -0.237981
558.563 5.83892 -0.251593
558.563 5.90239 -0.264192
558.563 5.96585 -0.275727
558.563 6.02932 -0.286152
558.563 6.09279 -0.295425
558.563 6.15625 -0.303508
558.563 6.21972 -0.310369
558.563 6.28319 -0.31598
559.564 0 -0.104057
559.564 0.0634665 -0.122748
559.564 0.126933 -0.140944
559.564 0.1904 -0.158573
559.564 0.253866 -0.175563
559.564 0.317333 -0.191847
559.564 0.380799 -0.207358
559.564 0.444266 -0.222034
559.564 0.507732 -0.235816
559.564 0.571199 -0.248649
559.564 0.634665 -0.26048
559.564 0.698132 -0.271262
559.564 0.761598 -0.280952
559.564 0.825065 -0.289511
559.564 0.888531 -0.296904
559.564 0.951998 -0.303102
559.564 1.01546 -0.308079
559.564 1.07893 -0.311815
559.564 1.1424 -0.314296
559.564 1.20586 -0.315512
559.564 1.26933 -0.315456
559.564 1.3328 -0.314131
559.564 1.39626 -0.311541
559.564 1.45973 -0.307696
559.564 1.5232 -0.302612
559.564 1.58666 -0.29631
559.564 1.65013 -0.288815
559.564 1.7136 -0.280157
559.564 1.77706 -0.27037
559.564 1.84053 -0.259495
559.564 1.904 -0.247575
559.564 1.96746 -0.234659
559.564 2.03093 -0.220797
559.564 2.0944 -0.206046
559.564 2.15786 -0.190466
559.564 2.22133 -0.174118
559.564 2.28479 -0.15707
559.564 2.34826 -0.139389
559.564 2.41173 -0.121146
559.564 2.47519 -0.102417
559.564 2.53866 -0.0832741
559.564 2.60213 -0.0637961
559.564 2.66559 -0.0440615
559.564 2.72906 -0.0241495
559.564 2.79253 -0.00414023
559.564 2.85599 0.0158858
559.564 2.91946 0.0358477
559.564 2.98293 0.0556655
559.564 3.04639 0.075259
559.564 3.10986 0.0945499
559.564 3.17333 0.113459
559.564 3.23679 0.131912
559.564 3.30026 0.149834
559.564 3.36373 0.167152
559.564 3.42719 0.183798
559.564 3.49066 0.199703
559.564 3.55413 0.214804
559.564 3.61759 0.22904
559.564 3.68106 0.242354
559.564 3.74452 0.254692
559.564 3.80799 0.266005
559.564 3.87146 0.276246
559.564 3.93492 0.285375
559.564 3.99839 0.293355
559.564 4.06186 0.300154
559.564 4.12532 0.305744
559.564 4.18879 0.310103
559.564 4.25226 0.313213
559.564 4.31572 0.315062
559.564 4.37919 0.315643
559.564 4.44266 0.314952
559.564 4.50612 0.312994
559.564 4.56959 0.309775
559.564 4.63306 0.305308
559.564 4.69652 0.299612
559.564 4.75999 0.29271
559.564 4.82346 0.284629
559.564 4.88692 0.275402
559.564 4.95039 0.265067
559.564 5.01385 0.253663
559.564 5.07732 0.241239
559.564 5.14079 0.227843
559.564 5.20425 0.213529
559.564 5.26772 0.198356
559.564 5.33119 0.182384
559.564 5.39465 0.165677
559.564 5.45812 0.148304
559.564 5.52159 0.130333
559.564 5.58505 0.111838
559.564 5.64852 0.0928921
559.564 5.71199 0.0735722
559.564 5.77545 0.0539561
559.564 5.83892 0.0341227
559.564 5.90239 0.014152
559.564 5.96585 -0.00587575
559.564 6.02932 -0.0258799
559.564 6.09279 -0.0457797
559.564 6.15625 -0.0654954
559.564 6.21972 -0.0849471
559.564 6.28319 -0.104057
560.565 0 -0.173983
560.565 0.0634665 -0.15645
560.565 0.126933 -0.138286
560.565 0.1904 -0.119566
560.565 0.253866 -0.100365
560.565 0.317333 -0.0807588
560.565 0.380799 -0.0608277
560.565 0.444266 -0.0406519
560.565 0.507732 -0.0203123
560.565 0.571199 0.000109073
560.565 0.634665 0.02053
560.565 0.698132 0.0408684
560.565 0.761598 0.0610422
560.565 0.825065 0.08097
560.565 0.888531 0.100572
560.565 0.951998 0.119769
560.565 1.01546 0.138483
560.565 1.07893 0.15664
560.565 1.1424 0.174167
560.565 1.20586 0.190992
560.565 1.26933 0.207048
560.565 1.3328 0.22227
560.565 1.39626 0.236597
560.565 1.45973 0.249972
560.565 1.5232 0.26234
560.565 1.58666 0.273651
560.565 1.65013 0.283861
560.565 1.7136 0.292928
560.565 1.77706 0.300815
560.565 1.84053 0.307491
560.565 1.904 0.312928
560.565 1.96746 0.317106
560.565 2.03093 0.320007
560.565 2.0944 0.32162
560.565 2.15786 0.321937
560.565 2.22133 0.320958
560.565 2.28479 0.318686
560.565 2.34826 0.315132
560.565 2.41173 0.310308
560.565 2.47519 0.304235
560.565 2.53866 0.296936
560.565 2.60213 0.288443
560.565 2.66559 0.278788
560.565 2.72906 0.268009
560.565 2.79253 0.256152
560.565 2.85599 0.243264
560.565 2.91946 0.229396
560.565 2.98293 0.214604
560.565 3.04639 0.198949
560.565 3.10986 0.182491
560.565 3.17333 0.1653
560.565 3.23679 0.147442
560.565 3.30026 0.128991
560.565 3.36373 0.110021
560.565 3.42719 0.090607
560.565 3.49066 0.0708289
560.565 3.55413 0.0507654
560.565 3.61759 0.0304974
560.565 3.68106 0.0101067
560.565 3.74452 -0.0103247
560.565 3.80799 -0.0307146
560.565 3.87146 -0.0509809
560.565 3.93492 -0.0710418
560.565 3.99839 -0.0908167
560.565 4.06186 -0.110226
560.565 4.12532 -0.129191
560.565 4.18879 -0.147636
560.565 4.25226 -0.165487
560.565 4.31572 -0.182671
560.565 4.37919 -0.19912
560.565 4.44266 -0.214767
560.565 4.50612 -0.229549
560.565 4.56959 -0.243407
560.565 4.63306 -0.256284
560.565 4.69652 -0.26813
560.565 4.75999 -0.278896
560.565 4.82346 -0.28854
560.565 4.88692 -0.297021
560.565 4.95039 -0.304306
560.565 5.01385 -0.310366
560.565 5.07732 -0.315176
560.565 5.14079 -0.318717
560.565 5.20425 -0.320975
560.565 5.26772 -0.32194
560.565 5.33119 -0.321609
560.565 5.39465 -0.319983
560.565 5.45812 -0.317069
560.565 5.52159 -0.312877
560.565 5.58505 -0.307426
560.565 5.64852 -0.300737
560.565 5.71199 -0.292837
560.565 5.77545 -0.283758
560.565 5.83892 -0.273536
560.565 5.90239 -0.262213
560.565 5.96585 -0.249834
560.565 6.02932 -0.236449
560.565 6.09279 -0.222112
560.565 6.15625 -0.20688
560.565 6.21972 -0.190816
560.565 6.28319 -0.173983
561.566 0 -0.37966
561.566 0.0634665 -0.356518
561.566 0.126933 -0.331941
561.566 0.1904 -0.306027
561.566 0.253866 -0.27888
561.566 0.317333 -0.250611
561.566 0.380799 -0.221333
561.566 0.444266 -0.191163
561.566 0.507732 -0.160224
561.566 0.571199 -0.128639
561.566 0.634665 -0.0965369
561.566 0.698132 -0.0640458
561.566 0.761598 -0.0312966
561.566 0.825065 0.00157835
561.566 0.888531 0.0344472
561.566 0.951998 0.0671771
561.566 1.01546 0.0996368
561.566 1.07893 0.131695
561.566 1.1424 0.163223
561.566 1.20586 0.194094
561.566 1.26933 0.224183
561.566 1.3328 0.25337
561.566 1.39626 0.281536
561.566 1.45973 0.308569
561.566 1.5232 0.334359
561.566 1.58666 0.358803
561.566 1.65013 0.381802
561.566 1.7136 0.403263
561.566 1.77706 0.423101
561.566 1.84053 0.441236
561.566 1.904 0.457593
561.566 1.96746 0.472108
561.566 2.03093 0.484722
561.566 2.0944 0.495384
561.566 2.15786 0.504052
561.566 2.22133 0.510689
561.566 2.28479 0.515271
561.566 2.34826 0.517777
561.566 2.41173 0.518199
561.566 2.47519 0.516534
561.566 2.53866 0.512789
561.566 2.60213 0.50698
561.566 2.66559 0.499128
561.566 2.72906 0.489267
561.566 2.79253 0.477436
561.566 2.85599 0.463683
561.566 2.91946 0.448062
561.566 2.98293 0.430637
561.566 3.04639 0.411479
561.566 3.10986 0.390663
561.566 3.17333 0.368274
561.566 3.23679 0.344403
561.566 3.30026 0.319144
561.566 3.36373 0.292601
561.566 3.42719 0.264879
561.566 3.49066 0.236091
561.566 3.55413 0.206352
561.566 3.61759 0.175782
561.566 3.68106 0.144504
561.566 3.74452 0.112645
561.566 3.80799 0.0803319
561.566 3.87146 0.0476953
561.566 3.93492 0.0148667
561.566 3.99839 -0.0180221
561.566 4.06186 -0.0508379
561.566 4.12532 -0.0834492
561.566 4.18879 -0.115724
561.566 4.25226 -0.147534
561.566 4.31572 -0.178749
561.566 4.37919 -0.209244
561.566 4.44266 -0.238897
561.566 4.50612 -0.267588
561.566 4.56959 -0.295201
561.566 4.63306 -0.321626
561.566 4.69652 -0.346755
561.566 4.75999 -0.370489
561.566 4.82346 -0.392731
561.566 4.88692 -0.413391
561.566 4.95039 -0.432386
561.566 5.01385 -0.449641
561.566 5.07732 -0.465085
561.566 5.14079 -0.478656
561.566 5.20425 -0.4903
561.566 5.26772 -0.499969
561.566 5.33119 -0.507626
561.566 5.39465 -0.513238
561.566 5.45812 -0.516784
561.566 5.52159 -0.518249
561.566 5.58505 -0.517627
561.566 5.64852 -0.514921
561.566 5.71199 -0.510141
561.566 5.77545 -0.503307
561.566 5.83892 -0.494447
561.566 5.90239 -0.483595
561.566 5.96585 -0.470797
561.566 6.02932 -0.456102
561.566 6.09279 -0.439571
561.566 6.15625 -0.42127
561.566 6.21972 -0.401273
561.566 6.28319 -0.37966
562.567 0 0.132172
562.567 0.0634665 0.157099
562.567 0.126933 0.181392
562.567 0.1904 0.204955
562.567 0.253866 0.227694
562.567 0.317333 0.249514
562.567 0.380799 0.270331
562.567 0.444266 0.290059
562.567 0.507732 0.308618
562.567 0.571199 0.325936
562.567 0.634665 0.341941
562.567 0.698132 0.356568
562.567 0.761598 0.36976
562.567 0.825065 0.381463
562.567 0.888531 0.391631
562.567 0.951998 0.400221
562.567 1.01546 0.407199
562.567 1.07893 0.412539
562.567 1.1424 0.416217
562.567 1.20586 0.418219
562.567 1.26933 0.418537
562.567 1.3328 0.417169
562.567 1.39626 0.414122
562.567 1.45973 0.409407
562.567 1.5232 0.403044
562.567 1.58666 0.395058
562.567 1.65013 0.385481
562.567 1.7136 0.374352
562.567 1.77706 0.361715
562.567 1.84053 0.347622
562.567 1.904 0.33213
562.567 1.96746 0.315299
562.567 2.03093 0.297199
562.567 2.0944 0.277903
562.567 2.15786 0.257488
562.567 2.22133 0.236036
562.567 2.28479 0.213633
562.567 2.34826 0.19037
562.567 2.41173 0.16634
562.567 2.47519 0.141641
562.567 2.53866 0.116372
562.567 2.60213 0.0906333
562.567 2.66559 0.0645302
562.567 2.72906 0.0381673
562.567 2.79253 0.0116505
562.567 2.85599 -0.014913
562.567 2.91946 -0.0414166
562.567 2.98293 -0.0677532
562.567 3.04639 -0.0938173
562.567 3.10986 -0.119503
562.567 3.17333 -0.144708
562.567 3.23679 -0.169331
562.567 3.30026 -0.193271
562.567 3.36373 -0.216433
562.567 3.42719 -0.238724
562.567 3.49066 -0.260053
562.567 3.55413 -0.280336
562.567 3.61759 -0.299489
562.567 3.68106 -0.317437
562.567 3.74452 -0.334106
562.567 3.80799 -0.34943
562.567 3.87146 -0.363347
562.567 3.93492 -0.375801
562.567 3.99839 -0.386742
562.567 4.06186 -0.396125
562.567 4.12532 -0.403914
562.567 4.18879 -0.410076
562.567 4.25226 -0.414587
562.567 4.31572 -0.417428
562.567 4.37919 -0.418588
562.567 4.44266 -0.418063
562.567 4.50612 -0.415854
562.567 4.56959 -0.411972
562.567 4.63306 -0.40643
562.567 4.69652 -0.399252
562.567 4.75999 -0.390466
562.567 4.82346 -0.380108
562.567 4.88692 -0.368219
562.567 4.95039 -0.354848
562.567 5.01385 -0.340047
562.567 5.07732 -0.323878
562.567 5.14079 -0.306404
562.567 5.20425 -0.287696
562.567 5.26772 -0.26783
562.567 5.33119 -0.246886
562.567 5.39465 -0.224947
562.567 5.45812 -0.202103
562.567 5.52159 -0.178445
562.567 5.58505 -0.154068
562.567 5.64852 -0.129071
562.567 5.71199 -0.103555
562.567 5.77545 -0.0776208
562.567 5.83892 -0.0513746
562.567 5.90239 -0.0249214
562.567 5.96585 0.00163207
562.567 6.02932 0.0281791
562.567 6.09279 0.0546126
562.567 6.15625 0.0808262
562.567 6.21972 0.106715
562.567 6.28319 0.132172
563.568 0 0.340645
563.568 0.0634665 0.324474
563.568 0.126933 0.306996
563.568 0.1904 0.288283
563.568 0.253866 0.268408
563.568 0.317333 0.247452
563.568 0.380799 0.225501
563.568 0.444266 0.202641
563.568 0.507732 0.178965
563.568 0.571199 0.154568
563.568 0.634665 0.12955
563.568 0.698132 0.104009
563.568 0.761598 0.0780503
563.568 0.825065 0.0517765
563.568 0.888531 0.0252946
563.568 0.951998 -0.00128935
563.568 1.01546 -0.0278681
563.568 1.07893 -0.0543346
563.568 1.1424 -0.0805823
563.568 1.20586 -0.106505
563.568 1.26933 -0.132
563.568 1.3328 -0.156963
563.568 1.39626 -0.181294
563.568 1.45973 -0.204894
563.568 1.5232 -0.22767
563.568 1.58666 -0.249529
563.568 1.65013 -0.270383
563.568 1.7136 -0.290149
563.568 1.77706 -0.308746
563.568 1.84053 -0.3261
563.568 1.904 -0.34214
563.568 1.96746 -0.356804
563.568 2.03093 -0.370031
563.568 2.0944 -0.381767
563.568 2.15786 -0.391966
563.568 2.22133 -0.400587
563.568 2.28479 -0.407595
563.568 2.34826 -0.412962
563.568 2.41173 -0.416665
563.568 2.47519 -0.418692
563.568 2.53866 -0.419032
563.568 2.60213 -0.417684
563.568 2.66559 -0.414656
563.568 2.72906 -0.409957
563.568 2.79253 -0.403608
563.568 2.85599 -0.395634
563.568 2.91946 -0.386065
563.568 2.98293 -0.374943
563.568 3.04639 -0.362311
563.568 3.10986 -0.34822
563.568 3.17333 -0.332727
563.568 3.23679 -0.315894
563.568 3.30026 -0.297789
563.568 3.36373 -0.278485
563.568 3.42719 -0.25806
563.568 3.49066 -0.236595
563.568 3.55413 -0.214178
563.568 3.61759 -0.190899
563.568 3.68106 -0.166851
563.568 3.74452 -0.142131
563.568 3.80799 -0.116838
563.568 3.87146 -0.0910755
563.568 3.93492 -0.064946
563.568 3.99839 -0.0385548
563.568 4.06186 -0.0120085
563.568 4.12532 0.0145861
563.568 4.18879 0.0411221
563.568 4.25226 0.0674925
563.568 4.31572 0.0935911
563.568 4.37919 0.119313
563.568 4.44266 0.144554
563.568 4.50612 0.169213
563.568 4.56959 0.193191
563.568 4.63306 0.216391
563.568 4.69652 0.23872
563.568 4.75999 0.260087
563.568 4.82346 0.280407
563.568 4.88692 0.299598
563.568 4.95039 0.317583
563.568 5.01385 0.334289
563.568 5.07732 0.349649
563.568 5.14079 0.3636
563.568 5.20425 0.376088
563.568 5.26772 0.387062
563.568 5.33119 0.396476
563.568 5.39465 0.404295
563.568 5.45812 0.410485
563.568 5.52159 0.415023
563.568 5.58505 0.417889
563.568 5.64852 0.419073
563.568 5.71199 0.418569
563.568 5.77545 0.41638
563.568 5.83892 0.412514
563.568 5.90239 0.406987
563.568 5.96585 0.399821
563.568 6.02932 0.391046
563.568 6.09279 0.380696
563.568 6.15625 0.368812
563.568 6.21972 0.355444
563.568 6.28319 0.340645
564.569 0 -0.460346
564.569 0.0634665 -0.465804
564.569 0.126933 -0.469387
564.569 0.1904 -0.47108
564.569 0.253866 -0.470875
564.569 0.317333 -0.468775
564.569 0.380799 -0.464788
564.569 0.444266 -0.458928
564.569 0.507732 -0.451221
564.569 0.571199 -0.441696
564.569 0.634665 -0.430394
564.569 0.698132 -0.417358
564.569 0.761598 -0.402641
564.569 0.825065 -0.386304
564.569 0.888531 -0.368411
564.569 0.951998 -0.349034
564.569 1.01546 -0.328252
564.569 1.07893 -0.306149
564.569 1.1424 -0.282812
564.569 1.20586 -0.258337
564.569 1.26933 -0.232821
564.569 1.3328 -0.206368
564.569 1.39626 -0.179084
564.569 1.45973 -0.151079
564.569 1.5232 -0.122465
564.569 1.58666 -0.0933587
564.569 1.65013 -0.0638762
564.569 1.7136 -0.0341363
564.569 1.77706 -0.00425919
564.569 1.84053 0.0256352
564.569 1.904 0.0554262
564.569 1.96746 0.084994
564.569 2.03093 0.11422
564.569 2.0944 0.142986
564.569 2.15786 0.171176
564.569 2.22133 0.198676
564.569 2.28479 0.225377
564.569 2.34826 0.25117
564.569 2.41173 0.275952
564.569 2.47519 0.299623
564.569 2.53866 0.322087
564.569 2.60213 0.343255
564.569 2.66559 0.36304
564.569 2.72906 0.381363
564.569 2.79253 0.398151
564.569 2.85599 0.413335
564.569 2.91946 0.426855
564.569 2.98293 0.438657
564.569 3.04639 0.448691
564.569 3.10986 0.45692
564.569 3.17333 0.463308
564.569 3.23679 0.467831
564.569 3.30026 0.47047
564.569 3.36373 0.471215
564.569 3.42719 0.470062
564.569 3.49066 0.467017
564.569 3.55413 0.462091
564.569 3.61759 0.455304
564.569 3.68106 0.446684
564.569 3.74452 0.436265
564.569 3.80799 0.424089
564.569 3.87146 0.410207
564.569 3.93492 0.394672
564.569 3.99839 0.377547
564.569 4.06186 0.358903
564.569 4.12532 0.338814
564.569 4.18879 0.31736
564.569 4.25226 0.294629
564.569 4.31572 0.27071
564.569 4.37919 0.245702
564.569 4.44266 0.219705
564.569 4.50612 0.192823
564.569 4.56959 0.165165
564.569 4.63306 0.136841
564.569 4.69652 0.107966
564.569 4.75999 0.078657
564.569 4.82346 0.049031
564.569 4.88692 0.0192076
564.569 4.95039 -0.0106934
564.569 5.01385 -0.0405512
564.569 5.07732 -0.0702457
564.569 5.14079 -0.0996573
564.569 5.20425 -0.128668
564.569 5.26772 -0.15716
564.569 5.33119 -0.185019
564.569 5.39465 -0.212134
564.569 5.45812 -0.238394
564.569 5.52159 -0.263694
564.569 5.58505 -0.287933
564.569 5.64852 -0.311012
564.569 5.71199 -0.332839
564.569 5.77545 -0.353325
564.569 5.83892 -0.372389
564.569 5.90239 -0.389953
564.569 5.96585 -0.405947
564.569 6.02932 -0.420307
564.569 6.09279 -0.432974
564.569 6.15625 -0.443898
564.569 6.21972 -0.453034
564.569 6.28319 -0.460346
565.57 0 -0.0441556
565.57 0.0634665 -0.0422031
565.57 0.126933 -0.0400805
565.57 0.1904 -0.0377965
565.57 0.253866 -0.0353606
565.57 0.317333 -0.0327821
565.57 0.380799 -0.0300715
565.57 0.444266 -0.0272402
565.57 0.507732 -0.0242989
565.57 0.571199 -0.0212596
565.57 0.634665 -0.018135
565.57 0.698132 -0.0149372
565.57 0.761598 -0.0116793
565.57 0.825065 -0.00837436
565.57 0.888531 -0.00503588
565.57 0.951998 -0.00167702
565.57 1.01546 0.00168894
565.57 1.07893 0.00504756
565.57 1.1424 0.00838621
565.57 1.20586 0.0116908
565.57 1.26933 0.0149483
565.57 1.3328 0.0181459
565.57 1.39626 0.0212705
565.57 1.45973 0.0243093
565.57 1.5232 0.0272501
565.57 1.58666 0.0300812
565.57 1.65013 0.0327913
565.57 1.7136 0.0353693
565.57 1.77706 0.0378049
565.57 1.84053 0.0400883
565.57 1.904 0.0422102
565.57 1.96746 0.0441621
565.57 2.03093 0.0459363
565.57 2.0944 0.0475255
565.57 2.15786 0.0489234
565.57 2.22133 0.0501241
565.57 2.28479 0.051123
565.57 2.34826 0.0519162
565.57 2.41173 0.0525002
565.57 2.47519 0.0528729
565.57 2.53866 0.0530327
565.57 2.60213 0.0529789
565.57 2.66559 0.0527119
565.57 2.72906 0.0522325
565.57 2.79253 0.0515428
565.57 2.85599 0.0506456
565.57 2.91946 0.0495445
565.57 2.98293 0.0482438
565.57 3.04639 0.046749
565.57 3.10986 0.0450659
565.57 3.17333 0.0432011
565.57 3.23679 0.0411626
565.57 3.30026 0.0389582
565.57 3.36373 0.036597
565.57 3.42719 0.0340885
565.57 3.49066 0.0314428
565.57 3.55413 0.0286701
565.57 3.61759 0.0257825
565.57 3.68106 0.0227908
565.57 3.74452 0.0197074
565.57 3.80799 0.0165444
565.57 3.87146 0.0133149
565.57 3.93492 0.0100321
565.57 3.99839 0.00670844
565.57 4.06186 0.00335813
565.57 4.12532 -5.91693e-06
565.57 4.18879 -0.0033697
565.57 4.25226 -0.00672027
565.57 4.31572 -0.0100434
565.57 4.37919 -0.0133264
565.57 4.44266 -0.0165557
565.57 4.50612 -0.019718
565.57 4.56959 -0.0228015
565.57 4.63306 -0.0257928
565.57 4.69652 -0.0286801
565.57 4.75999 -0.0314523
565.57 4.82346 -0.0340975
565.57 4.88692 -0.0366054
565.57 4.95039 -0.0389662
565.57 5.01385 -0.04117
565.57 5.07732 -0.0432079
565.57 5.14079 -0.0450719
565.57 5.20425 -0.0467545
565.57 5.26772 -0.0482487
565.57 5.33119 -0.0495485
565.57 5.39465 -0.0506492
565.57 5.45812 -0.0515456
565.57 5.52159 -0.0522346
565.57 5.58505 -0.0527131
565.57 5.64852 -0.0529795
565.57 5.71199 -0.0530326
565.57 5.77545 -0.052872
565.57 5.83892 -0.0524986
565.57 5.90239 -0.0519138
565.57 5.96585 -0.0511199
565.57 6.02932 -0.0501202
565.57 6.09279 -0.0489187
565.57 6.15625 -0.0475203
565.57 6.21972 -0.0459304
565.57 6.28319 -0.0441556
566.571 0 -0.292463
566.571 0.0634665 -0.317904
566.571 0.126933 -0.342064
566.571 0.1904 -0.364848
566.571 0.253866 -0.386162
566.571 0.317333 -0.405921
566.571 0.380799 -0.424045
566.571 0.444266 -0.440463
566.571 0.507732 -0.455106
566.571 0.571199 -0.467917
566.571 0.634665 -0.478844
566.571 0.698132 -0.487843
566.571 0.761598 -0.494877
566.571 0.825065 -0.499919
566.571 0.888531 -0.502948
566.571 0.951998 -0.503951
566.571 1.01546 -0.502926
566.571 1.07893 -0.499875
566.571 1.1424 -0.494811
566.571 1.20586 -0.487754
566.571 1.26933 -0.478735
566.571 1.3328 -0.467787
566.571 1.39626 -0.454956
566.571 1.45973 -0.440293
566.571 1.5232 -0.423856
566.571 1.58666 -0.405713
566.571 1.65013 -0.385936
566.571 1.7136 -0.364606
566.571 1.77706 -0.341807
566.571 1.84053 -0.317632
566.571 1.904 -0.292178
566.571 1.96746 -0.265547
566.571 2.03093 -0.237847
566.571 2.0944 -0.20919
566.571 2.15786 -0.17969
566.571 2.22133 -0.149466
566.571 2.28479 -0.118641
566.571 2.34826 -0.0873377
566.571 2.41173 -0.055683
566.571 2.47519 -0.023804
566.571 2.53866 0.00817074
566.571 2.60213 0.0401128
566.571 2.66559 0.0718931
566.571 2.72906 0.103384
566.571 2.79253 0.134459
566.571 2.85599 0.164992
566.571 2.91946 0.194861
566.571 2.98293 0.223945
566.571 3.04639 0.252127
566.571 3.10986 0.279294
566.571 3.17333 0.305337
566.571 3.23679 0.33015
566.571 3.30026 0.353634
566.571 3.36373 0.375694
566.571 3.42719 0.396241
566.571 3.49066 0.415192
566.571 3.55413 0.432472
566.571 3.61759 0.44801
566.571 3.68106 0.461744
566.571 3.74452 0.473619
566.571 3.80799 0.483587
566.571 3.87146 0.491608
566.571 3.93492 0.497649
566.571 3.99839 0.501686
566.571 4.06186 0.503703
566.571 4.12532 0.503692
566.571 4.18879 0.501652
566.571 4.25226 0.497593
566.571 4.31572 0.49153
566.571 4.37919 0.483488
566.571 4.44266 0.473499
566.571 4.50612 0.461604
566.571 4.56959 0.447849
566.571 4.63306 0.432292
566.571 4.69652 0.414994
566.571 4.75999 0.396024
566.571 4.82346 0.37546
566.571 4.88692 0.353384
566.571 4.95039 0.329886
566.571 5.01385 0.305058
566.571 5.07732 0.279003
566.571 5.14079 0.251824
566.571 5.20425 0.223631
566.571 5.26772 0.194538
566.571 5.33119 0.164661
566.571 5.39465 0.134121
566.571 5.45812 0.103041
566.571 5.52159 0.0715465
566.571 5.58505 0.0397636
566.571 5.64852 0.00782058
566.571 5.71199 -0.0241539
566.571 5.77545 -0.0560311
566.571 5.83892 -0.0876828
566.571 5.90239 -0.118981
566.571 5.96585 -0.149801
566.571 6.02932 -0.180017
566.571 6.09279 -0.209508
566.571 6.15625 -0.238156
566.571 6.21972 -0.265845
566.571 6.28319 -0.292463
567.572 0 0.0299169
567.572 0.0634665 0.0361544
567.572 0.126933 0.042246
567.572 0.1904 0.0481676
567.572 0.253866 0.0538951
567.572 0.317333 0.0594059
567.572 0.380799 0.0646774
567.572 0.444266 0.0696886
567.572 0.507732 0.0744188
567.572 0.571199 0.0788495
567.572 0.634665 0.0829628
567.572 0.698132 0.086742
567.572 0.761598 0.090172
567.572 0.825065 0.0932386
567.572 0.888531 0.09593
567.572 0.951998 0.0982352
567.572 1.01546 0.100145
567.572 1.07893 0.101651
567.572 1.1424 0.102748
567.572 1.20586 0.103431
567.572 1.26933 0.103698
567.572 1.3328 0.103547
567.572 1.39626 0.10298
567.572 1.45973 0.101997
567.572 1.5232 0.100604
567.572 1.58666 0.0988057
567.572 1.65013 0.0966099
567.572 1.7136 0.0940245
567.572 1.77706 0.091061
567.572 1.84053 0.0877305
567.572 1.904 0.0840469
567.572 1.96746 0.0800249
567.572 2.03093 0.0756807
567.572 2.0944 0.0710317
567.572 2.15786 0.0660967
567.572 2.22133 0.0608956
567.572 2.28479 0.0554492
567.572 2.34826 0.0497796
567.572 2.41173 0.0439093
567.572 2.47519 0.0378627
567.572 2.53866 0.031663
567.572 2.60213 0.0253361
567.572 2.66559 0.0189073
567.572 2.72906 0.0124024
567.572 2.79253 0.00584727
567.572 2.85599 -0.000731067
567.572 2.91946 -0.00730682
567.572 2.98293 -0.0138529
567.572 3.04639 -0.0203433
567.572 3.10986 -0.0267515
567.572 3.17333 -0.0330522
567.572 3.23679 -0.0392199
567.572 3.30026 -0.0452296
567.572 3.36373 -0.0510572
567.572 3.42719 -0.0566793
567.572 3.49066 -0.062073
567.572 3.55413 -0.0672166
567.572 3.61759 -0.07209
567.572 3.68106 -0.0766729
567.572 3.74452 -0.080947
567.572 3.80799 -0.084895
567.572 3.87146 -0.0885015
567.572 3.93492 -0.0917513
567.572 3.99839 -0.094632
567.572 4.06186 -0.0971315
567.572 4.12532 -0.09924
567.572 4.18879 -0.100949
567.572 4.25226 -0.102251
567.572 4.31572 -0.103142
567.572 4.37919 -0.103617
567.572 4.44266 -0.103675
567.572 4.50612 -0.103315
567.572 4.56959 -0.10254
567.572 4.63306 -0.101352
567.572 4.69652 -0.099755
567.572 4.75999 -0.0977568
567.572 4.82346 -0.0953652
567.572 4.88692 -0.0925895
567.572 4.95039 -0.0894406
567.572 5.01385 -0.0859319
567.572 5.07732 -0.0820772
567.572 5.14079 -0.077892
567.572 5.20425 -0.073393
567.572 5.26772 -0.0685988
567.572 5.33119 -0.0635279
567.572 5.39465 -0.0582016
567.572 5.45812 -0.0526409
567.572 5.52159 -0.0468679
567.572 5.58505 -0.0409066
567.572 5.64852 -0.0347804
567.572 5.71199 -0.028514
567.572 5.77545 -0.0221329
567.572 5.83892 -0.0156627
567.572 5.90239 -0.00912935
567.572 5.96585 -0.00255958
567.572 6.02932 0.00402091
567.572 6.09279 0.010585
567.572 6.15625 0.0171065
567.572 6.21972 0.0235593
567.572 6.28319 0.029917
568.573 0 -0.158971
568.573 0.0634665 -0.147272
568.573 0.126933 -0.134981
568.573 0.1904 -0.122146
568.573 0.253866 -0.108819
568.573 0.317333 -0.0950544
568.573 0.380799 -0.0809068
568.573 0.444266 -0.0664334
568.573 0.507732 -0.0516924
568.573 0.571199 -0.0367434
568.573 0.634665 -0.0216464
568.573 0.698132 -0.00646212
568.573 0.761598 0.00874819
568.573 0.825065 0.0239232
568.573 0.888531 0.0390018
568.573 0.951998 0.0539236
568.573 1.01546 0.068628
568.573 1.07893 0.0830561
568.573 1.1424 0.0971498
568.573 1.20586 0.110852
568.573 1.26933 0.124108
568.573 1.3328 0.136865
568.573 1.39626 0.14907
568.573 1.45973 0.160676
568.573 1.5232 0.171633
568.573 1.58666 0.1819
568.573 1.65013 0.191435
568.573 1.7136 0.200199
568.573 1.77706 0.208156
568.573 1.84053 0.215275
568.573 1.904 0.221528
568.573 1.96746 0.226889
568.573 2.03093 0.231335
568.573 2.0944 0.234851
568.573 2.15786 0.237421
568.573 2.22133 0.239034
568.573 2.28479 0.239685
568.573 2.34826 0.239372
568.573 2.41173 0.238094
568.573 2.47519 0.235858
568.573 2.53866 0.232671
568.573 2.60213 0.228548
568.573 2.66559 0.223505
568.573 2.72906 0.217562
568.573 2.79253 0.210742
568.573 2.85599 0.203074
568.573 2.91946 0.194589
568.573 2.98293 0.185319
568.573 3.04639 0.175304
568.573 3.10986 0.164583
568.573 3.17333 0.153199
568.573 3.23679 0.141198
568.573 3.30026 0.128628
568.573 3.36373 0.115541
568.573 3.42719 0.101988
568.573 3.49066 0.0880249
568.573 3.55413 0.0737072
568.573 3.61759 0.0590926
568.573 3.68106 0.04424
568.573 3.74452 0.0292094
568.573 3.80799 0.0140612
568.573 3.87146 -0.00114365
568.573 3.93492 -0.016344
568.573 3.99839 -0.0314784
568.573 4.06186 -0.046486
568.573 4.12532 -0.0613063
568.573 4.18879 -0.0758804
568.573 4.25226 -0.0901481
568.573 4.31572 -0.104053
568.573 4.37919 -0.11754
568.573 4.44266 -0.130552
568.573 4.50612 -0.143039
568.573 4.56959 -0.154951
568.573 4.63306 -0.166238
568.573 4.69652 -0.176856
568.573 4.75999 -0.186762
568.573 4.82346 -0.195915
568.573 4.88692 -0.20428
568.573 4.95039 -0.211822
568.573 5.01385 -0.218511
568.573 5.07732 -0.224321
568.573 5.14079 -0.229227
568.573 5.20425 -0.233211
568.573 5.26772 -0.236255
568.573 5.33119 -0.238347
568.573 5.39465 -0.239481
568.573 5.45812 -0.239649
568.573 5.52159 -0.238853
568.573 5.58505 -0.237095
568.573 5.64852 -0.234382
568.573 5.71199 -0.230726
568.573 5.77545 -0.226141
568.573 5.83892 -0.220644
568.573 5.90239 -0.21426
568.573 5.96585 -0.207012
568.573 6.02932 -0.198932
568.573 6.09279 -0.19005
568.573 6.15625 -0.180403
568.573 6.21972 -0.170029
568.573 6.28319 -0.158971
569.574 0 0.0488737
569.574 0.0634665 0.0535493
569.574 0.126933 0.0580095
569.574 0.1904 0.0622363
569.574 0.253866 0.0662119
569.574 0.317333 0.0699214
569.574 0.380799 0.073349
569.574 0.444266 0.0764817
569.574 0.507732 0.079306
569.574 0.571199 0.0818109
569.574 0.634665 0.0839867
569.574 0.698132 0.0858243
569.574 0.761598 0.0873159
569.574 0.825065 0.0884565
569.574 0.888531 0.0892404
569.574 0.951998 0.0896655
569.574 1.01546 0.0897292
569.574 1.07893 0.0894319
569.574 1.1424 0.0887741
569.574 1.20586 0.0877591
569.574 1.26933 0.0863904
569.574 1.3328 0.0846741
569.574 1.39626 0.0826168
569.574 1.45973 0.0802269
569.574 1.5232 0.0775137
569.574 1.58666 0.0744886
569.574 1.65013 0.0711637
569.574 1.7136 0.067552
569.574 1.77706 0.0636683
569.574 1.84053 0.0595282
569.574 1.904 0.0551485
569.574 1.96746 0.0505469
569.574 2.03093 0.0457415
569.574 2.0944 0.040752
569.574 2.15786 0.0355985
569.574 2.22133 0.0303015
569.574 2.28479 0.0248826
569.574 2.34826 0.0193634
569.574 2.41173 0.0137663
569.574 2.47519 0.00811377
569.574 2.53866 0.0024286
569.574 2.60213 -0.00326646
569.574 2.66559 -0.00894823
569.574 2.72906 -0.014594
569.574 2.79253 -0.020181
569.574 2.85599 -0.0256869
569.574 2.91946 -0.0310893
569.574 2.98293 -0.0363663
569.574 3.04639 -0.041497
569.574 3.10986 -0.0464608
569.574 3.17333 -0.0512373
569.574 3.23679 -0.0558075
569.574 3.30026 -0.0601528
569.574 3.36373 -0.0642562
569.574 3.42719 -0.0681009
569.574 3.49066 -0.0716714
569.574 3.55413 -0.074953
569.574 3.61759 -0.0779328
569.574 3.68106 -0.0805991
569.574 3.74452 -0.0829404
569.574 3.80799 -0.0849482
569.574 3.87146 -0.0866137
569.574 3.93492 -0.0879306
569.574 3.99839 -0.0888935
569.574 4.06186 -0.0894982
569.574 4.12532 -0.0897424
569.574 4.18879 -0.0896258
569.574 4.25226 -0.0891478
569.574 4.31572 -0.0883107
569.574 4.37919 -0.0871185
569.574 4.44266 -0.0855753
569.574 4.50612 -0.0836877
569.574 4.56959 -0.0814629
569.574 4.63306 -0.0789099
569.574 4.69652 -0.0760397
569.574 4.75999 -0.0728627
569.574 4.82346 -0.0693927
569.574 4.88692 -0.0656431
569.574 4.95039 -0.0616294
569.574 5.01385 -0.0573673
569.574 5.07732 -0.0528744
569.574 5.14079 -0.0481684
569.574 5.20425 -0.0432685
569.574 5.26772 -0.0381945
569.574 5.33119 -0.0329665
569.574 5.39465 -0.027606
569.574 5.45812 -0.0221341
569.574 5.52159 -0.0165733
569.574 5.58505 -0.0109456
569.574 5.64852 -0.00527385
569.574 5.71199 0.000419139
569.574 5.77545 0.00611036
569.574 5.83892 0.011777
569.574 5.90239 0.0173963
569.574 5.96585 0.0229455
569.574 6.02932 0.0284023
569.574 6.09279 0.0337448
569.574 6.15625 0.0389514
569.574 6.21972 0.0440011
569.574 6.28319 0.0488738
570.575 0 0.101618
570.575 0.0634665 0.0806244
570.575 0.126933 0.0593053
570.575 0.1904 0.0377479
570.575 0.253866 0.0160383
570.575 0.317333 -0.00573577
570.575 0.380799 -0.0274868
570.575 0.444266 -0.0491271
570.575 0.507732 -0.0705697
570.575 0.571199 -0.0917281
570.575 0.634665 -0.112517
570.575 0.698132 -0.132853
570.575 0.761598 -0.152654
570.575 0.825065 -0.17184
570.575 0.888531 -0.190335
570.575 0.951998 -0.208063
570.575 1.01546 -0.224953
570.575 1.07893 -0.240937
570.575 1.1424 -0.255951
570.575 1.20586 -0.269935
570.575 1.26933 -0.282832
570.575 1.3328 -0.294589
570.575 1.39626 -0.305161
570.575 1.45973 -0.314504
570.575 1.5232 -0.32258
570.575 1.58666 -0.329358
570.575 1.65013 -0.334809
570.575 1.7136 -0.338912
570.575 1.77706 -0.341651
570.575 1.84053 -0.343013
570.575 1.904 -0.342995
570.575 1.96746 -0.341595
570.575 2.03093 -0.33882
570.575 2.0944 -0.334681
570.575 2.15786 -0.329194
570.575 2.22133 -0.322381
570.575 2.28479 -0.31427
570.575 2.34826 -0.304894
570.575 2.41173 -0.29429
570.575 2.47519 -0.282502
570.575 2.53866 -0.269575
570.575 2.60213 -0.255563
570.575 2.66559 -0.240522
570.575 2.72906 -0.224513
570.575 2.79253 -0.2076
570.575 2.85599 -0.18985
570.575 2.91946 -0.171336
570.575 2.98293 -0.152132
570.575 3.04639 -0.132316
570.575 3.10986 -0.111967
570.575 3.17333 -0.0911671
570.575 3.23679 -0.0700002
570.575 3.30026 -0.0485511
570.575 3.36373 -0.0269067
570.575 3.42719 -0.0051538
570.575 3.49066 0.0166196
570.575 3.55413 0.0383263
570.575 3.61759 0.0598787
570.575 3.68106 0.0811898
570.575 3.74452 0.102174
570.575 3.80799 0.122747
570.575 3.87146 0.142825
570.575 3.93492 0.162329
570.575 3.99839 0.181179
570.575 4.06186 0.199299
570.575 4.12532 0.216617
570.575 4.18879 0.233062
570.575 4.25226 0.24857
570.575 4.31572 0.263076
570.575 4.37919 0.276522
570.575 4.44266 0.288856
570.575 4.50612 0.300026
570.575 4.56959 0.309989
570.575 4.63306 0.318702
570.575 4.69652 0.326133
570.575 4.75999 0.332251
570.575 4.82346 0.33703
570.575 4.88692 0.340453
570.575 4.95039 0.342504
570.575 5.01385 0.343177
570.575 5.07732 0.342467
570.575 5.14079 0.340379
570.575 5.20425 0.33692
570.575 5.26772 0.332104
570.575 5.33119 0.325951
570.575 5.39465 0.318486
570.575 5.45812 0.309738
570.575 5.52159 0.299743
570.575 5.58505 0.288541
570.575 5.64852 0.276178
570.575 5.71199 0.262702
570.575 5.77545 0.248168
570.575 5.83892 0.232635
570.575 5.90239 0.216165
570.575 5.96585 0.198825
570.575 6.02932 0.180684
570.575 6.09279 0.161816
570.575 6.15625 0.142296
570.575 6.21972 0.122203
570.575 6.28319 0.101618
571.576 0 0.309923
571.576 0.0634665 0.307119
571.576 0.126933 0.303077
571.576 0.1904 0.297816
571.576 0.253866 0.291355
571.576 0.317333 0.283721
571.576 0.380799 0.274944
571.576 0.444266 0.26506
571.576 0.507732 0.254109
571.576 0.571199 0.242135
571.576 0.634665 0.229186
571.576 0.698132 0.215314
571.576 0.761598 0.200575
571.576 0.825065 0.185028
571.576 0.888531 0.168737
571.576 0.951998 0.151766
571.576 1.01546 0.134183
571.576 1.07893 0.116061
571.576 1.1424 0.0974709
571.576 1.20586 0.0784885
571.576 1.26933 0.0591903
571.576 1.3328 0.0396534
571.576 1.39626 0.0199571
571.576 1.45973 0.000180128
571.576 1.5232 -0.0195974
571.576 1.58666 -0.039296
571.576 1.65013 -0.0588363
571.576 1.7136 -0.0781398
571.576 1.77706 -0.0971286
571.576 1.84053 -0.115726
571.576 1.904 -0.133858
571.576 1.96746 -0.151451
571.576 2.03093 -0.168434
571.576 2.0944 -0.184738
571.576 2.15786 -0.200299
571.576 2.22133 -0.215053
571.576 2.28479 -0.228942
571.576 2.34826 -0.241908
571.576 2.41173 -0.2539
571.576 2.47519 -0.264871
571.576 2.53866 -0.274774
571.576 2.60213 -0.283571
571.576 2.66559 -0.291226
571.576 2.72906 -0.297709
571.576 2.79253 -0.302992
571.576 2.85599 -0.307056
571.576 2.91946 -0.309884
571.576 2.98293 -0.311463
571.576 3.04639 -0.311788
571.576 3.10986 -0.310858
571.576 3.17333 -0.308676
571.576 3.23679 -0.305252
571.576 3.30026 -0.300598
571.576 3.36373 -0.294734
571.576 3.42719 -0.287683
571.576 3.49066 -0.279473
571.576 3.55413 -0.270139
571.576 3.61759 -0.259716
571.576 3.68106 -0.248247
571.576 3.74452 -0.235779
571.576 3.80799 -0.222362
571.576 3.87146 -0.20805
571.576 3.93492 -0.192899
571.576 3.99839 -0.176972
571.576 4.06186 -0.160332
571.576 4.12532 -0.143047
571.576 4.18879 -0.125185
571.576 4.25226 -0.10682
571.576 4.31572 -0.0880241
571.576 4.37919 -0.0688739
571.576 4.44266 -0.0494467
571.576 4.50612 -0.0298203
571.576 4.56959 -0.0100737
571.576 4.63306 0.00971355
571.576 4.69652 0.0294614
571.576 4.75999 0.0490908
571.576 4.82346 0.0685226
571.576 4.88692 0.0876782
571.576 4.95039 0.106481
571.576 5.01385 0.124855
571.576 5.07732 0.142726
571.576 5.14079 0.160023
571.576 5.20425 0.176675
571.576 5.26772 0.192616
571.576 5.33119 0.207781
571.576 5.39465 0.222109
571.576 5.45812 0.235543
571.576 5.52159 0.248029
571.576 5.58505 0.259516
571.576 5.64852 0.269958
571.576 5.71199 0.279313
571.576 5.77545 0.287543
571.576 5.83892 0.294616
571.576 5.90239 0.300502
571.576 5.96585 0.305178
571.576 6.02932 0.308625
571.576 6.09279 0.31083
571.576 6.15625 0.311783
571.576 6.21972 0.31148
571.576 6.28319 0.309923
572.577 0 -0.172824
572.577 0.0634665 -0.16923
572.577 0.126933 -0.164955
572.577 0.1904 -0.160016
572.577 0.253866 -0.154432
572.577 0.317333 -0.148227
572.577 0.380799 -0.141424
572.577 0.444266 -0.134052
572.577 0.507732 -0.126141
572.577 0.571199 -0.117721
572.577 0.634665 -0.108827
572.577 0.698132 -0.0994955
572.577 0.761598 -0.089763
572.577 0.825065 -0.079669
572.577 0.888531 -0.0692543
572.577 0.951998 -0.0585608
572.577 1.01546 -0.0476314
572.577 1.07893 -0.0365103
572.577 1.1424 -0.0252423
572.577 1.20586 -0.0138723
572.577 1.26933 -0.00244665
572.577 1.3328 0.00898887
572.577 1.39626 0.0203883
572.577 1.45973 0.0317055
572.577 1.5232 0.042895
572.577 1.58666 0.053912
572.577 1.65013 0.0647116
572.577 1.7136 0.0752509
572.577 1.77706 0.0854871
572.577 1.84053 0.095379
572.577 1.904 0.104887
572.577 1.96746 0.113972
572.577 2.03093 0.122599
572.577 2.0944 0.130732
572.577 2.15786 0.138339
572.577 2.22133 0.145388
572.577 2.28479 0.151852
572.577 2.34826 0.157705
572.577 2.41173 0.162923
572.577 2.47519 0.167484
572.577 2.53866 0.171371
572.577 2.60213 0.174568
572.577 2.66559 0.177062
572.577 2.72906 0.178844
572.577 2.79253 0.179905
572.577 2.85599 0.180241
572.577 2.91946 0.179852
572.577 2.98293 0.178739
572.577 3.04639 0.176906
572.577 3.10986 0.174361
572.577 3.17333 0.171113
572.577 3.23679 0.167177
572.577 3.30026 0.162567
572.577 3.36373 0.157303
572.577 3.42719 0.151406
572.577 3.49066 0.144898
572.577 3.55413 0.137807
572.577 3.61759 0.130162
572.577 3.68106 0.121992
572.577 3.74452 0.113331
572.577 3.80799 0.104214
572.577 3.87146 0.0946769
572.577 3.93492 0.0847588
572.577 3.99839 0.0744992
572.577 4.06186 0.0639397
572.577 4.12532 0.0531229
572.577 4.18879 0.042092
572.577 4.25226 0.0308918
572.577 4.31572 0.0195671
572.577 4.37919 0.00816359
572.577 4.44266 -0.00327271
572.577 4.50612 -0.0146958
572.577 4.56959 -0.02606
572.577 4.63306 -0.0373191
572.577 4.69652 -0.0484279
572.577 4.75999 -0.0593417
572.577 4.82346 -0.0700165
572.577 4.88692 -0.0804094
572.577 4.95039 -0.0904786
572.577 5.01385 -0.100183
572.577 5.07732 -0.109485
572.577 5.14079 -0.118345
572.577 5.20425 -0.126729
572.577 5.26772 -0.134603
572.577 5.33119 -0.141935
572.577 5.39465 -0.148695
572.577 5.45812 -0.154856
572.577 5.52159 -0.160394
572.577 5.58505 -0.165286
572.577 5.64852 -0.169513
572.577 5.71199 -0.173057
572.577 5.77545 -0.175904
572.577 5.83892 -0.178043
572.577 5.90239 -0.179465
572.577 5.96585 -0.180164
572.577 6.02932 -0.180138
572.577 6.09279 -0.179386
572.577 6.15625 -0.177912
572.577 6.21972 -0.175722
572.577 6.28319 -0.172824
573.578 0 0.130383
573.578 0.0634665 0.121187
573.578 0.126933 0.111502
573.578 0.1904 0.101369
573.578 0.253866 0.090827
573.578 0.317333 0.0799195
573.578 0.380799 0.0686903
573.578 0.444266 0.0571846
573.578 0.507732 0.0454486
573.578 0.571199 0.0335295
573.578 0.634665 0.0214754
573.578 0.698132 0.00933488
573.578 0.761598 -0.00284327
573.578 0.825065 -0.0150102
573.578 0.888531 -0.0271162
573.578 0.951998 -0.0391132
573.578 1.01546 -0.0509529
573.578 1.07893 -0.0625874
573.578 1.1424 -0.0739698
573.578 1.20586 -0.0850544
573.578 1.26933 -0.0957965
573.578 1.3328 -0.106153
573.578 1.39626 -0.116082
573.578 1.45973 -0.125543
573.578 1.5232 -0.134499
573.578 1.58666 -0.142913
573.578 1.65013 -0.150752
573.578 1.7136 -0.157984
573.578 1.77706 -0.16458
573.578 1.84053 -0.170513
573.578 1.904 -0.175759
573.578 1.96746 -0.180298
573.578 2.03093 -0.18411
573.578 2.0944 -0.187182
573.578 2.15786 -0.1895
573.578 2.22133 -0.191054
573.578 2.28479 -0.191839
573.578 2.34826 -0.191852
573.578 2.41173 -0.191093
573.578 2.47519 -0.189564
573.578 2.53866 -0.187271
573.578 2.60213 -0.184224
573.578 2.66559 -0.180436
573.578 2.72906 -0.175921
573.578 2.79253 -0.170698
573.578 2.85599 -0.164787
573.578 2.91946 -0.158213
573.578 2.98293 -0.151002
573.578 3.04639 -0.143183
573.578 3.10986 -0.134787
573.578 3.17333 -0.125848
573.578 3.23679 -0.116403
573.578 3.30026 -0.106489
573.578 3.36373 -0.0961462
573.578 3.42719 -0.0854162
573.578 3.49066 -0.0743423
573.578 3.55413 -0.062969
573.578 3.61759 -0.0513422
573.578 3.68106 -0.0395087
573.578 3.74452 -0.0275163
573.578 3.80799 -0.0154127
573.578 3.87146 -0.00324738
573.578 3.93492 0.00893117
573.578 3.99839 0.0210738
573.578 4.06186 0.0331315
573.578 4.12532 0.0450559
573.578 4.18879 0.0567987
573.578 4.25226 0.068313
573.578 4.31572 0.079552
573.578 4.37919 0.0904711
573.578 4.44266 0.101025
573.578 4.50612 0.111173
573.578 4.56959 0.120873
573.578 4.63306 0.130086
573.578 4.69652 0.138776
573.578 4.75999 0.146907
573.578 4.82346 0.154446
573.578 4.88692 0.161363
573.578 4.95039 0.167631
573.578 5.01385 0.173223
573.578 5.07732 0.178118
573.578 5.14079 0.182296
573.578 5.20425 0.18574
573.578 5.26772 0.188436
573.578 5.33119 0.190373
573.578 5.39465 0.191543
573.578 5.45812 0.191942
573.578 5.52159 0.191569
573.578 5.58505 0.190424
573.578 5.64852 0.188512
573.578 5.71199 0.185841
573.578 5.77545 0.182422
573.578 5.83892 0.178268
573.578 5.90239 0.173396
573.578 5.96585 0.167827
573.578 6.02932 0.161582
573.578 6.09279 0.154685
573.578 6.15625 0.147166
573.578 6.21972 0.139055
573.578 6.28319 0.130383
574.579 0 -0.600579
574.579 0.0634665 -0.609697
574.579 0.126933 -0.616359
574.579 0.1904 -0.62054
574.579 0.253866 -0.622222
574.579 0.317333 -0.621398
574.579 0.380799 -0.618073
574.579 0.444266 -0.612258
574.579 0.507732 -0.603978
574.579 0.571199 -0.593267
574.579 0.634665 -0.580166
574.579 0.698132 -0.56473
574.579 0.761598 -0.547019
574.579 0.825065 -0.527105
574.579 0.888531 -0.505069
574.579 0.951998 -0.481
574.579 1.01546 -0.454993
574.579 1.07893 -0.427155
574.579 1.1424 -0.397596
574.579 1.20586 -0.366437
574.579 1.26933 -0.333802
574.579 1.3328 -0.299823
574.579 1.39626 -0.264636
574.579 1.45973 -0.228384
574.579 1.5232 -0.191213
574.579 1.58666 -0.153271
574.579 1.65013 -0.114713
574.579 1.7136 -0.0756918
574.579 1.77706 -0.0363665
574.579 1.84053 0.0031054
574.579 1.904 0.0425647
574.579 1.96746 0.0818526
574.579 2.03093 0.120811
574.579 2.0944 0.159283
574.579 2.15786 0.197113
574.579 2.22133 0.23415
574.579 2.28479 0.270244
574.579 2.34826 0.30525
574.579 2.41173 0.339026
574.579 2.47519 0.371438
574.579 2.53866 0.402355
574.579 2.60213 0.43165
574.579 2.66559 0.459207
574.579 2.72906 0.484916
574.579 2.79253 0.508672
574.579 2.85599 0.53038
574.579 2.91946 0.549953
574.579 2.98293 0.567309
574.579 3.04639 0.582382
574.579 3.10986 0.595111
574.579 3.17333 0.605443
574.579 3.23679 0.613337
574.579 3.30026 0.618761
574.579 3.36373 0.621693
574.579 3.42719 0.622122
574.579 3.49066 0.620048
574.579 3.55413 0.615475
574.579 3.61759 0.608424
574.579 3.68106 0.598924
574.579 3.74452 0.587012
574.579 3.80799 0.572736
574.579 3.87146 0.556154
574.579 3.93492 0.537332
574.579 3.99839 0.516347
574.579 4.06186 0.493283
574.579 4.12532 0.468233
574.579 4.18879 0.441296
574.579 4.25226 0.412584
574.579 4.31572 0.382208
574.579 4.37919 0.350296
574.579 4.44266 0.316972
574.579 4.50612 0.282372
574.579 4.56959 0.246635
574.579 4.63306 0.209904
574.579 4.69652 0.172329
574.579 4.75999 0.134059
574.579 4.82346 0.0952502
574.579 4.88692 0.0560575
574.579 4.95039 0.0166389
574.579 5.01385 -0.0228466
574.579 5.07732 -0.0622401
574.579 5.14079 -0.101383
574.579 5.20425 -0.140117
574.579 5.26772 -0.178288
574.579 5.33119 -0.21574
574.579 5.39465 -0.252325
574.579 5.45812 -0.287892
574.579 5.52159 -0.3223
574.579 5.58505 -0.355411
574.579 5.64852 -0.387091
574.579 5.71199 -0.417212
574.579 5.77545 -0.445653
574.579 5.83892 -0.472299
574.579 5.90239 -0.497044
574.579 5.96585 -0.519788
574.579 6.02932 -0.540438
574.579 6.09279 -0.558912
574.579 6.15625 -0.575136
574.579 6.21972 -0.589043
574.579 6.28319 -0.600579
575.58 0 -0.322539
575.58 0.0634665 -0.293288
575.58 0.126933 -0.262857
575.58 0.1904 -0.231367
575.58 0.253866 -0.198945
575.58 0.317333 -0.165722
575.58 0.380799 -0.131832
575.58 0.444266 -0.0974108
575.58 0.507732 -0.0625976
575.58 0.571199 -0.0275323
575.58 0.634665 0.00764382
575.58 0.698132 0.0427892
575.58 0.761598 0.0777625
575.58 0.825065 0.112422
575.58 0.888531 0.146629
575.58 0.951998 0.180247
575.58 1.01546 0.213137
575.58 1.07893 0.245171
575.58 1.1424 0.276216
575.58 1.20586 0.306149
575.58 1.26933 0.33485
575.58 1.3328 0.362202
575.58 1.39626 0.388096
575.58 1.45973 0.412427
575.58 1.5232 0.435097
575.58 1.58666 0.456016
575.58 1.65013 0.475098
575.58 1.7136 0.492267
575.58 1.77706 0.507454
575.58 1.84053 0.520598
575.58 1.904 0.531646
575.58 1.96746 0.540552
575.58 2.03093 0.547283
575.58 2.0944 0.551808
575.58 2.15786 0.554113
575.58 2.22133 0.554186
575.58 2.28479 0.552027
575.58 2.34826 0.547646
575.58 2.41173 0.541061
575.58 2.47519 0.532296
575.58 2.53866 0.521387
575.58 2.60213 0.508379
575.58 2.66559 0.493324
575.58 2.72906 0.476283
575.58 2.79253 0.457323
575.58 2.85599 0.436523
575.58 2.91946 0.413965
575.58 2.98293 0.389739
575.58 3.04639 0.363945
575.58 3.10986 0.336684
575.58 3.17333 0.308069
575.58 3.23679 0.278213
575.58 3.30026 0.247236
575.58 3.36373 0.215264
575.58 3.42719 0.182425
575.58 3.49066 0.148852
575.58 3.55413 0.114679
575.58 3.61759 0.0800444
575.58 3.68106 0.0450876
575.58 3.74452 0.00994924
575.58 3.80799 -0.0252292
575.58 3.87146 -0.060306
575.58 3.93492 -0.0951403
575.58 3.99839 -0.129591
575.58 4.06186 -0.16352
575.58 4.12532 -0.196791
575.58 4.18879 -0.229269
575.58 4.25226 -0.260825
575.58 4.31572 -0.29133
575.58 4.37919 -0.320661
575.58 4.44266 -0.348701
575.58 4.50612 -0.375339
575.58 4.56959 -0.400463
575.58 4.63306 -0.423976
575.58 4.69652 -0.445781
575.58 4.75999 -0.465792
575.58 4.82346 -0.483927
575.58 4.88692 -0.500113
575.58 4.95039 -0.514285
575.58 5.01385 -0.526386
575.58 5.07732 -0.536369
575.58 5.14079 -0.544192
575.58 5.20425 -0.549823
575.58 5.26772 -0.553239
575.58 5.33119 -0.554428
575.58 5.39465 -0.553386
575.58 5.45812 -0.550115
575.58 5.52159 -0.544627
575.58 5.58505 -0.536947
575.58 5.64852 -0.527106
575.58 5.71199 -0.515142
575.58 5.77545 -0.501104
575.58 5.83892 -0.485048
575.58 5.90239 -0.467038
575.58 5.96585 -0.447148
575.58 6.02932 -0.425458
575.58 6.09279 -0.402054
575.58 6.15625 -0.377032
575.58 6.21972 -0.350491
575.58 6.28319 -0.322539
576.581 0 0.404999
576.581 0.0634665 0.417201
576.581 0.126933 0.427723
576.581 0.1904 0.436522
576.581 0.253866 0.443564
576.581 0.317333 0.448819
576.581 0.380799 0.452267
576.581 0.444266 0.453895
576.581 0.507732 0.453695
576.581 0.571199 0.451668
576.581 0.634665 0.447821
576.581 0.698132 0.442173
576.581 0.761598 0.434743
576.581 0.825065 0.425563
576.581 0.888531 0.41467
576.581 0.951998 0.402106
576.581 1.01546 0.387924
576.581 1.07893 0.372179
576.581 1.1424 0.354936
576.581 1.20586 0.336263
576.581 1.26933 0.316236
576.581 1.3328 0.294937
576.581 1.39626 0.272449
576.581 1.45973 0.248865
576.581 1.5232 0.224278
576.581 1.58666 0.198789
576.581 1.65013 0.172499
576.581 1.7136 0.145513
576.581 1.77706 0.117943
576.581 1.84053 0.0898974
576.581 1.904 0.0614899
576.581 1.96746 0.0328347
576.581 2.03093 0.00404727
576.581 2.0944 -0.0247564
576.581 2.15786 -0.0534603
576.581 2.22133 -0.081949
576.581 2.28479 -0.110108
576.581 2.34826 -0.137823
576.581 2.41173 -0.164984
576.581 2.47519 -0.19148
576.581 2.53866 -0.217205
576.581 2.60213 -0.242055
576.581 2.66559 -0.265931
576.581 2.72906 -0.288736
576.581 2.79253 -0.310378
576.581 2.85599 -0.330771
576.581 2.91946 -0.349831
576.581 2.98293 -0.367483
576.581 3.04639 -0.383656
576.581 3.10986 -0.398284
576.581 3.17333 -0.411307
576.581 3.23679 -0.422674
576.581 3.30026 -0.43234
576.581 3.36373 -0.440264
576.581 3.42719 -0.446416
576.581 3.49066 -0.450771
576.581 3.55413 -0.45331
576.581 3.61759 -0.454024
576.581 3.68106 -0.452909
576.581 3.74452 -0.449971
576.581 3.80799 -0.445221
576.581 3.87146 -0.438679
576.581 3.93492 -0.43037
576.581 3.99839 -0.420328
576.581 4.06186 -0.408594
576.581 4.12532 -0.395214
576.581 4.18879 -0.380242
576.581 4.25226 -0.363741
576.581 4.31572 -0.345774
576.581 4.37919 -0.326414
576.581 4.44266 -0.30574
576.581 4.50612 -0.283836
576.581 4.56959 -0.260788
576.581 4.63306 -0.236691
576.581 4.69652 -0.21164
576.581 4.75999 -0.185737
576.581 4.82346 -0.159086
576.581 4.88692 -0.131795
576.581 4.95039 -0.103972
576.581 5.01385 -0.0757315
576.581 5.07732 -0.047186
576.581 5.14079 -0.0184503
576.581 5.20425 0.0103598
576.581 5.26772 0.039128
576.581 5.33119 0.0677389
576.581 5.39465 0.0960769
576.581 5.45812 0.124028
576.581 5.52159 0.15148
576.581 5.58505 0.178321
576.581 5.64852 0.204445
576.581 5.71199 0.229745
576.581 5.77545 0.254121
576.581 5.83892 0.277473
576.581 5.90239 0.299708
576.581 5.96585 0.320736
576.581 6.02932 0.340472
576.581 6.09279 0.358838
576.581 6.15625 0.375759
576.581 6.21972 0.391166
576.581 6.28319 0.404999
577.582 0 -0.112417
577.582 0.0634665 -0.131213
577.582 0.126933 -0.14948
577.582 0.1904 -0.167145
577.582 0.253866 -0.184137
577.582 0.317333 -0.200387
577.582 0.380799 -0.215831
577.582 0.444266 -0.230405
577.582 0.507732 -0.244052
577.582 0.571199 -0.256717
577.582 0.634665 -0.268347
577.582 0.698132 -0.278897
577.582 0.761598 -0.288324
577.582 0.825065 -0.29659
577.582 0.888531 -0.303661
577.582 0.951998 -0.30951
577.582 1.01546 -0.314113
577.582 1.07893 -0.317451
577.582 1.1424 -0.31951
577.582 1.20586 -0.320283
577.582 1.26933 -0.319766
577.582 1.3328 -0.317962
577.582 1.39626 -0.314878
577.582 1.45973 -0.310525
577.582 1.5232 -0.304922
577.582 1.58666 -0.298091
577.582 1.65013 -0.29006
577.582 1.7136 -0.280861
577.582 1.77706 -0.270531
577.582 1.84053 -0.259112
577.582 1.904 -0.24665
577.582 1.96746 -0.233194
577.582 2.03093 -0.218799
577.582 2.0944 -0.203524
577.582 2.15786 -0.187428
577.582 2.22133 -0.170578
577.582 2.28479 -0.153041
577.582 2.34826 -0.134888
577.582 2.41173 -0.116192
577.582 2.47519 -0.0970277
577.582 2.53866 -0.0774727
577.582 2.60213 -0.057606
577.582 2.66559 -0.0375073
577.582 2.72906 -0.0172576
577.582 2.79253 0.00306174
577.582 2.85599 0.0233685
577.582 2.91946 0.0435813
577.582 2.98293 0.0636186
577.582 3.04639 0.0833998
577.582 3.10986 0.102845
577.582 3.17333 0.121876
577.582 3.23679 0.140417
577.582 3.30026 0.158392
577.582 3.36373 0.175729
577.582 3.42719 0.192359
577.582 3.49066 0.208214
577.582 3.55413 0.223231
577.582 3.61759 0.237349
577.582 3.68106 0.250511
577.582 3.74452 0.262664
577.582 3.80799 0.27376
577.582 3.87146 0.283753
577.582 3.93492 0.292604
577.582 3.99839 0.300277
577.582 4.06186 0.30674
577.582 4.12532 0.311969
577.582 4.18879 0.315941
577.582 4.25226 0.318641
577.582 4.31572 0.320058
577.582 4.37919 0.320186
577.582 4.44266 0.319025
577.582 4.50612 0.316579
577.582 4.56959 0.312859
577.582 4.63306 0.307879
577.582 4.69652 0.301659
577.582 4.75999 0.294224
577.582 4.82346 0.285605
577.582 4.88692 0.275835
577.582 4.95039 0.264955
577.582 5.01385 0.253008
577.582 5.07732 0.240043
577.582 5.14079 0.22611
577.582 5.20425 0.211267
577.582 5.26772 0.195574
577.582 5.33119 0.179093
577.582 5.39465 0.161891
577.582 5.45812 0.144037
577.582 5.52159 0.125603
577.582 5.58505 0.106664
577.582 5.64852 0.0872944
577.582 5.71199 0.0675735
577.582 5.77545 0.0475807
577.582 5.83892 0.0273962
577.582 5.90239 0.00710153
577.582 5.96585 -0.0132219
577.582 6.02932 -0.0334919
577.582 6.09279 -0.053627
577.582 6.15625 -0.0735464
577.582 6.21972 -0.0931694
577.582 6.28319 -0.112417
578.583 0 -0.0355178
578.583 0.0634665 -0.0465528
578.583 0.126933 -0.0574004
578.583 0.1904 -0.068017
578.583 0.253866 -0.0783595
578.583 0.317333 -0.0883866
578.583 0.380799 -0.0980578
578.583 0.444266 -0.107334
578.583 0.507732 -0.116178
578.583 0.571199 -0.124554
578.583 0.634665 -0.132429
578.583 0.698132 -0.139771
578.583 0.761598 -0.146549
578.583 0.825065 -0.152738
578.583 0.888531 -0.158312
578.583 0.951998 -0.163248
578.583 1.01546 -0.167527
578.583 1.07893 -0.171131
578.583 1.1424 -0.174046
578.583 1.20586 -0.17626
578.583 1.26933 -0.177765
578.583 1.3328 -0.178554
578.583 1.39626 -0.178624
578.583 1.45973 -0.177974
578.583 1.5232 -0.176608
578.583 1.58666 -0.174531
578.583 1.65013 -0.171751
578.583 1.7136 -0.168279
578.583 1.77706 -0.16413
578.583 1.84053 -0.15932
578.583 1.904 -0.153868
578.583 1.96746 -0.147797
578.583 2.03093 -0.141131
578.583 2.0944 -0.133896
578.583 2.15786 -0.126123
578.583 2.22133 -0.117841
578.583 2.28479 -0.109085
578.583 2.34826 -0.0998895
578.583 2.41173 -0.0902921
578.583 2.47519 -0.080331
578.583 2.53866 -0.0700464
578.583 2.60213 -0.0594797
578.583 2.66559 -0.0486738
578.583 2.72906 -0.0376715
578.583 2.79253 -0.0265177
578.583 2.85599 -0.015257
578.583 2.91946 -0.00393478
578.583 2.98293 0.00740292
578.583 3.04639 0.0187111
578.583 3.10986 0.0299437
578.583 3.17333 0.0410559
578.583 3.23679 0.0520026
578.583 3.30026 0.0627403
578.583 3.36373 0.0732249
578.583 3.42719 0.0834151
578.583 3.49066 0.0932692
578.583 3.55413 0.102748
578.583 3.61759 0.111812
578.583 3.68106 0.120427
578.583 3.74452 0.128557
578.583 3.80799 0.136169
578.583 3.87146 0.143232
578.583 3.93492 0.149719
578.583 3.99839 0.155603
578.583 4.06186 0.160861
578.583 4.12532 0.165471
578.583 4.18879 0.169414
578.583 4.25226 0.172675
578.583 4.31572 0.175241
578.583 4.37919 0.177102
578.583 4.44266 0.178249
578.583 4.50612 0.178679
578.583 4.56959 0.178389
578.583 4.63306 0.17738
578.583 4.69652 0.175658
578.583 4.75999 0.173228
578.583 4.82346 0.170101
578.583 4.88692 0.166288
578.583 4.95039 0.161807
578.583 5.01385 0.156673
578.583 5.07732 0.150909
578.583 5.14079 0.144537
578.583 5.20425 0.137583
578.583 5.26772 0.130075
578.583 5.33119 0.122043
578.583 5.39465 0.11352
578.583 5.45812 0.10454
578.583 5.52159 0.0951387
578.583 5.58505 0.0853545
578.583 5.64852 0.0752266
578.583 5.71199 0.0647956
578.583 5.77545 0.0541039
578.583 5.83892 0.0431943
578.583 5.90239 0.0321107
578.583 5.96585 0.0208975
578.583 6.02932 0.0096009
578.583 6.09279 -0.00173497
578.583 6.15625 -0.0130635
578.583 6.21972 -0.0243396
578.583 6.28319 -0.0355178
579.584 0 0.045133
579.584 0.0634665 0.070577
579.584 0.126933 0.0957368
579.584 0.1904 0.120511
579.584 0.253866 0.1448
579.584 0.317333 0.168506
579.584 0.380799 0.191534
579.584 0.444266 0.21379
579.584 0.507732 0.235185
579.584 0.571199 0.255633
579.584 0.634665 0.275052
579.584 0.698132 0.293364
579.584 0.761598 0.310494
579.584 0.825065 0.326374
579.584 0.888531 0.34094
579.584 0.951998 0.354133
579.584 1.01546 0.3659
579.584 1.07893 0.376193
579.584 1.1424 0.384972
579.584 1.20586 0.3922
579.584 1.26933 0.39785
579.584 1.3328 0.401897
579.584 1.39626 0.404327
579.584 1.45973 0.405127
579.584 1.5232 0.404297
579.584 1.58666 0.401839
579.584 1.65013 0.397763
579.584 1.7136 0.392085
579.584 1.77706 0.384828
579.584 1.84053 0.376022
579.584 1.904 0.365701
579.584 1.96746 0.353908
579.584 2.03093 0.34069
579.584 2.0944 0.326101
579.584 2.15786 0.310197
579.584 2.22133 0.293045
579.584 2.28479 0.274713
579.584 2.34826 0.255275
579.584 2.41173 0.234809
579.584 2.47519 0.213398
579.584 2.53866 0.191126
579.584 2.60213 0.168086
579.584 2.66559 0.144369
579.584 2.72906 0.12007
579.584 2.79253 0.095288
579.584 2.85599 0.0701224
579.584 2.91946 0.0446742
579.584 2.98293 0.0190462
579.584 3.04639 -0.00665856
579.584 3.10986 -0.0323364
579.584 3.17333 -0.0578842
579.584 3.23679 -0.0831988
579.584 3.30026 -0.108178
579.584 3.36373 -0.132722
579.584 3.42719 -0.156732
579.584 3.49066 -0.18011
579.584 3.55413 -0.202764
579.584 3.61759 -0.2246
579.584 3.68106 -0.245533
579.584 3.74452 -0.265476
579.584 3.80799 -0.284351
579.584 3.87146 -0.302081
579.584 3.93492 -0.318595
579.584 3.99839 -0.333825
579.584 4.06186 -0.347711
579.584 4.12532 -0.360197
579.584 4.18879 -0.371233
579.584 4.25226 -0.380774
579.584 4.31572 -0.388782
579.584 4.37919 -0.395224
579.584 4.44266 -0.400075
579.584 4.50612 -0.403316
579.584 4.56959 -0.404931
579.584 4.63306 -0.404916
579.584 4.69652 -0.403271
579.584 4.75999 -0.400003
579.584 4.82346 -0.395123
579.584 4.88692 -0.388652
579.584 4.95039 -0.380616
579.584 5.01385 -0.371048
579.584 5.07732 -0.359986
579.584 5.14079 -0.347474
579.584 5.20425 -0.333563
579.584 5.26772 -0.318309
579.584 5.33119 -0.301773
579.584 5.39465 -0.284022
579.584 5.45812 -0.265127
579.584 5.52159 -0.245166
579.584 5.58505 -0.224216
579.584 5.64852 -0.202364
579.584 5.71199 -0.179697
579.584 5.77545 -0.156306
579.584 5.83892 -0.132287
579.584 5.90239 -0.107733
579.584 5.96585 -0.082747
579.584 6.02932 -0.0574273
579.584 6.09279 -0.0318762
579.584 6.15625 -0.00619692
579.584 6.21972 0.0195074
579.584 6.28319 0.0451331
580.585 0 0.184706
580.585 0.0634665 0.200912
580.585 0.126933 0.216309
580.585 0.1904 0.230835
580.585 0.253866 0.244431
580.585 0.317333 0.257044
580.585 0.380799 0.268621
580.585 0.444266 0.279116
580.585 0.507732 0.288488
580.585 0.571199 0.296698
580.585 0.634665 0.303714
580.585 0.698132 0.309506
580.585 0.761598 0.314052
580.585 0.825065 0.317334
580.585 0.888531 0.319338
580.585 0.951998 0.320056
580.585 1.01546 0.319486
580.585 1.07893 0.317628
580.585 1.1424 0.314492
580.585 1.20586 0.310089
580.585 1.26933 0.304438
580.585 1.3328 0.297561
580.585 1.39626 0.289486
580.585 1.45973 0.280245
580.585 1.5232 0.269876
580.585 1.58666 0.25842
580.585 1.65013 0.245923
580.585 1.7136 0.232436
580.585 1.77706 0.218013
580.585 1.84053 0.202713
580.585 1.904 0.186596
580.585 1.96746 0.169728
580.585 2.03093 0.152176
580.585 2.0944 0.134012
580.585 2.15786 0.115308
580.585 2.22133 0.0961393
580.585 2.28479 0.0765838
580.585 2.34826 0.0567199
580.585 2.41173 0.0366276
580.585 2.47519 0.016388
580.585 2.53866 -0.00391778
580.585 2.60213 -0.0242077
580.585 2.66559 -0.0444001
580.585 2.72906 -0.0644138
580.585 2.79253 -0.0841681
580.585 2.85599 -0.103583
580.585 2.91946 -0.122582
580.585 2.98293 -0.141087
580.585 3.04639 -0.159023
580.585 3.10986 -0.176319
580.585 3.17333 -0.192906
580.585 3.23679 -0.208715
580.585 3.30026 -0.223684
580.585 3.36373 -0.237753
580.585 3.42719 -0.250864
580.585 3.49066 -0.262965
580.585 3.55413 -0.274007
580.585 3.61759 -0.283945
580.585 3.68106 -0.292741
580.585 3.74452 -0.300357
580.585 3.80799 -0.306764
580.585 3.87146 -0.311936
580.585 3.93492 -0.315853
580.585 3.99839 -0.318496
580.585 4.06186 -0.319858
580.585 4.12532 -0.319932
580.585 4.18879 -0.318717
580.585 4.25226 -0.316219
580.585 4.31572 -0.312448
580.585 4.37919 -0.307418
580.585 4.44266 -0.301151
580.585 4.50612 -0.293671
580.585 4.56959 -0.285009
580.585 4.63306 -0.275199
580.585 4.69652 -0.264281
580.585 4.75999 -0.252298
580.585 4.82346 -0.2393
580.585 4.88692 -0.225338
580.585 4.95039 -0.210469
580.585 5.01385 -0.194752
580.585 5.07732 -0.178252
580.585 5.14079 -0.161033
580.585 5.20425 -0.143166
580.585 5.26772 -0.124722
580.585 5.33119 -0.105777
580.585 5.39465 -0.0864049
580.585 5.45812 -0.0666855
580.585 5.52159 -0.0466974
580.585 5.58505 -0.0265212
580.585 5.64852 -0.00623834
580.585 5.71199 0.0140697
580.585 5.77545 0.0343212
580.585 5.83892 0.0544343
580.585 5.90239 0.0743282
580.585 5.96585 0.0939231
580.585 6.02932 0.11314
580.585 6.09279 0.131901
580.585 6.15625 0.15013
580.585 6.21972 0.167756
580.585 6.28319 0.184706
581.586 0 0.00953583
581.586 0.0634665 0.0177367
581.586 0.126933 0.0258658
581.586 0.1904 0.0338909
581.586 0.253866 0.0417797
581.586 0.317333 0.0495001
581.586 0.380799 0.0570212
581.586 0.444266 0.064313
581.586 0.507732 0.0713453
581.586 0.571199 0.0780905
581.586 0.634665 0.0845214
581.586 0.698132 0.0906118
581.586 0.761598 0.0963377
581.586 0.825065 0.101675
581.586 0.888531 0.106604
581.586 0.951998 0.111102
581.586 1.01546 0.115154
581.586 1.07893 0.118742
581.586 1.1424 0.121852
581.586 1.20586 0.124472
581.586 1.26933 0.126589
581.586 1.3328 0.128198
581.586 1.39626 0.12929
581.586 1.45973 0.129861
581.586 1.5232 0.12991
581.586 1.58666 0.129435
581.586 1.65013 0.12844
581.586 1.7136 0.126927
581.586 1.77706 0.124903
581.586 1.84053 0.122376
581.586 1.904 0.119356
581.586 1.96746 0.115856
581.586 2.03093 0.111889
581.586 2.0944 0.107472
581.586 2.15786 0.102621
581.586 2.22133 0.0973579
581.586 2.28479 0.0917028
581.586 2.34826 0.085678
581.586 2.41173 0.0793084
581.586 2.47519 0.0726196
581.586 2.53866 0.0656382
581.586 2.60213 0.0583924
581.586 2.66559 0.0509117
581.586 2.72906 0.0432259
581.586 2.79253 0.0353661
581.586 2.85599 0.0273637
581.586 2.91946 0.0192514
581.586 2.98293 0.0110614
581.586 3.04639 0.00282698
581.586 3.10986 -0.005419
581.586 3.17333 -0.0136429
581.586 3.23679 -0.0218121
581.586 3.30026 -0.0298934
581.586 3.36373 -0.0378544
581.586 3.42719 -0.0456629
581.586 3.49066 -0.0532876
581.586 3.55413 -0.0606976
581.586 3.61759 -0.0678633
581.586 3.68106 -0.0747556
581.586 3.74452 -0.081347
581.586 3.80799 -0.0876109
581.586 3.87146 -0.0935217
581.586 3.93492 -0.0990563
581.586 3.99839 -0.104192
581.586 4.06186 -0.108908
581.586 4.12532 -0.113185
581.586 4.18879 -0.117007
581.586 4.25226 -0.120358
581.586 4.31572 -0.123224
581.586 4.37919 -0.125594
581.586 4.44266 -0.127458
581.586 4.50612 -0.128809
581.586 4.56959 -0.129641
581.586 4.63306 -0.129951
581.586 4.69652 -0.129738
581.586 4.75999 -0.129002
581.586 4.82346 -0.127747
581.586 4.88692 -0.125978
581.586 4.95039 -0.123701
581.586 5.01385 -0.120927
581.586 5.07732 -0.117665
581.586 5.14079 -0.11393
581.586 5.20425 -0.109735
581.586 5.26772 -0.105099
581.586 5.33119 -0.10004
581.586 5.39465 -0.094578
581.586 5.45812 -0.088735
581.586 5.52159 -0.0825349
581.586 5.58505 -0.0760024
581.586 5.64852 -0.0691637
581.586 5.71199 -0.0620466
581.586 5.77545 -0.0546796
581.586 5.83892 -0.0470926
581.586 5.90239 -0.0393158
581.586 5.96585 -0.0313807
581.586 6.02932 -0.0233193
581.586 6.09279 -0.015164
581.586 6.15625 -0.00694767
581.586 6.21972 0.00129674
581.586 6.28319 0.00953573
582.587 0 -0.114433
582.587 0.0634665 -0.118412
582.587 0.126933 -0.121914
582.587 0.1904 -0.124925
582.587 0.253866 -0.127433
582.587 0.317333 -0.129428
582.587 0.380799 -0.130902
582.587 0.444266 -0.131849
582.587 0.507732 -0.132265
582.587 0.571199 -0.132148
582.587 0.634665 -0.131499
582.587 0.698132 -0.130321
582.587 0.761598 -0.128618
582.587 0.825065 -0.126397
582.587 0.888531 -0.123667
582.587 0.951998 -0.120439
582.587 1.01546 -0.116726
582.587 1.07893 -0.112543
582.587 1.1424 -0.107907
582.587 1.20586 -0.102836
582.587 1.26933 -0.0973515
582.587 1.3328 -0.091475
582.587 1.39626 -0.08523
582.587 1.45973 -0.0786419
582.587 1.5232 -0.0717369
582.587 1.58666 -0.0645432
582.587 1.65013 -0.0570896
582.587 1.7136 -0.0494062
582.587 1.77706 -0.0415238
582.587 1.84053 -0.033474
582.587 1.904 -0.0252897
582.587 1.96746 -0.0170036
582.587 2.03093 -0.0086487
582.587 2.0944 -0.000259148
582.587 2.15786 0.00813153
582.587 2.22133 0.0164893
582.587 2.28479 0.0247806
582.587 2.34826 0.0329723
582.587 2.41173 0.0410312
582.587 2.47519 0.0489249
582.587 2.53866 0.0566216
582.587 2.60213 0.0640902
582.587 2.66559 0.0713009
582.587 2.72906 0.0782244
582.587 2.79253 0.084833
582.587 2.85599 0.0910999
582.587 2.91946 0.0969999
582.587 2.98293 0.10251
582.587 3.04639 0.107606
582.587 3.10986 0.11227
582.587 3.17333 0.116481
582.587 3.23679 0.120223
582.587 3.30026 0.123482
582.587 3.36373 0.126243
582.587 3.42719 0.128495
582.587 3.49066 0.130231
582.587 3.55413 0.131442
582.587 3.61759 0.132123
582.587 3.68106 0.132273
582.587 3.74452 0.13189
582.587 3.80799 0.130976
582.587 3.87146 0.129534
582.587 3.93492 0.127571
582.587 3.99839 0.125095
582.587 4.06186 0.122114
582.587 4.12532 0.118642
582.587 4.18879 0.114692
582.587 4.25226 0.110281
582.587 4.31572 0.105425
582.587 4.37919 0.100144
582.587 4.44266 0.0944609
582.587 4.50612 0.088397
582.587 4.56959 0.0819772
582.587 4.63306 0.0752272
582.587 4.69652 0.0681745
582.587 4.75999 0.0608471
582.587 4.82346 0.0532748
582.587 4.88692 0.045488
582.587 4.95039 0.0375177
582.587 5.01385 0.0293966
582.587 5.07732 0.0211572
582.587 5.14079 0.0128326
582.587 5.20425 0.00445629
582.587 5.26772 -0.00393805
582.587 5.33119 -0.0123165
582.587 5.39465 -0.0206453
582.587 5.45812 -0.0288911
582.587 5.52159 -0.0370204
582.587 5.58505 -0.0450007
582.587 5.64852 -0.0527999
582.587 5.71199 -0.0603864
582.587 5.77545 -0.0677297
582.587 5.83892 -0.0748003
582.587 5.90239 -0.0815698
582.587 5.96585 -0.0880107
582.587 6.02932 -0.0940972
582.587 6.09279 -0.099805
582.587 6.15625 -0.105111
582.587 6.21972 -0.109993
582.587 6.28319 -0.114433
583.588 0 -0.163268
583.588 0.0634665 -0.136202
583.588 0.126933 -0.108588
583.588 0.1904 -0.0805362
583.588 0.253866 -0.0521605
583.588 0.317333 -0.0235745
583.588 0.380799 0.00510632
583.588 0.444266 0.0337666
583.588 0.507732 0.0622908
583.588 0.571199 0.0905643
583.588 0.634665 0.118473
583.588 0.698132 0.145905
583.588 0.761598 0.172749
583.588 0.825065 0.198898
583.588 0.888531 0.224245
583.588 0.951998 0.24869
583.588 1.01546 0.272133
583.588 1.07893 0.294481
583.588 1.1424 0.315643
583.588 1.20586 0.335534
583.588 1.26933 0.354074
583.588 1.3328 0.371188
583.588 1.39626 0.386807
583.588 1.45973 0.400869
583.588 1.5232 0.413316
583.588 1.58666 0.4241
583.588 1.65013 0.433176
583.588 1.7136 0.440507
583.588 1.77706 0.446065
583.588 1.84053 0.449827
583.588 1.904 0.451777
583.588 1.96746 0.451908
583.588 2.03093 0.45022
583.588 2.0944 0.446718
583.588 2.15786 0.441418
583.588 2.22133 0.43434
583.588 2.28479 0.425514
583.588 2.34826 0.414974
583.588 2.41173 0.402763
583.588 2.47519 0.38893
583.588 2.53866 0.373532
583.588 2.60213 0.356629
583.588 2.66559 0.33829
583.588 2.72906 0.318589
583.588 2.79253 0.297605
583.588 2.85599 0.275422
583.588 2.91946 0.252131
583.588 2.98293 0.227825
583.588 3.04639 0.202601
583.588 3.10986 0.176561
583.588 3.17333 0.14981
583.588 3.23679 0.122457
583.588 3.30026 0.0946097
583.588 3.36373 0.066382
583.588 3.42719 0.0378866
583.588 3.49066 0.0092387
583.588 3.55413 -0.0194462
583.588 3.61759 -0.0480529
583.588 3.68106 -0.0764661
583.588 3.74452 -0.104571
583.588 3.80799 -0.132255
583.588 3.87146 -0.159407
583.588 3.93492 -0.185917
583.588 3.99839 -0.211678
583.588 4.06186 -0.236587
583.588 4.12532 -0.260543
583.588 4.18879 -0.28345
583.588 4.25226 -0.305216
583.588 4.31572 -0.325753
583.588 4.37919 -0.344977
583.588 4.44266 -0.362813
583.588 4.50612 -0.379188
583.588 4.56959 -0.394036
583.588 4.63306 -0.407298
583.588 4.69652 -0.418919
583.588 4.75999 -0.428854
583.588 4.82346 -0.437061
583.588 4.88692 -0.44351
583.588 4.95039 -0.448171
583.588 5.01385 -0.451029
583.588 5.07732 -0.45207
583.588 5.14079 -0.451291
583.588 5.20425 -0.448695
583.588 5.26772 -0.444292
583.588 5.33119 -0.438099
583.588 5.39465 -0.430144
583.588 5.45812 -0.420455
583.588 5.52159 -0.409074
583.588 5.58505 -0.396046
583.588 5.64852 -0.381423
583.588 5.71199 -0.365264
583.588 5.77545 -0.347634
583.588 5.83892 -0.328605
583.588 5.90239 -0.308252
583.588 5.96585 -0.286658
583.588 6.02932 -0.26391
583.588 6.09279 -0.240099
583.588 6.15625 -0.215321
583.588 6.21972 -0.189676
583.588 6.28319 -0.163268
584.589 0 0.171073
584.589 0.0634665 0.157039
584.589 0.126933 0.142371
584.589 0.1904 0.127131
584.589 0.253866 0.111378
584.589 0.317333 0.0951773
584.589 0.380799 0.0785931
584.589 0.444266 0.0616925
584.589 0.507732 0.0445437
584.589 0.571199 0.0272153
584.589 0.634665 0.00977696
584.589 0.698132 -0.00770032
584.589 0.761598 -0.0251465
584.589 0.825065 -0.0424918
584.589 0.888531 -0.0596656
584.589 0.951998 -0.0765996
584.589 1.01546 -0.0932248
584.589 1.07893 -0.109475
584.589 1.1424 -0.125284
584.589 1.20586 -0.140588
584.589 1.26933 -0.155327
584.589 1.3328 -0.16944
584.589 1.39626 -0.182871
584.589 1.45973 -0.195565
584.589 1.5232 -0.207472
584.589 1.58666 -0.218544
584.589 1.65013 -0.228736
584.589 1.7136 -0.238006
584.589 1.77706 -0.246318
584.589 1.84053 -0.253639
584.589 1.904 -0.259938
584.589 1.96746 -0.26519
584.589 2.03093 -0.269375
584.589 2.0944 -0.272474
584.589 2.15786 -0.274477
584.589 2.22133 -0.275374
584.589 2.28479 -0.275163
584.589 2.34826 -0.273844
584.589 2.41173 -0.271422
584.589 2.47519 -0.267907
584.589 2.53866 -0.263313
584.589 2.60213 -0.257659
584.589 2.66559 -0.250968
584.589 2.72906 -0.243266
584.589 2.79253 -0.234584
584.589 2.85599 -0.224958
584.589 2.91946 -0.214425
584.589 2.98293 -0.20303
584.589 3.04639 -0.190817
584.589 3.10986 -0.177836
584.589 3.17333 -0.164139
584.589 3.23679 -0.14978
584.589 3.30026 -0.134819
584.589 3.36373 -0.119315
584.589 3.42719 -0.10333
584.589 3.49066 -0.0869288
584.589 3.55413 -0.0701785
584.589 3.61759 -0.0531445
584.589 3.68106 -0.0358973
584.589 3.74452 -0.0185055
584.589 3.80799 -0.0010389
584.589 3.87146 0.0164318
584.589 3.93492 0.0338362
584.589 3.99839 0.0511045
584.589 4.06186 0.0681669
584.589 4.12532 0.084955
584.589 4.18879 0.101401
584.589 4.25226 0.117439
584.589 4.31572 0.133003
584.589 4.37919 0.148032
584.589 4.44266 0.162465
584.589 4.50612 0.176244
584.589 4.56959 0.189314
584.589 4.63306 0.20162
584.589 4.69652 0.213115
584.589 4.75999 0.223752
584.589 4.82346 0.233488
584.589 4.88692 0.242284
584.589 4.95039 0.250105
584.589 5.01385 0.256918
584.589 5.07732 0.262696
584.589 5.14079 0.267417
584.589 5.20425 0.271061
584.589 5.26772 0.273613
584.589 5.33119 0.275064
584.589 5.39465 0.275408
584.589 5.45812 0.274642
584.589 5.52159 0.27277
584.589 5.58505 0.2698
584.589 5.64852 0.265744
584.589 5.71199 0.260617
584.589 5.77545 0.254442
584.589 5.83892 0.247241
584.589 5.90239 0.239045
584.589 5.96585 0.229887
584.589 6.02932 0.219802
584.589 6.09279 0.208833
584.589 6.15625 0.197023
584.589 6.21972 0.18442
584.589 6.28319 0.171074
585.59 0 0.115583
585.59 0.0634665 0.107779
585.59 0.126933 0.0995405
585.59 0.1904 0.0909014
585.59 0.253866 0.0818964
585.59 0.317333 0.0725614
585.59 0.380799 0.0629345
585.59 0.444266 0.053054
585.59 0.507732 0.04296
585.59 0.571199 0.032693
585.59 0.634665 0.0222943
585.59 0.698132 0.0118058
585.59 0.761598 0.00126983
585.59 0.825065 -0.00927138
585.59 0.888531 -0.0197751
585.59 0.951998 -0.0301994
585.59 1.01546 -0.0405019
585.59 1.07893 -0.0506413
585.59 1.1424 -0.0605768
585.59 1.20586 -0.0702685
585.59 1.26933 -0.0796772
585.59 1.3328 -0.0887651
585.59 1.39626 -0.0974955
585.59 1.45973 -0.105833
585.59 1.5232 -0.113745
585.59 1.58666 -0.121199
585.59 1.65013 -0.128164
585.59 1.7136 -0.134614
585.59 1.77706 -0.140522
585.59 1.84053 -0.145863
585.59 1.904 -0.150618
585.59 1.96746 -0.154765
585.59 2.03093 -0.15829
585.59 2.0944 -0.161178
585.59 2.15786 -0.163416
585.59 2.22133 -0.164996
585.59 2.28479 -0.165912
585.59 2.34826 -0.16616
585.59 2.41173 -0.165739
585.59 2.47519 -0.16465
585.59 2.53866 -0.162899
585.59 2.60213 -0.160491
585.59 2.66559 -0.157437
585.59 2.72906 -0.15375
585.59 2.79253 -0.149443
585.59 2.85599 -0.144534
585.59 2.91946 -0.139044
585.59 2.98293 -0.132993
585.59 3.04639 -0.126407
585.59 3.10986 -0.119312
585.59 3.17333 -0.111737
585.59 3.23679 -0.103712
585.59 3.30026 -0.0952689
585.59 3.36373 -0.0864424
585.59 3.42719 -0.0772678
585.59 3.49066 -0.0677821
585.59 3.55413 -0.0580234
585.59 3.61759 -0.0480312
585.59 3.68106 -0.0378454
585.59 3.74452 -0.0275075
585.59 3.80799 -0.0170587
585.59 3.87146 -0.00654104
585.59 3.93492 0.00400279
585.59 3.99839 0.0145306
585.59 4.06186 0.0249998
585.59 4.12532 0.0353684
585.59 4.18879 0.0455945
585.59 4.25226 0.0556371
585.59 4.31572 0.0654557
585.59 4.37919 0.0750106
585.59 4.44266 0.0842635
585.59 4.50612 0.0931771
585.59 4.56959 0.101716
585.59 4.63306 0.109844
585.59 4.69652 0.117531
585.59 4.75999 0.124744
585.59 4.82346 0.131455
585.59 4.88692 0.137637
585.59 4.95039 0.143265
585.59 5.01385 0.148315
585.59 5.07732 0.152768
585.59 5.14079 0.156607
585.59 5.20425 0.159814
585.59 5.26772 0.162379
585.59 5.33119 0.164289
585.59 5.39465 0.165537
585.59 5.45812 0.16612
585.59 5.52159 0.166033
585.59 5.58505 0.165278
585.59 5.64852 0.163857
585.59 5.71199 0.161776
585.59 5.77545 0.159044
585.59 5.83892 0.155672
585.59 5.90239 0.151673
585.59 5.96585 0.147062
585.59 6.02932 0.14186
585.59 6.09279 0.136087
585.59 6.15625 0.129766
585.59 6.21972 0.122922
585.59 6.28319 0.115583
586.591 0 -0.10359
586.591 0.0634665 -0.10108
586.591 0.126933 -0.0981623
586.591 0.1904 -0.0948499
586.591 0.253866 -0.0911555
586.591 0.317333 -0.087094
586.591 0.380799 -0.082682
586.591 0.444266 -0.0779369
586.591 0.507732 -0.0728781
586.591 0.571199 -0.0675256
586.591 0.634665 -0.0619015
586.591 0.698132 -0.0560281
586.591 0.761598 -0.0499288
586.591 0.825065 -0.0436287
586.591 0.888531 -0.0371529
586.591 0.951998 -0.0305274
586.591 1.01546 -0.0237791
586.591 1.07893 -0.016935
586.591 1.1424 -0.0100228
586.591 1.20586 -0.00307007
586.591 1.26933 0.00389488
586.591 1.3328 0.0108443
586.591 1.39626 0.0177498
586.591 1.45973 0.0245841
586.591 1.5232 0.0313192
586.591 1.58666 0.0379284
586.591 1.65013 0.0443847
586.591 1.7136 0.0506623
586.591 1.77706 0.0567359
586.591 1.84053 0.0625812
586.591 1.904 0.0681743
586.591 1.96746 0.0734929
586.591 2.03093 0.0785157
586.591 2.0944 0.0832223
586.591 2.15786 0.0875939
586.591 2.22133 0.0916126
586.591 2.28479 0.0952625
586.591 2.34826 0.0985287
586.591 2.41173 0.101398
586.591 2.47519 0.10386
586.591 2.53866 0.105903
586.591 2.60213 0.107519
586.591 2.66559 0.108703
586.591 2.72906 0.109449
586.591 2.79253 0.109754
586.591 2.85599 0.109617
586.591 2.91946 0.109039
586.591 2.98293 0.108022
586.591 3.04639 0.10657
586.591 3.10986 0.104689
586.591 3.17333 0.102386
586.591 3.23679 0.099671
586.591 3.30026 0.0965547
586.591 3.36373 0.0930496
586.591 3.42719 0.0891695
586.591 3.49066 0.0849308
586.591 3.55413 0.0803499
586.591 3.61759 0.0754455
586.591 3.68106 0.0702372
586.591 3.74452 0.0647462
586.591 3.80799 0.0589943
586.591 3.87146 0.0530051
586.591 3.93492 0.0468023
586.591 3.99839 0.0404112
586.591 4.06186 0.0338572
586.591 4.12532 0.0271671
586.591 4.18879 0.0203674
586.591 4.25226 0.0134857
586.591 4.31572 0.00654966
586.591 4.37919 -0.000412631
586.591 4.44266 -0.00737333
586.591 4.50612 -0.0143042
586.591 4.56959 -0.0211776
586.591 4.63306 -0.0279658
586.591 4.69652 -0.0346412
586.591 4.75999 -0.0411773
586.591 4.82346 -0.0475475
586.591 4.88692 -0.0537262
586.591 4.95039 -0.0596886
586.591 5.01385 -0.0654107
586.591 5.07732 -0.0708694
586.591 5.14079 -0.0760428
586.591 5.20425 -0.0809098
586.591 5.26772 -0.0854511
586.591 5.33119 -0.0896483
586.591 5.39465 -0.0934846
586.591 5.45812 -0.0969444
586.591 5.52159 -0.100014
586.591 5.58505 -0.102681
586.591 5.64852 -0.104934
586.591 5.71199 -0.106765
586.591 5.77545 -0.108166
586.591 5.83892 -0.109131
586.591 5.90239 -0.109657
586.591 5.96585 -0.109741
586.591 6.02932 -0.109383
586.591 6.09279 -0.108586
586.591 6.15625 -0.10735
586.591 6.21972 -0.105683
586.591 6.28319 -0.10359
587.592 0 -0.0920572
587.592 0.0634665 -0.0840798
587.592 0.126933 -0.0757638
587.592 0.1904 -0.0671428
587.592 0.253866 -0.0582513
587.592 0.317333 -0.0491253
587.592 0.380799 -0.0398015
587.592 0.444266 -0.0303174
587.592 0.507732 -0.0207112
587.592 0.571199 -0.0110217
587.592 0.634665 -0.00128782
587.592 0.698132 0.00845136
587.592 0.761598 0.0181562
587.592 0.825065 0.0277881
587.592 0.888531 0.0373083
587.592 0.951998 0.046678
587.592 1.01546 0.0558599
587.592 1.07893 0.0648172
587.592 1.1424 0.0735128
587.592 1.20586 0.081913
587.592 1.26933 0.089983
587.592 1.3328 0.0976905
587.592 1.39626 0.105005
587.592 1.45973 0.111897
587.592 1.5232 0.118338
587.592 1.58666 0.124302
587.592 1.65013 0.129766
587.592 1.7136 0.134708
587.592 1.77706 0.139107
587.592 1.84053 0.142946
587.592 1.904 0.146209
587.592 1.96746 0.148884
587.592 2.03093 0.150959
587.592 2.0944 0.152426
587.592 2.15786 0.153279
587.592 2.22133 0.153516
587.592 2.28479 0.153134
587.592 2.34826 0.152135
587.592 2.41173 0.150524
587.592 2.47519 0.148307
587.592 2.53866 0.145493
587.592 2.60213 0.142092
587.592 2.66559 0.13812
587.592 2.72906 0.133592
587.592 2.79253 0.128525
587.592 2.85599 0.122941
587.592 2.91946 0.116862
587.592 2.98293 0.110312
587.592 3.04639 0.103319
587.592 3.10986 0.0959089
587.592 3.17333 0.0881129
587.592 3.23679 0.0799621
587.592 3.30026 0.0714891
587.592 3.36373 0.0627287
587.592 3.42719 0.0537155
587.592 3.49066 0.0444858
587.592 3.55413 0.0350772
587.592 3.61759 0.0255272
587.592 3.68106 0.0158745
587.592 3.74452 0.00615791
587.592 3.80799 -0.00358327
587.592 3.87146 -0.0133104
587.592 3.93492 -0.0229838
587.592 3.99839 -0.0325647
587.592 4.06186 -0.0420144
587.592 4.12532 -0.0512949
587.592 4.18879 -0.0603691
587.592 4.25226 -0.0691998
587.592 4.31572 -0.077752
587.592 4.37919 -0.0859912
587.592 4.44266 -0.0938842
587.592 4.50612 -0.101399
587.592 4.56959 -0.108506
587.592 4.63306 -0.115175
587.592 4.69652 -0.121381
587.592 4.75999 -0.127098
587.592 4.82346 -0.132304
587.592 4.88692 -0.136976
587.592 4.95039 -0.141097
587.592 5.01385 -0.14465
587.592 5.07732 -0.147621
587.592 5.14079 -0.149997
587.592 5.20425 -0.151769
587.592 5.26772 -0.15293
587.592 5.33119 -0.153475
587.592 5.39465 -0.153402
587.592 5.45812 -0.152712
587.592 5.52159 -0.151406
587.592 5.58505 -0.149491
587.592 5.64852 -0.146974
587.592 5.71199 -0.143865
587.592 5.77545 -0.140177
587.592 5.83892 -0.135924
587.592 5.90239 -0.131124
587.592 5.96585 -0.125796
587.592 6.02932 -0.119962
587.592 6.09279 -0.113644
587.592 6.15625 -0.106869
587.592 6.21972 -0.0996639
587.592 6.28319 -0.0920572
588.593 0 0.0924319
588.593 0.0634665 0.100826
588.593 0.126933 0.108814
588.593 0.1904 0.116364
588.593 0.253866 0.123446
588.593 0.317333 0.13003
588.593 0.380799 0.13609
588.593 0.444266 0.141604
588.593 0.507732 0.146546
588.593 0.571199 0.150898
588.593 0.634665 0.154643
588.593 0.698132 0.157765
588.593 0.761598 0.160252
588.593 0.825065 0.162094
588.593 0.888531 0.163283
588.593 0.951998 0.163814
588.593 1.01546 0.163686
588.593 1.07893 0.162899
588.593 1.1424 0.161455
588.593 1.20586 0.159362
588.593 1.26933 0.156627
588.593 1.3328 0.153261
588.593 1.39626 0.149278
588.593 1.45973 0.144695
588.593 1.5232 0.139528
588.593 1.58666 0.133799
588.593 1.65013 0.127532
588.593 1.7136 0.120752
588.593 1.77706 0.113485
588.593 1.84053 0.105761
588.593 1.904 0.097611
588.593 1.96746 0.0890683
588.593 2.03093 0.0801668
588.593 2.0944 0.0709425
588.593 2.15786 0.0614327
588.593 2.22133 0.0516753
588.593 2.28479 0.0417099
588.593 2.34826 0.0315767
588.593 2.41173 0.0213162
588.593 2.47519 0.0109699
588.593 2.53866 0.000579612
588.593 2.60213 -0.00981332
588.593 2.66559 -0.0201666
588.593 2.72906 -0.0304385
588.593 2.79253 -0.0405881
588.593 2.85599 -0.0505744
588.593 2.91946 -0.0603567
588.593 2.98293 -0.0698962
588.593 3.04639 -0.079154
588.593 3.10986 -0.0880934
588.593 3.17333 -0.0966775
588.593 3.23679 -0.104873
588.593 3.30026 -0.112646
588.593 3.36373 -0.119965
588.593 3.42719 -0.126801
588.593 3.49066 -0.133127
588.593 3.55413 -0.138917
588.593 3.61759 -0.144147
588.593 3.68106 -0.148797
588.593 3.74452 -0.152848
588.593 3.80799 -0.156283
588.593 3.87146 -0.159089
588.593 3.93492 -0.161254
588.593 3.99839 -0.162771
588.593 4.06186 -0.163631
588.593 4.12532 -0.163832
588.593 4.18879 -0.163374
588.593 4.25226 -0.162259
588.593 4.31572 -0.16049
588.593 4.37919 -0.158074
588.593 4.44266 -0.155022
588.593 4.50612 -0.151346
588.593 4.56959 -0.14706
588.593 4.63306 -0.142183
588.593 4.69652 -0.136733
588.593 4.75999 -0.130732
588.593 4.82346 -0.124204
588.593 4.88692 -0.117177
588.593 4.95039 -0.109678
588.593 5.01385 -0.101737
588.593 5.07732 -0.0933867
588.593 5.14079 -0.0846602
588.593 5.20425 -0.0755925
588.593 5.26772 -0.0662208
588.593 5.33119 -0.0565824
588.593 5.39465 -0.0467162
588.593 5.45812 -0.0366619
588.593 5.52159 -0.0264597
588.593 5.58505 -0.0161513
588.593 5.64852 -0.00577769
588.593 5.71199 0.00461916
588.593 5.77545 0.0149976
588.593 5.83892 0.0253153
588.593 5.90239 0.0355314
588.593 5.96585 0.045604
588.593 6.02932 0.0554934
588.593 6.09279 0.0651593
588.593 6.15625 0.0745625
588.593 6.21972 0.0836657
588.593 6.28319 0.0924319
589.594 0 0.512884
589.594 0.0634665 0.485422
589.594 0.126933 0.456006
589.594 0.1904 0.424753
589.594 0.253866 0.39179
589.594 0.317333 0.357249
589.594 0.380799 0.321269
589.594 0.444266 0.283996
589.594 0.507732 0.24558
589.594 0.571199 0.206175
589.594 0.634665 0.16594
589.594 0.698132 0.125036
589.594 0.761598 0.0836286
589.594 0.825065 0.0418847
589.594 0.888531 -2.79048e-05
589.594 0.951998 -0.0419402
589.594 1.01546 -0.0836838
589.594 1.07893 -0.12509
589.594 1.1424 -0.165993
589.594 1.20586 -0.206228
589.594 1.26933 -0.245632
589.594 1.3328 -0.284047
589.594 1.39626 -0.321318
589.594 1.45973 -0.357296
589.594 1.5232 -0.391834
589.594 1.58666 -0.424796
589.594 1.65013 -0.456046
589.594 1.7136 -0.48546
589.594 1.77706 -0.512919
589.594 1.84053 -0.538313
589.594 1.904 -0.561539
589.594 1.96746 -0.582505
589.594 2.03093 -0.601125
589.594 2.0944 -0.617324
589.594 2.15786 -0.631037
589.594 2.22133 -0.64221
589.594 2.28479 -0.650796
589.594 2.34826 -0.656762
589.594 2.41173 -0.660084
589.594 2.47519 -0.660747
589.594 2.53866 -0.65875
589.594 2.60213 -0.654101
589.594 2.66559 -0.646817
589.594 2.72906 -0.636929
589.594 2.79253 -0.624477
589.594 2.85599 -0.60951
589.594 2.91946 -0.592088
589.594 2.98293 -0.572282
589.594 3.04639 -0.550173
589.594 3.10986 -0.525847
589.594 3.17333 -0.499405
589.594 3.23679 -0.470951
589.594 3.30026 -0.440601
589.594 3.36373 -0.408477
589.594 3.42719 -0.374708
589.594 3.49066 -0.33943
589.594 3.55413 -0.302786
589.594 3.61759 -0.264922
589.594 3.68106 -0.225991
589.594 3.74452 -0.186151
589.594 3.80799 -0.145561
589.594 3.87146 -0.104385
589.594 3.93492 -0.0627885
589.594 3.99839 -0.020939
589.594 4.06186 0.0209946
589.594 4.12532 0.0628437
589.594 4.18879 0.10444
589.594 4.25226 0.145615
589.594 4.31572 0.186204
589.594 4.37919 0.226044
589.594 4.44266 0.264973
589.594 4.50612 0.302835
589.594 4.56959 0.339478
589.594 4.63306 0.374754
589.594 4.69652 0.408521
589.594 4.75999 0.440642
589.594 4.82346 0.47099
589.594 4.88692 0.499441
589.594 4.95039 0.525881
589.594 5.01385 0.550203
589.594 5.07732 0.57231
589.594 5.14079 0.592113
589.594 5.20425 0.609532
589.594 5.26772 0.624495
589.594 5.33119 0.636945
589.594 5.39465 0.646829
589.594 5.45812 0.654109
589.594 5.52159 0.658755
589.594 5.58505 0.660748
589.594 5.64852 0.660081
589.594 5.71199 0.656756
589.594 5.77545 0.650787
589.594 5.83892 0.642197
589.594 5.90239 0.631021
589.594 5.96585 0.617304
589.594 6.02932 0.601102
589.594 6.09279 0.582478
589.594 6.15625 0.56151
589.594 6.21972 0.53828
589.594 6.28319 0.512884
590.595 0 -0.0706875
590.595 0.0634665 -0.0786628
590.595 0.126933 -0.0863212
590.595 0.1904 -0.093632
590.595 0.253866 -0.100566
590.595 0.317333 -0.107095
590.595 0.380799 -0.113193
590.595 0.444266 -0.118835
590.595 0.507732 -0.123998
590.595 0.571199 -0.128662
590.595 0.634665 -0.132808
590.595 0.698132 -0.136419
590.595 0.761598 -0.139481
590.595 0.825065 -0.141981
590.595 0.888531 -0.14391
590.595 0.951998 -0.145259
590.595 1.01546 -0.146023
590.595 1.07893 -0.1462
590.595 1.1424 -0.145787
590.595 1.20586 -0.144787
590.595 1.26933 -0.143205
590.595 1.3328 -0.141046
590.595 1.39626 -0.138319
590.595 1.45973 -0.135035
590.595 1.5232 -0.131207
590.595 1.58666 -0.126851
590.595 1.65013 -0.121984
590.595 1.7136 -0.116626
590.595 1.77706 -0.110798
590.595 1.84053 -0.104524
590.595 1.904 -0.0978295
590.595 1.96746 -0.0907407
590.595 2.03093 -0.0832868
590.595 2.0944 -0.0754975
590.595 2.15786 -0.0674039
590.595 2.22133 -0.0590393
590.595 2.28479 -0.0504368
590.595 2.34826 -0.041631
590.595 2.41173 -0.0326577
590.595 2.47519 -0.023553
590.595 2.53866 -0.0143534
590.595 2.60213 -0.00509589
590.595 2.66559 0.00418187
590.595 2.72906 0.013443
590.595 2.79253 0.02265
590.595 2.85599 0.0317658
590.595 2.91946 0.0407537
590.595 2.98293 0.0495774
590.595 3.04639 0.0582015
590.595 3.10986 0.0665911
590.595 3.17333 0.0747128
590.595 3.23679 0.0825335
590.595 3.30026 0.090022
590.595 3.36373 0.097148
590.595 3.42719 0.103883
590.595 3.49066 0.110199
590.595 3.55413 0.116072
590.595 3.61759 0.121477
590.595 3.68106 0.126394
590.595 3.74452 0.130801
590.595 3.80799 0.134681
590.595 3.87146 0.13802
590.595 3.93492 0.140802
590.595 3.99839 0.143018
590.595 4.06186 0.144658
590.595 4.12532 0.145715
590.595 4.18879 0.146185
590.595 4.25226 0.146067
590.595 4.31572 0.14536
590.595 4.37919 0.144069
590.595 4.44266 0.142197
590.595 4.50612 0.139753
590.595 4.56959 0.136746
590.595 4.63306 0.133188
590.595 4.69652 0.129094
590.595 4.75999 0.12448
590.595 4.82346 0.119365
590.595 4.88692 0.113769
590.595 4.95039 0.107715
590.595 5.01385 0.101228
590.595 5.07732 0.0943326
590.595 5.14079 0.0870578
590.595 5.20425 0.0794322
590.595 5.26772 0.0714867
590.595 5.33119 0.0632533
590.595 5.39465 0.0547654
590.595 5.45812 0.0460571
590.595 5.52159 0.037163
590.595 5.58505 0.0281195
590.595 5.64852 0.0189628
590.595 5.71199 0.00972965
590.595 5.77545 0.000457264
590.595 5.83892 -0.00881682
590.595 5.90239 -0.0180556
590.595 5.96585 -0.0272215
590.595 6.02932 -0.036278
590.595 6.09279 -0.0451883
590.595 6.15625 -0.0539166
590.595 6.21972 -0.0624277
590.595 6.28319 -0.0706875
591.596 0 0.0695126
591.596 0.0634665 0.0666901
591.596 0.126933 0.063599
591.596 0.1904 0.0602521
591.596 0.253866 0.0566627
591.596 0.317333 0.0528448
591.596 0.380799 0.0488142
591.596 0.444266 0.0445869
591.596 0.507732 0.0401803
591.596 0.571199 0.0356117
591.596 0.634665 0.0308998
591.596 0.698132 0.0260633
591.596 0.761598 0.0211223
591.596 0.825065 0.0160957
591.596 0.888531 0.011005
591.596 0.951998 0.00586937
591.596 1.01546 0.000710351
591.596 1.07893 -0.00445155
591.596 1.1424 -0.00959588
591.596 1.20586 -0.0147011
591.596 1.26933 -0.0197473
591.596 1.3328 -0.0247139
591.596 1.39626 -0.0295811
591.596 1.45973 -0.0343291
591.596 1.5232 -0.0389387
591.596 1.58666 -0.043392
591.596 1.65013 -0.0476701
591.596 1.7136 -0.0517565
591.596 1.77706 -0.0556344
591.596 1.84053 -0.0592882
591.596 1.904 -0.0627035
591.596 1.96746 -0.0658662
591.596 2.03093 -0.0687637
591.596 2.0944 -0.0713842
591.596 2.15786 -0.0737172
591.596 2.22133 -0.0757537
591.596 2.28479 -0.0774851
591.596 2.34826 -0.0789042
591.596 2.41173 -0.0800058
591.596 2.47519 -0.0807852
591.596 2.53866 -0.0812393
591.596 2.60213 -0.0813664
591.596 2.66559 -0.0811657
591.596 2.72906 -0.0806381
591.596 2.79253 -0.079786
591.596 2.85599 -0.0786125
591.596 2.91946 -0.0771227
591.596 2.98293 -0.0753221
591.596 3.04639 -0.0732181
591.596 3.10986 -0.0708194
591.596 3.17333 -0.0681358
591.596 3.23679 -0.0651775
591.596 3.30026 -0.0619573
591.596 3.36373 -0.0584867
591.596 3.42719 -0.0547812
591.596 3.49066 -0.0508552
591.596 3.55413 -0.0467242
591.596 3.61759 -0.0424047
591.596 3.68106 -0.037915
591.596 3.74452 -0.0332727
591.596 3.80799 -0.0284959
591.596 3.87146 -0.0236043
591.596 3.93492 -0.0186183
591.596 3.99839 -0.0135573
591.596 4.06186 -0.0084412
591.596 4.12532 -0.00329144
591.596 4.18879 0.00187163
591.596 4.25226 0.00702723
591.596 4.31572 0.0121546
591.596 4.37919 0.017233
591.596 4.44266 0.0222418
591.596 4.50612 0.0271611
591.596 4.56959 0.0319712
591.596 4.63306 0.0366524
591.596 4.69652 0.0411859
591.596 4.75999 0.0455538
591.596 4.82346 0.0497384
591.596 4.88692 0.0537225
591.596 4.95039 0.0574904
591.596 5.01385 0.0610266
591.596 5.07732 0.0643171
591.596 5.14079 0.0673488
591.596 5.20425 0.0701092
591.596 5.26772 0.0725874
591.596 5.33119 0.0747732
591.596 5.39465 0.0766579
591.596 5.45812 0.078234
591.596 5.52159 0.079495
591.596 5.58505 0.0804358
591.596 5.64852 0.081053
591.596 5.71199 0.0813438
591.596 5.77545 0.0813067
591.596 5.83892 0.0809426
591.596 5.90239 0.0802524
591.596 5.96585 0.079239
591.596 6.02932 0.0779071
591.596 6.09279 0.0762605
591.596 6.15625 0.0743074
591.596 6.21972 0.0720552
591.596 6.28319 0.0695126
592.597 0 0.275206
592.597 0.0634665 0.226277
592.597 0.126933 0.176436
592.597 0.1904 0.125885
592.597 0.253866 0.0748271
592.597 0.317333 0.0234679
592.597 0.380799 -0.0279858
592.597 0.444266 -0.0793269
592.597 0.507732 -0.130348
592.597 0.571199 -0.180845
592.597 0.634665 -0.230614
592.597 0.698132 -0.279454
592.597 0.761598 -0.327168
592.597 0.825065 -0.373566
592.597 0.888531 -0.418459
592.597 0.951998 -0.461666
592.597 1.01546 -0.503016
592.597 1.07893 -0.54234
592.597 1.1424 -0.579479
592.597 1.20586 -0.614285
592.597 1.26933 -0.646619
592.597 1.3328 -0.676348
592.597 1.39626 -0.703354
592.597 1.45973 -0.727528
592.597 1.5232 -0.748772
592.597 1.58666 -0.767001
592.597 1.65013 -0.782141
592.597 1.7136 -0.794133
592.597 1.77706 -0.802927
592.597 1.84053 -0.808487
592.597 1.904 -0.810792
592.597 1.96746 -0.809832
592.597 2.03093 -0.805612
592.597 2.0944 -0.798147
592.597 2.15786 -0.787469
592.597 2.22133 -0.77362
592.597 2.28479 -0.756655
592.597 2.34826 -0.736644
592.597 2.41173 -0.713666
592.597 2.47519 -0.687815
592.597 2.53866 -0.659195
592.597 2.60213 -0.627919
592.597 2.66559 -0.594116
592.597 2.72906 -0.557921
592.597 2.79253 -0.519479
592.597 2.85599 -0.478944
592.597 2.91946 -0.436482
592.597 2.98293 -0.392262
592.597 3.04639 -0.346462
592.597 3.10986 -0.299267
592.597 3.17333 -0.250868
592.597 3.23679 -0.201458
592.597 3.30026 -0.151237
592.597 3.36373 -0.100407
592.597 3.42719 -0.0491724
592.597 3.49066 0.00226015
592.597 3.55413 0.0536833
592.597 3.61759 0.10489
592.597 3.68106 0.155675
592.597 3.74452 0.205833
592.597 3.80799 0.255162
592.597 3.87146 0.303464
592.597 3.93492 0.350544
592.597 3.99839 0.396212
592.597 4.06186 0.440284
592.597 4.12532 0.482584
592.597 4.18879 0.522941
592.597 4.25226 0.561191
592.597 4.31572 0.597183
592.597 4.37919 0.63077
592.597 4.44266 0.661817
592.597 4.50612 0.690198
592.597 4.56959 0.715801
592.597 4.63306 0.738521
592.597 4.69652 0.758268
592.597 4.75999 0.774961
592.597 4.82346 0.788534
592.597 4.88692 0.798932
592.597 4.95039 0.806113
592.597 5.01385 0.810047
592.597 5.07732 0.81072
592.597 5.14079 0.808128
592.597 5.20425 0.802283
592.597 5.26772 0.793206
592.597 5.33119 0.780938
592.597 5.39465 0.765523
592.597 5.45812 0.747026
592.597 5.52159 0.72552
592.597 5.58505 0.701093
592.597 5.64852 0.673844
592.597 5.71199 0.643881
592.597 5.77545 0.611326
592.597 5.83892 0.576309
592.597 5.90239 0.538971
592.597 5.96585 0.499463
592.597 6.02932 0.457943
592.597 6.09279 0.41458
592.597 6.15625 0.369548
592.597 6.21972 0.323027
592.597 6.28319 0.275206
593.598 0 0.533841
593.598 0.0634665 0.51631
593.598 0.126933 0.4967
593.598 0.1904 0.47509
593.598 0.253866 0.451568
593.598 0.317333 0.426226
593.598 0.380799 0.399168
593.598 0.444266 0.370504
593.598 0.507732 0.340347
593.598 0.571199 0.30882
593.598 0.634665 0.276049
593.598 0.698132 0.242167
593.598 0.761598 0.207309
593.598 0.825065 0.171617
593.598 0.888531 0.135234
593.598 0.951998 0.0983064
593.598 1.01546 0.0609829
593.598 1.07893 0.0234139
593.598 1.1424 -0.0142497
593.598 1.20586 -0.0518556
593.598 1.26933 -0.089253
593.598 1.3328 -0.126291
593.598 1.39626 -0.16282
593.598 1.45973 -0.198694
593.598 1.5232 -0.233768
593.598 1.58666 -0.2679
593.598 1.65013 -0.300953
593.598 1.7136 -0.332795
593.598 1.77706 -0.363296
593.598 1.84053 -0.392336
593.598 1.904 -0.419794
593.598 1.96746 -0.445563
593.598 2.03093 -0.469538
593.598 2.0944 -0.491621
593.598 2.15786 -0.511726
593.598 2.22133 -0.52977
593.598 2.28479 -0.54568
593.598 2.34826 -0.559393
593.598 2.41173 -0.570854
593.598 2.47519 -0.580016
593.598 2.53866 -0.586843
593.598 2.60213 -0.591307
593.598 2.66559 -0.593389
593.598 2.72906 -0.593083
593.598 2.79253 -0.590388
593.598 2.85599 -0.585316
593.598 2.91946 -0.577887
593.598 2.98293 -0.568131
593.598 3.04639 -0.556087
593.598 3.10986 -0.541804
593.598 3.17333 -0.52534
593.598 3.23679 -0.50676
593.598 3.30026 -0.48614
593.598 3.36373 -0.463562
593.598 3.42719 -0.439118
593.598 3.49066 -0.412905
593.598 3.55413 -0.38503
593.598 3.61759 -0.355604
593.598 3.68106 -0.324747
593.598 3.74452 -0.292582
593.598 3.80799 -0.259238
593.598 3.87146 -0.224851
593.598 3.93492 -0.189559
593.598 3.99839 -0.153503
593.598 4.06186 -0.116829
593.598 4.12532 -0.0796845
593.598 4.18879 -0.0422194
593.598 4.25226 -0.00458437
593.598 4.31572 0.0330693
593.598 4.37919 0.07059
593.598 4.44266 0.107826
593.598 4.50612 0.144628
593.598 4.56959 0.180848
593.598 4.63306 0.21634
593.598 4.69652 0.250959
593.598 4.75999 0.28457
593.598 4.82346 0.317033
593.598 4.88692 0.348221
593.598 4.95039 0.378006
593.598 5.01385 0.406269
593.598 5.07732 0.432897
593.598 5.14079 0.457781
593.598 5.20425 0.480822
593.598 5.26772 0.501926
593.598 5.33119 0.52101
593.598 5.39465 0.537995
593.598 5.45812 0.552815
593.598 5.52159 0.565408
593.598 5.58505 0.575725
593.598 5.64852 0.583723
593.598 5.71199 0.589372
593.598 5.77545 0.592647
593.598 5.83892 0.593535
593.598 5.90239 0.592033
593.598 5.96585 0.588148
593.598 6.02932 0.581894
593.598 6.09279 0.573298
593.598 6.15625 0.562392
593.598 6.21972 0.549222
593.598 6.28319 0.533841
594.599 0 -0.0211457
594.599 0.0634665 -0.0125811
594.599 0.126933 -0.00396629
594.599 0.1904 0.00466493
594.599 0.253866 0.0132771
594.599 0.317333 0.0218364
594.599 0.380799 0.0303074
594.599 0.444266 0.038656
594.599 0.507732 0.0468494
594.599 0.571199 0.054854
594.599 0.634665 0.0626379
594.599 0.698132 0.0701692
594.599 0.761598 0.0774181
594.599 0.825065 0.0843554
594.599 0.888531 0.0909529
594.599 0.951998 0.0971844
594.599 1.01546 0.103024
594.599 1.07893 0.108449
594.599 1.1424 0.113438
594.599 1.20586 0.11797
594.599 1.26933 0.122026
594.599 1.3328 0.125592
594.599 1.39626 0.128651
594.599 1.45973 0.131193
594.599 1.5232 0.133206
594.599 1.58666 0.134683
594.599 1.65013 0.135618
594.599 1.7136 0.136006
594.599 1.77706 0.135847
594.599 1.84053 0.135141
594.599 1.904 0.133891
594.599 1.96746 0.132101
594.599 2.03093 0.12978
594.599 2.0944 0.126936
594.599 2.15786 0.123581
594.599 2.22133 0.119728
594.599 2.28479 0.115393
594.599 2.34826 0.110594
594.599 2.41173 0.105349
594.599 2.47519 0.0996802
594.599 2.53866 0.09361
594.599 2.60213 0.0871625
594.599 2.66559 0.0803643
594.599 2.72906 0.0732425
594.599 2.79253 0.065826
594.599 2.85599 0.0581439
594.599 2.91946 0.0502281
594.599 2.98293 0.04211
594.599 3.04639 0.0338223
594.599 3.10986 0.0253983
594.599 3.17333 0.0168722
594.599 3.23679 0.00827794
594.599 3.30026 -0.000349721
594.599 3.36373 -0.00897578
594.599 3.42719 -0.0175656
594.599 3.49066 -0.0260849
594.599 3.55413 -0.0344991
594.599 3.61759 -0.0427745
594.599 3.68106 -0.0508774
594.599 3.74452 -0.0587754
594.599 3.80799 -0.0664366
594.599 3.87146 -0.0738309
594.599 3.93492 -0.0809274
594.599 3.99839 -0.0876984
594.599 4.06186 -0.0941158
594.599 4.12532 -0.100155
594.599 4.18879 -0.10579
594.599 4.25226 -0.110999
594.599 4.31572 -0.115762
594.599 4.37919 -0.120058
594.599 4.44266 -0.123871
594.599 4.50612 -0.127186
594.599 4.56959 -0.129987
594.599 4.63306 -0.132266
594.599 4.69652 -0.134012
594.599 4.75999 -0.135218
594.599 4.82346 -0.13588
594.599 4.88692 -0.135995
594.599 4.95039 -0.135562
594.599 5.01385 -0.134584
594.599 5.07732 -0.133063
594.599 5.14079 -0.131007
594.599 5.20425 -0.128423
594.599 5.26772 -0.125322
594.599 5.33119 -0.121716
594.599 5.39465 -0.11762
594.599 5.45812 -0.113051
594.599 5.52159 -0.108026
594.599 5.58505 -0.102567
594.599 5.64852 -0.0966938
594.599 5.71199 -0.0904318
594.599 5.77545 -0.0838057
594.599 5.83892 -0.0768422
594.599 5.90239 -0.0695693
594.599 5.96585 -0.0620161
594.599 6.02932 -0.0542133
594.599 6.09279 -0.0461924
594.599 6.15625 -0.0379852
594.599 6.21972 -0.0296251
594.599 6.28319 -0.0211457
595.6 0 -0.148875
595.6 0.0634665 -0.140171
595.6 0.126933 -0.130903
595.6 0.1904 -0.121108
595.6 0.253866 -0.110826
595.6 0.317333 -0.100097
595.6 0.380799 -0.0889648
595.6 0.444266 -0.0774749
595.6 0.507732 -0.0656726
595.6 0.571199 -0.0536059
595.6 0.634665 -0.0413234
595.6 0.698132 -0.0288748
595.6 0.761598 -0.0163098
595.6 0.825065 -0.00367902
595.6 0.888531 0.0089668
595.6 0.951998 0.0215762
595.6 1.01546 0.0340987
595.6 1.07893 0.0464841
595.6 1.1424 0.0586823
595.6 1.20586 0.0706441
595.6 1.26933 0.0823215
595.6 1.3328 0.0936674
595.6 1.39626 0.104636
595.6 1.45973 0.115184
595.6 1.5232 0.125267
595.6 1.58666 0.134846
595.6 1.65013 0.143882
595.6 1.7136 0.152339
595.6 1.77706 0.160183
595.6 1.84053 0.167381
595.6 1.904 0.173906
595.6 1.96746 0.17973
595.6 2.03093 0.18483
595.6 2.0944 0.189186
595.6 2.15786 0.192781
595.6 2.22133 0.195599
595.6 2.28479 0.19763
595.6 2.34826 0.198864
595.6 2.41173 0.199299
595.6 2.47519 0.19893
595.6 2.53866 0.19776
595.6 2.60213 0.195794
595.6 2.66559 0.193041
595.6 2.72906 0.189509
595.6 2.79253 0.185215
595.6 2.85599 0.180174
595.6 2.91946 0.174408
595.6 2.98293 0.16794
595.6 3.04639 0.160796
595.6 3.10986 0.153004
595.6 3.17333 0.144596
595.6 3.23679 0.135606
595.6 3.30026 0.126069
595.6 3.36373 0.116026
595.6 3.42719 0.105515
595.6 3.49066 0.0945784
595.6 3.55413 0.0832617
595.6 3.61759 0.0716096
595.6 3.68106 0.0596693
595.6 3.74452 0.0474887
595.6 3.80799 0.0351169
595.6 3.87146 0.0226035
595.6 3.93492 0.00999924
595.6 3.99839 -0.00264528
595.6 4.06186 -0.0152792
595.6 4.12532 -0.0278516
595.6 4.18879 -0.0403118
595.6 4.25226 -0.0526097
595.6 4.31572 -0.0646957
595.6 4.37919 -0.0765214
595.6 4.44266 -0.0880387
595.6 4.50612 -0.0992017
595.6 4.56959 -0.109965
595.6 4.63306 -0.120286
595.6 4.69652 -0.130122
595.6 4.75999 -0.139434
595.6 4.82346 -0.148185
595.6 4.88692 -0.15634
595.6 4.95039 -0.163864
595.6 5.01385 -0.170729
595.6 5.07732 -0.176907
595.6 5.14079 -0.182372
595.6 5.20425 -0.187103
595.6 5.26772 -0.19108
595.6 5.33119 -0.194288
595.6 5.39465 -0.196714
595.6 5.45812 -0.198347
595.6 5.52159 -0.199182
595.6 5.58505 -0.199215
595.6 5.64852 -0.198445
595.6 5.71199 -0.196877
595.6 5.77545 -0.194516
595.6 5.83892 -0.191371
595.6 5.90239 -0.187456
595.6 5.96585 -0.182786
595.6 6.02932 -0.17738
595.6 6.09279 -0.17126
595.6 6.15625 -0.164451
595.6 6.21972 -0.156979
595.6 6.28319 -0.148875
596.601 0 -0.157999
596.601 0.0634665 -0.168243
596.601 0.126933 -0.17781
596.601 0.1904 -0.186661
596.601 0.253866 -0.19476
596.601 0.317333 -0.202075
596.601 0.380799 -0.208576
596.601 0.444266 -0.214237
596.601 0.507732 -0.219036
596.601 0.571199 -0.222953
596.601 0.634665 -0.225972
596.601 0.698132 -0.228081
596.601 0.761598 -0.229271
596.601 0.825065 -0.229539
596.601 0.888531 -0.228882
596.601 0.951998 -0.227304
596.601 1.01546 -0.22481
596.601 1.07893 -0.221411
596.601 1.1424 -0.217121
596.601 1.20586 -0.211956
596.601 1.26933 -0.205938
596.601 1.3328 -0.19909
596.601 1.39626 -0.191441
596.601 1.45973 -0.183021
596.601 1.5232 -0.173864
596.601 1.58666 -0.164007
596.601 1.65013 -0.15349
596.601 1.7136 -0.142354
596.601 1.77706 -0.130645
596.601 1.84053 -0.118411
596.601 1.904 -0.105699
596.601 1.96746 -0.0925619
596.601 2.03093 -0.079052
596.601 2.0944 -0.0652238
596.601 2.15786 -0.0511329
596.601 2.22133 -0.0368363
596.601 2.28479 -0.0223913
596.601 2.34826 -0.00785603
596.601 2.41173 0.00671083
596.601 2.47519 0.0212506
596.601 2.53866 0.0357049
596.601 2.60213 0.0500155
596.601 2.66559 0.0641245
596.601 2.72906 0.0779753
596.601 2.79253 0.0915122
596.601 2.85599 0.104681
596.601 2.91946 0.117428
596.601 2.98293 0.129702
596.601 3.04639 0.141453
596.601 3.10986 0.152636
596.601 3.17333 0.163203
596.601 3.23679 0.173114
596.601 3.30026 0.182327
596.601 3.36373 0.190806
596.601 3.42719 0.198517
596.601 3.49066 0.205429
596.601 3.55413 0.211513
596.601 3.61759 0.216746
596.601 3.68106 0.221106
596.601 3.74452 0.224575
596.601 3.80799 0.22714
596.601 3.87146 0.228791
596.601 3.93492 0.229521
596.601 3.99839 0.229326
596.601 4.06186 0.228208
596.601 4.12532 0.226171
596.601 4.18879 0.223223
596.601 4.25226 0.219376
596.601 4.31572 0.214646
596.601 4.37919 0.209052
596.601 4.44266 0.202616
596.601 4.50612 0.195364
596.601 4.56959 0.187325
596.601 4.63306 0.178532
596.601 4.69652 0.169021
596.601 4.75999 0.158828
596.601 4.82346 0.147996
596.601 4.88692 0.136568
596.601 4.95039 0.124591
596.601 5.01385 0.112111
596.601 5.07732 0.0991803
596.601 5.14079 0.0858502
596.601 5.20425 0.0721742
596.601 5.26772 0.0582077
596.601 5.33119 0.0440068
596.601 5.39465 0.0296286
596.601 5.45812 0.0151312
596.601 5.52159 0.000572966
596.601 5.58505 -0.0139877
596.601 5.64852 -0.0284921
596.601 5.71199 -0.0428816
596.601 5.77545 -0.0570987
596.601 5.83892 -0.0710857
596.601 5.90239 -0.0847864
596.601 5.96585 -0.0981457
596.601 6.02932 -0.11111
596.601 6.09279 -0.123627
596.601 6.15625 -0.135646
596.601 6.21972 -0.147119
596.601 6.28319 -0.157999
597.602 0 0.259358
597.602 0.0634665 0.263659
597.602 0.126933 0.266898
597.602 0.1904 0.269063
597.602 0.253866 0.270144
597.602 0.317333 0.270138
597.602 0.380799 0.269043
597.602 0.444266 0.266866
597.602 0.507732 0.263614
597.602 0.571199 0.2593
597.602 0.634665 0.253942
597.602 0.698132 0.247562
597.602 0.761598 0.240185
597.602 0.825065 0.231841
597.602 0.888531 0.222563
597.602 0.951998 0.212389
597.602 1.01546 0.20136
597.602 1.07893 0.18952
597.602 1.1424 0.176917
597.602 1.20586 0.163601
597.602 1.26933 0.149627
597.602 1.3328 0.13505
597.602 1.39626 0.119929
597.602 1.45973 0.104326
597.602 1.5232 0.0883023
597.602 1.58666 0.0719232
597.602 1.65013 0.0552546
597.602 1.7136 0.0383633
597.602 1.77706 0.0213175
597.602 1.84053 0.00418601
597.602 1.904 -0.0129623
597.602 1.96746 -0.0300585
597.602 2.03093 -0.0470337
597.602 2.0944 -0.0638195
597.602 2.15786 -0.0803483
597.602 2.22133 -0.0965535
597.602 2.28479 -0.11237
597.602 2.34826 -0.127734
597.602 2.41173 -0.142584
597.602 2.47519 -0.156859
597.602 2.53866 -0.170503
597.602 2.60213 -0.18346
597.602 2.66559 -0.195679
597.602 2.72906 -0.20711
597.602 2.79253 -0.217707
597.602 2.85599 -0.227427
597.602 2.91946 -0.236231
597.602 2.98293 -0.244084
597.602 3.04639 -0.250954
597.602 3.10986 -0.256814
597.602 3.17333 -0.26164
597.602 3.23679 -0.265412
597.602 3.30026 -0.268115
597.602 3.36373 -0.269739
597.602 3.42719 -0.270277
597.602 3.49066 -0.269726
597.602 3.55413 -0.26809
597.602 3.61759 -0.265373
597.602 3.68106 -0.261589
597.602 3.74452 -0.25675
597.602 3.80799 -0.250878
597.602 3.87146 -0.243996
597.602 3.93492 -0.236132
597.602 3.99839 -0.227316
597.602 4.06186 -0.217585
597.602 4.12532 -0.206978
597.602 4.18879 -0.195538
597.602 4.25226 -0.18331
597.602 4.31572 -0.170345
597.602 4.37919 -0.156693
597.602 4.44266 -0.14241
597.602 4.50612 -0.127554
597.602 4.56959 -0.112184
597.602 4.63306 -0.0963628
597.602 4.69652 -0.0801532
597.602 4.75999 -0.0636209
597.602 4.82346 -0.0468325
597.602 4.88692 -0.0298554
597.602 4.95039 -0.0127582
597.602 5.01385 0.00439033
597.602 5.07732 0.0215213
597.602 5.14079 0.0385655
597.602 5.20425 0.0554546
597.602 5.26772 0.0721203
597.602 5.33119 0.0884955
597.602 5.39465 0.104514
597.602 5.45812 0.120112
597.602 5.52159 0.135227
597.602 5.58505 0.149797
597.602 5.64852 0.163764
597.602 5.71199 0.177071
597.602 5.77545 0.189665
597.602 5.83892 0.201496
597.602 5.90239 0.212515
597.602 5.96585 0.222679
597.602 6.02932 0.231946
597.602 6.09279 0.240279
597.602 6.15625 0.247644
597.602 6.21972 0.254012
597.602 6.28319 0.259357
598.603 0 -0.0695196
598.603 0.0634665 -0.063717
598.603 0.126933 -0.0576576
598.603 0.1904 -0.0513661
598.603 0.253866 -0.0448679
598.603 0.317333 -0.0381891
598.603 0.380799 -0.0313564
598.603 0.444266 -0.0243975
598.603 0.507732 -0.0173401
598.603 0.571199 -0.0102132
598.603 0.634665 -0.00304496
598.603 0.698132 0.00413528
598.603 0.761598 0.0112991
598.603 0.825065 0.0184174
598.603 0.888531 0.0254613
598.603 0.951998 0.032403
598.603 1.01546 0.0392141
598.603 1.07893 0.0458673
598.603 1.1424 0.0523358
598.603 1.20586 0.0585936
598.603 1.26933 0.0646153
598.603 1.3328 0.0703771
598.603 1.39626 0.0758553
598.603 1.45973 0.0810281
598.603 1.5232 0.0858746
598.603 1.58666 0.0903754
598.603 1.65013 0.0945122
598.603 1.7136 0.0982686
598.603 1.77706 0.101629
598.603 1.84053 0.10458
598.603 1.904 0.107111
598.603 1.96746 0.10921
598.603 2.03093 0.110869
598.603 2.0944 0.112082
598.603 2.15786 0.112843
598.603 2.22133 0.11315
598.603 2.28479 0.113002
598.603 2.34826 0.112398
598.603 2.41173 0.111342
598.603 2.47519 0.109838
598.603 2.53866 0.107891
598.603 2.60213 0.10551
598.603 2.66559 0.102703
598.603 2.72906 0.0994841
598.603 2.79253 0.0958638
598.603 2.85599 0.0918577
598.603 2.91946 0.0874817
598.603 2.98293 0.0827533
598.603 3.04639 0.0776916
598.603 3.10986 0.0723172
598.603 3.17333 0.0666517
598.603 3.23679 0.0607179
598.603 3.30026 0.0545392
598.603 3.36373 0.0481413
598.603 3.42719 0.0415494
598.603 3.49066 0.0347901
598.603 3.55413 0.0278909
598.603 3.61759 0.0208794
598.603 3.68106 0.0137836
598.603 3.74452 0.00663245
598.603 3.80799 -0.000545334
598.603 3.87146 -0.00772113
598.603 3.93492 -0.0148656
598.603 3.99839 -0.0219504
598.603 4.06186 -0.0289467
598.603 4.12532 -0.0358267
598.603 4.18879 -0.042562
598.603 4.25226 -0.0491263
598.603 4.31572 -0.0554926
598.603 4.37919 -0.0616355
598.603 4.44266 -0.0675302
598.603 4.50612 -0.0731529
598.603 4.56959 -0.0784811
598.603 4.63306 -0.0834935
598.603 4.69652 -0.0881693
598.603 4.75999 -0.0924904
598.603 4.82346 -0.0964389
598.603 4.88692 -0.0999992
598.603 4.95039 -0.103157
598.603 5.01385 -0.105899
598.603 5.07732 -0.108215
598.603 5.14079 -0.110095
598.603 5.20425 -0.111531
598.603 5.26772 -0.112519
598.603 5.33119 -0.113054
598.603 5.39465 -0.113133
598.603 5.45812 -0.112757
598.603 5.52159 -0.111926
598.603 5.58505 -0.110645
598.603 5.64852 -0.108919
598.603 5.71199 -0.106754
598.603 5.77545 -0.104159
598.603 5.83892 -0.101145
598.603 5.90239 -0.0977232
598.603 5.96585 -0.0939081
598.603 6.02932 -0.0897149
598.603 6.09279 -0.0851603
598.603 6.15625 -0.0802628
598.603 6.21972 -0.0750423
598.603 6.28319 -0.0695195
599.604 0 -0.129951
599.604 0.0634665 -0.115558
599.604 0.126933 -0.1007
599.604 0.1904 -0.0854358
599.604 0.253866 -0.0698277
599.604 0.317333 -0.0539386
599.604 0.380799 -0.0378323
599.604 0.444266 -0.0215735
599.604 0.507732 -0.00522809
599.604 0.571199 0.0111384
599.604 0.634665 0.0274602
599.604 0.698132 0.0436714
599.604 0.761598 0.0597067
599.604 0.825065 0.0755016
599.604 0.888531 0.0909923
599.604 0.951998 0.106117
599.604 1.01546 0.120814
599.604 1.07893 0.135025
599.604 1.1424 0.148692
599.604 1.20586 0.16176
599.604 1.26933 0.174177
599.604 1.3328 0.185893
599.604 1.39626 0.19686
599.604 1.45973 0.207034
599.604 1.5232 0.216375
599.604 1.58666 0.224844
599.604 1.65013 0.232408
599.604 1.7136 0.239036
599.604 1.77706 0.244702
599.604 1.84053 0.249382
599.604 1.904 0.253059
599.604 1.96746 0.255717
599.604 2.03093 0.257344
599.604 2.0944 0.257935
599.604 2.15786 0.257488
599.604 2.22133 0.256004
599.604 2.28479 0.253489
599.604 2.34826 0.249953
599.604 2.41173 0.245411
599.604 2.47519 0.239881
599.604 2.53866 0.233385
599.604 2.60213 0.225949
599.604 2.66559 0.217603
599.604 2.72906 0.208381
599.604 2.79253 0.19832
599.604 2.85599 0.18746
599.604 2.91946 0.175846
599.604 2.98293 0.163523
599.604 3.04639 0.150542
599.604 3.10986 0.136955
599.604 3.17333 0.122816
599.604 3.23679 0.108183
599.604 3.30026 0.0931145
599.604 3.36373 0.0776707
599.604 3.42719 0.0619144
599.604 3.49066 0.0459086
599.604 3.55413 0.029718
599.604 3.61759 0.0134076
599.604 3.68106 -0.00295673
599.604 3.74452 -0.0193092
599.604 3.80799 -0.0355837
599.604 3.87146 -0.051715
599.604 3.93492 -0.0676382
599.604 3.99839 -0.0832888
599.604 4.06186 -0.0986043
599.604 4.12532 -0.113523
599.604 4.18879 -0.127984
599.604 4.25226 -0.14193
599.604 4.31572 -0.155304
599.604 4.37919 -0.168053
599.604 4.44266 -0.180125
599.604 4.50612 -0.191472
599.604 4.56959 -0.202048
599.604 4.63306 -0.211811
599.604 4.69652 -0.220721
599.604 4.75999 -0.228741
599.604 4.82346 -0.235841
599.604 4.88692 -0.241991
599.604 4.95039 -0.247167
599.604 5.01385 -0.251347
599.604 5.07732 -0.254515
599.604 5.14079 -0.256659
599.604 5.20425 -0.257769
599.604 5.26772 -0.257841
599.604 5.33119 -0.256875
599.604 5.39465 -0.254874
599.604 5.45812 -0.251848
599.604 5.52159 -0.247807
599.604 5.58505 -0.242768
599.604 5.64852 -0.236752
599.604 5.71199 -0.229782
599.604 5.77545 -0.221888
599.604 5.83892 -0.213099
599.604 5.90239 -0.203453
599.604 5.96585 -0.192987
599.604 6.02932 -0.181744
599.604 6.09279 -0.16977
599.604 6.15625 -0.157112
599.604 6.21972 -0.143821
599.604 6.28319 -0.129951
600.605 0 0.2919
600.605 0.0634665 0.294107
600.605 0.126933 0.295131
600.605 0.1904 0.294965
600.605 0.253866 0.293612
600.605 0.317333 0.291076
600.605 0.380799 0.287369
600.605 0.444266 0.282504
600.605 0.507732 0.276502
600.605 0.571199 0.269387
600.605 0.634665 0.261186
600.605 0.698132 0.251935
600.605 0.761598 0.241668
600.605 0.825065 0.230429
600.605 0.888531 0.218261
600.605 0.951998 0.205215
600.605 1.01546 0.191342
600.605 1.07893 0.176699
600.605 1.1424 0.161345
600.605 1.20586 0.145341
600.605 1.26933 0.128751
600.605 1.3328 0.111643
600.605 1.39626 0.0940858
600.605 1.45973 0.0761495
600.605 1.5232 0.0579067
600.605 1.58666 0.0394305
600.605 1.65013 0.0207957
600.605 1.7136 0.0020771
600.605 1.77706 -0.0166499
600.605 1.84053 -0.0353099
600.605 1.904 -0.0538276
600.605 1.96746 -0.0721285
600.605 2.03093 -0.0901391
600.605 2.0944 -0.107787
600.605 2.15786 -0.125
600.605 2.22133 -0.141711
600.605 2.28479 -0.15785
600.605 2.34826 -0.173354
600.605 2.41173 -0.18816
600.605 2.47519 -0.202208
600.605 2.53866 -0.215443
600.605 2.60213 -0.227809
600.605 2.66559 -0.239259
600.605 2.72906 -0.249744
600.605 2.79253 -0.259225
600.605 2.85599 -0.267661
600.605 2.91946 -0.27502
600.605 2.98293 -0.281271
600.605 3.04639 -0.28639
600.605 3.10986 -0.290355
600.605 3.17333 -0.293152
600.605 3.23679 -0.294767
600.605 3.30026 -0.295196
600.605 3.36373 -0.294437
600.605 3.42719 -0.292492
600.605 3.49066 -0.289368
600.605 3.55413 -0.28508
600.605 3.61759 -0.279644
600.605 3.68106 -0.273082
600.605 3.74452 -0.26542
600.605 3.80799 -0.25669
600.605 3.87146 -0.246926
600.605 3.93492 -0.236167
600.605 3.99839 -0.224458
600.605 4.06186 -0.211845
600.605 4.12532 -0.198379
600.605 4.18879 -0.184114
600.605 4.25226 -0.169107
600.605 4.31572 -0.15342
600.605 4.37919 -0.137115
600.605 4.44266 -0.120258
600.605 4.50612 -0.102916
600.605 4.56959 -0.0851606
600.605 4.63306 -0.0670618
600.605 4.69652 -0.0486931
600.605 4.75999 -0.0301283
600.605 4.82346 -0.011442
600.605 4.88692 0.0072901
600.605 4.95039 0.0259929
600.605 5.01385 0.0445911
600.605 5.07732 0.0630098
600.605 5.14079 0.0811748
600.605 5.20425 0.0990129
600.605 5.26772 0.116452
600.605 5.33119 0.133423
600.605 5.39465 0.149856
600.605 5.45812 0.165686
600.605 5.52159 0.180848
600.605 5.58505 0.195283
600.605 5.64852 0.208931
600.605 5.71199 0.221738
600.605 5.77545 0.233652
600.605 5.83892 0.244625
600.605 5.90239 0.254613
600.605 5.96585 0.263576
600.605 6.02932 0.271477
600.605 6.09279 0.278286
600.605 6.15625 0.283973
600.605 6.21972 0.288518
600.605 6.28319 0.2919
601.606 0 -0.0862897
601.606 0.0634665 -0.0685775
601.606 0.126933 -0.050589
601.606 0.1904 -0.0323969
601.606 0.253866 -0.0140743
601.606 0.317333 0.00430486
601.606 0.380799 0.0226669
601.606 0.444266 0.0409375
601.606 0.507732 0.0590433
601.606 0.571199 0.0769114
601.606 0.634665 0.0944698
601.606 0.698132 0.111648
601.606 0.761598 0.128376
601.606 0.825065 0.144588
601.606 0.888531 0.160217
601.606 0.951998 0.175201
601.606 1.01546 0.18948
601.606 1.07893 0.202995
601.606 1.1424 0.215694
601.606 1.20586 0.227523
601.606 1.26933 0.238437
601.606 1.3328 0.248391
601.606 1.39626 0.257344
601.606 1.45973 0.265261
601.606 1.5232 0.27211
601.606 1.58666 0.277863
601.606 1.65013 0.282498
601.606 1.7136 0.285995
601.606 1.77706 0.28834
601.606 1.84053 0.289524
601.606 1.904 0.289543
601.606 1.96746 0.288395
601.606 2.03093 0.286087
601.606 2.0944 0.282626
601.606 2.15786 0.278027
601.606 2.22133 0.272309
601.606 2.28479 0.265495
601.606 2.34826 0.257611
601.606 2.41173 0.24869
601.606 2.47519 0.238767
601.606 2.53866 0.227883
601.606 2.60213 0.216082
601.606 2.66559 0.20341
601.606 2.72906 0.18992
601.606 2.79253 0.175664
601.606 2.85599 0.160702
601.606 2.91946 0.145092
601.606 2.98293 0.128898
601.606 3.04639 0.112185
601.606 3.10986 0.09502
601.606 3.17333 0.0774726
601.606 3.23679 0.0596133
601.606 3.30026 0.0415138
601.606 3.36373 0.0232473
601.606 3.42719 0.00488729
601.606 3.49066 -0.0134927
601.606 3.55413 -0.0318182
601.606 3.61759 -0.0500156
601.606 3.68106 -0.0680116
601.606 3.74452 -0.0857337
601.606 3.80799 -0.103111
601.606 3.87146 -0.120072
601.606 3.93492 -0.136551
601.606 3.99839 -0.152479
601.606 4.06186 -0.167793
601.606 4.12532 -0.182432
601.606 4.18879 -0.196336
601.606 4.25226 -0.20945
601.606 4.31572 -0.22172
601.606 4.37919 -0.233098
601.606 4.44266 -0.243536
601.606 4.50612 -0.252995
601.606 4.56959 -0.261434
601.606 4.63306 -0.268821
601.606 4.69652 -0.275125
601.606 4.75999 -0.280322
601.606 4.82346 -0.284389
601.606 4.88692 -0.287312
601.606 4.95039 -0.289078
601.606 5.01385 -0.289679
601.606 5.07732 -0.289115
601.606 5.14079 -0.287386
601.606 5.20425 -0.2845
601.606 5.26772 -0.280468
601.606 5.33119 -0.275307
601.606 5.39465 -0.269037
601.606 5.45812 -0.261684
601.606 5.52159 -0.253278
601.606 5.58505 -0.243851
601.606 5.64852 -0.233443
601.606 5.71199 -0.222095
601.606 5.77545 -0.209852
601.606 5.83892 -0.196764
601.606 5.90239 -0.182884
601.606 5.96585 -0.168268
601.606 6.02932 -0.152974
601.606 6.09279 -0.137064
601.606 6.15625 -0.120602
601.606 6.21972 -0.103655
601.606 6.28319 -0.0862897
602.607 0 -0.322101
602.607 0.0634665 -0.306543
602.607 0.126933 -0.289749
602.607 0.1904 -0.271788
602.607 0.253866 -0.252734
602.607 0.317333 -0.232661
602.607 0.380799 -0.211652
602.607 0.444266 -0.189791
602.607 0.507732 -0.167165
602.607 0.571199 -0.143867
602.607 0.634665 -0.119989
602.607 0.698132 -0.0956274
602.607 0.761598 -0.070881
602.607 0.825065 -0.0458494
602.607 0.888531 -0.020633
602.607 0.951998 0.00466629
602.607 1.01546 0.0299468
602.607 1.07893 0.0551069
602.607 1.1424 0.0800449
602.607 1.20586 0.104661
602.607 1.26933 0.128855
602.607 1.3328 0.152531
602.607 1.39626 0.175592
602.607 1.45973 0.197946
602.607 1.5232 0.219503
602.607 1.58666 0.240177
602.607 1.65013 0.259883
602.607 1.7136 0.278543
602.607 1.77706 0.296081
602.607 1.84053 0.312427
602.607 1.904 0.327515
602.607 1.96746 0.341284
602.607 2.03093 0.353679
602.607 2.0944 0.36465
602.607 2.15786 0.374152
602.607 2.22133 0.382148
602.607 2.28479 0.388605
602.607 2.34826 0.393498
602.607 2.41173 0.396805
602.607 2.47519 0.398516
602.607 2.53866 0.398621
602.607 2.60213 0.397121
602.607 2.66559 0.394022
602.607 2.72906 0.389337
602.607 2.79253 0.383084
602.607 2.85599 0.375288
602.607 2.91946 0.365981
602.607 2.98293 0.355201
602.607 3.04639 0.34299
602.607 3.10986 0.329398
602.607 3.17333 0.31448
602.607 3.23679 0.298296
602.607 3.30026 0.28091
602.607 3.36373 0.262393
602.607 3.42719 0.24282
602.607 3.49066 0.222269
602.607 3.55413 0.200823
602.607 3.61759 0.178568
602.607 3.68106 0.155594
602.607 3.74452 0.131994
602.607 3.80799 0.107862
602.607 3.87146 0.0832962
602.607 3.93492 0.0583946
602.607 3.99839 0.0332581
602.607 4.06186 0.00798737
602.607 4.12532 -0.0173152
602.607 4.18879 -0.0425482
602.607 4.25226 -0.06761
602.607 4.31572 -0.0923995
602.607 4.37919 -0.116817
602.607 4.44266 -0.140763
602.607 4.50612 -0.164144
602.607 4.56959 -0.186863
602.607 4.63306 -0.20883
602.607 4.69652 -0.229956
602.607 4.75999 -0.250156
602.607 4.82346 -0.269348
602.607 4.88692 -0.287457
602.607 4.95039 -0.304407
602.607 5.01385 -0.320132
602.607 5.07732 -0.334568
602.607 5.14079 -0.347657
602.607 5.20425 -0.359345
602.607 5.26772 -0.369587
602.607 5.33119 -0.378341
602.607 5.39465 -0.385571
602.607 5.45812 -0.391248
602.607 5.52159 -0.39535
602.607 5.58505 -0.397861
602.607 5.64852 -0.398769
602.607 5.71199 -0.398071
602.607 5.77545 -0.395771
602.607 5.83892 -0.391877
602.607 5.90239 -0.386405
602.607 5.96585 -0.379377
602.607 6.02932 -0.370822
602.607 6.09279 -0.360773
602.607 6.15625 -0.349272
602.607 6.21972 -0.336364
602.607 6.28319 -0.322101
603.608 0 -0.172958
603.608 0.0634665 -0.171832
603.608 0.126933 -0.170015
603.608 0.1904 -0.167513
603.608 0.253866 -0.164337
603.608 0.317333 -0.160499
603.608 0.380799 -0.156014
603.608 0.444266 -0.150902
603.608 0.507732 -0.145181
603.608 0.571199 -0.138876
603.608 0.634665 -0.132013
603.608 0.698132 -0.124617
603.608 0.761598 -0.116719
603.608 0.825065 -0.108352
603.608 0.888531 -0.0995483
603.608 0.951998 -0.0903437
603.608 1.01546 -0.0807755
603.608 1.07893 -0.0708821
603.608 1.1424 -0.0607029
603.608 1.20586 -0.0502797
603.608 1.26933 -0.0396537
603.608 1.3328 -0.0288682
603.608 1.39626 -0.0179665
603.608 1.45973 -0.00699225
603.608 1.5232 0.00401005
603.608 1.58666 0.0149963
603.608 1.65013 0.0259221
603.608 1.7136 0.0367435
603.608 1.77706 0.047417
603.608 1.84053 0.0578993
603.608 1.904 0.0681487
603.608 1.96746 0.0781236
603.608 2.03093 0.0877841
603.608 2.0944 0.0970908
603.608 2.15786 0.106007
603.608 2.22133 0.114496
603.608 2.28479 0.122524
603.608 2.34826 0.130059
603.608 2.41173 0.13707
603.608 2.47519 0.143529
603.608 2.53866 0.14941
603.608 2.60213 0.154689
603.608 2.66559 0.159346
603.608 2.72906 0.163361
603.608 2.79253 0.166718
603.608 2.85599 0.169404
603.608 2.91946 0.171408
603.608 2.98293 0.172721
603.608 3.04639 0.173339
603.608 3.10986 0.17326
603.608 3.17333 0.172482
603.608 3.23679 0.17101
603.608 3.30026 0.168849
603.608 3.36373 0.166009
603.608 3.42719 0.1625
603.608 3.49066 0.158336
603.608 3.55413 0.153535
603.608 3.61759 0.148116
603.608 3.68106 0.142101
603.608 3.74452 0.135513
603.608 3.80799 0.128379
603.608 3.87146 0.120729
603.608 3.93492 0.112592
603.608 3.99839 0.104003
603.608 4.06186 0.0949939
603.608 4.12532 0.0856027
603.608 4.18879 0.0758667
603.608 4.25226 0.0658255
603.608 4.31572 0.055519
603.608 4.37919 0.0449891
603.608 4.44266 0.0342781
603.608 4.50612 0.023429
603.608 4.56959 0.0124855
603.608 4.63306 0.00149182
603.608 4.69652 -0.00950812
603.608 4.75999 -0.0204695
603.608 4.82346 -0.0313484
603.608 4.88692 -0.0421012
603.608 4.95039 -0.0526846
603.608 5.01385 -0.0630557
603.608 5.07732 -0.073173
603.608 5.14079 -0.0829957
603.608 5.20425 -0.092484
603.608 5.26772 -0.1016
603.608 5.33119 -0.110307
603.608 5.39465 -0.11857
603.608 5.45812 -0.126355
603.608 5.52159 -0.133631
603.608 5.58505 -0.14037
603.608 5.64852 -0.146543
603.608 5.71199 -0.152126
603.608 5.77545 -0.157097
603.608 5.83892 -0.161435
603.608 5.90239 -0.165123
603.608 5.96585 -0.168146
603.608 6.02932 -0.170492
603.608 6.09279 -0.172151
603.608 6.15625 -0.173118
603.608 6.21972 -0.173387
603.608 6.28319 -0.172958
604.609 0 0.10401
604.609 0.0634665 0.0938342
604.609 0.126933 0.0832809
604.609 0.1904 0.0723923
604.609 0.253866 0.0612122
604.609 0.317333 0.0497854
604.609 0.380799 0.0381584
604.609 0.444266 0.0263778
604.609 0.507732 0.0144909
604.609 0.571199 0.00254554
604.609 0.634665 -0.00941003
604.609 0.698132 -0.0213278
604.609 0.761598 -0.0331594
604.609 0.825065 -0.0448577
604.609 0.888531 -0.0563756
604.609 0.951998 -0.0676659
604.609 1.01546 -0.0786841
604.609 1.07893 -0.0893854
604.609 1.1424 -0.0997268
604.609 1.20586 -0.109667
604.609 1.26933 -0.119165
604.609 1.3328 -0.128183
604.609 1.39626 -0.136686
604.609 1.45973 -0.144638
604.609 1.5232 -0.152007
604.609 1.58666 -0.158764
604.609 1.65013 -0.164882
604.609 1.7136 -0.170337
604.609 1.77706 -0.175105
604.609 1.84053 -0.179168
604.609 1.904 -0.18251
604.609 1.96746 -0.185117
604.609 2.03093 -0.186978
604.609 2.0944 -0.188087
604.609 2.15786 -0.188438
604.609 2.22133 -0.18803
604.609 2.28479 -0.186866
604.609 2.34826 -0.184949
604.609 2.41173 -0.182287
604.609 2.47519 -0.178891
604.609 2.53866 -0.174775
604.609 2.60213 -0.169955
604.609 2.66559 -0.16445
604.609 2.72906 -0.158284
604.609 2.79253 -0.15148
604.609 2.85599 -0.144066
604.609 2.91946 -0.136072
604.609 2.98293 -0.127531
604.609 3.04639 -0.118475
604.609 3.10986 -0.108943
604.609 3.17333 -0.0989719
604.609 3.23679 -0.0886022
604.609 3.30026 -0.0778759
604.609 3.36373 -0.0668357
604.609 3.42719 -0.0555269
604.609 3.49066 -0.0439941
604.609 3.55413 -0.0322844
604.609 3.61759 -0.0204447
604.609 3.68106 -0.0085226
604.609 3.74452 0.00343392
604.609 3.80799 0.0153767
604.609 3.87146 0.0272573
604.609 3.93492 0.0390282
604.609 3.99839 0.0506422
604.609 4.06186 0.0620518
604.609 4.12532 0.0732119
604.609 4.18879 0.0840775
604.609 4.25226 0.0946039
604.609 4.31572 0.10475
604.609 4.37919 0.114474
604.609 4.44266 0.123737
604.609 4.50612 0.132501
604.609 4.56959 0.140732
604.609 4.63306 0.148397
604.609 4.69652 0.155464
604.609 4.75999 0.161905
604.609 4.82346 0.167694
604.609 4.88692 0.172808
604.609 4.95039 0.177226
604.609 5.01385 0.18093
604.609 5.07732 0.183906
604.609 5.14079 0.186141
604.609 5.20425 0.187627
604.609 5.26772 0.188357
604.609 5.33119 0.188329
604.609 5.39465 0.187543
604.609 5.45812 0.186001
604.609 5.52159 0.18371
604.609 5.58505 0.18068
604.609 5.64852 0.176922
604.609 5.71199 0.172452
604.609 5.77545 0.167287
604.609 5.83892 0.161449
604.609 5.90239 0.15496
604.609 5.96585 0.147848
604.609 6.02932 0.14014
604.609 6.09279 0.131868
604.609 6.15625 0.123065
604.609 6.21972 0.113767
604.609 6.28319 0.10401
605.61 0 0.424231
605.61 0.0634665 0.413521
605.61 0.126933 0.401147
605.61 0.1904 0.387157
605.61 0.253866 0.371608
605.61 0.317333 0.354563
605.61 0.380799 0.33609
605.61 0.444266 0.316264
605.61 0.507732 0.295164
605.61 0.571199 0.272876
605.61 0.634665 0.249489
605.61 0.698132 0.225097
605.61 0.761598 0.1998
605.61 0.825065 0.173697
605.61 0.888531 0.146895
605.61 0.951998 0.119502
605.61 1.01546 0.0916271
605.61 1.07893 0.0633836
605.61 1.1424 0.0348847
605.61 1.20586 0.00624548
605.61 1.26933 -0.0224189
605.61 1.3328 -0.050993
605.61 1.39626 -0.0793617
605.61 1.45973 -0.107411
605.61 1.5232 -0.135028
605.61 1.58666 -0.162101
605.61 1.65013 -0.188521
605.61 1.7136 -0.214182
605.61 1.77706 -0.238981
605.61 1.84053 -0.262817
605.61 1.904 -0.285596
605.61 1.96746 -0.307224
605.61 2.03093 -0.327615
605.61 2.0944 -0.346687
605.61 2.15786 -0.364363
605.61 2.22133 -0.380571
605.61 2.28479 -0.395248
605.61 2.34826 -0.408332
605.61 2.41173 -0.419773
605.61 2.47519 -0.429523
605.61 2.53866 -0.437544
605.61 2.60213 -0.443803
605.61 2.66559 -0.448275
605.61 2.72906 -0.450942
605.61 2.79253 -0.451793
605.61 2.85599 -0.450825
605.61 2.91946 -0.448041
605.61 2.98293 -0.443454
605.61 3.04639 -0.437081
605.61 3.10986 -0.428947
605.61 3.17333 -0.419087
605.61 3.23679 -0.40754
605.61 3.30026 -0.394351
605.61 3.36373 -0.379574
605.61 3.42719 -0.363269
605.61 3.49066 -0.345501
605.61 3.55413 -0.326341
605.61 3.61759 -0.305868
605.61 3.68106 -0.284163
605.61 3.74452 -0.261314
605.61 3.80799 -0.237413
605.61 3.87146 -0.212555
605.61 3.93492 -0.186842
605.61 3.99839 -0.160377
605.61 4.06186 -0.133265
605.61 4.12532 -0.105618
605.61 4.18879 -0.0775442
605.61 4.25226 -0.0491588
605.61 4.31572 -0.0205753
605.61 4.37919 0.00809081
605.61 4.44266 0.0367243
605.61 4.50612 0.0652101
605.61 4.56959 0.0934333
605.61 4.63306 0.12128
605.61 4.69652 0.148639
605.61 4.75999 0.175399
605.61 4.82346 0.201453
605.61 4.88692 0.226696
605.61 4.95039 0.251025
605.61 5.01385 0.274345
605.61 5.07732 0.296559
605.61 5.14079 0.317579
605.61 5.20425 0.337321
605.61 5.26772 0.355704
605.61 5.33119 0.372655
605.61 5.39465 0.388105
605.61 5.45812 0.401993
605.61 5.52159 0.414261
605.61 5.58505 0.424862
605.61 5.64852 0.433752
605.61 5.71199 0.440896
605.61 5.77545 0.446264
605.61 5.83892 0.449835
605.61 5.90239 0.451595
605.61 5.96585 0.451536
605.61 6.02932 0.44966
605.61 6.09279 0.445972
605.61 6.15625 0.440489
605.61 6.21972 0.433232
605.61 6.28319 0.424231
606.611 0 0.284863
606.611 0.0634665 0.278997
606.611 0.126933 0.272007
606.611 0.1904 0.263921
606.611 0.253866 0.254773
606.611 0.317333 0.244599
606.611 0.380799 0.23344
606.611 0.444266 0.221341
606.611 0.507732 0.208351
606.611 0.571199 0.194521
606.611 0.634665 0.179909
606.611 0.698132 0.164572
606.611 0.761598 0.148573
606.611 0.825065 0.131975
606.611 0.888531 0.114845
606.611 0.951998 0.0972539
606.611 1.01546 0.0792704
606.611 1.07893 0.0609679
606.611 1.1424 0.0424198
606.611 1.20586 0.0237014
606.611 1.26933 0.00488708
606.611 1.3328 -0.0139467
606.611 1.39626 -0.0327245
606.611 1.45973 -0.0513705
606.611 1.5232 -0.0698101
606.611 1.58666 -0.0879678
606.611 1.65013 -0.105771
606.611 1.7136 -0.12315
606.611 1.77706 -0.140031
606.611 1.84053 -0.15635
606.611 1.904 -0.172038
606.611 1.96746 -0.187034
606.611 2.03093 -0.201277
606.611 2.0944 -0.214709
606.611 2.15786 -0.227277
606.611 2.22133 -0.238929
606.611 2.28479 -0.24962
606.611 2.34826 -0.259305
606.611 2.41173 -0.267946
606.611 2.47519 -0.275508
606.611 2.53866 -0.281962
606.611 2.60213 -0.287279
606.611 2.66559 -0.29144
606.611 2.72906 -0.294427
606.611 2.79253 -0.296229
606.611 2.85599 -0.296838
606.611 2.91946 -0.296251
606.611 2.98293 -0.294472
606.611 3.04639 -0.291507
606.611 3.10986 -0.287368
606.611 3.17333 -0.282072
606.611 3.23679 -0.275641
606.611 3.30026 -0.268099
606.611 3.36373 -0.259478
606.611 3.42719 -0.249812
606.611 3.49066 -0.23914
606.611 3.55413 -0.227505
606.611 3.61759 -0.214954
606.611 3.68106 -0.201537
606.611 3.74452 -0.187309
606.611 3.80799 -0.172327
606.611 3.87146 -0.156651
606.611 3.93492 -0.140344
606.611 3.99839 -0.123472
606.611 4.06186 -0.106103
606.611 4.12532 -0.0883065
606.611 4.18879 -0.0701545
606.611 4.25226 -0.0517199
606.611 4.31572 -0.0330772
606.611 4.37919 -0.0143012
606.611 4.44266 0.00453204
606.611 4.50612 0.0233471
606.611 4.56959 0.0420687
606.611 4.63306 0.0606206
606.611 4.69652 0.0789282
606.611 4.75999 0.0969183
606.611 4.82346 0.114518
606.611 4.88692 0.131657
606.611 4.95039 0.148265
606.611 5.01385 0.164277
606.611 5.07732 0.179627
606.611 5.14079 0.194253
606.611 5.20425 0.208098
606.611 5.26772 0.221104
606.611 5.33119 0.233221
606.611 5.39465 0.244397
606.611 5.45812 0.254591
606.611 5.52159 0.263758
606.611 5.58505 0.271864
606.611 5.64852 0.278875
606.611 5.71199 0.284764
606.611 5.77545 0.289505
606.611 5.83892 0.293081
606.611 5.90239 0.295477
606.611 5.96585 0.296683
606.611 6.02932 0.296694
606.611 6.09279 0.29551
606.611 6.15625 0.293137
606.611 6.21972 0.289583
606.611 6.28319 0.284863
607.612 0 -0.289454
607.612 0.0634665 -0.297612
607.612 0.126933 -0.304572
607.612 0.1904 -0.310304
607.612 0.253866 -0.314787
607.612 0.317333 -0.318004
607.612 0.380799 -0.319939
607.612 0.444266 -0.320586
607.612 0.507732 -0.319942
607.612 0.571199 -0.318009
607.612 0.634665 -0.314797
607.612 0.698132 -0.310317
607.612 0.761598 -0.304587
607.612 0.825065 -0.297631
607.612 0.888531 -0.289476
607.612 0.951998 -0.280156
607.612 1.01546 -0.269708
607.612 1.07893 -0.258173
607.612 1.1424 -0.245599
607.612 1.20586 -0.232036
607.612 1.26933 -0.217539
607.612 1.3328 -0.202166
607.612 1.39626 -0.185978
607.612 1.45973 -0.169042
607.612 1.5232 -0.151425
607.612 1.58666 -0.133199
607.612 1.65013 -0.114436
607.612 1.7136 -0.0952122
607.612 1.77706 -0.075605
607.612 1.84053 -0.0556937
607.612 1.904 -0.035558
607.612 1.96746 -0.015279
607.612 2.03093 0.00506148
607.612 2.0944 0.0253816
607.612 2.15786 0.0455995
607.612 2.22133 0.0656338
607.612 2.28479 0.0854037
607.612 2.34826 0.10483
607.612 2.41173 0.123834
607.612 2.47519 0.142339
607.612 2.53866 0.160271
607.612 2.60213 0.177558
607.612 2.66559 0.19413
607.612 2.72906 0.20992
607.612 2.79253 0.224865
607.612 2.85599 0.238905
607.612 2.91946 0.251982
607.612 2.98293 0.264045
607.612 3.04639 0.275045
607.612 3.10986 0.284936
607.612 3.17333 0.293681
607.612 3.23679 0.301244
607.612 3.30026 0.307593
607.612 3.36373 0.312704
607.612 3.42719 0.316555
607.612 3.49066 0.319132
607.612 3.55413 0.320424
607.612 3.61759 0.320426
607.612 3.68106 0.319136
607.612 3.74452 0.316563
607.612 3.80799 0.312714
607.612 3.87146 0.307607
607.612 3.93492 0.301261
607.612 3.99839 0.293701
607.612 4.06186 0.28496
607.612 4.12532 0.27507
607.612 4.18879 0.264073
607.612 4.25226 0.252012
607.612 4.31572 0.238938
607.612 4.37919 0.224901
607.612 4.44266 0.209958
607.612 4.50612 0.19417
607.612 4.56959 0.1776
607.612 4.63306 0.160315
607.612 4.69652 0.142384
607.612 4.75999 0.12388
607.612 4.82346 0.104877
607.612 4.88692 0.0854516
607.612 4.95039 0.0656825
607.612 5.01385 0.0456488
607.612 5.07732 0.0254312
607.612 5.14079 0.00511131
607.612 5.20425 -0.0152293
607.612 5.26772 -0.0355084
607.612 5.33119 -0.0556446
607.612 5.39465 -0.0755568
607.612 5.45812 -0.0951646
607.612 5.52159 -0.114389
607.612 5.58505 -0.133153
607.612 5.64852 -0.151381
607.612 5.71199 -0.169
607.612 5.77545 -0.185938
607.612 5.83892 -0.202127
607.612 5.90239 -0.217502
607.612 5.96585 -0.232001
607.612 6.02932 -0.245567
607.612 6.09279 -0.258143
607.612 6.15625 -0.269681
607.612 6.21972 -0.280131
607.612 6.28319 -0.289454
608.613 0 0.0565924
608.613 0.0634665 0.0649733
608.613 0.126933 0.0730924
608.613 0.1904 0.0809174
608.613 0.253866 0.0884163
608.613 0.317333 0.0955595
608.613 0.380799 0.102318
608.613 0.444266 0.108664
608.613 0.507732 0.114572
608.613 0.571199 0.12002
608.613 0.634665 0.124984
608.613 0.698132 0.129445
608.613 0.761598 0.133384
608.613 0.825065 0.136787
608.613 0.888531 0.139638
608.613 0.951998 0.141928
608.613 1.01546 0.143646
608.613 1.07893 0.144785
608.613 1.1424 0.145342
608.613 1.20586 0.145313
608.613 1.26933 0.144699
608.613 1.3328 0.143503
608.613 1.39626 0.141728
608.613 1.45973 0.139383
608.613 1.5232 0.136477
608.613 1.58666 0.133021
608.613 1.65013 0.12903
608.613 1.7136 0.124519
608.613 1.77706 0.119506
608.613 1.84053 0.114013
608.613 1.904 0.10806
608.613 1.96746 0.101672
608.613 2.03093 0.0948747
608.613 2.0944 0.0876957
608.613 2.15786 0.0801632
608.613 2.22133 0.0723082
608.613 2.28479 0.0641617
608.613 2.34826 0.055757
608.613 2.41173 0.0471279
608.613 2.47519 0.038309
608.613 2.53866 0.0293357
608.613 2.60213 0.0202444
608.613 2.66559 0.0110715
608.613 2.72906 0.00185424
608.613 2.79253 -0.00737079
608.613 2.85599 -0.016566
608.613 2.91946 -0.0256945
608.613 2.98293 -0.0347196
608.613 3.04639 -0.0436047
608.613 3.10986 -0.0523145
608.613 3.17333 -0.0608136
608.613 3.23679 -0.0690676
608.613 3.30026 -0.0770436
608.613 3.36373 -0.0847095
608.613 3.42719 -0.0920342
608.613 3.49066 -0.0989882
608.613 3.55413 -0.105544
608.613 3.61759 -0.111674
608.613 3.68106 -0.117355
608.613 3.74452 -0.122564
608.613 3.80799 -0.127278
608.613 3.87146 -0.131481
608.613 3.93492 -0.135153
608.613 3.99839 -0.138282
608.613 4.06186 -0.140854
608.613 4.12532 -0.142858
608.613 4.18879 -0.144288
608.613 4.25226 -0.145137
608.613 4.31572 -0.145401
608.613 4.37919 -0.145079
608.613 4.44266 -0.144174
608.613 4.50612 -0.142687
608.613 4.56959 -0.140627
608.613 4.63306 -0.138
608.613 4.69652 -0.134817
608.613 4.75999 -0.131091
608.613 4.82346 -0.126838
608.613 4.88692 -0.122074
608.613 4.95039 -0.116818
608.613 5.01385 -0.111092
608.613 5.07732 -0.104919
608.613 5.14079 -0.098323
608.613 5.20425 -0.0913311
608.613 5.26772 -0.0839716
608.613 5.33119 -0.076274
608.613 5.39465 -0.0682693
608.613 5.45812 -0.0599898
608.613 5.52159 -0.0514686
608.613 5.58505 -0.04274
608.613 5.64852 -0.0338394
608.613 5.71199 -0.0248027
608.613 5.77545 -0.0156658
608.613 5.83892 -0.00646607
608.613 5.90239 0.0027597
608.613 5.96585 0.0119744
608.613 6.02932 0.0211407
608.613 6.09279 0.0302223
608.613 6.15625 0.039182
608.613 6.21972 0.0479838
608.613 6.28319 0.0565926
609.614 0 0.0747986
609.614 0.0634665 0.0662432
609.614 0.126933 0.0574212
609.614 0.1904 0.0483679
609.614 0.253866 0.03912
609.614 0.317333 0.0297143
609.614 0.380799 0.0201891
609.614 0.444266 0.0105826
609.614 0.507732 0.000933453
609.614 0.571199 -0.00871927
609.614 0.634665 -0.0183372
609.614 0.698132 -0.0278811
609.614 0.761598 -0.0373128
609.614 0.825065 -0.0465942
609.614 0.888531 -0.0556879
609.614 0.951998 -0.0645576
609.614 1.01546 -0.0731671
609.614 1.07893 -0.0814821
609.614 1.1424 -0.0894689
609.614 1.20586 -0.0970956
609.614 1.26933 -0.104331
609.614 1.3328 -0.111147
609.614 1.39626 -0.117515
609.614 1.45973 -0.12341
609.614 1.5232 -0.128807
609.614 1.58666 -0.133687
609.614 1.65013 -0.138028
609.614 1.7136 -0.141813
609.614 1.77706 -0.145027
609.614 1.84053 -0.147657
609.614 1.904 -0.149693
609.614 1.96746 -0.151125
609.614 2.03093 -0.15195
609.614 2.0944 -0.152162
609.614 2.15786 -0.151762
609.614 2.22133 -0.15075
609.614 2.28479 -0.149132
609.614 2.34826 -0.146913
609.614 2.41173 -0.144103
609.614 2.47519 -0.140712
609.614 2.53866 -0.136755
609.614 2.60213 -0.132247
609.614 2.66559 -0.127206
609.614 2.72906 -0.121654
609.614 2.79253 -0.115611
609.614 2.85599 -0.109103
609.614 2.91946 -0.102156
609.614 2.98293 -0.0947968
609.614 3.04639 -0.0870564
609.614 3.10986 -0.0789654
609.614 3.17333 -0.0705564
609.614 3.23679 -0.0618634
609.614 3.30026 -0.0529212
609.614 3.36373 -0.043766
609.614 3.42719 -0.0344344
609.614 3.49066 -0.0249643
609.614 3.55413 -0.0153937
609.614 3.61759 -0.005761
609.614 3.68106 0.00389504
609.614 3.74452 0.013535
609.614 3.80799 0.0231207
609.614 3.87146 0.0326132
609.614 3.93492 0.0419745
609.614 3.99839 0.0511669
609.614 4.06186 0.060153
609.614 4.12532 0.0688971
609.614 4.18879 0.0773635
609.614 4.25226 0.0855185
609.614 4.31572 0.0933293
609.614 4.37919 0.100764
609.614 4.44266 0.107793
609.614 4.50612 0.114388
609.614 4.56959 0.120523
609.614 4.63306 0.126172
609.614 4.69652 0.131313
609.614 4.75999 0.135926
609.614 4.82346 0.139991
609.614 4.88692 0.143492
609.614 4.95039 0.146416
609.614 5.01385 0.14875
609.614 5.07732 0.150485
609.614 5.14079 0.151614
609.614 5.20425 0.152132
609.614 5.26772 0.152038
609.614 5.33119 0.151332
609.614 5.39465 0.150017
609.614 5.45812 0.148097
609.614 5.52159 0.145581
609.614 5.58505 0.142479
609.614 5.64852 0.138803
609.614 5.71199 0.134569
609.614 5.77545 0.129792
609.614 5.83892 0.124493
609.614 5.90239 0.118692
609.614 5.96585 0.112414
609.614 6.02932 0.105682
609.614 6.09279 0.0985258
609.614 6.15625 0.0909724
609.614 6.21972 0.0830527
609.614 6.28319 0.0747986
610.615 0 0.289594
610.615 0.0634665 0.309304
610.615 0.126933 0.327769
610.615 0.1904 0.344914
610.615 0.253866 0.36067
610.615 0.317333 0.374974
610.615 0.380799 0.387768
610.615 0.444266 0.399001
610.615 0.507732 0.408626
610.615 0.571199 0.416607
610.615 0.634665 0.42291
610.615 0.698132 0.42751
610.615 0.761598 0.430389
610.615 0.825065 0.431535
610.615 0.888531 0.430943
610.615 0.951998 0.428616
610.615 1.01546 0.424562
610.615 1.07893 0.4188
610.615 1.1424 0.411351
610.615 1.20586 0.402246
610.615 1.26933 0.39152
610.615 1.3328 0.379219
610.615 1.39626 0.36539
610.615 1.45973 0.35009
610.615 1.5232 0.333381
610.615 1.58666 0.315329
610.615 1.65013 0.296007
610.615 1.7136 0.275493
610.615 1.77706 0.25387
610.615 1.84053 0.231225
610.615 1.904 0.207649
610.615 1.96746 0.183237
610.615 2.03093 0.158086
610.615 2.0944 0.1323
610.615 2.15786 0.10598
610.615 2.22133 0.0792341
610.615 2.28479 0.0521688
610.615 2.34826 0.0248935
610.615 2.41173 -0.00248203
610.615 2.47519 -0.0298477
610.615 2.53866 -0.0570931
610.615 2.60213 -0.0841087
610.615 2.66559 -0.110785
610.615 2.72906 -0.137016
610.615 2.79253 -0.162695
610.615 2.85599 -0.187719
610.615 2.91946 -0.211987
610.615 2.98293 -0.235401
610.615 3.04639 -0.257868
610.615 3.10986 -0.279296
610.615 3.17333 -0.2996
610.615 3.23679 -0.318697
610.615 3.30026 -0.336511
610.615 3.36373 -0.35297
610.615 3.42719 -0.368008
610.615 3.49066 -0.381563
610.615 3.55413 -0.393583
610.615 3.61759 -0.404017
610.615 3.68106 -0.412824
610.615 3.74452 -0.41997
610.615 3.80799 -0.425425
610.615 3.87146 -0.429166
610.615 3.93492 -0.431179
610.615 3.99839 -0.431456
610.615 4.06186 -0.429996
610.615 4.12532 -0.426804
610.615 4.18879 -0.421894
610.615 4.25226 -0.415284
610.615 4.31572 -0.407003
610.615 4.37919 -0.397083
610.615 4.44266 -0.385564
610.615 4.50612 -0.372492
610.615 4.56959 -0.35792
610.615 4.63306 -0.341907
610.615 4.69652 -0.324518
610.615 4.75999 -0.305822
610.615 4.82346 -0.285894
610.615 4.88692 -0.264815
610.615 4.95039 -0.24267
610.615 5.01385 -0.219548
610.615 5.07732 -0.195541
610.615 5.14079 -0.170747
610.615 5.20425 -0.145266
610.615 5.26772 -0.1192
610.615 5.33119 -0.0926538
610.615 5.39465 -0.0657344
610.615 5.45812 -0.0385507
610.615 5.52159 -0.0112115
610.615 5.58505 0.016173
610.615 5.64852 0.0434922
610.615 5.71199 0.0706363
610.615 5.77545 0.0974959
610.615 5.83892 0.123963
610.615 5.90239 0.149931
610.615 5.96585 0.175295
610.615 6.02932 0.199954
610.615 6.09279 0.223807
610.615 6.15625 0.246759
610.615 6.21972 0.268717
610.615 6.28319 0.289594
611.615 0 -0.0472307
611.615 0.0634665 -0.0626967
611.615 0.126933 -0.0779102
611.615 0.1904 -0.0928101
611.615 0.253866 -0.107336
611.615 0.317333 -0.12143
611.615 0.380799 -0.135035
611.615 0.444266 -0.148097
611.615 0.507732 -0.160561
611.615 0.571199 -0.17238
611.615 0.634665 -0.183504
611.615 0.698132 -0.193889
611.615 0.761598 -0.203494
611.615 0.825065 -0.21228
611.615 0.888531 -0.22021
611.615 0.951998 -0.227254
611.615 1.01546 -0.233383
611.615 1.07893 -0.238571
611.615 1.1424 -0.242799
611.615 1.20586 -0.24605
611.615 1.26933 -0.24831
611.615 1.3328 -0.24957
611.615 1.39626 -0.249825
611.615 1.45973 -0.249074
611.615 1.5232 -0.247321
611.615 1.58666 -0.244571
611.615 1.65013 -0.240837
611.615 1.7136 -0.236132
611.615 1.77706 -0.230477
611.615 1.84053 -0.223894
611.615 1.904 -0.216409
611.615 1.96746 -0.208054
611.615 2.03093 -0.19886
611.615 2.0944 -0.188865
611.615 2.15786 -0.17811
611.615 2.22133 -0.166638
611.615 2.28479 -0.154495
611.615 2.34826 -0.141729
611.615 2.41173 -0.128393
611.615 2.47519 -0.11454
611.615 2.53866 -0.100226
611.615 2.60213 -0.0855083
611.615 2.66559 -0.0704462
611.615 2.72906 -0.0551003
611.615 2.79253 -0.0395328
611.615 2.85599 -0.023806
611.615 2.91946 -0.00798324
611.615 2.98293 0.00787148
611.615 3.04639 0.0236947
611.615 3.10986 0.0394225
611.615 3.17333 0.0549915
611.615 3.23679 0.0703389
611.615 3.30026 0.0854032
611.615 3.36373 0.100124
611.615 3.42719 0.114441
611.615 3.49066 0.128297
611.615 3.55413 0.141637
611.615 3.61759 0.154407
611.615 3.68106 0.166554
611.615 3.74452 0.178032
611.615 3.80799 0.188792
611.615 3.87146 0.198792
611.615 3.93492 0.207991
611.615 3.99839 0.216353
611.615 4.06186 0.223844
611.615 4.12532 0.230434
611.615 4.18879 0.236096
611.615 4.25226 0.240807
611.615 4.31572 0.244548
611.615 4.37919 0.247305
611.615 4.44266 0.249065
611.615 4.50612 0.249823
611.615 4.56959 0.249575
611.615 4.63306 0.248323
611.615 4.69652 0.24607
611.615 4.75999 0.242826
611.615 4.82346 0.238604
611.615 4.88692 0.233423
611.615 4.95039 0.2273
611.615 5.01385 0.220263
611.615 5.07732 0.212339
611.615 5.14079 0.203559
611.615 5.20425 0.19396
611.615 5.26772 0.18358
611.615 5.33119 0.172461
611.615 5.39465 0.160647
611.615 5.45812 0.148186
611.615 5.52159 0.135129
611.615 5.58505 0.121528
611.615 5.64852 0.107437
611.615 5.71199 0.092914
611.615 5.77545 0.0780165
611.615 5.83892 0.0628048
611.615 5.90239 0.0473404
611.615 5.96585 0.0316853
611.615 6.02932 0.0159025
611.615 6.09279 5.5902e-05
611.615 6.15625 -0.0157911
611.615 6.21972 -0.0315745
611.615 6.28319 -0.0472307
612.617 0 0.0354583
612.617 0.0634665 0.0466932
612.617 0.126933 0.05774
612.617 0.1904 0.0685545
612.617 0.253866 0.0790928
612.617 0.317333 0.0893125
612.617 0.380799 0.0991728
612.617 0.444266 0.108634
612.617 0.507732 0.117657
612.617 0.571199 0.126207
612.617 0.634665 0.134248
612.617 0.698132 0.141749
612.617 0.761598 0.148679
612.617 0.825065 0.155011
612.617 0.888531 0.160718
612.617 0.951998 0.165778
612.617 1.01546 0.170171
612.617 1.07893 0.173878
612.617 1.1424 0.176885
612.617 1.20586 0.17918
612.617 1.26933 0.180754
612.617 1.3328 0.181599
612.617 1.39626 0.181714
612.617 1.45973 0.181097
612.617 1.5232 0.17975
612.617 1.58666 0.17768
612.617 1.65013 0.174894
612.617 1.7136 0.171404
612.617 1.77706 0.167224
612.617 1.84053 0.162371
612.617 1.904 0.156863
612.617 1.96746 0.150724
612.617 2.03093 0.143978
612.617 2.0944 0.136653
612.617 2.15786 0.128777
612.617 2.22133 0.120383
612.617 2.28479 0.111503
612.617 2.34826 0.102175
612.617 2.41173 0.0924359
612.617 2.47519 0.0823241
612.617 2.53866 0.0718808
612.617 2.60213 0.061148
612.617 2.66559 0.050169
612.617 2.72906 0.0389884
612.617 2.79253 0.0276504
612.617 2.85599 0.016201
612.617 2.91946 0.00468679
612.617 2.98293 -0.0068468
612.617 3.04639 -0.0183526
612.617 3.10986 -0.0297845
612.617 3.17333 -0.0410964
612.617 3.23679 -0.0522429
612.617 3.30026 -0.0631791
612.617 3.36373 -0.0738607
612.617 3.42719 -0.084245
612.617 3.49066 -0.0942902
612.617 3.55413 -0.103956
612.617 3.61759 -0.113202
612.617 3.68106 -0.121993
612.617 3.74452 -0.130293
612.617 3.80799 -0.138068
612.617 3.87146 -0.145287
612.617 3.93492 -0.151922
612.617 3.99839 -0.157944
612.617 4.06186 -0.16333
612.617 4.12532 -0.168059
612.617 4.18879 -0.172111
612.617 4.25226 -0.17547
612.617 4.31572 -0.178123
612.617 4.37919 -0.180058
612.617 4.44266 -0.181268
612.617 4.50612 -0.181748
612.617 4.56959 -0.181497
612.617 4.63306 -0.180514
612.617 4.69652 -0.178805
612.617 4.75999 -0.176376
612.617 4.82346 -0.173236
612.617 4.88692 -0.169399
612.617 4.95039 -0.16488
612.617 5.01385 -0.159697
612.617 5.07732 -0.153871
612.617 5.14079 -0.147426
612.617 5.20425 -0.140386
612.617 5.26772 -0.132782
612.617 5.33119 -0.124643
612.617 5.39465 -0.116001
612.617 5.45812 -0.106893
612.617 5.52159 -0.0973545
612.617 5.58505 -0.087424
612.617 5.64852 -0.0771412
612.617 5.71199 -0.066548
612.617 5.77545 -0.0556867
612.617 5.83892 -0.0446013
612.617 5.90239 -0.0333361
612.617 5.96585 -0.0219368
612.617 6.02932 -0.0104491
612.617 6.09279 0.0010807
612.617 6.15625 0.0126061
612.617 6.21972 0.0240807
612.617 6.28319 0.0354584
613.617 0 0.00758082
613.617 0.0634665 0.004654
613.617 0.126933 0.00170864
613.617 0.1904 -0.0012438
613.617 0.253866 -0.00419113
613.617 0.317333 -0.0071218
613.617 0.380799 -0.0100235
613.617 0.444266 -0.012885
613.617 0.507732 -0.0156946
613.617 0.571199 -0.0184409
613.617 0.634665 -0.0211132
613.617 0.698132 -0.0237004
613.617 0.761598 -0.026192
613.617 0.825065 -0.0285782
613.617 0.888531 -0.0308494
613.617 0.951998 -0.0329963
613.617 1.01546 -0.0350104
613.617 1.07893 -0.0368834
613.617 1.1424 -0.0386082
613.617 1.20586 -0.0401774
613.617 1.26933 -0.0415846
613.617 1.3328 -0.0428244
613.617 1.39626 -0.0438918
613.617 1.45973 -0.0447826
613.617 1.5232 -0.0454929
613.617 1.58666 -0.0460203
613.617 1.65013 -0.0463621
613.617 1.7136 -0.0465173
613.617 1.77706 -0.0464852
613.617 1.84053 -0.0462659
613.617 1.904 -0.0458605
613.617 1.96746 -0.0452702
613.617 2.03093 -0.0444976
613.617 2.0944 -0.0435459
613.617 2.15786 -0.0424188
613.617 2.22133 -0.0411211
613.617 2.28479 -0.0396576
613.617 2.34826 -0.0380346
613.617 2.41173 -0.0362583
613.617 2.47519 -0.034336
613.617 2.53866 -0.0322756
613.617 2.60213 -0.030085
613.617 2.66559 -0.0277734
613.617 2.72906 -0.0253499
613.617 2.79253 -0.0228245
613.617 2.85599 -0.0202069
613.617 2.91946 -0.0175082
613.617 2.98293 -0.0147389
613.617 3.04639 -0.0119102
613.617 3.10986 -0.00903354
613.617 3.17333 -0.00612066
613.617 3.23679 -0.00318304
613.617 3.30026 -0.000232585
613.617 3.36373 0.00271886
613.617 3.42719 0.00565939
613.617 3.49066 0.00857698
613.617 3.55413 0.0114601
613.617 3.61759 0.0142971
613.617 3.68106 0.0170764
613.617 3.74452 0.0197872
613.617 3.80799 0.0224181
613.617 3.87146 0.0249588
613.617 3.93492 0.0273989
613.617 3.99839 0.0297287
613.617 4.06186 0.031939
613.617 4.12532 0.0340205
613.617 4.18879 0.0359651
613.617 4.25226 0.0377649
613.617 4.31572 0.0394127
613.617 4.37919 0.0409015
613.617 4.44266 0.0422256
613.617 4.50612 0.0433801
613.617 4.56959 0.0443596
613.617 4.63306 0.0451605
613.617 4.69652 0.0457797
613.617 4.75999 0.0462145
613.617 4.82346 0.0464631
613.617 4.88692 0.0465247
613.617 4.95039 0.0463989
613.617 5.01385 0.0460864
613.617 5.07732 0.0455883
613.617 5.14079 0.0449065
613.617 5.20425 0.044044
613.617 5.26772 0.043004
613.617 5.33119 0.041791
613.617 5.39465 0.0404096
613.617 5.45812 0.0388657
613.617 5.52159 0.0371651
613.617 5.58505 0.035315
613.617 5.64852 0.0333225
613.617 5.71199 0.0311959
613.617 5.77545 0.0289437
613.617 5.83892 0.026575
613.617 5.90239 0.0240993
613.617 5.96585 0.0215265
613.617 6.02932 0.0188669
613.617 6.09279 0.0161316
613.617 6.15625 0.0133311
613.617 6.21972 0.0104772
613.617 6.28319 0.00758089
614.618 0 0.160437
614.618 0.0634665 0.175797
614.618 0.126933 0.19045
614.618 0.1904 0.204336
614.618 0.253866 0.217399
614.618 0.317333 0.229586
614.618 0.380799 0.24085
614.618 0.444266 0.251143
614.618 0.507732 0.260425
614.618 0.571199 0.268659
614.618 0.634665 0.27581
614.618 0.698132 0.281851
614.618 0.761598 0.286758
614.618 0.825065 0.290509
614.618 0.888531 0.293091
614.618 0.951998 0.294492
614.618 1.01546 0.294708
614.618 1.07893 0.293737
614.618 1.1424 0.291583
614.618 1.20586 0.288255
614.618 1.26933 0.283767
614.618 1.3328 0.278136
614.618 1.39626 0.271385
614.618 1.45973 0.263541
614.618 1.5232 0.254636
614.618 1.58666 0.244705
614.618 1.65013 0.23379
614.618 1.7136 0.221932
614.618 1.77706 0.209182
614.618 1.84053 0.195589
614.618 1.904 0.181208
614.618 1.96746 0.166098
614.618 2.03093 0.150319
614.618 2.0944 0.133934
614.618 2.15786 0.117011
614.618 2.22133 0.0996155
614.618 2.28479 0.0818196
614.618 2.34826 0.0636941
614.618 2.41173 0.0453123
614.618 2.47519 0.0267478
614.618 2.53866 0.00807582
614.618 2.60213 -0.0106287
614.618 2.66559 -0.0292908
614.618 2.72906 -0.0478344
614.618 2.79253 -0.0661857
614.618 2.85599 -0.0842704
614.618 2.91946 -0.102016
614.618 2.98293 -0.11935
614.618 3.04639 -0.136204
614.618 3.10986 -0.15251
614.618 3.17333 -0.168202
614.618 3.23679 -0.183216
614.618 3.30026 -0.197492
614.618 3.36373 -0.210973
614.618 3.42719 -0.223605
614.618 3.49066 -0.235337
614.618 3.55413 -0.24612
614.618 3.61759 -0.255913
614.618 3.68106 -0.264675
614.618 3.74452 -0.272372
614.618 3.80799 -0.278971
614.618 3.87146 -0.284447
614.618 3.93492 -0.288779
614.618 3.99839 -0.291947
614.618 4.06186 -0.293939
614.618 4.12532 -0.294749
614.618 4.18879 -0.294371
614.618 4.25226 -0.292807
614.618 4.31572 -0.290065
614.618 4.37919 -0.286155
614.618 4.44266 -0.281093
614.618 4.50612 -0.274899
614.618 4.56959 -0.267597
614.618 4.63306 -0.259219
614.618 4.69652 -0.249796
614.618 4.75999 -0.239368
614.618 4.82346 -0.227976
614.618 4.88692 -0.215666
614.618 4.95039 -0.202487
614.618 5.01385 -0.188493
614.618 5.07732 -0.17374
614.618 5.14079 -0.158288
614.618 5.20425 -0.142198
614.618 5.26772 -0.125535
614.618 5.33119 -0.108368
614.618 5.39465 -0.0907633
614.618 5.45812 -0.0727935
614.618 5.52159 -0.0545306
614.618 5.58505 -0.0360483
614.618 5.64852 -0.0174207
614.618 5.71199 0.00127709
614.618 5.77545 0.0199698
614.618 5.83892 0.0385818
614.618 5.90239 0.0570388
614.618 5.96585 0.075266
614.618 6.02932 0.0931901
614.618 6.09279 0.110739
614.618 6.15625 0.127842
614.618 6.21972 0.14443
614.618 6.28319 0.160437
615.619 0 0.205233
615.619 0.0634665 0.23419
615.619 0.126933 0.262204
615.619 0.1904 0.289163
615.619 0.253866 0.314957
615.619 0.317333 0.339483
615.619 0.380799 0.362642
615.619 0.444266 0.38434
615.619 0.507732 0.404491
615.619 0.571199 0.423014
615.619 0.634665 0.439832
615.619 0.698132 0.454881
615.619 0.761598 0.468097
615.619 0.825065 0.479428
615.619 0.888531 0.488829
615.619 0.951998 0.496262
615.619 1.01546 0.501697
615.619 1.07893 0.505111
615.619 1.1424 0.506491
615.619 1.20586 0.505832
615.619 1.26933 0.503136
615.619 1.3328 0.498414
615.619 1.39626 0.491685
615.619 1.45973 0.482977
615.619 1.5232 0.472323
615.619 1.58666 0.459767
615.619 1.65013 0.445361
615.619 1.7136 0.429161
615.619 1.77706 0.411233
615.619 1.84053 0.391649
615.619 1.904 0.370488
615.619 1.96746 0.347835
615.619 2.03093 0.323781
615.619 2.0944 0.298424
615.619 2.15786 0.271865
615.619 2.22133 0.244212
615.619 2.28479 0.215575
615.619 2.34826 0.18607
615.619 2.41173 0.155816
615.619 2.47519 0.124934
615.619 2.53866 0.0935496
615.619 2.60213 0.0617884
615.619 2.66559 0.0297781
615.619 2.72906 -0.00235177
615.619 2.79253 -0.0344722
615.619 2.85599 -0.0664541
615.619 2.91946 -0.0981683
615.619 2.98293 -0.129487
615.619 3.04639 -0.160285
615.619 3.10986 -0.190437
615.619 3.17333 -0.219822
615.619 3.23679 -0.248322
615.619 3.30026 -0.275822
615.619 3.36373 -0.302212
615.619 3.42719 -0.327385
615.619 3.49066 -0.351239
615.619 3.55413 -0.373679
615.619 3.61759 -0.394614
615.619 3.68106 -0.413961
615.619 3.74452 -0.43164
615.619 3.80799 -0.447582
615.619 3.87146 -0.461721
615.619 3.93492 -0.474001
615.619 3.99839 -0.484372
615.619 4.06186 -0.492794
615.619 4.12532 -0.499231
615.619 4.18879 -0.503657
615.619 4.25226 -0.506055
615.619 4.31572 -0.506416
615.619 4.37919 -0.504738
615.619 4.44266 -0.501027
615.619 4.50612 -0.495299
615.619 4.56959 -0.487576
615.619 4.63306 -0.47789
615.619 4.69652 -0.46628
615.619 4.75999 -0.452792
615.619 4.82346 -0.437481
615.619 4.88692 -0.420409
615.619 4.95039 -0.401643
615.619 5.01385 -0.38126
615.619 5.07732 -0.359342
615.619 5.14079 -0.335977
615.619 5.20425 -0.31126
615.619 5.26772 -0.285288
615.619 5.33119 -0.258169
615.619 5.39465 -0.230009
615.619 5.45812 -0.200924
615.619 5.52159 -0.171029
615.619 5.58505 -0.140446
615.619 5.64852 -0.109297
615.619 5.71199 -0.0777083
615.619 5.77545 -0.0458064
615.619 5.83892 -0.0137201
615.619 5.90239 0.0184213
615.619 5.96585 0.0504886
615.619 6.02932 0.0823528
615.619 6.09279 0.113885
615.619 6.15625 0.144959
615.619 6.21972 0.175449
615.619 6.28319 0.205233
616.62 0 -0.0923525
616.62 0.0634665 -0.110462
616.62 0.126933 -0.128128
616.62 0.1904 -0.145277
616.62 0.253866 -0.161841
616.62 0.317333 -0.177753
616.62 0.380799 -0.19295
616.62 0.444266 -0.20737
616.62 0.507732 -0.220955
616.62 0.571199 -0.23365
616.62 0.634665 -0.245405
616.62 0.698132 -0.256171
616.62 0.761598 -0.265905
616.62 0.825065 -0.274569
616.62 0.888531 -0.282127
616.62 0.951998 -0.28855
616.62 1.01546 -0.29381
616.62 1.07893 -0.297888
616.62 1.1424 -0.300765
616.62 1.20586 -0.302432
616.62 1.26933 -0.302881
616.62 1.3328 -0.302111
616.62 1.39626 -0.300124
616.62 1.45973 -0.296928
616.62 1.5232 -0.292537
616.62 1.58666 -0.286968
616.62 1.65013 -0.280243
616.62 1.7136 -0.27239
616.62 1.77706 -0.26344
616.62 1.84053 -0.253429
616.62 1.904 -0.242399
616.62 1.96746 -0.230391
616.62 2.03093 -0.217456
616.62 2.0944 -0.203646
616.62 2.15786 -0.189015
616.62 2.22133 -0.173623
616.62 2.28479 -0.157533
616.62 2.34826 -0.140807
616.62 2.41173 -0.123515
616.62 2.47519 -0.105726
616.62 2.53866 -0.0875109
616.62 2.60213 -0.0689431
616.62 2.66559 -0.050098
616.62 2.72906 -0.0310512
616.62 2.79253 -0.0118794
616.62 2.85599 0.0073404
616.62 2.91946 0.0265306
616.62 2.98293 0.0456139
616.62 3.04639 0.0645136
616.62 3.10986 0.0831536
616.62 3.17333 0.101459
616.62 3.23679 0.119355
616.62 3.30026 0.136771
616.62 3.36373 0.153636
616.62 3.42719 0.169883
616.62 3.49066 0.185445
616.62 3.55413 0.200261
616.62 3.61759 0.214271
616.62 3.68106 0.227417
616.62 3.74452 0.239648
616.62 3.80799 0.250914
616.62 3.87146 0.261169
616.62 3.93492 0.270374
616.62 3.99839 0.278489
616.62 4.06186 0.285482
616.62 4.12532 0.291327
616.62 4.18879 0.295998
616.62 4.25226 0.299478
616.62 4.31572 0.301751
616.62 4.37919 0.30281
616.62 4.44266 0.302648
616.62 4.50612 0.301269
616.62 4.56959 0.298676
616.62 4.63306 0.294881
616.62 4.69652 0.289898
616.62 4.75999 0.283749
616.62 4.82346 0.276456
616.62 4.88692 0.26805
616.62 4.95039 0.258565
616.62 5.01385 0.248039
616.62 5.07732 0.236514
616.62 5.14079 0.224036
616.62 5.20425 0.210657
616.62 5.26772 0.196429
616.62 5.33119 0.18141
616.62 5.39465 0.165661
616.62 5.45812 0.149245
616.62 5.52159 0.132228
616.62 5.58505 0.114679
616.62 5.64852 0.0966671
616.62 5.71199 0.0782664
616.62 5.77545 0.0595505
616.62 5.83892 0.0405951
616.62 5.90239 0.0214761
616.62 5.96585 0.00227061
616.62 6.02932 -0.016944
616.62 6.09279 -0.0360904
616.62 6.15625 -0.0550915
616.62 6.21972 -0.0738708
616.62 6.28319 -0.0923526
617.621 0 -0.214567
617.621 0.0634665 -0.18827
617.621 0.126933 -0.161215
617.621 0.1904 -0.133511
617.621 0.253866 -0.10527
617.621 0.317333 -0.076604
617.621 0.380799 -0.0476301
617.621 0.444266 -0.0184643
617.621 0.507732 0.0107757
617.621 0.571199 0.0399724
617.621 0.634665 0.0690082
617.621 0.698132 0.0977661
617.621 0.761598 0.12613
617.621 0.825065 0.153987
617.621 0.888531 0.181223
617.621 0.951998 0.207729
617.621 1.01546 0.2334
617.621 1.07893 0.25813
617.621 1.1424 0.281821
617.621 1.20586 0.304377
617.621 1.26933 0.325707
617.621 1.3328 0.345726
617.621 1.39626 0.364353
617.621 1.45973 0.381513
617.621 1.5232 0.397137
617.621 1.58666 0.411161
617.621 1.65013 0.423529
617.621 1.7136 0.434193
617.621 1.77706 0.443108
617.621 1.84053 0.450239
617.621 1.904 0.455557
617.621 1.96746 0.45904
617.621 2.03093 0.460675
617.621 2.0944 0.460455
617.621 2.15786 0.458381
617.621 2.22133 0.454462
617.621 2.28479 0.448712
617.621 2.34826 0.441155
617.621 2.41173 0.431823
617.621 2.47519 0.420751
617.621 2.53866 0.407985
617.621 2.60213 0.393576
617.621 2.66559 0.377583
617.621 2.72906 0.360069
617.621 2.79253 0.341105
617.621 2.85599 0.320768
617.621 2.91946 0.299139
617.621 2.98293 0.276306
617.621 3.04639 0.25236
617.621 3.10986 0.227398
617.621 3.17333 0.20152
617.621 3.23679 0.174831
617.621 3.30026 0.147437
617.621 3.36373 0.119451
617.621 3.42719 0.0909825
617.621 3.49066 0.0621483
617.621 3.55413 0.0330638
617.621 3.61759 0.00384622
617.621 3.68106 -0.025387
617.621 3.74452 -0.0545178
617.621 3.80799 -0.0834291
617.621 3.87146 -0.112005
617.621 3.93492 -0.140129
617.621 3.99839 -0.167689
617.621 4.06186 -0.194574
617.621 4.12532 -0.220676
617.621 4.18879 -0.245889
617.621 4.25226 -0.270111
617.621 4.31572 -0.293247
617.621 4.37919 -0.315201
617.621 4.44266 -0.335886
617.621 4.50612 -0.355219
617.621 4.56959 -0.373121
617.621 4.63306 -0.389521
617.621 4.69652 -0.404352
617.621 4.75999 -0.417555
617.621 4.82346 -0.429077
617.621 4.88692 -0.438871
617.621 4.95039 -0.446898
617.621 5.01385 -0.453126
617.621 5.07732 -0.457529
617.621 5.14079 -0.460089
617.621 5.20425 -0.460797
617.621 5.26772 -0.45965
617.621 5.33119 -0.456651
617.621 5.39465 -0.451814
617.621 5.45812 -0.445158
617.621 5.52159 -0.436708
617.621 5.58505 -0.426501
617.621 5.64852 -0.414577
617.621 5.71199 -0.400983
617.621 5.77545 -0.385774
617.621 5.83892 -0.369012
617.621 5.90239 -0.350764
617.621 5.96585 -0.331103
617.621 6.02932 -0.31011
617.621 6.09279 -0.287867
617.621 6.15625 -0.264466
617.621 6.21972 -0.239999
617.621 6.28319 -0.214567
618.622 0 0.0381719
618.622 0.0634665 0.028979
618.622 0.126933 0.0196689
618.622 0.1904 0.0102796
618.622 0.253866 0.000849269
618.622 0.317333 -0.00858454
618.622 0.380799 -0.017984
618.622 0.444266 -0.027311
618.622 0.507732 -0.0365281
618.622 0.571199 -0.0455978
618.622 0.634665 -0.0544841
618.622 0.698132 -0.0631511
618.622 0.761598 -0.0715637
618.622 0.825065 -0.0796881
618.622 0.888531 -0.0874918
618.622 0.951998 -0.094943
618.622 1.01546 -0.102012
618.622 1.07893 -0.10867
618.622 1.1424 -0.114891
618.622 1.20586 -0.120649
618.622 1.26933 -0.125921
618.622 1.3328 -0.130686
618.622 1.39626 -0.134925
618.622 1.45973 -0.138621
618.622 1.5232 -0.141758
618.622 1.58666 -0.144325
618.622 1.65013 -0.14631
618.622 1.7136 -0.147707
618.622 1.77706 -0.148508
618.622 1.84053 -0.148712
618.622 1.904 -0.148317
618.622 1.96746 -0.147324
618.622 2.03093 -0.145739
618.622 2.0944 -0.143566
618.622 2.15786 -0.140815
618.622 2.22133 -0.137498
618.622 2.28479 -0.133627
618.622 2.34826 -0.129217
618.622 2.41173 -0.124288
618.622 2.47519 -0.118858
618.622 2.53866 -0.112949
618.622 2.60213 -0.106586
618.622 2.66559 -0.0997928
618.622 2.72906 -0.0925985
618.622 2.79253 -0.0850312
618.622 2.85599 -0.0771212
618.622 2.91946 -0.0689009
618.622 2.98293 -0.0604032
618.622 3.04639 -0.0516622
618.622 3.10986 -0.0427133
618.622 3.17333 -0.0335922
618.622 3.23679 -0.0243359
618.622 3.30026 -0.0149819
618.622 3.36373 -0.00556719
618.622 3.42719 0.00386969
618.622 3.49066 0.0132911
618.622 3.55413 0.0226589
618.622 3.61759 0.0319355
618.622 3.68106 0.0410837
618.622 3.74452 0.0500662
618.622 3.80799 0.0588473
618.622 3.87146 0.0673915
618.622 3.93492 0.075664
618.622 3.99839 0.083632
618.622 4.06186 0.0912633
618.622 4.12532 0.0985272
618.622 4.18879 0.105394
618.622 4.25226 0.111837
618.622 4.31572 0.117829
618.622 4.37919 0.123347
618.622 4.44266 0.128368
618.622 4.50612 0.132873
618.622 4.56959 0.136842
618.622 4.63306 0.14026
618.622 4.69652 0.143114
618.622 4.75999 0.145391
618.622 4.82346 0.147083
618.622 4.88692 0.148182
618.622 4.95039 0.148685
618.622 5.01385 0.148589
618.622 5.07732 0.147895
618.622 5.14079 0.146605
618.622 5.20425 0.144725
618.622 5.26772 0.142263
618.622 5.33119 0.139227
618.622 5.39465 0.135631
618.622 5.45812 0.131489
618.622 5.52159 0.126816
618.622 5.58505 0.121634
618.622 5.64852 0.115962
618.622 5.71199 0.109823
618.622 5.77545 0.103241
618.622 5.83892 0.0962442
618.622 5.90239 0.0888596
618.622 5.96585 0.081117
618.622 6.02932 0.0730479
618.622 6.09279 0.0646847
618.622 6.15625 0.0560612
618.622 6.21972 0.0472117
618.622 6.28319 0.0381721
619.623 0 -0.10252
619.623 0.0634665 -0.100217
619.623 0.126933 -0.097511
619.623 0.1904 -0.0944124
619.623 0.253866 -0.0909335
619.623 0.317333 -0.0870885
619.623 0.380799 -0.0828927
619.623 0.444266 -0.0783634
619.623 0.507732 -0.0735183
619.623 0.571199 -0.0683773
619.623 0.634665 -0.062961
619.623 0.698132 -0.0572912
619.623 0.761598 -0.0513904
619.623 0.825065 -0.045283
619.623 0.888531 -0.0389932
619.623 0.951998 -0.0325462
619.623 1.01546 -0.0259683
619.623 1.07893 -0.0192859
619.623 1.1424 -0.0125258
619.623 1.20586 -0.00571512
619.623 1.26933 0.00111848
619.623 1.3328 0.00794748
619.623 1.39626 0.0147446
619.623 1.45973 0.0214824
619.623 1.5232 0.0281336
619.623 1.58666 0.0346714
619.623 1.65013 0.0410698
619.623 1.7136 0.0473028
619.623 1.77706 0.0533453
619.623 1.84053 0.0591729
619.623 1.904 0.0647622
619.623 1.96746 0.0700909
619.623 2.03093 0.0751372
619.623 2.0944 0.0798812
619.623 2.15786 0.0843033
619.623 2.22133 0.0883861
619.623 2.28479 0.0921128
619.623 2.34826 0.0954688
619.623 2.41173 0.0984403
619.623 2.47519 0.101015
619.623 2.53866 0.103184
619.623 2.60213 0.104937
619.623 2.66559 0.106267
619.623 2.72906 0.107169
619.623 2.79253 0.10764
619.623 2.85599 0.107678
619.623 2.91946 0.107282
619.623 2.98293 0.106454
619.623 3.04639 0.105197
619.623 3.10986 0.103517
619.623 3.17333 0.101419
619.623 3.23679 0.0989139
619.623 3.30026 0.09601
619.623 3.36373 0.0927197
619.623 3.42719 0.0890559
619.623 3.49066 0.0850335
619.623 3.55413 0.0806687
619.623 3.61759 0.0759791
619.623 3.68106 0.0709836
619.623 3.74452 0.0657023
619.623 3.80799 0.0601564
619.623 3.87146 0.0543681
619.623 3.93492 0.0483611
619.623 3.99839 0.0421592
619.623 4.06186 0.0357876
619.623 4.12532 0.0292719
619.623 4.18879 0.0226386
619.623 4.25226 0.0159138
619.623 4.31572 0.00912491
619.623 4.37919 0.00229957
619.623 4.44266 -0.00453516
619.623 4.50612 -0.0113517
619.623 4.56959 -0.0181227
619.623 4.63306 -0.0248204
619.623 4.69652 -0.0314183
619.623 4.75999 -0.0378897
619.623 4.82346 -0.0442085
619.623 4.88692 -0.0503493
619.623 4.95039 -0.0562873
619.623 5.01385 -0.0619987
619.623 5.07732 -0.0674605
619.623 5.14079 -0.0726507
619.623 5.20425 -0.0775483
619.623 5.26772 -0.0821336
619.623 5.33119 -0.086388
619.623 5.39465 -0.0902949
619.623 5.45812 -0.0938381
619.623 5.52159 -0.0970035
619.623 5.58505 -0.0997782
619.623 5.64852 -0.102151
619.623 5.71199 -0.104113
619.623 5.77545 -0.105655
619.623 5.83892 -0.106772
619.623 5.90239 -0.107459
619.623 5.96585 -0.107713
619.623 6.02932 -0.107534
619.623 6.09279 -0.106922
619.623 6.15625 -0.105879
619.623 6.21972 -0.104409
619.623 6.28319 -0.10252
620.624 0 0.1006
620.624 0.0634665 0.0809745
620.624 0.126933 0.0610227
620.624 0.1904 0.0408253
620.624 0.253866 0.0204634
620.624 0.317333 1.91046e-05
620.624 0.380799 -0.0204253
620.624 0.444266 -0.0407874
620.624 0.507732 -0.0609851
620.624 0.571199 -0.0809374
620.624 0.634665 -0.100564
620.624 0.698132 -0.119785
620.624 0.761598 -0.138524
620.624 0.825065 -0.156706
620.624 0.888531 -0.174256
620.624 0.951998 -0.191105
620.624 1.01546 -0.207184
620.624 1.07893 -0.222429
620.624 1.1424 -0.236778
620.624 1.20586 -0.250174
620.624 1.26933 -0.262562
620.624 1.3328 -0.273893
620.624 1.39626 -0.284122
620.624 1.45973 -0.293206
620.624 1.5232 -0.301109
620.624 1.58666 -0.307801
620.624 1.65013 -0.313253
620.624 1.7136 -0.317443
620.624 1.77706 -0.320355
620.624 1.84053 -0.321978
620.624 1.904 -0.322303
620.624 1.96746 -0.321332
620.624 2.03093 -0.319065
620.624 2.0944 -0.315514
620.624 2.15786 -0.310694
620.624 2.22133 -0.304621
620.624 2.28479 -0.297322
620.624 2.34826 -0.288826
620.624 2.41173 -0.279167
620.624 2.47519 -0.268384
620.624 2.53866 -0.25652
620.624 2.60213 -0.243624
620.624 2.66559 -0.229746
620.624 2.72906 -0.214943
620.624 2.79253 -0.199275
620.624 2.85599 -0.182804
620.624 2.91946 -0.165597
620.624 2.98293 -0.147723
620.624 3.04639 -0.129255
620.624 3.10986 -0.110266
620.624 3.17333 -0.0908328
620.624 3.23679 -0.0710343
620.624 3.30026 -0.0509496
620.624 3.36373 -0.0306597
620.624 3.42719 -0.0102464
620.624 3.49066 0.0102082
620.624 3.55413 0.0306218
620.624 3.61759 0.0509118
620.624 3.68106 0.070997
620.624 3.74452 0.0907962
620.624 3.80799 0.11023
620.624 3.87146 0.12922
620.624 3.93492 0.147689
620.624 3.99839 0.165564
620.624 4.06186 0.182772
620.624 4.12532 0.199244
620.624 4.18879 0.214915
620.624 4.25226 0.229719
620.624 4.31572 0.243598
620.624 4.37919 0.256497
620.624 4.44266 0.268363
620.624 4.50612 0.279148
620.624 4.56959 0.288809
620.624 4.63306 0.297308
620.624 4.69652 0.304609
620.624 4.75999 0.310683
620.624 4.82346 0.315507
620.624 4.88692 0.31906
620.624 4.95039 0.321328
620.624 5.01385 0.322303
620.624 5.07732 0.321979
620.624 5.14079 0.320359
620.624 5.20425 0.31745
620.624 5.26772 0.313262
620.624 5.33119 0.307812
620.624 5.39465 0.301123
620.624 5.45812 0.293222
620.624 5.52159 0.28414
620.624 5.58505 0.273914
620.624 5.64852 0.262584
620.624 5.71199 0.250198
620.624 5.77545 0.236804
620.624 5.83892 0.222456
620.624 5.90239 0.207213
620.624 5.96585 0.191135
620.624 6.02932 0.174288
620.624 6.09279 0.156739
620.624 6.15625 0.138559
620.624 6.21972 0.119821
620.624 6.28319 0.1006
621.625 0 0.274221
621.625 0.0634665 0.266525
621.625 0.126933 0.257756
621.625 0.1904 0.247949
621.625 0.253866 0.237144
621.625 0.317333 0.225384
621.625 0.380799 0.212716
621.625 0.444266 0.199192
621.625 0.507732 0.184865
621.625 0.571199 0.169795
621.625 0.634665 0.15404
621.625 0.698132 0.137665
621.625 0.761598 0.120737
621.625 0.825065 0.103321
621.625 0.888531 0.0854902
621.625 0.951998 0.0673147
621.625 1.01546 0.0488682
621.625 1.07893 0.030225
621.625 1.1424 0.0114601
621.625 1.20586 -0.00735107
621.625 1.26933 -0.0261328
621.625 1.3328 -0.0448089
621.625 1.39626 -0.0633049
621.625 1.45973 -0.0815459
621.625 1.5232 -0.0994582
621.625 1.58666 -0.11697
621.625 1.65013 -0.134012
621.625 1.7136 -0.150513
621.625 1.77706 -0.166409
621.625 1.84053 -0.181634
621.625 1.904 -0.196128
621.625 1.96746 -0.209832
621.625 2.03093 -0.222691
621.625 2.0944 -0.234654
621.625 2.15786 -0.245671
621.625 2.22133 -0.255701
621.625 2.28479 -0.264699
621.625 2.34826 -0.272632
621.625 2.41173 -0.279468
621.625 2.47519 -0.285178
621.625 2.53866 -0.28974
621.625 2.60213 -0.293134
621.625 2.66559 -0.295349
621.625 2.72906 -0.296374
621.625 2.79253 -0.296206
621.625 2.85599 -0.294845
621.625 2.91946 -0.292297
621.625 2.98293 -0.288573
621.625 3.04639 -0.283686
621.625 3.10986 -0.277657
621.625 3.17333 -0.270509
621.625 3.23679 -0.262272
621.625 3.30026 -0.25298
621.625 3.36373 -0.242669
621.625 3.42719 -0.23138
621.625 3.49066 -0.21916
621.625 3.55413 -0.206058
621.625 3.61759 -0.192125
621.625 3.68106 -0.177419
621.625 3.74452 -0.161999
621.625 3.80799 -0.145926
621.625 3.87146 -0.129266
621.625 3.93492 -0.112085
621.625 3.99839 -0.0944533
621.625 4.06186 -0.0764412
621.625 4.12532 -0.0581206
621.625 4.18879 -0.0395665
621.625 4.25226 -0.020853
621.625 4.31572 -0.00205545
621.625 4.37919 0.0167506
621.625 4.44266 0.0354884
621.625 4.50612 0.0540839
621.625 4.56959 0.0724616
621.625 4.63306 0.0905474
621.625 4.69652 0.108269
621.625 4.75999 0.125554
621.625 4.82346 0.142334
621.625 4.88692 0.158541
621.625 4.95039 0.174109
621.625 5.01385 0.188976
621.625 5.07732 0.203082
621.625 5.14079 0.216371
621.625 5.20425 0.228788
621.625 5.26772 0.240284
621.625 5.33119 0.250813
621.625 5.39465 0.260331
621.625 5.45812 0.268801
621.625 5.52159 0.276189
621.625 5.58505 0.282465
621.625 5.64852 0.287603
621.625 5.71199 0.291584
621.625 5.77545 0.29439
621.625 5.83892 0.296011
621.625 5.90239 0.29644
621.625 5.96585 0.295675
621.625 6.02932 0.293719
621.625 6.09279 0.290581
621.625 6.15625 0.286273
621.625 6.21972 0.280813
621.625 6.28319 0.27422
622.626 0 -0.387296
622.626 0.0634665 -0.399021
622.626 0.126933 -0.409139
622.626 0.1904 -0.417609
622.626 0.253866 -0.424398
622.626 0.317333 -0.429478
622.626 0.380799 -0.432828
622.626 0.444266 -0.434436
622.626 0.507732 -0.434295
622.626 0.571199 -0.432404
622.626 0.634665 -0.428773
622.626 0.698132 -0.423414
622.626 0.761598 -0.416352
622.626 0.825065 -0.407612
622.626 0.888531 -0.397231
622.626 0.951998 -0.385251
622.626 1.01546 -0.371719
622.626 1.07893 -0.356691
622.626 1.1424 -0.340227
622.626 1.20586 -0.322392
622.626 1.26933 -0.303259
622.626 1.3328 -0.282906
622.626 1.39626 -0.261413
622.626 1.45973 -0.238867
622.626 1.5232 -0.215359
622.626 1.58666 -0.190985
622.626 1.65013 -0.165842
622.626 1.7136 -0.14003
622.626 1.77706 -0.113655
622.626 1.84053 -0.0868216
622.626 1.904 -0.0596393
622.626 1.96746 -0.0322166
622.626 2.03093 -0.00466409
622.626 2.0944 0.0229072
622.626 2.15786 0.0503861
622.626 2.22133 0.077662
622.626 2.28479 0.104625
622.626 2.34826 0.131168
622.626 2.41173 0.157181
622.626 2.47519 0.182562
622.626 2.53866 0.207208
622.626 2.60213 0.23102
622.626 2.66559 0.253901
622.626 2.72906 0.27576
622.626 2.79253 0.296508
622.626 2.85599 0.316063
622.626 2.91946 0.334345
622.626 2.98293 0.351281
622.626 3.04639 0.366802
622.626 3.10986 0.380846
622.626 3.17333 0.393356
622.626 3.23679 0.404283
622.626 3.30026 0.413582
622.626 3.36373 0.421215
622.626 3.42719 0.427153
622.626 3.49066 0.43137
622.626 3.55413 0.43385
622.626 3.61759 0.434584
622.626 3.68106 0.433568
622.626 3.74452 0.430806
622.626 3.80799 0.426308
622.626 3.87146 0.420095
622.626 3.93492 0.41219
622.626 3.99839 0.402625
622.626 4.06186 0.391439
622.626 4.12532 0.378676
622.626 4.18879 0.364389
622.626 4.25226 0.348635
622.626 4.31572 0.331476
622.626 4.37919 0.312983
622.626 4.44266 0.29323
622.626 4.50612 0.272297
622.626 4.56959 0.250266
622.626 4.63306 0.227228
622.626 4.69652 0.203275
622.626 4.75999 0.178503
622.626 4.82346 0.153013
622.626 4.88692 0.126906
622.626 4.95039 0.100289
622.626 5.01385 0.0732673
622.626 5.07732 0.0459507
622.626 5.14079 0.0184495
622.626 5.20425 -0.0091262
622.626 5.26772 -0.0366651
622.626 5.33119 -0.0640564
622.626 5.39465 -0.0911899
622.626 5.45812 -0.117956
622.626 5.52159 -0.144247
622.626 5.58505 -0.169957
622.626 5.64852 -0.194983
622.626 5.71199 -0.219224
622.626 5.77545 -0.242583
622.626 5.83892 -0.264964
622.626 5.90239 -0.286278
622.626 5.96585 -0.30644
622.626 6.02932 -0.325368
622.626 6.09279 -0.342985
622.626 6.15625 -0.359222
622.626 6.21972 -0.374012
622.626 6.28319 -0.387296
623.627 0 -0.207086
623.627 0.0634665 -0.223692
623.627 0.126933 -0.239396
623.627 0.1904 -0.254136
623.627 0.253866 -0.267852
623.627 0.317333 -0.280491
623.627 0.380799 -0.292
623.627 0.444266 -0.302333
623.627 0.507732 -0.311449
623.627 0.571199 -0.31931
623.627 0.634665 -0.325886
623.627 0.698132 -0.331149
623.627 0.761598 -0.33508
623.627 0.825065 -0.337661
623.627 0.888531 -0.338882
623.627 0.951998 -0.338739
623.627 1.01546 -0.337231
623.627 1.07893 -0.334366
623.627 1.1424 -0.330155
623.627 1.20586 -0.324614
623.627 1.26933 -0.317766
623.627 1.3328 -0.309638
623.627 1.39626 -0.300264
623.627 1.45973 -0.289681
623.627 1.5232 -0.27793
623.627 1.58666 -0.265061
623.627 1.65013 -0.251125
623.627 1.7136 -0.236178
623.627 1.77706 -0.220279
623.627 1.84053 -0.203494
623.627 1.904 -0.185889
623.627 1.96746 -0.167535
623.627 2.03093 -0.148507
623.627 2.0944 -0.128881
623.627 2.15786 -0.108736
623.627 2.22133 -0.0881536
623.627 2.28479 -0.067216
623.627 2.34826 -0.0460075
623.627 2.41173 -0.0246138
623.627 2.47519 -0.00312078
623.627 2.53866 0.0183844
623.627 2.60213 0.0398159
623.627 2.66559 0.0610867
623.627 2.72906 0.0821117
623.627 2.79253 0.102806
623.627 2.85599 0.123087
623.627 2.91946 0.142872
623.627 2.98293 0.162081
623.627 3.04639 0.180638
623.627 3.10986 0.198467
623.627 3.17333 0.215498
623.627 3.23679 0.23166
623.627 3.30026 0.24689
623.627 3.36373 0.261126
623.627 3.42719 0.27431
623.627 3.49066 0.286389
623.627 3.55413 0.297316
623.627 3.61759 0.307045
623.627 3.68106 0.315538
623.627 3.74452 0.32276
623.627 3.80799 0.328683
623.627 3.87146 0.333282
623.627 3.93492 0.33654
623.627 3.99839 0.338442
623.627 4.06186 0.338981
623.627 4.12532 0.338156
623.627 4.18879 0.335968
623.627 4.25226 0.332428
623.627 4.31572 0.327549
623.627 4.37919 0.321351
623.627 4.44266 0.31386
623.627 4.50612 0.305105
623.627 4.56959 0.295121
623.627 4.63306 0.283949
623.627 4.69652 0.271632
623.627 4.75999 0.258224
623.627 4.82346 0.243774
623.627 4.88692 0.228344
623.627 4.95039 0.211993
623.627 5.01385 0.194789
623.627 5.07732 0.176801
623.627 5.14079 0.158101
623.627 5.20425 0.138764
623.627 5.26772 0.118869
623.627 5.33119 0.0984945
623.627 5.39465 0.0777239
623.627 5.45812 0.0566401
623.627 5.52159 0.0353284
623.627 5.58505 0.0138743
623.627 5.64852 -0.0076357
623.627 5.71199 -0.0291147
623.627 5.77545 -0.0504765
623.627 5.83892 -0.0716354
623.627 5.90239 -0.0925054
623.627 5.96585 -0.113003
623.627 6.02932 -0.133046
623.627 6.09279 -0.152553
623.627 6.15625 -0.171446
623.627 6.21972 -0.189648
623.627 6.28319 -0.207087
624.628 0 -0.213781
624.628 0.0634665 -0.178192
624.628 0.126933 -0.141886
624.628 0.1904 -0.105007
624.628 0.253866 -0.0677064
624.628 0.317333 -0.030133
624.628 0.380799 0.00756164
624.628 0.444266 0.0452261
624.628 0.507732 0.0827082
624.628 0.571199 0.119857
624.628 0.634665 0.156524
624.628 0.698132 0.19256
624.628 0.761598 0.227821
624.628 0.825065 0.262165
624.628 0.888531 0.295453
624.628 0.951998 0.327551
624.628 1.01546 0.35833
624.628 1.07893 0.387667
624.628 1.1424 0.415442
624.628 1.20586 0.441545
624.628 1.26933 0.465869
624.628 1.3328 0.488318
624.628 1.39626 0.5088
624.628 1.45973 0.527234
624.628 1.5232 0.543545
624.628 1.58666 0.557667
624.628 1.65013 0.569543
624.628 1.7136 0.579127
624.628 1.77706 0.586378
624.628 1.84053 0.591269
624.628 1.904 0.593777
624.628 1.96746 0.593896
624.628 2.03093 0.591622
624.628 2.0944 0.586967
624.628 2.15786 0.579948
624.628 2.22133 0.570594
624.628 2.28479 0.558942
624.628 2.34826 0.545041
624.628 2.41173 0.528944
624.628 2.47519 0.510716
624.628 2.53866 0.490433
624.628 2.60213 0.468175
624.628 2.66559 0.444032
624.628 2.72906 0.4181
624.628 2.79253 0.390486
624.628 2.85599 0.361298
624.628 2.91946 0.330657
624.628 2.98293 0.298683
624.628 3.04639 0.265507
624.628 3.10986 0.231262
624.628 3.17333 0.196085
624.628 3.23679 0.160119
624.628 3.30026 0.123509
624.628 3.36373 0.0864004
624.628 3.42719 0.0489445
624.628 3.49066 0.0112915
624.628 3.55413 -0.0264072
624.628 3.61759 -0.0639995
624.628 3.68106 -0.101334
624.628 3.74452 -0.13826
624.628 3.80799 -0.17463
624.628 3.87146 -0.210296
624.628 3.93492 -0.245116
624.628 3.99839 -0.278949
624.628 4.06186 -0.311658
624.628 4.12532 -0.343113
624.628 4.18879 -0.373186
624.628 4.25226 -0.401756
624.628 4.31572 -0.428709
624.628 4.37919 -0.453935
624.628 4.44266 -0.477334
624.628 4.50612 -0.49881
624.628 4.56959 -0.518278
624.628 4.63306 -0.535659
624.628 4.69652 -0.550883
624.628 4.75999 -0.563889
624.628 4.82346 -0.574625
624.628 4.88692 -0.583046
624.628 4.95039 -0.58912
624.628 5.01385 -0.592821
624.628 5.07732 -0.594135
624.628 5.14079 -0.593058
624.628 5.20425 -0.589592
624.628 5.26772 -0.583752
624.628 5.33119 -0.575561
624.628 5.39465 -0.565053
624.628 5.45812 -0.55227
624.628 5.52159 -0.537263
624.628 5.58505 -0.520092
624.628 5.64852 -0.500827
624.628 5.71199 -0.479545
624.628 5.77545 -0.456333
624.628 5.83892 -0.431284
624.628 5.90239 -0.404496
624.628 5.96585 -0.376081
624.628 6.02932 -0.346152
624.628 6.09279 -0.314828
624.628 6.15625 -0.282237
624.628 6.21972 -0.248509
624.628 6.28319 -0.213781
625.629 0 -0.155507
625.629 0.0634665 -0.151597
625.629 0.126933 -0.147077
625.629 0.1904 -0.141965
625.629 0.253866 -0.136282
625.629 0.317333 -0.130049
625.629 0.380799 -0.123293
625.629 0.444266 -0.116041
625.629 0.507732 -0.108321
625.629 0.571199 -0.100165
625.629 0.634665 -0.091606
625.629 0.698132 -0.0826777
625.629 0.761598 -0.0734167
625.629 0.825065 -0.0638599
625.629 0.888531 -0.0540461
625.629 0.951998 -0.0440148
625.629 1.01546 -0.0338061
625.629 1.07893 -0.0234613
625.629 1.1424 -0.013022
625.629 1.20586 -0.0025305
625.629 1.26933 0.00797138
625.629 1.3328 0.0184413
625.629 1.39626 0.0288368
625.629 1.45973 0.0391162
625.629 1.5232 0.0492381
625.629 1.58666 0.0591618
625.629 1.65013 0.0688471
625.629 1.7136 0.0782554
625.629 1.77706 0.0873486
625.629 1.84053 0.0960898
625.629 1.904 0.104444
625.629 1.96746 0.112378
625.629 2.03093 0.11986
625.629 2.0944 0.126858
625.629 2.15786 0.133346
625.629 2.22133 0.139297
625.629 2.28479 0.144687
625.629 2.34826 0.149495
625.629 2.41173 0.1537
625.629 2.47519 0.157287
625.629 2.53866 0.16024
625.629 2.60213 0.162548
625.629 2.66559 0.164202
625.629 2.72906 0.165194
625.629 2.79253 0.165521
625.629 2.85599 0.165182
625.629 2.91946 0.164178
625.629 2.98293 0.162512
625.629 3.04639 0.160192
625.629 3.10986 0.157227
625.629 3.17333 0.153629
625.629 3.23679 0.149412
625.629 3.30026 0.144594
625.629 3.36373 0.139194
625.629 3.42719 0.133233
625.629 3.49066 0.126735
625.629 3.55413 0.119727
625.629 3.61759 0.112237
625.629 3.68106 0.104296
625.629 3.74452 0.0959337
625.629 3.80799 0.0871858
625.629 3.87146 0.0780865
625.629 3.93492 0.0686729
625.629 3.99839 0.0589828
625.629 4.06186 0.0490553
625.629 4.12532 0.03893
625.629 4.18879 0.0286481
625.629 4.25226 0.0182509
625.629 4.31572 0.00778018
625.629 4.37919 -0.002722
625.629 4.44266 -0.0132129
625.629 4.50612 -0.0236509
625.629 4.56959 -0.0339937
625.629 4.63306 -0.0441993
625.629 4.69652 -0.0542273
625.629 4.75999 -0.0640366
625.629 4.82346 -0.0735883
625.629 4.88692 -0.0828435
625.629 4.95039 -0.0917653
625.629 5.01385 -0.100318
625.629 5.07732 -0.108466
625.629 5.14079 -0.116177
625.629 5.20425 -0.123421
625.629 5.26772 -0.130168
625.629 5.33119 -0.136391
625.629 5.39465 -0.142064
625.629 5.45812 -0.147165
625.629 5.52159 -0.151674
625.629 5.58505 -0.155572
625.629 5.64852 -0.158844
625.629 5.71199 -0.161476
625.629 5.77545 -0.163458
625.629 5.83892 -0.164781
625.629 5.90239 -0.165441
625.629 5.96585 -0.165435
625.629 6.02932 -0.164763
625.629 6.09279 -0.163427
625.629 6.15625 -0.161433
625.629 6.21972 -0.15879
625.629 6.28319 -0.155506
626.63 0 -0.106254
626.63 0.0634665 -0.10167
626.63 0.126933 -0.0966772
626.63 0.1904 -0.0912951
626.63 0.253866 -0.0855453
626.63 0.317333 -0.079451
626.63 0.380799 -0.0730368
626.63 0.444266 -0.0663285
626.63 0.507732 -0.0593531
626.63 0.571199 -0.0521387
626.63 0.634665 -0.0447143
626.63 0.698132 -0.03711
626.63 0.761598 -0.0293561
626.63 0.825065 -0.0214841
626.63 0.888531 -0.0135256
626.63 0.951998 -0.00551257
626.63 1.01546 0.00252265
626.63 1.07893 0.0105476
626.63 1.1424 0.0185302
626.63 1.20586 0.0264382
626.63 1.26933 0.0342397
626.63 1.3328 0.0419032
626.63 1.39626 0.0493982
626.63 1.45973 0.0566942
626.63 1.5232 0.0637618
626.63 1.58666 0.0705728
626.63 1.65013 0.0770995
626.63 1.7136 0.0833158
626.63 1.77706 0.0891966
626.63 1.84053 0.0947183
626.63 1.904 0.0998586
626.63 1.96746 0.104597
626.63 2.03093 0.108914
626.63 2.0944 0.112792
626.63 2.15786 0.116216
626.63 2.22133 0.119173
626.63 2.28479 0.121649
626.63 2.34826 0.123636
626.63 2.41173 0.125125
626.63 2.47519 0.12611
626.63 2.53866 0.126587
626.63 2.60213 0.126554
626.63 2.66559 0.126012
626.63 2.72906 0.124962
626.63 2.79253 0.12341
626.63 2.85599 0.12136
626.63 2.91946 0.118822
626.63 2.98293 0.115805
626.63 3.04639 0.112322
626.63 3.10986 0.108386
626.63 3.17333 0.104014
626.63 3.23679 0.0992238
626.63 3.30026 0.0940337
626.63 3.36373 0.0884648
626.63 3.42719 0.0825396
626.63 3.49066 0.0762823
626.63 3.55413 0.0697177
626.63 3.61759 0.0628724
626.63 3.68106 0.0557739
626.63 3.74452 0.0484509
626.63 3.80799 0.0409328
626.63 3.87146 0.0332498
626.63 3.93492 0.025433
626.63 3.99839 0.0175136
626.63 4.06186 0.00952388
626.63 4.12532 0.00149573
626.63 4.18879 -0.00653845
626.63 4.25226 -0.0145463
626.63 4.31572 -0.0224955
626.63 4.37919 -0.0303542
626.63 4.44266 -0.0380907
626.63 4.50612 -0.0456737
626.63 4.56959 -0.0530728
626.63 4.63306 -0.0602582
626.63 4.69652 -0.0672011
626.63 4.75999 -0.0738733
626.63 4.82346 -0.0802481
626.63 4.88692 -0.0862997
626.63 4.95039 -0.0920039
626.63 5.01385 -0.0973375
626.63 5.07732 -0.102279
626.63 5.14079 -0.106809
626.63 5.20425 -0.110909
626.63 5.26772 -0.114562
626.63 5.33119 -0.117754
626.63 5.39465 -0.120472
626.63 5.45812 -0.122704
626.63 5.52159 -0.124443
626.63 5.58505 -0.12568
626.63 5.64852 -0.126412
626.63 5.71199 -0.126634
626.63 5.77545 -0.126347
626.63 5.83892 -0.12555
626.63 5.90239 -0.124248
626.63 5.96585 -0.122446
626.63 6.02932 -0.120151
626.63 6.09279 -0.117372
626.63 6.15625 -0.114121
626.63 6.21972 -0.11041
626.63 6.28319 -0.106254
627.631 0 -0.218776
627.631 0.0634665 -0.212843
627.631 0.126933 -0.206053
627.631 0.1904 -0.198433
627.631 0.253866 -0.190014
627.631 0.317333 -0.18083
627.631 0.380799 -0.170917
627.631 0.444266 -0.160317
627.631 0.507732 -0.149071
627.631 0.571199 -0.137225
627.631 0.634665 -0.124826
627.631 0.698132 -0.111925
627.631 0.761598 -0.0985727
627.631 0.825065 -0.0848237
627.631 0.888531 -0.0707331
627.631 0.951998 -0.0563577
627.631 1.01546 -0.0417554
627.631 1.07893 -0.026985
627.631 1.1424 -0.0121059
627.631 1.20586 0.00282192
627.631 1.26933 0.0177385
627.631 1.3328 0.0325836
627.631 1.39626 0.0472974
627.631 1.45973 0.0618206
627.631 1.5232 0.0760953
627.631 1.58666 0.0900632
627.631 1.65013 0.103668
627.631 1.7136 0.116857
627.631 1.77706 0.129574
627.631 1.84053 0.14177
627.631 1.904 0.153395
627.631 1.96746 0.164402
627.631 2.03093 0.174747
627.631 2.0944 0.184388
627.631 2.15786 0.193288
627.631 2.22133 0.201408
627.631 2.28479 0.208718
627.631 2.34826 0.215188
627.631 2.41173 0.22079
627.631 2.47519 0.225504
627.631 2.53866 0.22931
627.631 2.60213 0.232192
627.631 2.66559 0.23414
627.631 2.72906 0.235144
627.631 2.79253 0.235202
627.631 2.85599 0.234313
627.631 2.91946 0.23248
627.631 2.98293 0.229711
627.631 3.04639 0.226018
627.631 3.10986 0.221413
627.631 3.17333 0.215918
627.631 3.23679 0.209553
627.631 3.30026 0.202344
627.631 3.36373 0.194321
627.631 3.42719 0.185515
627.631 3.49066 0.175962
627.631 3.55413 0.165701
627.631 3.61759 0.154772
627.631 3.68106 0.14322
627.631 3.74452 0.131092
627.631 3.80799 0.118435
627.631 3.87146 0.105302
627.631 3.93492 0.0917443
627.631 3.99839 0.0778176
627.631 4.06186 0.0635774
627.631 4.12532 0.0490812
627.631 4.18879 0.0343876
627.631 4.25226 0.0195552
627.631 4.31572 0.00464414
627.631 4.37919 -0.0102854
627.631 4.44266 -0.0251736
627.631 4.50612 -0.0399605
627.631 4.56959 -0.0545865
627.631 4.63306 -0.0689926
627.631 4.69652 -0.0831211
627.631 4.75999 -0.0969148
627.631 4.82346 -0.110318
627.631 4.88692 -0.123278
627.631 4.95039 -0.13574
627.631 5.01385 -0.147657
627.631 5.07732 -0.158978
627.631 5.14079 -0.16966
627.631 5.20425 -0.179658
627.631 5.26772 -0.188933
627.631 5.33119 -0.197447
627.631 5.39465 -0.205166
627.631 5.45812 -0.212059
627.631 5.52159 -0.218099
627.631 5.58505 -0.22326
627.631 5.64852 -0.227521
627.631 5.71199 -0.230867
627.631 5.77545 -0.233283
627.631 5.83892 -0.23476
627.631 5.90239 -0.235292
627.631 5.96585 -0.234876
627.631 6.02932 -0.233514
627.631 6.09279 -0.231212
627.631 6.15625 -0.227979
627.631 6.21972 -0.223828
627.631 6.28319 -0.218776
628.632 0 0.074585
628.632 0.0634665 0.0828145
628.632 0.126933 0.0907104
628.632 0.1904 0.0982413
628.632 0.253866 0.105376
628.632 0.317333 0.112087
628.632 0.380799 0.118347
628.632 0.444266 0.12413
628.632 0.507732 0.129413
628.632 0.571199 0.134175
628.632 0.634665 0.138396
628.632 0.698132 0.142061
628.632 0.761598 0.145154
628.632 0.825065 0.147661
628.632 0.888531 0.149575
628.632 0.951998 0.150886
628.632 1.01546 0.15159
628.632 1.07893 0.151683
628.632 1.1424 0.151165
628.632 1.20586 0.150039
628.632 1.26933 0.148308
628.632 1.3328 0.145981
628.632 1.39626 0.143065
628.632 1.45973 0.139574
628.632 1.5232 0.13552
628.632 1.58666 0.130921
628.632 1.65013 0.125794
628.632 1.7136 0.120162
628.632 1.77706 0.114045
628.632 1.84053 0.107469
628.632 1.904 0.10046
628.632 1.96746 0.0930469
628.632 2.03093 0.0852589
628.632 2.0944 0.0771276
628.632 2.15786 0.0686857
628.632 2.22133 0.0599674
628.632 2.28479 0.0510076
628.632 2.34826 0.0418423
628.632 2.41173 0.0325086
628.632 2.47519 0.0230439
628.632 2.53866 0.0134865
628.632 2.60213 0.00387479
628.632 2.66559 -0.0057526
628.632 2.72906 -0.0153566
628.632 2.79253 -0.024899
628.632 2.85599 -0.034341
628.632 2.91946 -0.0436448
628.632 2.98293 -0.0527729
628.632 3.04639 -0.0616884
628.632 3.10986 -0.0703556
628.632 3.17333 -0.0787394
628.632 3.23679 -0.086806
628.632 3.30026 -0.0945232
628.632 3.36373 -0.10186
628.632 3.42719 -0.108787
628.632 3.49066 -0.115275
628.632 3.55413 -0.121299
628.632 3.61759 -0.126835
628.632 3.68106 -0.13186
628.632 3.74452 -0.136354
628.632 3.80799 -0.140299
628.632 3.87146 -0.14368
628.632 3.93492 -0.146481
628.632 3.99839 -0.148693
628.632 4.06186 -0.150306
628.632 4.12532 -0.151314
628.632 4.18879 -0.151712
628.632 4.25226 -0.1515
628.632 4.31572 -0.150678
628.632 4.37919 -0.149249
628.632 4.44266 -0.147219
628.632 4.50612 -0.144596
628.632 4.56959 -0.141391
628.632 4.63306 -0.137616
628.632 4.69652 -0.133288
628.632 4.75999 -0.128422
628.632 4.82346 -0.12304
628.632 4.88692 -0.117162
628.632 4.95039 -0.110812
628.632 5.01385 -0.104017
628.632 5.07732 -0.0968021
628.632 5.14079 -0.0891976
628.632 5.20425 -0.081234
628.632 5.26772 -0.0729433
628.632 5.33119 -0.0643588
628.632 5.39465 -0.0555154
628.632 5.45812 -0.0464484
628.632 5.52159 -0.0371942
628.632 5.58505 -0.0277903
628.632 5.64852 -0.0182745
628.632 5.71199 -0.0086851
628.632 5.77545 0.000939319
628.632 5.83892 0.0105599
628.632 5.90239 0.0201379
628.632 5.96585 0.029635
628.632 6.02932 0.0390126
628.632 6.09279 0.0482332
628.632 6.15625 0.0572595
628.632 6.21972 0.0660552
628.632 6.28319 0.0745851
629.633 0 -0.0376689
629.633 0.0634665 -0.0311361
629.633 0.126933 -0.0244778
629.633 0.1904 -0.017721
629.633 0.253866 -0.0108929
629.633 0.317333 -0.00402083
629.633 0.380799 0.00286745
629.633 0.444266 0.00974406
629.633 0.507732 0.0165815
629.633 0.571199 0.0233521
629.633 0.634665 0.0300288
629.633 0.698132 0.0365845
629.633 0.761598 0.0429929
629.633 0.825065 0.0492281
629.633 0.888531 0.0552653
629.633 0.951998 0.0610799
629.633 1.01546 0.0666484
629.633 1.07893 0.0719486
629.633 1.1424 0.0769592
629.633 1.20586 0.0816599
629.633 1.26933 0.0860315
629.633 1.3328 0.0900568
629.633 1.39626 0.0937197
629.633 1.45973 0.0970052
629.633 1.5232 0.0998997
629.633 1.58666 0.102392
629.633 1.65013 0.104472
629.633 1.7136 0.106132
629.633 1.77706 0.107364
629.633 1.84053 0.108164
629.633 1.904 0.108528
629.633 1.96746 0.108456
629.633 2.03093 0.107946
629.633 2.0944 0.107002
629.633 2.15786 0.105628
629.633 2.22133 0.103827
629.633 2.28479 0.101609
629.633 2.34826 0.0989815
629.633 2.41173 0.0959554
629.633 2.47519 0.0925429
629.633 2.53866 0.0887579
629.633 2.60213 0.0846156
629.633 2.66559 0.0801324
629.633 2.72906 0.0753265
629.633 2.79253 0.0702175
629.633 2.85599 0.0648255
629.633 2.91946 0.0591727
629.633 2.98293 0.0532815
629.633 3.04639 0.0471758
629.633 3.10986 0.0408801
629.633 3.17333 0.0344198
629.633 3.23679 0.0278209
629.633 3.30026 0.02111
629.633 3.36373 0.0143142
629.633 3.42719 0.00746058
629.633 3.49066 0.000576967
629.633 3.55413 -0.00630892
629.633 3.61759 -0.0131694
629.633 3.68106 -0.019977
629.633 3.74452 -0.0267039
629.633 3.80799 -0.0333234
629.633 3.87146 -0.0398087
629.633 3.93492 -0.0461338
629.633 3.99839 -0.0522731
629.633 4.06186 -0.0582019
629.633 4.12532 -0.0638962
629.633 4.18879 -0.0693334
629.633 4.25226 -0.0744915
629.633 4.31572 -0.0793494
629.633 4.37919 -0.0838879
629.633 4.44266 -0.0880886
629.633 4.50612 -0.0919345
629.633 4.56959 -0.0954104
629.633 4.63306 -0.098502
629.633 4.69652 -0.101197
629.633 4.75999 -0.103485
629.633 4.82346 -0.105355
629.633 4.88692 -0.106802
629.633 4.95039 -0.107819
629.633 5.01385 -0.108401
629.633 5.07732 -0.108547
629.633 5.14079 -0.108255
629.633 5.20425 -0.107529
629.633 5.26772 -0.106369
629.633 5.33119 -0.10478
629.633 5.39465 -0.10277
629.633 5.45812 -0.100346
629.633 5.52159 -0.0975174
629.633 5.58505 -0.0942966
629.633 5.64852 -0.0906961
629.633 5.71199 -0.0867305
629.633 5.77545 -0.0824155
629.633 5.83892 -0.0777687
629.633 5.90239 -0.0728087
629.633 5.96585 -0.0675555
629.633 6.02932 -0.0620303
629.633 6.09279 -0.0562554
629.633 6.15625 -0.050254
629.633 6.21972 -0.04405
629.633 6.28319 -0.0376689
630.634 0 -0.0730201
630.634 0.0634665 -0.0707553
630.634 0.126933 -0.0682054
630.634 0.1904 -0.0653811
630.634 0.253866 -0.0622933
630.634 0.317333 -0.0589548
630.634 0.380799 -0.055379
630.634 0.444266 -0.0515802
630.634 0.507732 -0.0475736
630.634 0.571199 -0.0433754
630.634 0.634665 -0.0390026
630.634 0.698132 -0.0344728
630.634 0.761598 -0.0298041
630.634 0.825065 -0.0250155
630.634 0.888531 -0.0201261
630.634 0.951998 -0.0151557
630.634 1.01546 -0.0101241
630.634 1.07893 -0.00505205
630.634 1.1424 4.05237e-05
630.634 1.20586 0.00513299
630.634 1.26933 0.0102046
630.634 1.3328 0.0152353
630.634 1.39626 0.0202047
630.634 1.45973 0.0250925
630.634 1.5232 0.0298795
630.634 1.58666 0.0345461
630.634 1.65013 0.0390734
630.634 1.7136 0.0434437
630.634 1.77706 0.0476389
630.634 1.84053 0.0516423
630.634 1.904 0.0554377
630.634 1.96746 0.0590099
630.634 2.03093 0.0623446
630.634 2.0944 0.0654281
630.634 2.15786 0.0682483
630.634 2.22133 0.0707935
630.634 2.28479 0.0730537
630.634 2.34826 0.0750198
630.634 2.41173 0.0766839
630.634 2.47519 0.0780391
630.634 2.53866 0.07908
630.634 2.60213 0.0798027
630.634 2.66559 0.0802038
630.634 2.72906 0.0802821
630.634 2.79253 0.080037
630.634 2.85599 0.0794697
630.634 2.91946 0.0785825
630.634 2.98293 0.0773787
630.634 3.04639 0.0758635
630.634 3.10986 0.0740427
630.634 3.17333 0.0719239
630.634 3.23679 0.0695153
630.634 3.30026 0.0668269
630.634 3.36373 0.0638694
630.634 3.42719 0.0606547
630.634 3.49066 0.0571957
630.634 3.55413 0.0535065
630.634 3.61759 0.0496018
630.634 3.68106 0.0454974
630.634 3.74452 0.0412098
630.634 3.80799 0.0367563
630.634 3.87146 0.0321547
630.634 3.93492 0.0274236
630.634 3.99839 0.0225823
630.634 4.06186 0.0176497
630.634 4.12532 0.0126463
630.634 4.18879 0.00759197
630.634 4.25226 0.00250692
630.634 4.31572 -0.00258801
630.634 4.37919 -0.00767268
630.634 4.44266 -0.0127265
630.634 4.50612 -0.0177289
630.634 4.56959 -0.02266
630.634 4.63306 -0.0274998
630.634 4.69652 -0.032229
630.634 4.75999 -0.0368283
630.634 4.82346 -0.0412794
630.634 4.88692 -0.0455642
630.634 4.95039 -0.0496655
630.634 5.01385 -0.0535671
630.634 5.07732 -0.0572527
630.634 5.14079 -0.0607077
630.634 5.20425 -0.0639185
630.634 5.26772 -0.0668717
630.634 5.33119 -0.0695559
630.634 5.39465 -0.0719598
630.634 5.45812 -0.0740741
630.634 5.52159 -0.0758901
630.634 5.58505 -0.0774004
630.634 5.64852 -0.078599
630.634 5.71199 -0.0794813
630.634 5.77545 -0.0800435
630.634 5.83892 -0.0802833
630.634 5.90239 -0.0801999
630.634 5.96585 -0.0797935
630.634 6.02932 -0.0790659
630.634 6.09279 -0.0780199
630.634 6.15625 -0.0766598
630.634 6.21972 -0.0749909
630.634 6.28319 -0.07302
631.635 0 0.0662376
631.635 0.0634665 0.0726921
631.635 0.126933 0.0788541
631.635 0.1904 0.0846986
631.635 0.253866 0.0902017
631.635 0.317333 0.0953422
631.635 0.380799 0.100098
631.635 0.444266 0.104452
631.635 0.507732 0.108384
631.635 0.571199 0.111881
631.635 0.634665 0.114926
631.635 0.698132 0.117509
631.635 0.761598 0.119619
631.635 0.825065 0.121247
631.635 0.888531 0.122387
631.635 0.951998 0.123034
631.635 1.01546 0.123185
631.635 1.07893 0.122841
631.635 1.1424 0.122002
631.635 1.20586 0.120672
631.635 1.26933 0.118856
631.635 1.3328 0.116561
631.635 1.39626 0.113797
631.635 1.45973 0.110575
631.635 1.5232 0.106907
631.635 1.58666 0.102809
631.635 1.65013 0.0982969
631.635 1.7136 0.0933892
631.635 1.77706 0.0881051
631.635 1.84053 0.0824667
631.635 1.904 0.0764959
631.635 1.96746 0.0702171
631.635 2.03093 0.0636557
631.635 2.0944 0.0568379
631.635 2.15786 0.0497912
631.635 2.22133 0.0425441
631.635 2.28479 0.0351257
631.635 2.34826 0.0275658
631.635 2.41173 0.0198948
631.635 2.47519 0.0121439
631.635 2.53866 0.00434395
631.635 2.60213 -0.0034735
631.635 2.66559 -0.0112769
631.635 2.72906 -0.0190349
631.635 2.79253 -0.0267163
631.635 2.85599 -0.0342899
631.635 2.91946 -0.0417257
631.635 2.98293 -0.0489934
631.635 3.04639 -0.0560638
631.635 3.10986 -0.0629083
631.635 3.17333 -0.0694998
631.635 3.23679 -0.0758113
631.635 3.30026 -0.0818176
631.635 3.36373 -0.0874943
631.635 3.42719 -0.0928189
631.635 3.49066 -0.0977697
631.635 3.55413 -0.102327
631.635 3.61759 -0.106472
631.635 3.68106 -0.110188
631.635 3.74452 -0.11346
631.635 3.80799 -0.116276
631.635 3.87146 -0.118624
631.635 3.93492 -0.120493
631.635 3.99839 -0.121878
631.635 4.06186 -0.122772
631.635 4.12532 -0.123172
631.635 4.18879 -0.123075
631.635 4.25226 -0.122483
631.635 4.31572 -0.121398
631.635 4.37919 -0.119824
631.635 4.44266 -0.117768
631.635 4.50612 -0.115237
631.635 4.56959 -0.112242
631.635 4.63306 -0.108796
631.635 4.69652 -0.104911
631.635 4.75999 -0.100604
631.635 4.82346 -0.0958912
631.635 4.88692 -0.0907928
631.635 4.95039 -0.0853289
631.635 5.01385 -0.0795214
631.635 5.07732 -0.0733935
631.635 5.14079 -0.0669701
631.635 5.20425 -0.0602772
631.635 5.26772 -0.0533414
631.635 5.33119 -0.0461909
631.635 5.39465 -0.0388543
631.635 5.45812 -0.0313615
631.635 5.52159 -0.0237423
631.635 5.58505 -0.0160274
631.635 5.64852 -0.0082481
631.635 5.71199 -0.000435503
631.635 5.77545 0.00737881
631.635 5.83892 0.0151635
631.635 5.90239 0.0228871
631.635 5.96585 0.0305184
631.635 6.02932 0.038027
631.635 6.09279 0.0453824
631.635 6.15625 0.0525551
631.635 6.21972 0.0595161
631.635 6.28319 0.0662376
632.636 0 0.122414
632.636 0.0634665 0.119582
632.636 0.126933 0.116268
632.636 0.1904 0.112487
632.636 0.253866 0.108252
632.636 0.317333 0.103582
632.636 0.380799 0.0984941
632.636 0.444266 0.0930099
632.636 0.507732 0.0871513
632.636 0.571199 0.0809416
632.636 0.634665 0.074406
632.636 0.698132 0.067571
632.636 0.761598 0.0604636
632.636 0.825065 0.053113
632.636 0.888531 0.0455483
632.636 0.951998 0.0378003
632.636 1.01546 0.0299002
632.636 1.07893 0.0218796
632.636 1.1424 0.0137709
632.636 1.20586 0.00560677
632.636 1.26933 -0.00258004
632.636 1.3328 -0.0107564
632.636 1.39626 -0.0188894
632.636 1.45973 -0.0269463
632.636 1.5232 -0.0348947
632.636 1.58666 -0.0427028
632.636 1.65013 -0.0503387
632.636 1.7136 -0.0577719
632.636 1.77706 -0.0649726
632.636 1.84053 -0.0719118
632.636 1.904 -0.0785612
632.636 1.96746 -0.0848944
632.636 2.03093 -0.0908857
632.636 2.0944 -0.0965112
632.636 2.15786 -0.101748
632.636 2.22133 -0.106575
632.636 2.28479 -0.110973
632.636 2.34826 -0.114924
632.636 2.41173 -0.118412
632.636 2.47519 -0.121423
632.636 2.53866 -0.123946
632.636 2.60213 -0.12597
632.636 2.66559 -0.127486
632.636 2.72906 -0.128489
632.636 2.79253 -0.128974
632.636 2.85599 -0.12894
632.636 2.91946 -0.128387
632.636 2.98293 -0.127318
632.636 3.04639 -0.125735
632.636 3.10986 -0.123646
632.636 3.17333 -0.121059
632.636 3.23679 -0.117985
632.636 3.30026 -0.114435
632.636 3.36373 -0.110425
632.636 3.42719 -0.10597
632.636 3.49066 -0.101089
632.636 3.55413 -0.0958003
632.636 3.61759 -0.090126
632.636 3.68106 -0.0840887
632.636 3.74452 -0.0777129
632.636 3.80799 -0.0710242
632.636 3.87146 -0.0640495
632.636 3.93492 -0.0568169
632.636 3.99839 -0.0493554
632.636 4.06186 -0.0416954
632.636 4.12532 -0.0338674
632.636 4.18879 -0.0259029
632.636 4.25226 -0.0178341
632.636 4.31572 -0.00969363
632.636 4.37919 -0.00151412
632.636 4.44266 0.00667142
632.636 4.50612 0.0148304
632.636 4.56959 0.0229294
632.636 4.63306 0.0309361
632.636 4.69652 0.0388182
632.636 4.75999 0.0465441
632.636 4.82346 0.0540826
632.636 4.88692 0.0614034
632.636 4.95039 0.0684767
632.636 5.01385 0.0752741
632.636 5.07732 0.0817688
632.636 5.14079 0.0879343
632.636 5.20425 0.0937456
632.636 5.26772 0.0991792
632.636 5.33119 0.104214
632.636 5.39465 0.108829
632.636 5.45812 0.113005
632.636 5.52159 0.116727
632.636 5.58505 0.119978
632.636 5.64852 0.122747
632.636 5.71199 0.125021
632.636 5.77545 0.126791
632.636 5.83892 0.128052
632.636 5.90239 0.128796
632.636 5.96585 0.129022
632.636 6.02932 0.128729
632.636 6.09279 0.127916
632.636 6.15625 0.12659
632.636 6.21972 0.124753
632.636 6.28319 0.122414
633.637 0 -0.311498
633.637 0.0634665 -0.297982
633.637 0.126933 -0.283266
633.637 0.1904 -0.267409
633.637 0.253866 -0.250475
633.637 0.317333 -0.232533
633.637 0.380799 -0.213654
633.637 0.444266 -0.193915
633.637 0.507732 -0.173395
633.637 0.571199 -0.152177
633.637 0.634665 -0.130346
633.637 0.698132 -0.107991
633.637 0.761598 -0.0852005
633.637 0.825065 -0.0620669
633.637 0.888531 -0.0386836
633.637 0.951998 -0.0151443
633.637 1.01546 0.00845584
633.637 1.07893 0.032022
633.637 1.1424 0.0554591
633.637 1.20586 0.078673
633.637 1.26933 0.10157
633.637 1.3328 0.124058
633.637 1.39626 0.146047
633.637 1.45973 0.167447
633.637 1.5232 0.188174
633.637 1.58666 0.208142
633.637 1.65013 0.227273
633.637 1.7136 0.245488
633.637 1.77706 0.262715
633.637 1.84053 0.278883
633.637 1.904 0.293929
633.637 1.96746 0.307792
633.637 2.03093 0.320415
633.637 2.0944 0.331748
633.637 2.15786 0.341745
633.637 2.22133 0.350366
633.637 2.28479 0.357575
633.637 2.34826 0.363346
633.637 2.41173 0.367653
633.637 2.47519 0.37048
633.637 2.53866 0.371815
633.637 2.60213 0.371653
633.637 2.66559 0.369994
633.637 2.72906 0.366846
633.637 2.79253 0.36222
633.637 2.85599 0.356136
633.637 2.91946 0.348617
633.637 2.98293 0.339695
633.637 3.04639 0.329405
633.637 3.10986 0.317789
633.637 3.17333 0.304894
633.637 3.23679 0.29077
633.637 3.30026 0.275476
633.637 3.36373 0.259072
633.637 3.42719 0.241625
633.637 3.49066 0.223206
633.637 3.55413 0.203887
633.637 3.61759 0.183748
633.637 3.68106 0.162868
633.637 3.74452 0.141333
633.637 3.80799 0.119229
633.637 3.87146 0.0966444
633.637 3.93492 0.0736709
633.637 3.99839 0.0504005
633.637 4.06186 0.0269275
633.637 4.12532 0.00334583
633.637 4.18879 -0.0202492
633.637 4.25226 -0.0437628
633.637 4.31572 -0.0671
633.637 4.37919 -0.0901671
633.637 4.44266 -0.112871
633.637 4.50612 -0.135121
633.637 4.56959 -0.156826
633.637 4.63306 -0.1779
633.637 4.69652 -0.198257
633.637 4.75999 -0.217817
633.637 4.82346 -0.236499
633.637 4.88692 -0.254229
633.637 4.95039 -0.270935
633.637 5.01385 -0.286551
633.637 5.07732 -0.301012
633.637 5.14079 -0.314261
633.637 5.20425 -0.326246
633.637 5.26772 -0.336916
633.637 5.33119 -0.346229
633.637 5.39465 -0.354149
633.637 5.45812 -0.360642
633.637 5.52159 -0.365684
633.637 5.58505 -0.369253
633.637 5.64852 -0.371335
633.637 5.71199 -0.371921
633.637 5.77545 -0.37101
633.637 5.83892 -0.368606
633.637 5.90239 -0.364717
633.637 5.96585 -0.359359
633.637 6.02932 -0.352554
633.637 6.09279 -0.34433
633.637 6.15625 -0.334719
633.637 6.21972 -0.323761
633.637 6.28319 -0.311498
634.638 0 0.119725
634.638 0.0634665 0.0992256
634.638 0.126933 0.0783262
634.638 0.1904 0.0571113
634.638 0.253866 0.0356666
634.638 0.317333 0.0140781
634.638 0.380799 -0.00756693
634.638 0.444266 -0.0291816
634.638 0.507732 -0.0506787
634.638 0.571199 -0.0719717
634.638 0.634665 -0.092975
634.638 0.698132 -0.113604
634.638 0.761598 -0.133775
634.638 0.825065 -0.153408
634.638 0.888531 -0.172423
634.638 0.951998 -0.190744
634.638 1.01546 -0.208297
634.638 1.07893 -0.22501
634.638 1.1424 -0.240818
634.638 1.20586 -0.255657
634.638 1.26933 -0.269465
634.638 1.3328 -0.282189
634.638 1.39626 -0.293777
634.638 1.45973 -0.304181
634.638 1.5232 -0.313361
634.638 1.58666 -0.321279
634.638 1.65013 -0.327903
634.638 1.7136 -0.333207
634.638 1.77706 -0.337169
634.638 1.84053 -0.339774
634.638 1.904 -0.34101
634.638 1.96746 -0.340873
634.638 2.03093 -0.339364
634.638 2.0944 -0.336488
634.638 2.15786 -0.332257
634.638 2.22133 -0.326689
634.638 2.28479 -0.319805
634.638 2.34826 -0.311633
634.638 2.41173 -0.302206
634.638 2.47519 -0.291562
634.638 2.53866 -0.279745
634.638 2.60213 -0.266801
634.638 2.66559 -0.252783
634.638 2.72906 -0.237747
634.638 2.79253 -0.221753
634.638 2.85599 -0.204867
634.638 2.91946 -0.187155
634.638 2.98293 -0.16869
634.638 3.04639 -0.149546
634.638 3.10986 -0.1298
634.638 3.17333 -0.109531
634.638 3.23679 -0.0888205
634.638 3.30026 -0.0677529
634.638 3.36373 -0.0464123
634.638 3.42719 -0.0248848
634.638 3.49066 -0.00325719
634.638 3.55413 0.0183835
634.638 3.61759 0.0399502
634.638 3.68106 0.0613562
634.638 3.74452 0.0825148
634.638 3.80799 0.103341
634.638 3.87146 0.123752
634.638 3.93492 0.143664
634.638 3.99839 0.162998
634.638 4.06186 0.181675
634.638 4.12532 0.199621
634.638 4.18879 0.216763
634.638 4.25226 0.233032
634.638 4.31572 0.248363
634.638 4.37919 0.262693
634.638 4.44266 0.275966
634.638 4.50612 0.288128
634.638 4.56959 0.299129
634.638 4.63306 0.308926
634.638 4.69652 0.31748
634.638 4.75999 0.324755
634.638 4.82346 0.330721
634.638 4.88692 0.335357
634.638 4.95039 0.338642
634.638 5.01385 0.340563
634.638 5.07732 0.341113
634.638 5.14079 0.34029
634.638 5.20425 0.338096
634.638 5.26772 0.334541
634.638 5.33119 0.329639
634.638 5.39465 0.323409
634.638 5.45812 0.315878
634.638 5.52159 0.307074
634.638 5.58505 0.297034
634.638 5.64852 0.285797
634.638 5.71199 0.273411
634.638 5.77545 0.259922
634.638 5.83892 0.245388
634.638 5.90239 0.229866
634.638 5.96585 0.213417
634.638 6.02932 0.19611
634.638 6.09279 0.178012
634.638 6.15625 0.159198
634.638 6.21972 0.139743
634.638 6.28319 0.119725
635.639 0 -0.0162907
635.639 0.0634665 0.00776598
635.639 0.126933 0.0317913
635.639 0.1904 0.0556884
635.639 0.253866 0.0793615
635.639 0.317333 0.102715
635.639 0.380799 0.125655
635.639 0.444266 0.148089
635.639 0.507732 0.169927
635.639 0.571199 0.19108
635.639 0.634665 0.211464
635.639 0.698132 0.230996
635.639 0.761598 0.249599
635.639 0.825065 0.267196
635.639 0.888531 0.283718
635.639 0.951998 0.299096
635.639 1.01546 0.313271
635.639 1.07893 0.326184
635.639 1.1424 0.337784
635.639 1.20586 0.348024
635.639 1.26933 0.356862
635.639 1.3328 0.364263
635.639 1.39626 0.370198
635.639 1.45973 0.374642
635.639 1.5232 0.377577
635.639 1.58666 0.378992
635.639 1.65013 0.378881
635.639 1.7136 0.377244
635.639 1.77706 0.374089
635.639 1.84053 0.369426
635.639 1.904 0.363277
635.639 1.96746 0.355665
635.639 2.03093 0.34662
635.639 2.0944 0.336179
635.639 2.15786 0.324386
635.639 2.22133 0.311286
635.639 2.28479 0.296932
635.639 2.34826 0.281383
635.639 2.41173 0.264701
635.639 2.47519 0.246952
635.639 2.53866 0.22821
635.639 2.60213 0.208548
635.639 2.66559 0.188047
635.639 2.72906 0.166789
635.639 2.79253 0.144859
635.639 2.85599 0.122346
635.639 2.91946 0.09934
635.639 2.98293 0.075934
635.639 3.04639 0.0522225
635.639 3.10986 0.0283005
635.639 3.17333 0.0042645
635.639 3.23679 -0.0197884
635.639 3.30026 -0.0437618
635.639 3.36373 -0.0675589
635.639 3.42719 -0.091084
635.639 3.49066 -0.114243
635.639 3.55413 -0.136941
635.639 3.61759 -0.159088
635.639 3.68106 -0.180594
635.639 3.74452 -0.201373
635.639 3.80799 -0.221342
635.639 3.87146 -0.240419
635.639 3.93492 -0.258527
635.639 3.99839 -0.275596
635.639 4.06186 -0.291554
635.639 4.12532 -0.306338
635.639 4.18879 -0.319889
635.639 4.25226 -0.332151
635.639 4.31572 -0.343077
635.639 4.37919 -0.352621
635.639 4.44266 -0.360744
635.639 4.50612 -0.367416
635.639 4.56959 -0.372607
635.639 4.63306 -0.376299
635.639 4.69652 -0.378475
635.639 4.75999 -0.379127
635.639 4.82346 -0.378253
635.639 4.88692 -0.375856
635.639 4.95039 -0.371945
635.639 5.01385 -0.366536
635.639 5.07732 -0.359651
635.639 5.14079 -0.351319
635.639 5.20425 -0.341571
635.639 5.26772 -0.330449
635.639 5.33119 -0.317996
635.639 5.39465 -0.304262
635.639 5.45812 -0.289303
635.639 5.52159 -0.273179
635.639 5.58505 -0.255956
635.639 5.64852 -0.237701
635.639 5.71199 -0.218489
635.639 5.77545 -0.198398
635.639 5.83892 -0.177508
635.639 5.90239 -0.155903
635.639 5.96585 -0.13367
635.639 6.02932 -0.110899
635.639 6.09279 -0.0876812
635.639 6.15625 -0.0641104
635.639 6.21972 -0.0402818
635.639 6.28319 -0.0162906
636.64 0 -0.0178636
636.64 0.0634665 0.000954609
636.64 0.126933 0.0197691
636.64 0.1904 0.0385041
636.64 0.253866 0.0570842
636.64 0.317333 0.0754339
636.64 0.380799 0.0934803
636.64 0.444266 0.11115
636.64 0.507732 0.128372
636.64 0.571199 0.145078
636.64 0.634665 0.161199
636.64 0.698132 0.176671
636.64 0.761598 0.191432
636.64 0.825065 0.205422
636.64 0.888531 0.218585
636.64 0.951998 0.230867
636.64 1.01546 0.242221
636.64 1.07893 0.252598
636.64 1.1424 0.261958
636.64 1.20586 0.270264
636.64 1.26933 0.277482
636.64 1.3328 0.283582
636.64 1.39626 0.28854
636.64 1.45973 0.292336
636.64 1.5232 0.294955
636.64 1.58666 0.296387
636.64 1.65013 0.296625
636.64 1.7136 0.295669
636.64 1.77706 0.293522
636.64 1.84053 0.290193
636.64 1.904 0.285696
636.64 1.96746 0.280049
636.64 2.03093 0.273273
636.64 2.0944 0.265397
636.64 2.15786 0.256453
636.64 2.22133 0.246476
636.64 2.28479 0.235507
636.64 2.34826 0.223589
636.64 2.41173 0.210771
636.64 2.47519 0.197104
636.64 2.53866 0.182644
636.64 2.60213 0.167448
636.64 2.66559 0.151578
636.64 2.72906 0.135097
636.64 2.79253 0.118073
636.64 2.85599 0.100573
636.64 2.91946 0.0826677
636.64 2.98293 0.0644301
636.64 3.04639 0.0459328
636.64 3.10986 0.0272508
636.64 3.17333 0.00845873
636.64 3.23679 -0.010367
636.64 3.30026 -0.0291513
636.64 3.36373 -0.0478183
636.64 3.42719 -0.0662926
636.64 3.49066 -0.0844998
636.64 3.55413 -0.102367
636.64 3.61759 -0.119822
636.64 3.68106 -0.136794
636.64 3.74452 -0.153216
636.64 3.80799 -0.16902
636.64 3.87146 -0.184145
636.64 3.93492 -0.198527
636.64 3.99839 -0.21211
636.64 4.06186 -0.224839
636.64 4.12532 -0.236663
636.64 4.18879 -0.247534
636.64 4.25226 -0.257408
636.64 4.31572 -0.266245
636.64 4.37919 -0.274011
636.64 4.44266 -0.280673
636.64 4.50612 -0.286205
636.64 4.56959 -0.290584
636.64 4.63306 -0.293794
636.64 4.69652 -0.29582
636.64 4.75999 -0.296656
636.64 4.82346 -0.296296
636.64 4.88692 -0.294744
636.64 4.95039 -0.292005
636.64 5.01385 -0.28809
636.64 5.07732 -0.283015
636.64 5.14079 -0.2768
636.64 5.20425 -0.269471
636.64 5.26772 -0.261057
636.64 5.33119 -0.251591
636.64 5.39465 -0.241113
636.64 5.45812 -0.229663
636.64 5.52159 -0.217289
636.64 5.58505 -0.20404
636.64 5.64852 -0.189969
636.64 5.71199 -0.175134
636.64 5.77545 -0.159593
636.64 5.83892 -0.143409
636.64 5.90239 -0.126649
636.64 5.96585 -0.109378
636.64 6.02932 -0.0916664
636.64 6.09279 -0.0735859
636.64 6.15625 -0.0552092
636.64 6.21972 -0.03661
636.64 6.28319 -0.0178635
637.641 0 -0.261577
637.641 0.0634665 -0.266524
637.641 0.126933 -0.270398
637.641 0.1904 -0.273183
637.641 0.253866 -0.274868
637.641 0.317333 -0.275446
637.641 0.380799 -0.274915
637.641 0.444266 -0.273277
637.641 0.507732 -0.270539
637.641 0.571199 -0.266711
637.641 0.634665 -0.26181
637.641 0.698132 -0.255854
637.641 0.761598 -0.248868
637.641 0.825065 -0.24088
637.641 0.888531 -0.231922
637.641 0.951998 -0.22203
637.641 1.01546 -0.211244
637.641 1.07893 -0.199607
637.641 1.1424 -0.187167
637.641 1.20586 -0.173973
637.641 1.26933 -0.160078
637.641 1.3328 -0.145539
637.641 1.39626 -0.130414
637.641 1.45973 -0.114764
637.641 1.5232 -0.0986517
637.641 1.58666 -0.082142
637.641 1.65013 -0.0653016
637.641 1.7136 -0.0481984
637.641 1.77706 -0.030901
637.641 1.84053 -0.0134792
637.641 1.904 0.00399685
637.641 1.96746 0.021457
637.641 2.03093 0.0388305
637.641 2.0944 0.0560477
637.641 2.15786 0.0730392
637.641 2.22133 0.0897367
637.641 2.28479 0.106073
637.641 2.34826 0.121982
637.641 2.41173 0.1374
637.641 2.47519 0.152264
637.641 2.53866 0.166516
637.641 2.60213 0.180097
637.641 2.66559 0.192952
637.641 2.72906 0.205031
637.641 2.79253 0.216284
637.641 2.85599 0.226667
637.641 2.91946 0.236136
637.641 2.98293 0.244655
637.641 3.04639 0.252189
637.641 3.10986 0.258707
637.641 3.17333 0.264183
637.641 3.23679 0.268596
637.641 3.30026 0.271927
637.641 3.36373 0.274163
637.641 3.42719 0.275295
637.641 3.49066 0.275319
637.641 3.55413 0.274234
637.641 3.61759 0.272045
637.641 3.68106 0.26876
637.641 3.74452 0.264394
637.641 3.80799 0.258962
637.641 3.87146 0.252488
637.641 3.93492 0.244997
637.641 3.99839 0.23652
637.641 4.06186 0.22709
637.641 4.12532 0.216746
637.641 4.18879 0.205529
637.641 4.25226 0.193485
637.641 4.31572 0.180661
637.641 4.37919 0.16711
637.641 4.44266 0.152886
637.641 4.50612 0.138046
637.641 4.56959 0.122651
637.641 4.63306 0.106762
637.641 4.69652 0.0904424
637.641 4.75999 0.073759
637.641 4.82346 0.0567786
637.641 4.88692 0.0395696
637.641 4.95039 0.0222013
637.641 5.01385 0.00474353
637.641 5.07732 -0.0127334
637.641 5.14079 -0.0301589
637.641 5.20425 -0.0474631
637.641 5.26772 -0.064576
637.641 5.33119 -0.081429
637.641 5.39465 -0.0979541
637.641 5.45812 -0.114085
637.641 5.52159 -0.129756
637.641 5.58505 -0.144905
637.641 5.64852 -0.15947
637.641 5.71199 -0.173393
637.641 5.77545 -0.186618
637.641 5.83892 -0.199092
637.641 5.90239 -0.210764
637.641 5.96585 -0.221587
637.641 6.02932 -0.231518
637.641 6.09279 -0.240517
637.641 6.15625 -0.248547
637.641 6.21972 -0.255577
637.641 6.28319 -0.261577
638.642 0 0.0951486
638.642 0.0634665 0.0813876
638.642 0.126933 0.0672986
638.642 0.1904 0.0529387
638.642 0.253866 0.0383658
638.642 0.317333 0.0236381
638.642 0.380799 0.0088156
638.642 0.444266 -0.00604271
638.642 0.507732 -0.0208765
638.642 0.571199 -0.0356264
638.642 0.634665 -0.0502327
638.642 0.698132 -0.0646368
638.642 0.761598 -0.0787806
638.642 0.825065 -0.0926072
638.642 0.888531 -0.106061
638.642 0.951998 -0.119088
638.642 1.01546 -0.131635
638.642 1.07893 -0.143652
638.642 1.1424 -0.15509
638.642 1.20586 -0.165904
638.642 1.26933 -0.176051
638.642 1.3328 -0.185488
638.642 1.39626 -0.194178
638.642 1.45973 -0.202086
638.642 1.5232 -0.209181
638.642 1.58666 -0.215433
638.642 1.65013 -0.220818
638.642 1.7136 -0.225314
638.642 1.77706 -0.228903
638.642 1.84053 -0.231569
638.642 1.904 -0.233304
638.642 1.96746 -0.234099
638.642 2.03093 -0.233951
638.642 2.0944 -0.232861
638.642 2.15786 -0.230834
638.642 2.22133 -0.227877
638.642 2.28479 -0.224003
638.642 2.34826 -0.219226
638.642 2.41173 -0.213567
638.642 2.47519 -0.207048
638.642 2.53866 -0.199695
638.642 2.60213 -0.191537
638.642 2.66559 -0.182609
638.642 2.72906 -0.172946
638.642 2.79253 -0.162586
638.642 2.85599 -0.151571
638.642 2.91946 -0.139946
638.642 2.98293 -0.127758
638.642 3.04639 -0.115055
638.642 3.10986 -0.101889
638.642 3.17333 -0.0883127
638.642 3.23679 -0.0743807
638.642 3.30026 -0.0601491
638.642 3.36373 -0.0456751
638.642 3.42719 -0.0310177
638.642 3.49066 -0.016235
638.642 3.55413 -0.00138699
638.642 3.61759 0.0134664
638.642 3.68106 0.0282658
638.642 3.74452 0.0429511
638.642 3.80799 0.0574637
638.642 3.87146 0.0717449
638.642 3.93492 0.0857371
638.642 3.99839 0.0993841
638.642 4.06186 0.112631
638.642 4.12532 0.125424
638.642 4.18879 0.137712
638.642 4.25226 0.149446
638.642 4.31572 0.160578
638.642 4.37919 0.171064
638.642 4.44266 0.18086
638.642 4.50612 0.189928
638.642 4.56959 0.198232
638.642 4.63306 0.205737
638.642 4.69652 0.212414
638.642 4.75999 0.218236
638.642 4.82346 0.223179
638.642 4.88692 0.227223
638.642 4.95039 0.230352
638.642 5.01385 0.232554
638.642 5.07732 0.233819
638.642 5.14079 0.234143
638.642 5.20425 0.233524
638.642 5.26772 0.231964
638.642 5.33119 0.229471
638.642 5.39465 0.226053
638.642 5.45812 0.221726
638.642 5.52159 0.216505
638.642 5.58505 0.210413
638.642 5.64852 0.203474
638.642 5.71199 0.195715
638.642 5.77545 0.187168
638.642 5.83892 0.177867
638.642 5.90239 0.167851
638.642 5.96585 0.157158
638.642 6.02932 0.145832
638.642 6.09279 0.13392
638.642 6.15625 0.121468
638.642 6.21972 0.108527
638.642 6.28319 0.0951486
639.643 0 0.0758254
639.643 0.0634665 0.0845504
639.643 0.126933 0.0929351
639.643 0.1904 0.100945
639.643 0.253866 0.108549
639.643 0.317333 0.115716
639.643 0.380799 0.122417
639.643 0.444266 0.128625
639.643 0.507732 0.134315
639.643 0.571199 0.139464
639.643 0.634665 0.144052
639.643 0.698132 0.148059
639.643 0.761598 0.15147
639.643 0.825065 0.154272
639.643 0.888531 0.156452
639.643 0.951998 0.158002
639.643 1.01546 0.158917
639.643 1.07893 0.159191
639.643 1.1424 0.158824
639.643 1.20586 0.157818
639.643 1.26933 0.156176
639.643 1.3328 0.153905
639.643 1.39626 0.151014
639.643 1.45973 0.147516
639.643 1.5232 0.143423
639.643 1.58666 0.138753
639.643 1.65013 0.133525
639.643 1.7136 0.127758
639.643 1.77706 0.121477
639.643 1.84053 0.114707
639.643 1.904 0.107476
639.643 1.96746 0.099811
639.643 2.03093 0.0917443
639.643 2.0944 0.0833084
639.643 2.15786 0.074537
639.643 2.22133 0.0654655
639.643 2.28479 0.0561303
639.643 2.34826 0.0465691
639.643 2.41173 0.0368204
639.643 2.47519 0.0269234
639.643 2.53866 0.0169181
639.643 2.60213 0.00684468
639.643 2.66559 -0.00325643
639.643 2.72906 -0.0133444
639.643 2.79253 -0.0233785
639.643 2.85599 -0.0333186
639.643 2.91946 -0.0431245
639.643 2.98293 -0.0527567
639.643 3.04639 -0.0621767
639.643 3.10986 -0.071346
639.643 3.17333 -0.0802283
639.643 3.23679 -0.0887873
639.643 3.30026 -0.0969889
639.643 3.36373 -0.1048
639.643 3.42719 -0.112189
639.643 3.49066 -0.119126
639.643 3.55413 -0.125584
639.643 3.61759 -0.131536
639.643 3.68106 -0.136958
639.643 3.74452 -0.141829
639.643 3.80799 -0.146129
639.643 3.87146 -0.14984
639.643 3.93492 -0.152948
639.643 3.99839 -0.15544
639.643 4.06186 -0.157306
639.643 4.12532 -0.158539
639.643 4.18879 -0.159134
639.643 4.25226 -0.159087
639.643 4.31572 -0.1584
639.643 4.37919 -0.157076
639.643 4.44266 -0.155118
639.643 4.50612 -0.152536
639.643 4.56959 -0.149341
639.643 4.63306 -0.145543
639.643 4.69652 -0.141159
639.643 4.75999 -0.136208
639.643 4.82346 -0.130707
639.643 4.88692 -0.124681
639.643 4.95039 -0.118152
639.643 5.01385 -0.111147
639.643 5.07732 -0.103695
639.643 5.14079 -0.0958258
639.643 5.20425 -0.0875704
639.643 5.26772 -0.0789625
639.643 5.33119 -0.0700365
639.643 5.39465 -0.0608284
639.643 5.45812 -0.0513756
639.643 5.52159 -0.041716
639.643 5.58505 -0.031888
639.643 5.64852 -0.0219319
639.643 5.71199 -0.0118874
639.643 5.77545 -0.00179504
639.643 5.83892 0.00830448
639.643 5.90239 0.0183707
639.643 5.96585 0.0283629
639.643 6.02932 0.0382408
639.643 6.09279 0.0479648
639.643 6.15625 0.0574957
639.643 6.21972 0.066795
639.643 6.28319 0.0758254
640.644 0 -0.139741
640.644 0.0634665 -0.124073
640.644 0.126933 -0.107905
640.644 0.1904 -0.0913033
640.644 0.253866 -0.0743334
640.644 0.317333 -0.0570641
640.644 0.380799 -0.0395652
640.644 0.444266 -0.0219069
640.644 0.507732 -0.00416048
640.644 0.571199 0.0136028
640.644 0.634665 0.0313114
640.644 0.698132 0.0488936
640.644 0.761598 0.0662794
640.644 0.825065 0.083398
640.644 0.888531 0.100181
640.644 0.951998 0.11656
640.644 1.01546 0.13247
640.644 1.07893 0.147847
640.644 1.1424 0.162628
640.644 1.20586 0.176755
640.644 1.26933 0.190169
640.644 1.3328 0.202818
640.644 1.39626 0.214651
640.644 1.45973 0.225619
640.644 1.5232 0.235678
640.644 1.58666 0.244789
640.644 1.65013 0.252913
640.644 1.7136 0.26002
640.644 1.77706 0.26608
640.644 1.84053 0.271068
640.644 1.904 0.274964
640.644 1.96746 0.277754
640.644 2.03093 0.279425
640.644 2.0944 0.27997
640.644 2.15786 0.279389
640.644 2.22133 0.277683
640.644 2.28479 0.274858
640.644 2.34826 0.270926
640.644 2.41173 0.265904
640.644 2.47519 0.259811
640.644 2.53866 0.252672
640.644 2.60213 0.244515
640.644 2.66559 0.235374
640.644 2.72906 0.225285
640.644 2.79253 0.214289
640.644 2.85599 0.20243
640.644 2.91946 0.189755
640.644 2.98293 0.176318
640.644 3.04639 0.162169
640.644 3.10986 0.147368
640.644 3.17333 0.131974
640.644 3.23679 0.116048
640.644 3.30026 0.0996544
640.644 3.36373 0.08286
640.644 3.42719 0.0657319
640.644 3.49066 0.0483389
640.644 3.55413 0.0307514
640.644 3.61759 0.0130401
640.644 3.68106 -0.00472366
640.644 3.74452 -0.0224684
640.644 3.80799 -0.0401226
640.644 3.87146 -0.0576153
640.644 3.93492 -0.0748763
640.644 3.99839 -0.0918354
640.644 4.06186 -0.108425
640.644 4.12532 -0.124578
640.644 4.18879 -0.140229
640.644 4.25226 -0.155316
640.644 4.31572 -0.169777
640.644 4.37919 -0.183554
640.644 4.44266 -0.196593
640.644 4.50612 -0.20884
640.644 4.56959 -0.220245
640.644 4.63306 -0.230765
640.644 4.69652 -0.240354
640.644 4.75999 -0.248976
640.644 4.82346 -0.256596
640.644 4.88692 -0.263182
640.644 4.95039 -0.268709
640.644 5.01385 -0.273154
640.644 5.07732 -0.276498
640.644 5.14079 -0.278729
640.644 5.20425 -0.279838
640.644 5.26772 -0.27982
640.644 5.33119 -0.278676
640.644 5.39465 -0.276409
640.644 5.45812 -0.273029
640.644 5.52159 -0.26855
640.644 5.58505 -0.26299
640.644 5.64852 -0.25637
640.644 5.71199 -0.248718
640.644 5.77545 -0.240065
640.644 5.83892 -0.230445
640.644 5.90239 -0.219897
640.644 5.96585 -0.208464
640.644 6.02932 -0.196191
640.644 6.09279 -0.183129
640.644 6.15625 -0.169328
640.644 6.21972 -0.154847
640.644 6.28319 -0.139741
641.645 0 0.326804
641.645 0.0634665 0.323329
641.645 0.126933 0.318552
641.645 0.1904 0.312493
641.645 0.253866 0.305175
641.645 0.317333 0.296628
641.645 0.380799 0.286887
641.645 0.444266 0.27599
641.645 0.507732 0.263983
641.645 0.571199 0.250912
641.645 0.634665 0.236831
641.645 0.698132 0.221797
641.645 0.761598 0.205869
641.645 0.825065 0.189112
641.645 0.888531 0.171594
641.645 0.951998 0.153385
641.645 1.01546 0.134559
641.645 1.07893 0.11519
641.645 1.1424 0.0953577
641.645 1.20586 0.0751414
641.645 1.26933 0.0546224
641.645 1.3328 0.0338836
641.645 1.39626 0.0130082
641.645 1.45973 -0.0079194
641.645 1.5232 -0.0288152
641.645 1.58666 -0.0495949
641.645 1.65013 -0.0701749
641.645 1.7136 -0.0904724
641.645 1.77706 -0.110406
641.645 1.84053 -0.129894
641.645 1.904 -0.14886
641.645 1.96746 -0.167226
641.645 2.03093 -0.184919
641.645 2.0944 -0.201867
641.645 2.15786 -0.218002
641.645 2.22133 -0.23326
641.645 2.28479 -0.247578
641.645 2.34826 -0.2609
641.645 2.41173 -0.27317
641.645 2.47519 -0.284341
641.645 2.53866 -0.294367
641.645 2.60213 -0.303208
641.645 2.66559 -0.310827
641.645 2.72906 -0.317195
641.645 2.79253 -0.322286
641.645 2.85599 -0.326079
641.645 2.91946 -0.328559
641.645 2.98293 -0.329716
641.645 3.04639 -0.329546
641.645 3.10986 -0.328049
641.645 3.17333 -0.325231
641.645 3.23679 -0.321102
641.645 3.30026 -0.315682
641.645 3.36373 -0.308989
641.645 3.42719 -0.301053
641.645 3.49066 -0.291904
641.645 3.55413 -0.281581
641.645 3.61759 -0.270123
641.645 3.68106 -0.257577
641.645 3.74452 -0.243995
641.645 3.80799 -0.22943
641.645 3.87146 -0.21394
641.645 3.93492 -0.19759
641.645 3.99839 -0.180444
641.645 4.06186 -0.162572
641.645 4.12532 -0.144044
641.645 4.18879 -0.124937
641.645 4.25226 -0.105327
641.645 4.31572 -0.0852923
641.645 4.37919 -0.0649144
641.645 4.44266 -0.0442755
641.645 4.50612 -0.0234578
641.645 4.56959 -0.00254572
641.645 4.63306 0.0183765
641.645 4.69652 0.0392247
641.645 4.75999 0.059915
641.645 4.82346 0.0803641
641.645 4.88692 0.10049
641.645 4.95039 0.12021
641.645 5.01385 0.139447
641.645 5.07732 0.158122
641.645 5.14079 0.176161
641.645 5.20425 0.19349
641.645 5.26772 0.21004
641.645 5.33119 0.225745
641.645 5.39465 0.24054
641.645 5.45812 0.254367
641.645 5.52159 0.267169
641.645 5.58505 0.278896
641.645 5.64852 0.289499
641.645 5.71199 0.298938
641.645 5.77545 0.307172
641.645 5.83892 0.31417
641.645 5.90239 0.319902
641.645 5.96585 0.324346
641.645 6.02932 0.327484
641.645 6.09279 0.329304
641.645 6.15625 0.329797
641.645 6.21972 0.328963
641.645 6.28319 0.326804
642.646 0 -0.313218
642.646 0.0634665 -0.316412
642.646 0.126933 -0.318333
642.646 0.1904 -0.318971
642.646 0.253866 -0.318325
642.646 0.317333 -0.316397
642.646 0.380799 -0.313195
642.646 0.444266 -0.308732
642.646 0.507732 -0.303026
642.646 0.571199 -0.296099
642.646 0.634665 -0.287981
642.646 0.698132 -0.278703
642.646 0.761598 -0.268302
642.646 0.825065 -0.256821
642.646 0.888531 -0.244306
642.646 0.951998 -0.230808
642.646 1.01546 -0.21638
642.646 1.07893 -0.20108
642.646 1.1424 -0.184971
642.646 1.20586 -0.168117
642.646 1.26933 -0.150587
642.646 1.3328 -0.13245
642.646 1.39626 -0.113779
642.646 1.45973 -0.0946507
642.646 1.5232 -0.0751408
642.646 1.58666 -0.0553285
642.646 1.65013 -0.0352934
642.646 1.7136 -0.0151163
642.646 1.77706 0.00512181
642.646 1.84053 0.0253394
642.646 1.904 0.0454547
642.646 1.96746 0.0653874
642.646 2.03093 0.0850564
642.646 2.0944 0.104383
642.646 2.15786 0.123289
642.646 2.22133 0.141699
642.646 2.28479 0.159538
642.646 2.34826 0.176735
642.646 2.41173 0.193221
642.646 2.47519 0.208927
642.646 2.53866 0.223793
642.646 2.60213 0.237758
642.646 2.66559 0.250766
642.646 2.72906 0.262763
642.646 2.79253 0.273703
642.646 2.85599 0.283541
642.646 2.91946 0.292236
642.646 2.98293 0.299755
642.646 3.04639 0.306067
642.646 3.10986 0.311147
642.646 3.17333 0.314974
642.646 3.23679 0.317532
642.646 3.30026 0.318812
642.646 3.36373 0.318808
642.646 3.42719 0.317521
642.646 3.49066 0.314955
642.646 3.55413 0.31112
642.646 3.61759 0.306033
642.646 3.68106 0.299714
642.646 3.74452 0.292187
642.646 3.80799 0.283484
642.646 3.87146 0.27364
642.646 3.93492 0.262694
642.646 3.99839 0.25069
642.646 4.06186 0.237677
642.646 4.12532 0.223706
642.646 4.18879 0.208835
642.646 4.25226 0.193123
642.646 4.31572 0.176633
642.646 4.37919 0.159432
642.646 4.44266 0.141589
642.646 4.50612 0.123176
642.646 4.56959 0.104267
642.646 4.63306 0.0849385
642.646 4.69652 0.0652677
642.646 4.75999 0.0453338
642.646 4.82346 0.0252175
642.646 4.88692 0.00499955
642.646 4.95039 -0.0152382
642.646 5.01385 -0.0354148
642.646 5.07732 -0.0554488
642.646 5.14079 -0.0752595
642.646 5.20425 -0.0947673
642.646 5.26772 -0.113893
642.646 5.33119 -0.132561
642.646 5.39465 -0.150695
642.646 5.45812 -0.168221
642.646 5.52159 -0.185071
642.646 5.58505 -0.201175
642.646 5.64852 -0.216469
642.646 5.71199 -0.230892
642.646 5.77545 -0.244385
642.646 5.83892 -0.256894
642.646 5.90239 -0.268369
642.646 5.96585 -0.278762
642.646 6.02932 -0.288033
642.646 6.09279 -0.296145
642.646 6.15625 -0.303064
642.646 6.21972 -0.308763
642.646 6.28319 -0.313218
643.647 0 0.762383
643.647 0.0634665 0.7419
643.647 0.126933 0.71843
643.647 0.1904 0.692067
643.647 0.253866 0.662917
643.647 0.317333 0.631098
643.647 0.380799 0.596738
643.647 0.444266 0.559975
643.647 0.507732 0.520956
643.647 0.571199 0.479841
643.647 0.634665 0.436793
643.647 0.698132 0.391986
643.647 0.761598 0.345601
643.647 0.825065 0.297824
643.647 0.888531 0.248849
643.647 0.951998 0.198871
643.647 1.01546 0.148092
643.647 1.07893 0.096717
643.647 1.1424 0.0449527
643.647 1.20586 -0.00699278
643.647 1.26933 -0.0589101
643.647 1.3328 -0.11059
643.647 1.39626 -0.161825
643.647 1.45973 -0.212408
643.647 1.5232 -0.262136
643.647 1.58666 -0.310808
643.647 1.65013 -0.358229
643.647 1.7136 -0.404208
643.647 1.77706 -0.448558
643.647 1.84053 -0.491103
643.647 1.904 -0.53167
643.647 1.96746 -0.570096
643.647 2.03093 -0.606227
643.647 2.0944 -0.639916
643.647 2.15786 -0.671029
643.647 2.22133 -0.69944
643.647 2.28479 -0.725035
643.647 2.34826 -0.74771
643.647 2.41173 -0.767374
643.647 2.47519 -0.783948
643.647 2.53866 -0.797366
643.647 2.60213 -0.807573
643.647 2.66559 -0.814528
643.647 2.72906 -0.818204
643.647 2.79253 -0.818584
643.647 2.85599 -0.815668
643.647 2.91946 -0.809469
643.647 2.98293 -0.800009
643.647 3.04639 -0.787328
643.647 3.10986 -0.771477
643.647 3.17333 -0.75252
643.647 3.23679 -0.730532
643.647 3.30026 -0.705603
643.647 3.36373 -0.677833
643.647 3.42719 -0.647333
643.647 3.49066 -0.614227
643.647 3.55413 -0.578648
643.647 3.61759 -0.540738
643.647 3.68106 -0.500651
643.647 3.74452 -0.458548
643.647 3.80799 -0.414598
643.647 3.87146 -0.368979
643.647 3.93492 -0.321875
643.647 3.99839 -0.273474
643.647 4.06186 -0.223972
643.647 4.12532 -0.173569
643.647 4.18879 -0.122466
643.647 4.25226 -0.0708704
643.647 4.31572 -0.0189893
643.647 4.37919 0.0329683
643.647 4.44266 0.0847926
643.647 4.50612 0.136276
643.647 4.56959 0.187211
643.647 4.63306 0.237392
643.647 4.69652 0.286616
643.647 4.75999 0.334687
643.647 4.82346 0.38141
643.647 4.88692 0.426597
643.647 4.95039 0.470067
643.647 5.01385 0.511644
643.647 5.07732 0.551161
643.647 5.14079 0.588458
643.647 5.20425 0.623386
643.647 5.26772 0.655804
643.647 5.33119 0.68558
643.647 5.39465 0.712596
643.647 5.45812 0.736743
643.647 5.52159 0.757923
643.647 5.58505 0.776052
643.647 5.64852 0.791055
643.647 5.71199 0.802873
643.647 5.77545 0.811459
643.647 5.83892 0.816777
643.647 5.90239 0.818805
643.647 5.96585 0.817538
643.647 6.02932 0.812978
643.647 6.09279 0.805144
643.647 6.15625 0.794069
643.647 6.21972 0.779796
643.647 6.28319 0.762383
644.648 0 0.186006
644.648 0.0634665 0.19722
644.648 0.126933 0.20764
644.648 0.1904 0.217224
644.648 0.253866 0.225934
644.648 0.317333 0.233733
644.648 0.380799 0.240591
644.648 0.444266 0.246481
644.648 0.507732 0.251378
644.648 0.571199 0.255263
644.648 0.634665 0.25812
644.648 0.698132 0.259938
644.648 0.761598 0.260709
644.648 0.825065 0.26043
644.648 0.888531 0.259103
644.648 0.951998 0.256732
644.648 1.01546 0.253328
644.648 1.07893 0.248903
644.648 1.1424 0.243476
644.648 1.20586 0.237069
644.648 1.26933 0.229708
644.648 1.3328 0.221421
644.648 1.39626 0.212243
644.648 1.45973 0.20221
644.648 1.5232 0.191362
644.648 1.58666 0.179745
644.648 1.65013 0.167403
644.648 1.7136 0.154388
644.648 1.77706 0.14075
644.648 1.84053 0.126546
644.648 1.904 0.111833
644.648 1.96746 0.0966692
644.648 2.03093 0.0811163
644.648 2.0944 0.0652363
644.648 2.15786 0.0490939
644.648 2.22133 0.0327538
644.648 2.28479 0.0162819
644.648 2.34826 -0.0002558
644.648 2.41173 -0.0167922
644.648 2.47519 -0.033261
644.648 2.53866 -0.0495961
644.648 2.60213 -0.0657314
644.648 2.66559 -0.0816019
644.648 2.72906 -0.0971439
644.648 2.79253 -0.112295
644.648 2.85599 -0.126993
644.648 2.91946 -0.141181
644.648 2.98293 -0.1548
644.648 3.04639 -0.167795
644.648 3.10986 -0.180115
644.648 3.17333 -0.191709
644.648 3.23679 -0.202532
644.648 3.30026 -0.212539
644.648 3.36373 -0.22169
644.648 3.42719 -0.229949
644.648 3.49066 -0.237282
644.648 3.55413 -0.243659
644.648 3.61759 -0.249055
644.648 3.68106 -0.253448
644.648 3.74452 -0.256821
644.648 3.80799 -0.25916
644.648 3.87146 -0.260455
644.648 3.93492 -0.260701
644.648 3.99839 -0.259898
644.648 4.06186 -0.258048
644.648 4.12532 -0.255158
644.648 4.18879 -0.251242
644.648 4.25226 -0.246314
644.648 4.31572 -0.240394
644.648 4.37919 -0.233506
644.648 4.44266 -0.225678
644.648 4.50612 -0.216941
644.648 4.56959 -0.20733
644.648 4.63306 -0.196885
644.648 4.69652 -0.185647
644.648 4.75999 -0.173661
644.648 4.82346 -0.160977
644.648 4.88692 -0.147644
644.648 4.95039 -0.133716
644.648 5.01385 -0.11925
644.648 5.07732 -0.104304
644.648 5.14079 -0.0889375
644.648 5.20425 -0.0732129
644.648 5.26772 -0.057194
644.648 5.33119 -0.0409445
644.648 5.39465 -0.0245301
644.648 5.45812 -0.00801717
644.648 5.52159 0.00852821
644.648 5.58505 0.0250394
644.648 5.64852 0.0414494
644.648 5.71199 0.0576926
644.648 5.77545 0.0737037
644.648 5.83892 0.0894178
644.648 5.90239 0.104772
644.648 5.96585 0.119704
644.648 6.02932 0.134155
644.648 6.09279 0.148065
644.648 6.15625 0.161379
644.648 6.21972 0.174042
644.648 6.28319 0.186006
645.649 0 -0.0507421
645.649 0.0634665 -0.0532325
645.649 0.126933 -0.0555088
645.649 0.1904 -0.0575616
645.649 0.253866 -0.0593825
645.649 0.317333 -0.0609642
645.649 0.380799 -0.0623007
645.649 0.444266 -0.0633861
645.649 0.507732 -0.0642164
645.649 0.571199 -0.0647881
645.649 0.634665 -0.0650989
645.649 0.698132 -0.0651476
645.649 0.761598 -0.0649339
645.649 0.825065 -0.0644587
645.649 0.888531 -0.063724
645.649 0.951998 -0.0627328
645.649 1.01546 -0.061489
645.649 1.07893 -0.0599974
645.649 1.1424 -0.0582644
645.649 1.20586 -0.0562968
645.649 1.26933 -0.0541023
645.649 1.3328 -0.05169
645.649 1.39626 -0.0490697
645.649 1.45973 -0.0462518
645.649 1.5232 -0.0432477
645.649 1.58666 -0.0400694
645.649 1.65013 -0.0367297
645.649 1.7136 -0.033242
645.649 1.77706 -0.0296209
645.649 1.84053 -0.02588
645.649 1.904 -0.0220351
645.649 1.96746 -0.0181015
645.649 2.03093 -0.0140951
645.649 2.0944 -0.0100316
645.649 2.15786 -0.00592796
645.649 2.22133 -0.00180038
645.649 2.28479 0.00233421
645.649 2.34826 0.00645972
645.649 2.41173 0.0105592
645.649 2.47519 0.0146158
645.649 2.53866 0.0186138
645.649 2.60213 0.0225369
645.649 2.66559 0.0263692
645.649 2.72906 0.0300951
645.649 2.79253 0.0337003
645.649 2.85599 0.0371695
645.649 2.91946 0.0404889
645.649 2.98293 0.0436455
645.649 3.04639 0.0466262
645.649 3.10986 0.0494193
645.649 3.17333 0.0520135
645.649 3.23679 0.0543981
645.649 3.30026 0.0565636
645.649 3.36373 0.0585015
645.649 3.42719 0.0602038
645.649 3.49066 0.0616636
645.649 3.55413 0.0628751
645.649 3.61759 0.0638333
645.649 3.68106 0.0645347
645.649 3.74452 0.0649763
645.649 3.80799 0.065156
645.649 3.87146 0.0650735
645.649 3.93492 0.0647288
645.649 3.99839 0.0641237
645.649 4.06186 0.0632603
645.649 4.12532 0.0621421
645.649 4.18879 0.0607738
645.649 4.25226 0.0591607
645.649 4.31572 0.0573093
645.649 4.37919 0.0552272
645.649 4.44266 0.0529228
645.649 4.50612 0.0504054
645.649 4.56959 0.0476847
645.649 4.63306 0.0447722
645.649 4.69652 0.0416794
645.649 4.75999 0.0384189
645.649 4.82346 0.0350036
645.649 4.88692 0.0314472
645.649 4.95039 0.0277642
645.649 5.01385 0.0239696
645.649 5.07732 0.0200785
645.649 5.14079 0.0161063
645.649 5.20425 0.0120695
645.649 5.26772 0.00798388
645.649 5.33119 0.00386605
645.649 5.39465 -0.000267078
645.649 5.45812 -0.00439906
645.649 5.52159 -0.00851342
645.649 5.58505 -0.0125939
645.649 5.64852 -0.0166232
645.649 5.71199 -0.0205856
645.649 5.77545 -0.0244651
645.649 5.83892 -0.0282464
645.649 5.90239 -0.0319139
645.649 5.96585 -0.0354528
645.649 6.02932 -0.038849
645.649 6.09279 -0.0420885
645.649 6.15625 -0.0451587
645.649 6.21972 -0.0480472
645.649 6.28319 -0.0507421
646.65 0 0.121738
646.65 0.0634665 0.0995527
646.65 0.126933 0.0769665
646.65 0.1904 0.0540703
646.65 0.253866 0.0309564
646.65 0.317333 0.00771794
646.65 0.380799 -0.0155518
646.65 0.444266 -0.0387588
646.65 0.507732 -0.0618098
646.65 0.571199 -0.0846119
646.65 0.634665 -0.107073
646.65 0.698132 -0.129103
646.65 0.761598 -0.150614
646.65 0.825065 -0.171518
646.65 0.888531 -0.191731
646.65 0.951998 -0.211172
646.65 1.01546 -0.229763
646.65 1.07893 -0.247429
646.65 1.1424 -0.264098
646.65 1.20586 -0.279704
646.65 1.26933 -0.294184
646.65 1.3328 -0.307479
646.65 1.39626 -0.319536
646.65 1.45973 -0.330307
646.65 1.5232 -0.339747
646.65 1.58666 -0.34782
646.65 1.65013 -0.354491
646.65 1.7136 -0.359735
646.65 1.77706 -0.363531
646.65 1.84053 -0.365863
646.65 1.904 -0.366722
646.65 1.96746 -0.366104
646.65 2.03093 -0.364012
646.65 2.0944 -0.360454
646.65 2.15786 -0.355445
646.65 2.22133 -0.349005
646.65 2.28479 -0.341159
646.65 2.34826 -0.33194
646.65 2.41173 -0.321384
646.65 2.47519 -0.309533
646.65 2.53866 -0.296437
646.65 2.60213 -0.282147
646.65 2.66559 -0.26672
646.65 2.72906 -0.25022
646.65 2.79253 -0.232712
646.65 2.85599 -0.214267
646.65 2.91946 -0.194959
646.65 2.98293 -0.174867
646.65 3.04639 -0.15407
646.65 3.10986 -0.132653
646.65 3.17333 -0.110701
646.65 3.23679 -0.0883043
646.65 3.30026 -0.0655515
646.65 3.36373 -0.0425349
646.65 3.42719 -0.0193468
646.65 3.49066 0.00391892
646.65 3.55413 0.027169
646.65 3.61759 0.0503096
646.65 3.68106 0.0732479
646.65 3.74452 0.0958909
646.65 3.80799 0.118148
646.65 3.87146 0.139929
646.65 3.93492 0.161147
646.65 3.99839 0.181716
646.65 4.06186 0.201553
646.65 4.12532 0.220579
646.65 4.18879 0.238716
646.65 4.25226 0.255892
646.65 4.31572 0.272038
646.65 4.37919 0.287089
646.65 4.44266 0.300983
646.65 4.50612 0.313666
646.65 4.56959 0.325085
646.65 4.63306 0.335196
646.65 4.69652 0.343956
646.65 4.75999 0.351332
646.65 4.82346 0.357293
646.65 4.88692 0.361815
646.65 4.95039 0.364882
646.65 5.01385 0.366477
646.65 5.07732 0.366598
646.65 5.14079 0.365242
646.65 5.20425 0.362416
646.65 5.26772 0.35813
646.65 5.33119 0.352403
646.65 5.39465 0.345256
646.65 5.45812 0.336719
646.65 5.52159 0.326826
646.65 5.58505 0.315618
646.65 5.64852 0.303138
646.65 5.71199 0.289438
646.65 5.77545 0.274572
646.65 5.83892 0.2586
646.65 5.90239 0.241588
646.65 5.96585 0.223602
646.65 6.02932 0.204716
646.65 6.09279 0.185006
646.65 6.15625 0.164551
646.65 6.21972 0.143433
646.65 6.28319 0.121738
647.651 0 -0.323793
647.651 0.0634665 -0.332879
647.651 0.126933 -0.340626
647.651 0.1904 -0.347001
647.651 0.253866 -0.35198
647.651 0.317333 -0.35554
647.651 0.380799 -0.357669
647.651 0.444266 -0.358358
647.651 0.507732 -0.357603
647.651 0.571199 -0.355409
647.651 0.634665 -0.351784
647.651 0.698132 -0.346742
647.651 0.761598 -0.340304
647.651 0.825065 -0.332496
647.651 0.888531 -0.323348
647.651 0.951998 -0.312899
647.651 1.01546 -0.30119
647.651 1.07893 -0.288268
647.651 1.1424 -0.274185
647.651 1.20586 -0.258998
647.651 1.26933 -0.242769
647.651 1.3328 -0.225562
647.651 1.39626 -0.207447
647.651 1.45973 -0.188496
647.651 1.5232 -0.168786
647.651 1.58666 -0.148396
647.651 1.65013 -0.12741
647.651 1.7136 -0.10591
647.651 1.77706 -0.0839834
647.651 1.84053 -0.0617189
647.651 1.904 -0.0392057
647.651 1.96746 -0.0165348
647.651 2.03093 0.00620284
647.651 2.0944 0.0289154
647.651 2.15786 0.0515116
647.651 2.22133 0.0739003
647.651 2.28479 0.0959915
647.651 2.34826 0.117696
647.651 2.41173 0.138927
647.651 2.47519 0.159598
647.651 2.53866 0.179627
647.651 2.60213 0.198932
647.651 2.66559 0.217436
647.651 2.72906 0.235065
647.651 2.79253 0.251747
647.651 2.85599 0.267416
647.651 2.91946 0.282008
647.651 2.98293 0.295464
647.651 3.04639 0.30773
647.651 3.10986 0.318758
647.651 3.17333 0.328502
647.651 3.23679 0.336923
647.651 3.30026 0.343987
647.651 3.36373 0.349667
647.651 3.42719 0.353937
647.651 3.49066 0.356784
647.651 3.55413 0.358193
647.651 3.61759 0.358161
647.651 3.68106 0.356685
647.651 3.74452 0.353775
647.651 3.80799 0.349439
647.651 3.87146 0.343696
647.651 3.93492 0.336569
647.651 3.99839 0.328087
647.651 4.06186 0.318284
647.651 4.12532 0.307199
647.651 4.18879 0.294878
647.651 4.25226 0.281368
647.651 4.31572 0.266726
647.651 4.37919 0.25101
647.651 4.44266 0.234284
647.651 4.50612 0.216613
647.651 4.56959 0.198071
647.651 4.63306 0.178731
647.651 4.69652 0.158671
647.651 4.75999 0.137973
647.651 4.82346 0.116719
647.651 4.88692 0.0949943
647.651 4.95039 0.0728877
647.651 5.01385 0.0504877
647.651 5.07732 0.0278843
647.651 5.14079 0.00516857
647.651 5.20425 -0.0175679
647.651 5.26772 -0.0402338
647.651 5.33119 -0.0627375
647.651 5.39465 -0.0849888
647.651 5.45812 -0.106897
647.651 5.52159 -0.128376
647.651 5.58505 -0.149337
647.651 5.64852 -0.169698
647.651 5.71199 -0.189375
647.651 5.77545 -0.208289
647.651 5.83892 -0.226365
647.651 5.90239 -0.243529
647.651 5.96585 -0.259712
647.651 6.02932 -0.27485
647.651 6.09279 -0.288881
647.651 6.15625 -0.301749
647.651 6.21972 -0.313402
647.651 6.28319 -0.323793
648.652 0 0.185806
648.652 0.0634665 0.189861
648.652 0.126933 0.193152
648.652 0.1904 0.195665
648.652 0.253866 0.19739
648.652 0.317333 0.198321
648.652 0.380799 0.198453
648.652 0.444266 0.197786
648.652 0.507732 0.196322
648.652 0.571199 0.194068
648.652 0.634665 0.191032
648.652 0.698132 0.187228
648.652 0.761598 0.182669
648.652 0.825065 0.177375
648.652 0.888531 0.171367
648.652 0.951998 0.164668
648.652 1.01546 0.157306
648.652 1.07893 0.149312
648.652 1.1424 0.140715
648.652 1.20586 0.131553
648.652 1.26933 0.12186
648.652 1.3328 0.111677
648.652 1.39626 0.101044
648.652 1.45973 0.0900045
648.652 1.5232 0.0786022
648.652 1.58666 0.0668837
648.652 1.65013 0.0548957
648.652 1.7136 0.0426867
648.652 1.77706 0.0303057
648.652 1.84053 0.0178028
648.652 1.904 0.00522812
648.652 1.96746 -0.00736748
648.652 2.03093 -0.0199333
648.652 2.0944 -0.0324192
648.652 2.15786 -0.0447744
648.652 2.22133 -0.0569492
648.652 2.28479 -0.0688948
648.652 2.34826 -0.080563
648.652 2.41173 -0.0919068
648.652 2.47519 -0.102881
648.652 2.53866 -0.11344
648.652 2.60213 -0.123543
648.652 2.66559 -0.133148
648.652 2.72906 -0.142217
648.652 2.79253 -0.150713
648.652 2.85599 -0.158603
648.652 2.91946 -0.165853
648.652 2.98293 -0.172437
648.652 3.04639 -0.178325
648.652 3.10986 -0.183496
648.652 3.17333 -0.187928
648.652 3.23679 -0.191603
648.652 3.30026 -0.194507
648.652 3.36373 -0.196627
648.652 3.42719 -0.197955
648.652 3.49066 -0.198487
648.652 3.55413 -0.198219
648.652 3.61759 -0.197153
648.652 3.68106 -0.195293
648.652 3.74452 -0.192647
648.652 3.80799 -0.189225
648.652 3.87146 -0.185042
648.652 3.93492 -0.180113
648.652 3.99839 -0.174458
648.652 4.06186 -0.168102
648.652 4.12532 -0.161068
648.652 4.18879 -0.153386
648.652 4.25226 -0.145086
648.652 4.31572 -0.136203
648.652 4.37919 -0.12677
648.652 4.44266 -0.116827
648.652 4.50612 -0.106414
648.652 4.56959 -0.0955723
648.652 4.63306 -0.0843457
648.652 4.69652 -0.0727796
648.652 4.75999 -0.0609203
648.652 4.82346 -0.0488156
648.652 4.88692 -0.0365146
648.652 4.95039 -0.0240664
648.652 5.01385 -0.0115214
648.652 5.07732 0.00107018
648.652 5.14079 0.0136574
648.652 5.20425 0.0261897
648.652 5.26772 0.0386164
648.652 5.33119 0.0508875
648.652 5.39465 0.0629538
648.652 5.45812 0.0747667
648.652 5.52159 0.0862784
648.652 5.58505 0.0974426
648.652 5.64852 0.108215
648.652 5.71199 0.118551
648.652 5.77545 0.12841
648.652 5.83892 0.137752
648.652 5.90239 0.146539
648.652 5.96585 0.154736
648.652 6.02932 0.16231
648.652 6.09279 0.16923
648.652 6.15625 0.175469
648.652 6.21972 0.181002
648.652 6.28319 0.185806
649.653 0 -0.354192
649.653 0.0634665 -0.360609
649.653 0.126933 -0.365574
649.653 0.1904 -0.369067
649.653 0.253866 -0.371074
649.653 0.317333 -0.371587
649.653 0.380799 -0.370604
649.653 0.444266 -0.368128
649.653 0.507732 -0.36417
649.653 0.571199 -0.358745
649.653 0.634665 -0.351877
649.653 0.698132 -0.343591
649.653 0.761598 -0.333921
649.653 0.825065 -0.322907
649.653 0.888531 -0.310593
649.653 0.951998 -0.297029
649.653 1.01546 -0.282268
649.653 1.07893 -0.26637
649.653 1.1424 -0.2494
649.653 1.20586 -0.231426
649.653 1.26933 -0.21252
649.653 1.3328 -0.192758
649.653 1.39626 -0.17222
649.653 1.45973 -0.150988
649.653 1.5232 -0.129149
649.653 1.58666 -0.106789
649.653 1.65013 -0.0839999
649.653 1.7136 -0.060872
649.653 1.77706 -0.0374992
649.653 1.84053 -0.0139752
649.653 1.904 0.00960473
649.653 1.96746 0.0331463
649.653 2.03093 0.0565543
649.653 2.0944 0.0797347
649.653 2.15786 0.102594
649.653 2.22133 0.12504
649.653 2.28479 0.146982
649.653 2.34826 0.168333
649.653 2.41173 0.189006
649.653 2.47519 0.208918
649.653 2.53866 0.227989
649.653 2.60213 0.246141
649.653 2.66559 0.263303
649.653 2.72906 0.279404
649.653 2.79253 0.29438
649.653 2.85599 0.308171
649.653 2.91946 0.320721
649.653 2.98293 0.33198
649.653 3.04639 0.341901
649.653 3.10986 0.350447
649.653 3.17333 0.35758
649.653 3.23679 0.363274
649.653 3.30026 0.367505
649.653 3.36373 0.370257
649.653 3.42719 0.371518
649.653 3.49066 0.371282
649.653 3.55413 0.369552
649.653 3.61759 0.366333
649.653 3.68106 0.361639
649.653 3.74452 0.355489
649.653 3.80799 0.347909
649.653 3.87146 0.338927
649.653 3.93492 0.32858
649.653 3.99839 0.31691
649.653 4.06186 0.303964
649.653 4.12532 0.289794
649.653 4.18879 0.274457
649.653 4.25226 0.258015
649.653 4.31572 0.240534
649.653 4.37919 0.222085
649.653 4.44266 0.202741
649.653 4.50612 0.182581
649.653 4.56959 0.161685
649.653 4.63306 0.140139
649.653 4.69652 0.118028
649.653 4.75999 0.0954426
649.653 4.82346 0.0724724
649.653 4.88692 0.0492104
649.653 4.95039 0.0257502
649.653 5.01385 0.00218635
649.653 5.07732 -0.0213865
649.653 5.14079 -0.0448729
649.653 5.20425 -0.0681788
649.653 5.26772 -0.0912101
649.653 5.33119 -0.113874
649.653 5.39465 -0.13608
649.653 5.45812 -0.157737
649.653 5.52159 -0.17876
649.653 5.58505 -0.199062
649.653 5.64852 -0.218563
649.653 5.71199 -0.237184
649.653 5.77545 -0.25485
649.653 5.83892 -0.27149
649.653 5.90239 -0.287037
649.653 5.96585 -0.301427
649.653 6.02932 -0.314604
649.653 6.09279 -0.326515
649.653 6.15625 -0.33711
649.653 6.21972 -0.346348
649.653 6.28319 -0.354192
650.654 0 -0.0451641
650.654 0.0634665 -0.0642546
650.654 0.126933 -0.0830867
650.654 0.1904 -0.101584
650.654 0.253866 -0.119672
650.654 0.317333 -0.137279
650.654 0.380799 -0.154333
650.654 0.444266 -0.170765
650.654 0.507732 -0.18651
650.654 0.571199 -0.201504
650.654 0.634665 -0.215686
650.654 0.698132 -0.228999
650.654 0.761598 -0.241391
650.654 0.825065 -0.252811
650.654 0.888531 -0.263212
650.654 0.951998 -0.272554
650.654 1.01546 -0.280799
650.654 1.07893 -0.287913
650.654 1.1424 -0.293867
650.654 1.20586 -0.298638
650.654 1.26933 -0.302206
650.654 1.3328 -0.304558
650.654 1.39626 -0.305683
650.654 1.45973 -0.305578
650.654 1.5232 -0.304242
650.654 1.58666 -0.301681
650.654 1.65013 -0.297905
650.654 1.7136 -0.292929
650.654 1.77706 -0.286775
650.654 1.84053 -0.279465
650.654 1.904 -0.27103
650.654 1.96746 -0.261504
650.654 2.03093 -0.250924
650.654 2.0944 -0.239335
650.654 2.15786 -0.226781
650.654 2.22133 -0.213315
650.654 2.28479 -0.198989
650.654 2.34826 -0.183863
650.654 2.41173 -0.167995
650.654 2.47519 -0.151452
650.654 2.53866 -0.134298
650.654 2.60213 -0.116604
650.654 2.66559 -0.0984405
650.654 2.72906 -0.0798804
650.654 2.79253 -0.0609987
650.654 2.85599 -0.0418714
650.654 2.91946 -0.0225753
650.654 2.98293 -0.00318848
650.654 3.04639 0.0162113
650.654 3.10986 0.0355457
650.654 3.17333 0.054737
650.654 3.23679 0.0737078
650.654 3.30026 0.0923821
650.654 3.36373 0.110684
650.654 3.42719 0.128541
650.654 3.49066 0.145879
650.654 3.55413 0.162631
650.654 3.61759 0.178727
650.654 3.68106 0.194104
650.654 3.74452 0.208699
650.654 3.80799 0.222454
650.654 3.87146 0.235314
650.654 3.93492 0.247225
650.654 3.99839 0.258142
650.654 4.06186 0.268018
650.654 4.12532 0.276816
650.654 4.18879 0.284499
650.654 4.25226 0.291036
650.654 4.31572 0.296402
650.654 4.37919 0.300573
650.654 4.44266 0.303535
650.654 4.50612 0.305275
650.654 4.56959 0.305785
650.654 4.63306 0.305064
650.654 4.69652 0.303114
650.654 4.75999 0.299944
650.654 4.82346 0.295566
650.654 4.88692 0.289998
650.654 4.95039 0.283263
650.654 5.01385 0.275386
650.654 5.07732 0.266401
650.654 5.14079 0.256343
650.654 5.20425 0.245253
650.654 5.26772 0.233175
650.654 5.33119 0.220159
650.654 5.39465 0.206256
650.654 5.45812 0.191522
650.654 5.52159 0.176018
650.654 5.58505 0.159804
650.654 5.64852 0.142947
650.654 5.71199 0.125514
650.654 5.77545 0.107577
650.654 5.83892 0.0892055
650.654 5.90239 0.070475
650.654 5.96585 0.0514609
650.654 6.02932 0.0322396
650.654 6.09279 0.0128884
650.654 6.15625 -0.00651482
650.654 6.21972 -0.0258915
650.654 6.28319 -0.0451641
651.655 0 -0.15959
651.655 0.0634665 -0.14445
651.655 0.126933 -0.128729
651.655 0.1904 -0.11249
651.655 0.253866 -0.0957972
651.655 0.317333 -0.0787188
651.655 0.380799 -0.0613238
651.655 0.444266 -0.0436813
651.655 0.507732 -0.0258635
651.655 0.571199 -0.00794137
651.655 0.634665 0.0100129
651.655 0.698132 0.027927
651.655 0.761598 0.0457283
651.655 0.825065 0.0633454
651.655 0.888531 0.0807076
651.655 0.951998 0.0977447
651.655 1.01546 0.114388
651.655 1.07893 0.130572
651.655 1.1424 0.146229
651.655 1.20586 0.161297
651.655 1.26933 0.175716
651.655 1.3328 0.189428
651.655 1.39626 0.202376
651.655 1.45973 0.21451
651.655 1.5232 0.22578
651.655 1.58666 0.236141
651.655 1.65013 0.245551
651.655 1.7136 0.253972
651.655 1.77706 0.261371
651.655 1.84053 0.267717
651.655 1.904 0.272985
651.655 1.96746 0.277154
651.655 2.03093 0.280207
651.655 2.0944 0.282132
651.655 2.15786 0.28292
651.655 2.22133 0.282569
651.655 2.28479 0.281081
651.655 2.34826 0.278461
651.655 2.41173 0.27472
651.655 2.47519 0.269871
651.655 2.53866 0.263938
651.655 2.60213 0.25694
651.655 2.66559 0.248908
651.655 2.72906 0.239874
651.655 2.79253 0.229874
651.655 2.85599 0.218949
651.655 2.91946 0.207141
651.655 2.98293 0.1945
651.655 3.04639 0.181076
651.655 3.10986 0.166922
651.655 3.17333 0.152097
651.655 3.23679 0.136659
651.655 3.30026 0.12067
651.655 3.36373 0.104196
651.655 3.42719 0.0873019
651.655 3.49066 0.0700565
651.655 3.55413 0.052529
651.655 3.61759 0.0347897
651.655 3.68106 0.0169109
651.655 3.74452 -0.00103633
651.655 3.80799 -0.0189793
651.655 3.87146 -0.036846
651.655 3.93492 -0.0545643
651.655 3.99839 -0.0720629
651.655 4.06186 -0.0892712
651.655 4.12532 -0.10612
651.655 4.18879 -0.122542
651.655 4.25226 -0.13847
651.655 4.31572 -0.15384
651.655 4.37919 -0.168592
651.655 4.44266 -0.182664
651.655 4.50612 -0.196001
651.655 4.56959 -0.208548
651.655 4.63306 -0.220256
651.655 4.69652 -0.231077
651.655 4.75999 -0.240967
651.655 4.82346 -0.249887
651.655 4.88692 -0.257801
651.655 4.95039 -0.264677
651.655 5.01385 -0.270487
651.655 5.07732 -0.275208
651.655 5.14079 -0.278821
651.655 5.20425 -0.281311
651.655 5.26772 -0.282668
651.655 5.33119 -0.282887
651.655 5.39465 -0.281967
651.655 5.45812 -0.279912
651.655 5.52159 -0.27673
651.655 5.58505 -0.272433
651.655 5.64852 -0.267039
651.655 5.71199 -0.26057
651.655 5.77545 -0.253052
651.655 5.83892 -0.244515
651.655 5.90239 -0.234993
651.655 5.96585 -0.224525
651.655 6.02932 -0.213152
651.655 6.09279 -0.200922
651.655 6.15625 -0.187883
651.655 6.21972 -0.174087
651.655 6.28319 -0.15959
652.656 0 -0.12849
652.656 0.0634665 -0.110331
652.656 0.126933 -0.0917269
652.656 0.1904 -0.072754
652.656 0.253866 -0.0534882
652.656 0.317333 -0.0340069
652.656 0.380799 -0.0143886
652.656 0.444266 0.0052874
652.656 0.507732 0.0249422
652.656 0.571199 0.0444967
652.656 0.634665 0.0638717
652.656 0.698132 0.08299
652.656 0.761598 0.101774
652.656 0.825065 0.120148
652.656 0.888531 0.138038
652.656 0.951998 0.155373
652.656 1.01546 0.172082
652.656 1.07893 0.188097
652.656 1.1424 0.203356
652.656 1.20586 0.217795
652.656 1.26933 0.231358
652.656 1.3328 0.243989
652.656 1.39626 0.255638
652.656 1.45973 0.266257
652.656 1.5232 0.275804
652.656 1.58666 0.284241
652.656 1.65013 0.291533
652.656 1.7136 0.297651
652.656 1.77706 0.30257
652.656 1.84053 0.306272
652.656 1.904 0.30874
652.656 1.96746 0.309964
652.656 2.03093 0.309941
652.656 2.0944 0.30867
652.656 2.15786 0.306156
652.656 2.22133 0.302409
652.656 2.28479 0.297444
652.656 2.34826 0.291281
652.656 2.41173 0.283946
652.656 2.47519 0.275468
652.656 2.53866 0.26588
652.656 2.60213 0.255221
652.656 2.66559 0.243535
652.656 2.72906 0.230868
652.656 2.79253 0.217272
652.656 2.85599 0.202801
652.656 2.91946 0.187513
652.656 2.98293 0.17147
652.656 3.04639 0.154736
652.656 3.10986 0.13738
652.656 3.17333 0.11947
652.656 3.23679 0.10108
652.656 3.30026 0.0822819
652.656 3.36373 0.0631528
652.656 3.42719 0.0437696
652.656 3.49066 0.02421
652.656 3.55413 0.00455284
652.656 3.61759 -0.0151225
652.656 3.68106 -0.034737
652.656 3.74452 -0.0542115
652.656 3.80799 -0.0734679
652.656 3.87146 -0.0924283
652.656 3.93492 -0.111017
652.656 3.99839 -0.129158
652.656 4.06186 -0.146779
652.656 4.12532 -0.163809
652.656 4.18879 -0.18018
652.656 4.25226 -0.195825
652.656 4.31572 -0.210682
652.656 4.37919 -0.22469
652.656 4.44266 -0.237793
652.656 4.50612 -0.249939
652.656 4.56959 -0.261079
652.656 4.63306 -0.271167
652.656 4.69652 -0.280164
652.656 4.75999 -0.288032
652.656 4.82346 -0.29474
652.656 4.88692 -0.300262
652.656 4.95039 -0.304575
652.656 5.01385 -0.307661
652.656 5.07732 -0.309508
652.656 5.14079 -0.310109
652.656 5.20425 -0.309461
652.656 5.26772 -0.307567
652.656 5.33119 -0.304435
652.656 5.39465 -0.300077
652.656 5.45812 -0.294511
652.656 5.52159 -0.287759
652.656 5.58505 -0.279848
652.656 5.64852 -0.27081
652.656 5.71199 -0.260682
652.656 5.77545 -0.249504
652.656 5.83892 -0.237321
652.656 5.90239 -0.224183
652.656 5.96585 -0.210142
652.656 6.02932 -0.195255
652.656 6.09279 -0.179582
652.656 6.15625 -0.163185
652.656 6.21972 -0.146132
652.656 6.28319 -0.12849
653.657 0 -0.242426
653.657 0.0634665 -0.237888
653.657 0.126933 -0.232392
653.657 0.1904 -0.225961
653.657 0.253866 -0.218619
653.657 0.317333 -0.210398
653.657 0.380799 -0.201329
653.657 0.444266 -0.191449
653.657 0.507732 -0.180798
653.657 0.571199 -0.16942
653.657 0.634665 -0.157359
653.657 0.698132 -0.144665
653.657 0.761598 -0.131388
653.657 0.825065 -0.117583
653.657 0.888531 -0.103303
653.657 0.951998 -0.0886079
653.657 1.01546 -0.0735558
653.657 1.07893 -0.0582076
653.657 1.1424 -0.0426248
653.657 1.20586 -0.0268707
653.657 1.26933 -0.0110081
653.657 1.3328 0.00489862
653.657 1.39626 0.0207858
653.657 1.45973 0.0365891
653.657 1.5232 0.0522452
653.657 1.58666 0.0676909
653.657 1.65013 0.0828639
653.657 1.7136 0.0977035
653.657 1.77706 0.112149
653.657 1.84053 0.126144
653.657 1.904 0.13963
653.657 1.96746 0.152555
653.657 2.03093 0.164865
653.657 2.0944 0.176511
653.657 2.15786 0.187446
653.657 2.22133 0.197627
653.657 2.28479 0.207012
653.657 2.34826 0.215563
653.657 2.41173 0.223246
653.657 2.47519 0.23003
653.657 2.53866 0.235889
653.657 2.60213 0.240797
653.657 2.66559 0.244736
653.657 2.72906 0.247689
653.657 2.79253 0.249644
653.657 2.85599 0.250595
653.657 2.91946 0.250537
653.657 2.98293 0.249469
653.657 3.04639 0.247397
653.657 3.10986 0.244329
653.657 3.17333 0.240278
653.657 3.23679 0.235258
653.657 3.30026 0.229292
653.657 3.36373 0.222402
653.657 3.42719 0.214616
653.657 3.49066 0.205967
653.657 3.55413 0.196488
653.657 3.61759 0.186217
653.657 3.68106 0.175197
653.657 3.74452 0.163472
653.657 3.80799 0.151088
653.657 3.87146 0.138096
653.657 3.93492 0.124548
653.657 3.99839 0.110498
653.657 4.06186 0.0960041
653.657 4.12532 0.0811227
653.657 4.18879 0.0659148
653.657 4.25226 0.0504417
653.657 4.31572 0.0347653
653.657 4.37919 0.0189488
653.657 4.44266 0.00305637
653.657 4.50612 -0.0128487
653.657 4.56959 -0.0287019
653.657 4.63306 -0.0444395
653.657 4.69652 -0.0599982
653.657 4.75999 -0.0753154
653.657 4.82346 -0.0903291
653.657 4.88692 -0.104979
653.657 4.95039 -0.119207
653.657 5.01385 -0.132954
653.657 5.07732 -0.146166
653.657 5.14079 -0.15879
653.657 5.20425 -0.170774
653.657 5.26772 -0.18207
653.657 5.33119 -0.192633
653.657 5.39465 -0.202421
653.657 5.45812 -0.211394
653.657 5.52159 -0.219515
653.657 5.58505 -0.226752
653.657 5.64852 -0.233077
653.657 5.71199 -0.238463
653.657 5.77545 -0.242888
653.657 5.83892 -0.246336
653.657 5.90239 -0.248792
653.657 5.96585 -0.250246
653.657 6.02932 -0.250692
653.657 6.09279 -0.250129
653.657 6.15625 -0.248559
653.657 6.21972 -0.245987
653.657 6.28319 -0.242426
654.658 0 0.146665
654.658 0.0634665 0.132069
654.658 0.126933 0.116941
654.658 0.1904 0.101342
654.658 0.253866 0.0853354
654.658 0.317333 0.0689844
654.658 0.380799 0.0523562
654.658 0.444266 0.0355167
654.658 0.507732 0.018535
654.658 0.571199 0.0014777
654.658 0.634665 -0.0155849
654.658 0.698132 -0.0325851
654.658 0.761598 -0.049454
654.658 0.825065 -0.0661239
654.658 0.888531 -0.0825273
654.658 0.951998 -0.0985983
654.658 1.01546 -0.114272
654.658 1.07893 -0.129487
654.658 1.1424 -0.144179
654.658 1.20586 -0.158291
654.658 1.26933 -0.171766
654.658 1.3328 -0.184549
654.658 1.39626 -0.196589
654.658 1.45973 -0.207837
654.658 1.5232 -0.218249
654.658 1.58666 -0.227781
654.658 1.65013 -0.236397
654.658 1.7136 -0.24406
654.658 1.77706 -0.250741
654.658 1.84053 -0.256412
654.658 1.904 -0.261051
654.658 1.96746 -0.264639
654.658 2.03093 -0.267161
654.658 2.0944 -0.268606
654.658 2.15786 -0.268971
654.658 2.22133 -0.268252
654.658 2.28479 -0.266454
654.658 2.34826 -0.263582
654.658 2.41173 -0.25965
654.658 2.47519 -0.254671
654.658 2.53866 -0.248667
654.658 2.60213 -0.241662
654.658 2.66559 -0.233684
654.658 2.72906 -0.224764
654.658 2.79253 -0.21494
654.658 2.85599 -0.20425
654.658 2.91946 -0.192738
654.658 2.98293 -0.18045
654.658 3.04639 -0.167435
654.658 3.10986 -0.153746
654.658 3.17333 -0.139438
654.658 3.23679 -0.124568
654.658 3.30026 -0.109197
654.658 3.36373 -0.0933861
654.658 3.42719 -0.0771986
654.658 3.49066 -0.0607008
654.658 3.55413 -0.043959
654.658 3.61759 -0.0270392
654.658 3.68106 -0.0100111
654.658 3.74452 0.00705726
654.658 3.80799 0.0240971
654.658 3.87146 0.0410401
654.658 3.93492 0.0578182
654.658 3.99839 0.0743631
654.658 4.06186 0.0906087
654.658 4.12532 0.106489
654.658 4.18879 0.121941
654.658 4.25226 0.136902
654.658 4.31572 0.151311
654.658 4.37919 0.165112
654.658 4.44266 0.178247
654.658 4.50612 0.190665
654.658 4.56959 0.202315
654.658 4.63306 0.21315
654.658 4.69652 0.223127
654.658 4.75999 0.232206
654.658 4.82346 0.240349
654.658 4.88692 0.247525
654.658 4.95039 0.253705
654.658 5.01385 0.258862
654.658 5.07732 0.262977
654.658 5.14079 0.266034
654.658 5.20425 0.268019
654.658 5.26772 0.268924
654.658 5.33119 0.268747
654.658 5.39465 0.267488
654.658 5.45812 0.265152
654.658 5.52159 0.261748
654.658 5.58505 0.25729
654.658 5.64852 0.251796
654.658 5.71199 0.245288
654.658 5.77545 0.237793
654.658 5.83892 0.229339
654.658 5.90239 0.219963
654.658 5.96585 0.209701
654.658 6.02932 0.198594
654.658 6.09279 0.186688
654.658 6.15625 0.17403
654.658 6.21972 0.160671
654.658 6.28319 0.146665
655.659 0 -0.420796
655.659 0.0634665 -0.461648
655.659 0.126933 -0.500641
655.659 0.1904 -0.537618
655.659 0.253866 -0.57243
655.659 0.317333 -0.604937
655.659 0.380799 -0.635009
655.659 0.444266 -0.662524
655.659 0.507732 -0.68737
655.659 0.571199 -0.709449
655.659 0.634665 -0.728671
655.659 0.698132 -0.744961
655.659 0.761598 -0.758248
655.659 0.825065 -0.768482
655.659 0.888531 -0.775624
655.659 0.951998 -0.779641
655.659 1.01546 -0.78052
655.659 1.07893 -0.778255
655.659 1.1424 -0.772857
655.659 1.20586 -0.764346
655.659 1.26933 -0.752758
655.659 1.3328 -0.738139
655.659 1.39626 -0.720547
655.659 1.45973 -0.700055
655.659 1.5232 -0.676743
655.659 1.58666 -0.650706
655.659 1.65013 -0.62205
655.659 1.7136 -0.590889
655.659 1.77706 -0.557348
655.659 1.84053 -0.521562
655.659 1.904 -0.483676
655.659 1.96746 -0.443844
655.659 2.03093 -0.402224
655.659 2.0944 -0.358984
655.659 2.15786 -0.314298
655.659 2.22133 -0.268348
655.659 2.28479 -0.221316
655.659 2.34826 -0.173394
655.659 2.41173 -0.124773
655.659 2.47519 -0.0756503
655.659 2.53866 -0.0262224
655.659 2.60213 0.023311
655.659 2.66559 0.0727505
655.659 2.72906 0.121897
655.659 2.79253 0.170552
655.659 2.85599 0.218522
655.659 2.91946 0.26561
655.659 2.98293 0.31163
655.659 3.04639 0.356395
655.659 3.10986 0.399724
655.659 3.17333 0.441445
655.659 3.23679 0.481387
655.659 3.30026 0.519391
655.659 3.36373 0.555304
655.659 3.42719 0.588981
655.659 3.49066 0.620286
655.659 3.55413 0.649093
655.659 3.61759 0.675286
655.659 3.68106 0.698762
655.659 3.74452 0.719422
655.659 3.80799 0.737187
655.659 3.87146 0.751982
655.659 3.93492 0.763751
655.659 3.99839 0.772442
655.659 4.06186 0.778024
655.659 4.12532 0.780473
655.659 4.18879 0.779781
655.659 4.25226 0.775947
655.659 4.31572 0.768989
655.659 4.37919 0.758935
655.659 4.44266 0.745824
655.659 4.50612 0.729711
655.659 4.56959 0.71066
655.659 4.63306 0.688746
655.659 4.69652 0.66406
655.659 4.75999 0.636698
655.659 4.82346 0.606775
655.659 4.88692 0.574407
655.659 4.95039 0.539726
655.659 5.01385 0.502873
655.659 5.07732 0.463994
655.659 5.14079 0.423247
655.659 5.20425 0.380795
655.659 5.26772 0.336811
655.659 5.33119 0.29147
655.659 5.39465 0.244955
655.659 5.45812 0.197455
655.659 5.52159 0.149159
655.659 5.58505 0.100262
655.659 5.64852 0.0509621
655.659 5.71199 0.00145654
655.659 5.77545 -0.0480548
655.659 5.83892 -0.0973726
655.659 5.90239 -0.146298
655.659 5.96585 -0.194635
655.659 6.02932 -0.242188
655.659 6.09279 -0.288766
655.659 6.15625 -0.33418
655.659 6.21972 -0.37825
655.659 6.28319 -0.420796
656.66 0 0.0252221
656.66 0.0634665 0.0196129
656.66 0.126933 0.0139249
656.66 0.1904 0.00818072
656.66 0.253866 0.0024045
656.66 0.317333 -0.00338215
656.66 0.380799 -0.00915512
656.66 0.444266 -0.0148912
656.66 0.507732 -0.0205674
656.66 0.571199 -0.0261609
656.66 0.634665 -0.0316485
656.66 0.698132 -0.0370091
656.66 0.761598 -0.0422206
656.66 0.825065 -0.047262
656.66 0.888531 -0.0521132
656.66 0.951998 -0.0567545
656.66 1.01546 -0.0611672
656.66 1.07893 -0.0653337
656.66 1.1424 -0.0692371
656.66 1.20586 -0.0728618
656.66 1.26933 -0.0761931
656.66 1.3328 -0.0792175
656.66 1.39626 -0.081923
656.66 1.45973 -0.0842983
656.66 1.5232 -0.0863346
656.66 1.58666 -0.088023
656.66 1.65013 -0.0893571
656.66 1.7136 -0.0903313
656.66 1.77706 -0.090942
656.66 1.84053 -0.0911862
656.66 1.904 -0.0910633
656.66 1.96746 -0.0905739
656.66 2.03093 -0.0897196
656.66 2.0944 -0.0885041
656.66 2.15786 -0.0869322
656.66 2.22133 -0.0850103
656.66 2.28479 -0.082746
656.66 2.34826 -0.0801485
656.66 2.41173 -0.0772285
656.66 2.47519 -0.0739973
656.66 2.53866 -0.0704683
656.66 2.60213 -0.0666552
656.66 2.66559 -0.0625741
656.66 2.72906 -0.0582409
656.66 2.79253 -0.0536731
656.66 2.85599 -0.0488891
656.66 2.91946 -0.0439086
656.66 2.98293 -0.0387511
656.66 3.04639 -0.0334376
656.66 3.10986 -0.0279895
656.66 3.17333 -0.0224286
656.66 3.23679 -0.0167773
656.66 3.30026 -0.0110586
656.66 3.36373 -0.00529539
656.66 3.42719 0.000489371
656.66 3.49066 0.00627203
656.66 3.55413 0.0120293
656.66 3.61759 0.0177387
656.66 3.68106 0.0233759
656.66 3.74452 0.0289191
656.66 3.80799 0.0343462
656.66 3.87146 0.0396347
656.66 3.93492 0.0447639
656.66 3.99839 0.0497129
656.66 4.06186 0.0544611
656.66 4.12532 0.0589905
656.66 4.18879 0.0632822
656.66 4.25226 0.0673192
656.66 4.31572 0.0710853
656.66 4.37919 0.0745649
656.66 4.44266 0.0777445
656.66 4.50612 0.0806109
656.66 4.56959 0.0831525
656.66 4.63306 0.0853595
656.66 4.69652 0.0872227
656.66 4.75999 0.0887349
656.66 4.82346 0.0898895
656.66 4.88692 0.0906823
656.66 4.95039 0.0911099
656.66 5.01385 0.0911707
656.66 5.07732 0.0908643
656.66 5.14079 0.0901921
656.66 5.20425 0.0891567
656.66 5.26772 0.0877623
656.66 5.33119 0.0860145
656.66 5.39465 0.0839204
656.66 5.45812 0.0814883
656.66 5.52159 0.0787282
656.66 5.58505 0.075651
656.66 5.64852 0.0722691
656.66 5.71199 0.0685964
656.66 5.77545 0.0646472
656.66 5.83892 0.060438
656.66 5.90239 0.0559853
656.66 5.96585 0.051307
656.66 6.02932 0.0464224
656.66 6.09279 0.0413507
656.66 6.15625 0.0361127
656.66 6.21972 0.0307288
656.66 6.28319 0.025222
657.661 0 -0.601567
657.661 0.0634665 -0.614855
657.661 0.126933 -0.625668
657.661 0.1904 -0.633961
657.661 0.253866 -0.639701
657.661 0.317333 -0.642865
657.661 0.380799 -0.643441
657.661 0.444266 -0.641426
657.661 0.507732 -0.636828
657.661 0.571199 -0.629666
657.661 0.634665 -0.619968
657.661 0.698132 -0.607774
657.661 0.761598 -0.593132
657.661 0.825065 -0.576103
657.661 0.888531 -0.556753
657.661 0.951998 -0.535162
657.661 1.01546 -0.511415
657.661 1.07893 -0.48561
657.661 1.1424 -0.457849
657.661 1.20586 -0.428245
657.661 1.26933 -0.396916
657.661 1.3328 -0.363989
657.661 1.39626 -0.329596
657.661 1.45973 -0.293876
657.661 1.5232 -0.256973
657.661 1.58666 -0.219035
657.661 1.65013 -0.180215
657.661 1.7136 -0.140669
657.661 1.77706 -0.100557
657.661 1.84053 -0.06004
657.661 1.904 -0.0192813
657.661 1.96746 0.0215553
657.661 2.03093 0.0623048
657.661 2.0944 0.102804
657.661 2.15786 0.142888
657.661 2.22133 0.182398
657.661 2.28479 0.221173
657.661 2.34826 0.259057
657.661 2.41173 0.295898
657.661 2.47519 0.331548
657.661 2.53866 0.365863
657.661 2.60213 0.398704
657.661 2.66559 0.429941
657.661 2.72906 0.459446
657.661 2.79253 0.4871
657.661 2.85599 0.512794
657.661 2.91946 0.536422
657.661 2.98293 0.55789
657.661 3.04639 0.577113
657.661 3.10986 0.594012
657.661 3.17333 0.608518
657.661 3.23679 0.620574
657.661 3.30026 0.630132
657.661 3.36373 0.637152
657.661 3.42719 0.641606
657.661 3.49066 0.643477
657.661 3.55413 0.642758
657.661 3.61759 0.639449
657.661 3.68106 0.633565
657.661 3.74452 0.625131
657.661 3.80799 0.61418
657.661 3.87146 0.600756
657.661 3.93492 0.584912
657.661 3.99839 0.566713
657.661 4.06186 0.546233
657.661 4.12532 0.523552
657.661 4.18879 0.498764
657.661 4.25226 0.471967
657.661 4.31572 0.44327
657.661 4.37919 0.412788
657.661 4.44266 0.380644
657.661 4.50612 0.346967
657.661 4.56959 0.311893
657.661 4.63306 0.275563
657.661 4.69652 0.238124
657.661 4.75999 0.199725
657.661 4.82346 0.160523
657.661 4.88692 0.120674
657.661 4.95039 0.0803389
657.661 5.01385 0.0396806
657.661 5.07732 -0.00113753
657.661 5.14079 -0.0419512
657.661 5.20425 -0.0825959
657.661 5.26772 -0.122908
657.661 5.33119 -0.162725
657.661 5.39465 -0.201887
657.661 5.45812 -0.240236
657.661 5.52159 -0.277618
657.661 5.58505 -0.313881
657.661 5.64852 -0.348881
657.661 5.71199 -0.382476
657.661 5.77545 -0.414531
657.661 5.83892 -0.444917
657.661 5.90239 -0.473511
657.661 5.96585 -0.500199
657.661 6.02932 -0.524872
657.661 6.09279 -0.547432
657.661 6.15625 -0.567788
657.661 6.21972 -0.585857
657.661 6.28319 -0.601567
658.662 0 -0.012696
658.662 0.0634665 -0.00645189
658.662 0.126933 -0.000181458
658.662 0.1904 0.00608964
658.662 0.253866 0.0123361
658.662 0.317333 0.0185331
658.662 0.380799 0.0246553
658.662 0.444266 0.0306781
658.662 0.507732 0.0365777
658.662 0.571199 0.0423297
658.662 0.634665 0.0479115
658.662 0.698132 0.0533002
658.662 0.761598 0.0584744
658.662 0.825065 0.0634129
658.662 0.888531 0.0680963
658.662 0.951998 0.0725055
658.662 1.01546 0.0766225
658.662 1.07893 0.0804312
658.662 1.1424 0.0839161
658.662 1.20586 0.0870632
658.662 1.26933 0.0898594
658.662 1.3328 0.0922938
658.662 1.39626 0.094357
658.662 1.45973 0.0960397
658.662 1.5232 0.0973354
658.662 1.58666 0.0982401
658.662 1.65013 0.098749
658.662 1.7136 0.0988596
658.662 1.77706 0.0985728
658.662 1.84053 0.0978887
658.662 1.904 0.0968109
658.662 1.96746 0.0953428
658.662 2.03093 0.0934912
658.662 2.0944 0.0912628
658.662 2.15786 0.0886669
658.662 2.22133 0.0857139
658.662 2.28479 0.0824158
658.662 2.34826 0.0787862
658.662 2.41173 0.074839
658.662 2.47519 0.0705908
658.662 2.53866 0.0660581
658.662 2.60213 0.0612594
658.662 2.66559 0.0562143
658.662 2.72906 0.0509423
658.662 2.79253 0.0454659
658.662 2.85599 0.0398059
658.662 2.91946 0.033986
658.662 2.98293 0.0280287
658.662 3.04639 0.021959
658.662 3.10986 0.0158005
658.662 3.17333 0.00957889
658.662 3.23679 0.00331815
658.662 3.30026 -0.00295546
658.662 3.36373 -0.00921746
658.662 3.42719 -0.0154424
658.662 3.49066 -0.0216052
658.662 3.55413 -0.0276805
658.662 3.61759 -0.0336447
658.662 3.68106 -0.0394734
658.662 3.74452 -0.0451433
658.662 3.80799 -0.0506312
658.662 3.87146 -0.0559155
658.662 3.93492 -0.0609742
658.662 3.99839 -0.0657878
658.662 4.06186 -0.0703362
658.662 4.12532 -0.0746019
658.662 4.18879 -0.0785666
658.662 4.25226 -0.082215
658.662 4.31572 -0.0855325
658.662 4.37919 -0.0885058
658.662 4.44266 -0.0911225
658.662 4.50612 -0.0933722
658.662 4.56959 -0.0952462
658.662 4.63306 -0.0967365
658.662 4.69652 -0.0978373
658.662 4.75999 -0.098544
658.662 4.82346 -0.098854
658.662 4.88692 -0.098766
658.662 4.95039 -0.0982805
658.662 5.01385 -0.0973988
658.662 5.07732 -0.0961249
658.662 5.14079 -0.0944644
658.662 5.20425 -0.092423
658.662 5.26772 -0.0900097
658.662 5.33119 -0.0872346
658.662 5.39465 -0.0841075
658.662 5.45812 -0.0806418
658.662 5.52159 -0.0768515
658.662 5.58505 -0.0727521
658.662 5.64852 -0.0683589
658.662 5.71199 -0.0636909
658.662 5.77545 -0.0587665
658.662 5.83892 -0.0536054
658.662 5.90239 -0.0482284
658.662 5.96585 -0.0426572
658.662 6.02932 -0.0369144
658.662 6.09279 -0.0310228
658.662 6.15625 -0.0250065
658.662 6.21972 -0.0188894
658.662 6.28319 -0.0126959
659.663 0 0.0786903
659.663 0.0634665 0.0782523
659.663 0.126933 0.0774991
659.663 0.1904 0.076434
659.663 0.253866 0.0750611
659.663 0.317333 0.0733859
659.663 0.380799 0.0714153
659.663 0.444266 0.0691571
659.663 0.507732 0.0666204
659.663 0.571199 0.0638153
659.663 0.634665 0.0607535
659.663 0.698132 0.0574469
659.663 0.761598 0.053909
659.663 0.825065 0.0501541
659.663 0.888531 0.0461972
659.663 0.951998 0.0420543
659.663 1.01546 0.037742
659.663 1.07893 0.0332778
659.663 1.1424 0.0286797
659.663 1.20586 0.0239657
659.663 1.26933 0.0191555
659.663 1.3328 0.0142683
659.663 1.39626 0.00932366
659.663 1.45973 0.00434107
659.663 1.5232 -0.000658596
659.663 1.58666 -0.00565572
659.663 1.65013 -0.0106303
659.663 1.7136 -0.0155617
659.663 1.77706 -0.0204306
659.663 1.84053 -0.0252174
659.663 1.904 -0.0299025
659.663 1.96746 -0.034467
659.663 2.03093 -0.0388931
659.663 2.0944 -0.0431624
659.663 2.15786 -0.047258
659.663 2.22133 -0.0511633
659.663 2.28479 -0.0548623
659.663 2.34826 -0.0583407
659.663 2.41173 -0.061584
659.663 2.47519 -0.0645795
659.663 2.53866 -0.0673148
659.663 2.60213 -0.0697792
659.663 2.66559 -0.0719626
659.663 2.72906 -0.0738561
659.663 2.79253 -0.0754523
659.663 2.85599 -0.0767445
659.663 2.91946 -0.077728
659.663 2.98293 -0.0783982
659.663 3.04639 -0.078753
659.663 3.10986 -0.0787904
659.663 3.17333 -0.0785109
659.663 3.23679 -0.0779151
659.663 3.30026 -0.0770053
659.663 3.36373 -0.0757857
659.663 3.42719 -0.074261
659.663 3.49066 -0.0724371
659.663 3.55413 -0.0703216
659.663 3.61759 -0.067923
659.663 3.68106 -0.0652507
659.663 3.74452 -0.0623158
659.663 3.80799 -0.0591299
659.663 3.87146 -0.0557061
659.663 3.93492 -0.0520579
659.663 3.99839 -0.0481999
659.663 4.06186 -0.044148
659.663 4.12532 -0.0399182
659.663 4.18879 -0.0355278
659.663 4.25226 -0.0309943
659.663 4.31572 -0.0263361
659.663 4.37919 -0.0215716
659.663 4.44266 -0.0167205
659.663 4.50612 -0.0118019
659.663 4.56959 -0.00683581
659.663 4.63306 -0.00184224
659.663 4.69652 0.0031587
659.663 4.75999 0.00814712
659.663 4.82346 0.0131024
659.663 4.88692 0.0180053
659.663 4.95039 0.0228356
659.663 5.01385 0.0275738
659.663 5.07732 0.0322011
659.663 5.14079 0.0366986
659.663 5.20425 0.0410486
659.663 5.26772 0.045233
659.663 5.33119 0.0492354
659.663 5.39465 0.0530395
659.663 5.45812 0.05663
659.663 5.52159 0.0599927
659.663 5.58505 0.0631136
659.663 5.64852 0.0659804
659.663 5.71199 0.0685816
659.663 5.77545 0.0709065
659.663 5.83892 0.072946
659.663 5.90239 0.0746916
659.663 5.96585 0.0761367
659.663 6.02932 0.0772752
659.663 6.09279 0.0781025
659.663 6.15625 0.0786152
659.663 6.21972 0.0788114
659.663 6.28319 0.0786903
660.664 0 -0.263386
660.664 0.0634665 -0.247642
660.664 0.126933 -0.230901
660.664 0.1904 -0.21323
660.664 0.253866 -0.1947
660.664 0.317333 -0.175386
660.664 0.380799 -0.155366
660.664 0.444266 -0.134721
660.664 0.507732 -0.113533
660.664 0.571199 -0.0918875
660.664 0.634665 -0.0698723
660.664 0.698132 -0.047576
660.664 0.761598 -0.0250877
660.664 0.825065 -0.00249865
660.664 0.888531 0.0201005
660.664 0.951998 0.0426189
660.664 1.01546 0.0649654
660.664 1.07893 0.0870504
660.664 1.1424 0.108785
660.664 1.20586 0.130081
660.664 1.26933 0.150854
660.664 1.3328 0.171019
660.664 1.39626 0.190496
660.664 1.45973 0.209206
660.664 1.5232 0.227073
660.664 1.58666 0.244025
660.664 1.65013 0.259996
660.664 1.7136 0.274919
660.664 1.77706 0.288735
660.664 1.84053 0.301388
660.664 1.904 0.312829
660.664 1.96746 0.323009
660.664 2.03093 0.331889
660.664 2.0944 0.339433
660.664 2.15786 0.345609
660.664 2.22133 0.350393
660.664 2.28479 0.353768
660.664 2.34826 0.355717
660.664 2.41173 0.356234
660.664 2.47519 0.355317
660.664 2.53866 0.352969
660.664 2.60213 0.349201
660.664 2.66559 0.344025
660.664 2.72906 0.337464
660.664 2.79253 0.329545
660.664 2.85599 0.320298
660.664 2.91946 0.309762
660.664 2.98293 0.297978
660.664 3.04639 0.284995
660.664 3.10986 0.270864
660.664 3.17333 0.255643
660.664 3.23679 0.239392
660.664 3.30026 0.222177
660.664 3.36373 0.204067
660.664 3.42719 0.185136
660.664 3.49066 0.165459
660.664 3.55413 0.145117
660.664 3.61759 0.124189
660.664 3.68106 0.102762
660.664 3.74452 0.0809207
660.664 3.80799 0.0587537
660.664 3.87146 0.0363501
660.664 3.93492 0.0138002
660.664 3.99839 -0.00880527
660.664 4.06186 -0.0313754
660.664 4.12532 -0.0538192
660.664 4.18879 -0.0760461
660.664 4.25226 -0.0979669
660.664 4.31572 -0.119493
660.664 4.37919 -0.140539
660.664 4.44266 -0.161018
660.664 4.50612 -0.180849
660.664 4.56959 -0.199951
660.664 4.63306 -0.218249
660.664 4.69652 -0.235667
660.664 4.75999 -0.252137
660.664 4.82346 -0.267592
660.664 4.88692 -0.281969
660.664 4.95039 -0.295211
660.664 5.01385 -0.307263
660.664 5.07732 -0.318079
660.664 5.14079 -0.327614
660.664 5.20425 -0.33583
660.664 5.26772 -0.342693
660.664 5.33119 -0.348177
660.664 5.39465 -0.352259
660.664 5.45812 -0.354921
660.664 5.52159 -0.356155
660.664 5.58505 -0.355955
660.664 5.64852 -0.354322
660.664 5.71199 -0.351262
660.664 5.77545 -0.346787
660.664 5.83892 -0.340916
660.664 5.90239 -0.333673
660.664 5.96585 -0.325085
660.664 6.02932 -0.315189
660.664 6.09279 -0.304024
660.664 6.15625 -0.291634
660.664 6.21972 -0.27807
660.664 6.28319 -0.263386
661.665 0 0.0904918
661.665 0.0634665 0.0669584
661.665 0.126933 0.0431556
661.665 0.1904 0.0191791
661.665 0.253866 -0.00487476
661.665 0.317333 -0.028909
661.665 0.380799 -0.0528268
661.665 0.444266 -0.0765318
661.665 0.507732 -0.0999286
661.665 0.571199 -0.122923
661.665 0.634665 -0.145423
661.665 0.698132 -0.167337
661.665 0.761598 -0.188577
661.665 0.825065 -0.209058
661.665 0.888531 -0.228697
661.665 0.951998 -0.247415
661.665 1.01546 -0.265137
661.665 1.07893 -0.281791
661.665 1.1424 -0.297311
661.665 1.20586 -0.311633
661.665 1.26933 -0.324701
661.665 1.3328 -0.336461
661.665 1.39626 -0.346867
661.665 1.45973 -0.355875
661.665 1.5232 -0.363451
661.665 1.58666 -0.369563
661.665 1.65013 -0.374187
661.665 1.7136 -0.377304
661.665 1.77706 -0.378903
661.665 1.84053 -0.378975
661.665 1.904 -0.377521
661.665 1.96746 -0.374548
661.665 2.03093 -0.370065
661.665 2.0944 -0.364093
661.665 2.15786 -0.356655
661.665 2.22133 -0.347781
661.665 2.28479 -0.337507
661.665 2.34826 -0.325873
661.665 2.41173 -0.312927
661.665 2.47519 -0.298721
661.665 2.53866 -0.283312
661.665 2.60213 -0.266763
661.665 2.66559 -0.249139
661.665 2.72906 -0.230512
661.665 2.79253 -0.210957
661.665 2.85599 -0.190553
661.665 2.91946 -0.169381
661.665 2.98293 -0.147527
661.665 3.04639 -0.125079
661.665 3.10986 -0.102127
661.665 3.17333 -0.0787647
661.665 3.23679 -0.0550848
661.665 3.30026 -0.0311831
661.665 3.36373 -0.00715576
661.665 3.42719 0.0169002
661.665 3.49066 0.0408884
661.665 3.55413 0.0647119
661.665 3.61759 0.0882747
661.665 3.68106 0.111482
661.665 3.74452 0.13424
661.665 3.80799 0.156459
661.665 3.87146 0.178046
661.665 3.93492 0.198918
661.665 3.99839 0.218987
661.665 4.06186 0.238176
661.665 4.12532 0.256405
661.665 4.18879 0.273602
661.665 4.25226 0.289697
661.665 4.31572 0.304625
661.665 4.37919 0.318328
661.665 4.44266 0.330747
661.665 4.50612 0.341836
661.665 4.56959 0.351548
661.665 4.63306 0.359844
661.665 4.69652 0.366691
661.665 4.75999 0.372062
661.665 4.82346 0.375935
661.665 4.88692 0.378294
661.665 4.95039 0.379129
661.665 5.01385 0.378439
661.665 5.07732 0.376224
661.665 5.14079 0.372494
661.665 5.20425 0.367264
661.665 5.26772 0.360556
661.665 5.33119 0.352396
661.665 5.39465 0.342816
661.665 5.45812 0.331857
661.665 5.52159 0.319561
661.665 5.58505 0.305978
661.665 5.64852 0.291163
661.665 5.71199 0.275176
661.665 5.77545 0.258081
661.665 5.83892 0.239946
661.665 5.90239 0.220846
661.665 5.96585 0.200856
661.665 6.02932 0.180057
661.665 6.09279 0.158534
661.665 6.15625 0.136372
661.665 6.21972 0.11366
661.665 6.28319 0.0904916
662.666 0 0.0802511
662.666 0.0634665 0.0746188
662.666 0.126933 0.068686
662.666 0.1904 0.0624768
662.666 0.253866 0.0560159
662.666 0.317333 0.0493295
662.666 0.380799 0.0424443
662.666 0.444266 0.0353884
662.666 0.507732 0.0281899
662.666 0.571199 0.020878
662.666 0.634665 0.0134819
662.666 0.698132 0.00603153
662.666 0.761598 -0.00144309
662.666 0.825065 -0.00891193
662.666 0.888531 -0.0163449
662.666 0.951998 -0.023712
662.666 1.01546 -0.0309836
662.666 1.07893 -0.0381305
662.666 1.1424 -0.0451237
662.666 1.20586 -0.0519354
662.666 1.26933 -0.058538
662.666 1.3328 -0.0649047
662.666 1.39626 -0.0710102
662.666 1.45973 -0.0768297
662.666 1.5232 -0.0823399
662.666 1.58666 -0.0875185
662.666 1.65013 -0.0923446
662.666 1.7136 -0.096799
662.666 1.77706 -0.100864
662.666 1.84053 -0.104522
662.666 1.904 -0.10776
662.666 1.96746 -0.110563
662.666 2.03093 -0.112922
662.666 2.0944 -0.114826
662.666 2.15786 -0.116267
662.666 2.22133 -0.11724
662.666 2.28479 -0.117741
662.666 2.34826 -0.117768
662.666 2.41173 -0.117321
662.666 2.47519 -0.116402
662.666 2.53866 -0.115013
662.666 2.60213 -0.113162
662.666 2.66559 -0.110855
662.666 2.72906 -0.108101
662.666 2.79253 -0.104913
662.666 2.85599 -0.101301
662.666 2.91946 -0.0972826
662.666 2.98293 -0.0928717
662.666 3.04639 -0.0880868
662.666 3.10986 -0.0829474
662.666 3.17333 -0.0774738
662.666 3.23679 -0.0716885
662.666 3.30026 -0.0656144
662.666 3.36373 -0.0592762
662.666 3.42719 -0.0526991
662.666 3.49066 -0.0459101
662.666 3.55413 -0.0389359
662.666 3.61759 -0.0318052
662.666 3.68106 -0.0245463
662.666 3.74452 -0.0171886
662.666 3.80799 -0.00976162
662.666 3.87146 -0.00229533
662.666 3.93492 0.00518008
662.666 3.99839 0.0126348
662.666 4.06186 0.0200385
662.666 4.12532 0.0273616
662.666 4.18879 0.0345745
662.666 4.25226 0.0416481
662.666 4.31572 0.0485541
662.666 4.37919 0.0552645
662.666 4.44266 0.0617525
662.666 4.50612 0.0679917
662.666 4.56959 0.0739572
662.666 4.63306 0.0796249
662.666 4.69652 0.084972
662.666 4.75999 0.0899769
662.666 4.82346 0.0946195
662.666 4.88692 0.0988811
662.666 4.95039 0.102744
662.666 5.01385 0.106194
662.666 5.07732 0.109217
662.666 5.14079 0.111799
662.666 5.20425 0.113931
662.666 5.26772 0.115605
662.666 5.33119 0.116812
662.666 5.39465 0.11755
662.666 5.45812 0.117814
662.666 5.52159 0.117604
662.666 5.58505 0.11692
662.666 5.64852 0.115766
662.666 5.71199 0.114145
662.666 5.77545 0.112065
662.666 5.83892 0.109533
662.666 5.90239 0.106561
662.666 5.96585 0.103159
662.666 6.02932 0.0993421
662.666 6.09279 0.0951249
662.666 6.15625 0.0905249
662.666 6.21972 0.0855603
662.666 6.28319 0.0802512
663.667 0 0.047192
663.667 0.0634665 0.0529112
663.667 0.126933 0.0584171
663.667 0.1904 0.0636878
663.667 0.253866 0.0687021
663.667 0.317333 0.07344
663.667 0.380799 0.0778818
663.667 0.444266 0.0820102
663.667 0.507732 0.0858083
663.667 0.571199 0.0892609
663.667 0.634665 0.0923541
663.667 0.698132 0.0950753
663.667 0.761598 0.0974138
663.667 0.825065 0.0993601
663.667 0.888531 0.100906
663.667 0.951998 0.102046
663.667 1.01546 0.102775
663.667 1.07893 0.10309
663.667 1.1424 0.10299
663.667 1.20586 0.102475
663.667 1.26933 0.101548
663.667 1.3328 0.100212
663.667 1.39626 0.0984719
663.667 1.45973 0.0963357
663.667 1.5232 0.0938115
663.667 1.58666 0.0909096
663.667 1.65013 0.0876416
663.667 1.7136 0.0840207
663.667 1.77706 0.0800614
663.667 1.84053 0.0757797
663.667 1.904 0.071193
663.667 1.96746 0.0663196
663.667 2.03093 0.0611792
663.667 2.0944 0.0557922
663.667 2.15786 0.0501808
663.667 2.22133 0.0443672
663.667 2.28479 0.0383752
663.667 2.34826 0.0322285
663.667 2.41173 0.025952
663.667 2.47519 0.019571
663.667 2.53866 0.0131112
663.667 2.60213 0.00659866
663.667 2.66559 5.93577e-05
663.667 2.72906 -0.00647991
663.667 2.79253 -0.0129931
663.667 2.85599 -0.0194542
663.667 2.91946 -0.0258366
663.667 2.98293 -0.0321154
663.667 3.04639 -0.0382644
663.667 3.10986 -0.0442598
663.667 3.17333 -0.0500769
663.667 3.23679 -0.055692
663.667 3.30026 -0.0610831
663.667 3.36373 -0.0662284
663.667 3.42719 -0.0711068
663.667 3.49066 -0.075699
663.667 3.55413 -0.0799862
663.667 3.61759 -0.0839515
663.667 3.68106 -0.0875786
663.667 3.74452 -0.0908531
663.667 3.80799 -0.0937619
663.667 3.87146 -0.0962931
663.667 3.93492 -0.0984365
663.667 3.99839 -0.100184
663.667 4.06186 -0.101527
663.667 4.12532 -0.102462
663.667 4.18879 -0.102984
663.667 4.25226 -0.103092
663.667 4.31572 -0.102784
663.667 4.37919 -0.102063
663.667 4.44266 -0.10093
663.667 4.50612 -0.0993919
663.667 4.56959 -0.0974527
663.667 4.63306 -0.0951212
663.667 4.69652 -0.092407
663.667 4.75999 -0.0893202
663.667 4.82346 -0.0858743
663.667 4.88692 -0.0820822
663.667 4.95039 -0.0779597
663.667 5.01385 -0.0735233
663.667 5.07732 -0.068791
663.667 5.14079 -0.0637814
663.667 5.20425 -0.0585151
663.667 5.26772 -0.053013
663.667 5.33119 -0.0472977
663.667 5.39465 -0.0413921
663.667 5.45812 -0.0353195
663.667 5.52159 -0.0291051
663.667 5.58505 -0.0227729
663.667 5.64852 -0.0163494
663.667 5.71199 -0.00986004
663.667 5.77545 -0.00333064
663.667 5.83892 0.00321183
663.667 5.90239 0.00974134
663.667 5.96585 0.0162317
663.667 6.02932 0.0226569
663.667 6.09279 0.0289907
663.667 6.15625 0.0352079
663.667 6.21972 0.041283
663.667 6.28319 0.0471921
664.668 0 0.0160557
664.668 0.0634665 0.0371517
664.668 0.126933 0.0580981
664.668 0.1904 0.0788105
664.668 0.253866 0.0992057
664.668 0.317333 0.119201
664.668 0.380799 0.138717
664.668 0.444266 0.157674
664.668 0.507732 0.175996
664.668 0.571199 0.19361
664.668 0.634665 0.210444
664.668 0.698132 0.22643
664.668 0.761598 0.241505
664.668 0.825065 0.255607
664.668 0.888531 0.26868
664.668 0.951998 0.280672
664.668 1.01546 0.291533
664.668 1.07893 0.30122
664.668 1.1424 0.309694
664.668 1.20586 0.316921
664.668 1.26933 0.322872
664.668 1.3328 0.327523
664.668 1.39626 0.330855
664.668 1.45973 0.332855
664.668 1.5232 0.333515
664.668 1.58666 0.332832
664.668 1.65013 0.330808
664.668 1.7136 0.327452
664.668 1.77706 0.322778
664.668 1.84053 0.316805
664.668 1.904 0.309555
664.668 1.96746 0.301059
664.668 2.03093 0.291351
664.668 2.0944 0.280469
664.668 2.15786 0.268459
664.668 2.22133 0.255367
664.668 2.28479 0.241247
664.668 2.34826 0.226156
664.668 2.41173 0.210154
664.668 2.47519 0.193305
664.668 2.53866 0.175679
664.668 2.60213 0.157345
664.668 2.66559 0.138377
664.668 2.72906 0.118852
664.668 2.79253 0.098849
664.668 2.85599 0.0784478
664.668 2.91946 0.0577303
664.668 2.98293 0.0367806
664.668 3.04639 0.0156828
664.668 3.10986 -0.00547819
664.668 3.17333 -0.0266172
664.668 3.23679 -0.0476488
664.668 3.30026 -0.0684888
664.668 3.36373 -0.0890529
664.668 3.42719 -0.109258
664.668 3.49066 -0.129024
664.668 3.55413 -0.14827
664.668 3.61759 -0.166919
664.668 3.68106 -0.184896
664.668 3.74452 -0.202128
664.668 3.80799 -0.218547
664.668 3.87146 -0.234085
664.668 3.93492 -0.248681
664.668 3.99839 -0.262276
664.668 4.06186 -0.274814
664.668 4.12532 -0.286246
664.668 4.18879 -0.296525
664.668 4.25226 -0.305611
664.668 4.31572 -0.313465
664.668 4.37919 -0.320058
664.668 4.44266 -0.325361
664.668 4.50612 -0.329355
664.668 4.56959 -0.332022
664.668 4.63306 -0.333353
664.668 4.69652 -0.333341
664.668 4.75999 -0.331987
664.668 4.82346 -0.329296
664.668 4.88692 -0.325279
664.668 4.95039 -0.319952
664.668 5.01385 -0.313338
664.668 5.07732 -0.305461
664.668 5.14079 -0.296354
664.668 5.20425 -0.286054
664.668 5.26772 -0.274602
664.668 5.33119 -0.262045
664.668 5.39465 -0.248432
664.668 5.45812 -0.23382
664.668 5.52159 -0.218265
664.668 5.58505 -0.201831
664.668 5.64852 -0.184585
664.668 5.71199 -0.166596
664.668 5.77545 -0.147935
664.668 5.83892 -0.12868
664.668 5.90239 -0.108905
664.668 5.96585 -0.0886929
664.668 6.02932 -0.0681233
664.668 6.09279 -0.0472793
664.668 6.15625 -0.026245
664.668 6.21972 -0.00510487
664.668 6.28319 0.0160558
665.669 0 0.120451
665.669 0.0634665 0.113933
665.669 0.126933 0.106956
665.669 0.1904 0.0995491
665.669 0.253866 0.0917405
665.669 0.317333 0.0835628
665.669 0.380799 0.0750486
665.669 0.444266 0.0662318
665.669 0.507732 0.0571488
665.669 0.571199 0.0478355
665.669 0.634665 0.0383295
665.669 0.698132 0.0286694
665.669 0.761598 0.0188936
665.669 0.825065 0.00904197
665.669 0.888531 -0.000846184
665.669 0.951998 -0.010731
665.669 1.01546 -0.0205726
665.669 1.07893 -0.0303314
665.669 1.1424 -0.039968
665.669 1.20586 -0.0494437
665.669 1.26933 -0.0587202
665.669 1.3328 -0.0677603
665.669 1.39626 -0.0765275
665.669 1.45973 -0.0849866
665.669 1.5232 -0.0931037
665.669 1.58666 -0.100846
665.669 1.65013 -0.108181
665.669 1.7136 -0.115082
665.669 1.77706 -0.121519
665.669 1.84053 -0.127466
665.669 1.904 -0.132901
665.669 1.96746 -0.1378
665.669 2.03093 -0.142144
665.669 2.0944 -0.145916
665.669 2.15786 -0.149101
665.669 2.22133 -0.151685
665.669 2.28479 -0.153658
665.669 2.34826 -0.155013
665.669 2.41173 -0.155743
665.669 2.47519 -0.155846
665.669 2.53866 -0.155322
665.669 2.60213 -0.154172
665.669 2.66559 -0.152402
665.669 2.72906 -0.150018
665.669 2.79253 -0.147029
665.669 2.85599 -0.143449
665.669 2.91946 -0.139291
665.669 2.98293 -0.134572
665.669 3.04639 -0.129312
665.669 3.10986 -0.12353
665.669 3.17333 -0.117252
665.669 3.23679 -0.110501
665.669 3.30026 -0.103305
665.669 3.36373 -0.0956929
665.669 3.42719 -0.0876958
665.669 3.49066 -0.0793455
665.669 3.55413 -0.0706759
665.669 3.61759 -0.0617214
665.669 3.68106 -0.0525186
665.669 3.74452 -0.0431042
665.669 3.80799 -0.0335164
665.669 3.87146 -0.0237936
665.669 3.93492 -0.0139749
665.669 3.99839 -0.00409996
665.669 4.06186 0.00579161
665.669 4.12532 0.0156597
665.669 4.18879 0.0254649
665.669 4.25226 0.0351673
665.669 4.31572 0.0447283
665.669 4.37919 0.0541092
665.669 4.44266 0.063272
665.669 4.50612 0.0721803
665.669 4.56959 0.0807976
665.669 4.63306 0.0890898
665.669 4.69652 0.0970233
665.669 4.75999 0.104566
665.669 4.82346 0.111688
665.669 4.88692 0.11836
665.669 4.95039 0.124555
665.669 5.01385 0.130249
665.669 5.07732 0.135419
665.669 5.14079 0.140043
665.669 5.20425 0.144103
665.669 5.26772 0.147583
665.669 5.33119 0.150468
665.669 5.39465 0.152748
665.669 5.45812 0.154413
665.669 5.52159 0.155456
665.669 5.58505 0.155873
665.669 5.64852 0.155662
665.669 5.71199 0.154825
665.669 5.77545 0.153364
665.669 5.83892 0.151286
665.669 5.90239 0.148598
665.669 5.96585 0.145312
665.669 6.02932 0.141441
665.669 6.09279 0.137001
665.669 6.15625 0.132008
665.669 6.21972 0.126485
665.669 6.28319 0.120451
666.67 0 0.246262
666.67 0.0634665 0.241142
666.67 0.126933 0.235051
666.67 0.1904 0.228014
666.67 0.253866 0.220059
666.67 0.317333 0.211217
666.67 0.380799 0.201525
666.67 0.444266 0.191022
666.67 0.507732 0.17975
666.67 0.571199 0.167753
666.67 0.634665 0.155081
666.67 0.698132 0.141785
666.67 0.761598 0.127918
666.67 0.825065 0.113535
666.67 0.888531 0.0986958
666.67 0.951998 0.083459
666.67 1.01546 0.067886
666.67 1.07893 0.0520397
666.67 1.1424 0.0359839
666.67 1.20586 0.0197831
666.67 1.26933 0.0035028
666.67 1.3328 -0.0127917
666.67 1.39626 -0.0290348
666.67 1.45973 -0.0451608
666.67 1.5232 -0.0611051
666.67 1.58666 -0.0768032
666.67 1.65013 -0.0921922
666.67 1.7136 -0.10721
666.67 1.77706 -0.121796
666.67 1.84053 -0.135891
666.67 1.904 -0.14944
666.67 1.96746 -0.162386
666.67 2.03093 -0.174679
666.67 2.0944 -0.186269
666.67 2.15786 -0.197108
666.67 2.22133 -0.207154
666.67 2.28479 -0.216365
666.67 2.34826 -0.224706
666.67 2.41173 -0.232141
666.67 2.47519 -0.238642
666.67 2.53866 -0.244182
666.67 2.60213 -0.248738
666.67 2.66559 -0.252293
666.67 2.72906 -0.254833
666.67 2.79253 -0.256345
666.67 2.85599 -0.256826
666.67 2.91946 -0.256273
666.67 2.98293 -0.254687
666.67 3.04639 -0.252077
666.67 3.10986 -0.248451
666.67 3.17333 -0.243825
666.67 3.23679 -0.238217
666.67 3.30026 -0.231649
666.67 3.36373 -0.224149
666.67 3.42719 -0.215747
666.67 3.49066 -0.206475
666.67 3.55413 -0.196373
666.67 3.61759 -0.185479
666.67 3.68106 -0.173839
666.67 3.74452 -0.161498
666.67 3.80799 -0.148508
666.67 3.87146 -0.134919
666.67 3.93492 -0.120787
666.67 3.99839 -0.106169
666.67 4.06186 -0.0911233
666.67 4.12532 -0.0757106
666.67 4.18879 -0.0599931
666.67 4.25226 -0.044034
666.67 4.31572 -0.0278975
666.67 4.37919 -0.0116488
666.67 4.44266 0.00464669
666.67 4.50612 0.0209236
666.67 4.56959 0.0371164
666.67 4.63306 0.0531596
666.67 4.69652 0.0689889
666.67 4.75999 0.0845403
666.67 4.82346 0.0997512
666.67 4.88692 0.11456
666.67 4.95039 0.128909
666.67 5.01385 0.142738
666.67 5.07732 0.155992
666.67 5.14079 0.168618
666.67 5.20425 0.180565
666.67 5.26772 0.191785
666.67 5.33119 0.202233
666.67 5.39465 0.211866
666.67 5.45812 0.220647
666.67 5.52159 0.228538
666.67 5.58505 0.23551
666.67 5.64852 0.241533
666.67 5.71199 0.246584
666.67 5.77545 0.250642
666.67 5.83892 0.253691
666.67 5.90239 0.255718
666.67 5.96585 0.256715
666.67 6.02932 0.256679
666.67 6.09279 0.255609
666.67 6.15625 0.25351
666.67 6.21972 0.25039
666.67 6.28319 0.246262
667.671 0 -0.121337
667.671 0.0634665 -0.114363
667.671 0.126933 -0.106929
667.671 0.1904 -0.0990643
667.671 0.253866 -0.0908004
667.671 0.317333 -0.0821712
667.671 0.380799 -0.0732109
667.671 0.444266 -0.0639561
667.671 0.507732 -0.0544433
667.671 0.571199 -0.0447116
667.671 0.634665 -0.0347999
667.671 0.698132 -0.024748
667.671 0.761598 -0.0145965
667.671 0.825065 -0.00438609
667.671 0.888531 0.00584193
667.671 0.951998 0.0160464
667.671 1.01546 0.0261863
667.671 1.07893 0.0362207
667.671 1.1424 0.0461092
667.671 1.20586 0.0558122
667.671 1.26933 0.0652903
667.671 1.3328 0.0745056
667.671 1.39626 0.0834208
667.671 1.45973 0.0920001
667.671 1.5232 0.100209
667.671 1.58666 0.108014
667.671 1.65013 0.115385
667.671 1.7136 0.122291
667.671 1.77706 0.128704
667.671 1.84053 0.134599
667.671 1.904 0.139953
667.671 1.96746 0.144742
667.671 2.03093 0.148949
667.671 2.0944 0.152556
667.671 2.15786 0.155549
667.671 2.22133 0.157915
667.671 2.28479 0.159646
667.671 2.34826 0.160734
667.671 2.41173 0.161174
667.671 2.47519 0.160966
667.671 2.53866 0.160109
667.671 2.60213 0.158608
667.671 2.66559 0.156468
667.671 2.72906 0.153697
667.671 2.79253 0.150309
667.671 2.85599 0.146315
667.671 2.91946 0.141731
667.671 2.98293 0.136577
667.671 3.04639 0.130873
667.671 3.10986 0.124642
667.671 3.17333 0.117909
667.671 3.23679 0.110702
667.671 3.30026 0.103048
667.671 3.36373 0.0949801
667.671 3.42719 0.0865291
667.671 3.49066 0.0777302
667.671 3.55413 0.068618
667.671 3.61759 0.0592295
667.671 3.68106 0.0496025
667.671 3.74452 0.0397758
667.671 3.80799 0.0297889
667.671 3.87146 0.0196821
667.671 3.93492 0.00949595
667.671 3.99839 -0.000728394
667.671 4.06186 -0.0109498
667.671 4.12532 -0.0211269
667.671 4.18879 -0.0312192
667.671 4.25226 -0.0411857
667.671 4.31572 -0.0509865
667.671 4.37919 -0.0605817
667.671 4.44266 -0.0699331
667.671 4.50612 -0.0790029
667.671 4.56959 -0.0877546
667.671 4.63306 -0.0961531
667.671 4.69652 -0.104164
667.671 4.75999 -0.111756
667.671 4.82346 -0.118898
667.671 4.88692 -0.125561
667.671 4.95039 -0.131718
667.671 5.01385 -0.137345
667.671 5.07732 -0.142419
667.671 5.14079 -0.146919
667.671 5.20425 -0.150829
667.671 5.26772 -0.15413
667.671 5.33119 -0.156811
667.671 5.39465 -0.158861
667.671 5.45812 -0.16027
667.671 5.52159 -0.161035
667.671 5.58505 -0.161151
667.671 5.64852 -0.160618
667.671 5.71199 -0.159438
667.671 5.77545 -0.157617
667.671 5.83892 -0.155161
667.671 5.90239 -0.15208
667.671 5.96585 -0.148386
667.671 6.02932 -0.144095
667.671 6.09279 -0.139224
667.671 6.15625 -0.133792
667.671 6.21972 -0.127822
667.671 6.28319 -0.121337
668.672 0 0.383813
668.672 0.0634665 0.398539
668.672 0.126933 0.411659
668.672 0.1904 0.423121
668.672 0.253866 0.43288
668.672 0.317333 0.440896
668.672 0.380799 0.447136
668.672 0.444266 0.451576
668.672 0.507732 0.454197
668.672 0.571199 0.45499
668.672 0.634665 0.453951
668.672 0.698132 0.451084
668.672 0.761598 0.446401
668.672 0.825065 0.439919
668.672 0.888531 0.431667
668.672 0.951998 0.421676
668.672 1.01546 0.409987
668.672 1.07893 0.396648
668.672 1.1424 0.381711
668.672 1.20586 0.365237
668.672 1.26933 0.347293
668.672 1.3328 0.32795
668.672 1.39626 0.307287
668.672 1.45973 0.285387
668.672 1.5232 0.262336
668.672 1.58666 0.23823
668.672 1.65013 0.213165
668.672 1.7136 0.187241
668.672 1.77706 0.160563
668.672 1.84053 0.133239
668.672 1.904 0.105378
668.672 1.96746 0.0770935
668.672 2.03093 0.0484979
668.672 2.0944 0.019707
668.672 2.15786 -0.00916302
668.672 2.22133 -0.0379961
668.672 2.28479 -0.0666764
668.672 2.34826 -0.0950882
668.672 2.41173 -0.123117
668.672 2.47519 -0.15065
668.672 2.53866 -0.177577
668.672 2.60213 -0.203788
668.672 2.66559 -0.229179
668.672 2.72906 -0.253647
668.672 2.79253 -0.277094
668.672 2.85599 -0.299425
668.672 2.91946 -0.32055
668.672 2.98293 -0.340385
668.672 3.04639 -0.358848
668.672 3.10986 -0.375867
668.672 3.17333 -0.391373
668.672 3.23679 -0.405303
668.672 3.30026 -0.4176
668.672 3.36373 -0.428216
668.672 3.42719 -0.437108
668.672 3.49066 -0.44424
668.672 3.55413 -0.449582
668.672 3.61759 -0.453115
668.672 3.68106 -0.454823
668.672 3.74452 -0.454699
668.672 3.80799 -0.452746
668.672 3.87146 -0.448968
668.672 3.93492 -0.443383
668.672 3.99839 -0.436012
668.672 4.06186 -0.426886
668.672 4.12532 -0.416041
668.672 4.18879 -0.403521
668.672 4.25226 -0.389376
668.672 4.31572 -0.373662
668.672 4.37919 -0.356444
668.672 4.44266 -0.337792
668.672 4.50612 -0.317778
668.672 4.56959 -0.296486
668.672 4.63306 -0.273999
668.672 4.69652 -0.250409
668.672 4.75999 -0.225811
668.672 4.82346 -0.200304
668.672 4.88692 -0.17399
668.672 4.95039 -0.146975
668.672 5.01385 -0.119369
668.672 5.07732 -0.0912817
668.672 5.14079 -0.0628272
668.672 5.20425 -0.0341196
668.672 5.26772 -0.00527462
668.672 5.33119 0.0235915
668.672 5.39465 0.0523627
668.672 5.45812 0.080923
668.672 5.52159 0.109158
668.672 5.58505 0.136953
668.672 5.64852 0.164196
668.672 5.71199 0.190778
668.672 5.77545 0.216593
668.672 5.83892 0.241535
668.672 5.90239 0.265504
668.672 5.96585 0.288405
668.672 6.02932 0.310144
668.672 6.09279 0.330634
668.672 6.15625 0.349793
668.672 6.21972 0.367543
668.672 6.28319 0.383813
669.673 0 0.204771
669.673 0.0634665 0.214756
669.673 0.126933 0.223877
669.673 0.1904 0.232097
669.673 0.253866 0.239381
669.673 0.317333 0.245702
669.673 0.380799 0.251034
669.673 0.444266 0.255354
669.673 0.507732 0.258647
669.673 0.571199 0.260898
669.673 0.634665 0.262099
669.673 0.698132 0.262243
669.673 0.761598 0.261333
669.673 0.825065 0.25937
669.673 0.888531 0.256362
669.673 0.951998 0.252322
669.673 1.01546 0.247267
669.673 1.07893 0.241215
669.673 1.1424 0.234192
669.673 1.20586 0.226227
669.673 1.26933 0.21735
669.673 1.3328 0.207598
669.673 1.39626 0.19701
669.673 1.45973 0.185629
669.673 1.5232 0.1735
669.673 1.58666 0.160673
669.673 1.65013 0.147199
669.673 1.7136 0.133132
669.673 1.77706 0.118529
669.673 1.84053 0.103449
669.673 1.904 0.087952
669.673 1.96746 0.0721009
669.673 2.03093 0.0559596
669.673 2.0944 0.0395931
669.673 2.15786 0.0230671
669.673 2.22133 0.00644815
669.673 2.28479 -0.0101968
669.673 2.34826 -0.0268006
669.673 2.41173 -0.0432965
669.673 2.47519 -0.0596181
669.673 2.53866 -0.0756995
669.673 2.60213 -0.0914764
669.673 2.66559 -0.106885
669.673 2.72906 -0.121862
669.673 2.79253 -0.13635
669.673 2.85599 -0.150288
669.673 2.91946 -0.163621
669.673 2.98293 -0.176295
669.673 3.04639 -0.18826
669.673 3.10986 -0.199466
669.673 3.17333 -0.209869
669.673 3.23679 -0.219427
669.673 3.30026 -0.228102
669.673 3.36373 -0.235858
669.673 3.42719 -0.242664
669.673 3.49066 -0.248493
669.673 3.55413 -0.253322
669.673 3.61759 -0.257131
669.673 3.68106 -0.259903
669.673 3.74452 -0.26163
669.673 3.80799 -0.262303
669.673 3.87146 -0.26192
669.673 3.93492 -0.260482
669.673 3.99839 -0.257996
669.673 4.06186 -0.25447
669.673 4.12532 -0.24992
669.673 4.18879 -0.244364
669.673 4.25226 -0.237823
669.673 4.31572 -0.230325
669.673 4.37919 -0.2219
669.673 4.44266 -0.212581
669.673 4.50612 -0.202406
669.673 4.56959 -0.191416
669.673 4.63306 -0.179655
669.673 4.69652 -0.167171
669.673 4.75999 -0.154013
669.673 4.82346 -0.140236
669.673 4.88692 -0.125894
669.673 4.95039 -0.111045
669.673 5.01385 -0.0957487
669.673 5.07732 -0.0800668
669.673 5.14079 -0.0640626
669.673 5.20425 -0.0478005
669.673 5.26772 -0.0313459
669.673 5.33119 -0.0147651
669.673 5.39465 0.00187528
669.673 5.45812 0.018508
669.673 5.52159 0.0350661
669.673 5.58505 0.0514832
669.673 5.64852 0.067693
669.673 5.71199 0.0836299
669.673 5.77545 0.0992303
669.673 5.83892 0.114431
669.673 5.90239 0.129171
669.673 5.96585 0.143391
669.673 6.02932 0.157034
669.673 6.09279 0.170044
669.673 6.15625 0.182369
669.673 6.21972 0.193961
669.673 6.28319 0.204771
670.674 0 -0.246415
670.674 0.0634665 -0.241715
670.674 0.126933 -0.236043
670.674 0.1904 -0.229419
670.674 0.253866 -0.221872
670.674 0.317333 -0.213432
670.674 0.380799 -0.204132
670.674 0.444266 -0.19401
670.674 0.507732 -0.183108
670.674 0.571199 -0.171467
670.674 0.634665 -0.159136
670.674 0.698132 -0.146165
670.674 0.761598 -0.132605
670.674 0.825065 -0.118511
670.674 0.888531 -0.103939
670.674 0.951998 -0.0889497
670.674 1.01546 -0.0736018
670.674 1.07893 -0.0579575
670.674 1.1424 -0.04208
670.674 1.20586 -0.0260328
670.674 1.26933 -0.00988081
670.674 1.3328 0.00631092
670.674 1.39626 0.0224771
670.674 1.45973 0.0385529
670.674 1.5232 0.0544734
670.674 1.58666 0.0701746
670.674 1.65013 0.0855933
670.674 1.7136 0.100667
670.674 1.77706 0.115336
670.674 1.84053 0.12954
670.674 1.904 0.143223
670.674 1.96746 0.156329
670.674 2.03093 0.168805
670.674 2.0944 0.180602
670.674 2.15786 0.191671
670.674 2.22133 0.201969
670.674 2.28479 0.211453
670.674 2.34826 0.220086
670.674 2.41173 0.227833
670.674 2.47519 0.234662
670.674 2.53866 0.240547
670.674 2.60213 0.245463
670.674 2.66559 0.24939
670.674 2.72906 0.252313
670.674 2.79253 0.254221
670.674 2.85599 0.255104
670.674 2.91946 0.254961
670.674 2.98293 0.25379
670.674 3.04639 0.251599
670.674 3.10986 0.248393
670.674 3.17333 0.244188
670.674 3.23679 0.238999
670.674 3.30026 0.232848
670.674 3.36373 0.225759
670.674 3.42719 0.217761
670.674 3.49066 0.208887
670.674 3.55413 0.199171
670.674 3.61759 0.188654
670.674 3.68106 0.177376
670.674 3.74452 0.165385
670.674 3.80799 0.152728
670.674 3.87146 0.139455
670.674 3.93492 0.125621
670.674 3.99839 0.111281
670.674 4.06186 0.0964931
670.674 4.12532 0.0813167
670.674 4.18879 0.0658128
670.674 4.25226 0.0500438
670.674 4.31572 0.0340735
670.674 4.37919 0.0179657
670.674 4.44266 0.00178596
670.674 4.50612 -0.0144012
670.674 4.56959 -0.0305305
670.674 4.63306 -0.0465366
670.674 4.69652 -0.0623555
670.674 4.75999 -0.0779233
670.674 4.82346 -0.0931772
670.674 4.88692 -0.108056
670.674 4.95039 -0.1225
670.674 5.01385 -0.13645
670.674 5.07732 -0.149851
670.674 5.14079 -0.162649
670.674 5.20425 -0.174791
670.674 5.26772 -0.18623
670.674 5.33119 -0.196919
670.674 5.39465 -0.206815
670.674 5.45812 -0.215879
670.674 5.52159 -0.224073
670.674 5.58505 -0.231364
670.674 5.64852 -0.237724
670.674 5.71199 -0.243127
670.674 5.77545 -0.247551
670.674 5.83892 -0.250978
670.674 5.90239 -0.253395
670.674 5.96585 -0.254791
670.674 6.02932 -0.255161
670.674 6.09279 -0.254504
670.674 6.15625 -0.252822
670.674 6.21972 -0.250122
670.674 6.28319 -0.246415
671.675 0 0.0126139
671.675 0.0634665 0.0311694
671.675 0.126933 0.0495994
671.675 0.1904 0.0678296
671.675 0.253866 0.0857868
671.675 0.317333 0.103398
671.675 0.380799 0.120594
671.675 0.444266 0.137303
671.675 0.507732 0.15346
671.675 0.571199 0.168999
671.675 0.634665 0.183858
671.675 0.698132 0.197976
671.675 0.761598 0.211296
671.675 0.825065 0.223767
671.675 0.888531 0.235336
671.675 0.951998 0.245957
671.675 1.01546 0.255588
671.675 1.07893 0.26419
671.675 1.1424 0.271728
671.675 1.20586 0.278172
671.675 1.26933 0.283496
671.675 1.3328 0.287679
671.675 1.39626 0.290702
671.675 1.45973 0.292556
671.675 1.5232 0.293231
671.675 1.58666 0.292726
671.675 1.65013 0.291042
671.675 1.7136 0.288186
671.675 1.77706 0.284169
671.675 1.84053 0.279009
671.675 1.904 0.272725
671.675 1.96746 0.265342
671.675 2.03093 0.256891
671.675 2.0944 0.247406
671.675 2.15786 0.236925
671.675 2.22133 0.225489
671.675 2.28479 0.213146
671.675 2.34826 0.199945
671.675 2.41173 0.185938
671.675 2.47519 0.171182
671.675 2.53866 0.155738
671.675 2.60213 0.139666
671.675 2.66559 0.123032
671.675 2.72906 0.105902
671.675 2.79253 0.0883459
671.675 2.85599 0.0704343
671.675 2.91946 0.0522388
671.675 2.98293 0.033833
671.675 3.04639 0.015291
671.675 3.10986 -0.00331251
671.675 3.17333 -0.0219026
671.675 3.23679 -0.0404047
671.675 3.30026 -0.0587441
671.675 3.36373 -0.0768468
671.675 3.42719 -0.0946403
671.675 3.49066 -0.112053
671.675 3.55413 -0.129013
671.675 3.61759 -0.145455
671.675 3.68106 -0.161311
671.675 3.74452 -0.176517
671.675 3.80799 -0.191013
671.675 3.87146 -0.204739
671.675 3.93492 -0.217641
671.675 3.99839 -0.229667
671.675 4.06186 -0.240768
671.675 4.12532 -0.250899
671.675 4.18879 -0.26002
671.675 4.25226 -0.268094
671.675 4.31572 -0.275089
671.675 4.37919 -0.280976
671.675 4.44266 -0.285731
671.675 4.50612 -0.289336
671.675 4.56959 -0.291776
671.675 4.63306 -0.293041
671.675 4.69652 -0.293126
671.675 4.75999 -0.292031
671.675 4.82346 -0.28976
671.675 4.88692 -0.286322
671.675 4.95039 -0.281731
671.675 5.01385 -0.276006
671.675 5.07732 -0.269169
671.675 5.14079 -0.261248
671.675 5.20425 -0.252276
671.675 5.26772 -0.242288
671.675 5.33119 -0.231324
671.675 5.39465 -0.219428
671.675 5.45812 -0.206649
671.675 5.52159 -0.193038
671.675 5.58505 -0.17865
671.675 5.64852 -0.163542
671.675 5.71199 -0.147776
671.675 5.77545 -0.131415
671.675 5.83892 -0.114525
671.675 5.90239 -0.0971729
671.675 5.96585 -0.0794301
671.675 6.02932 -0.0613673
671.675 6.09279 -0.0430576
671.675 6.15625 -0.0245744
671.675 6.21972 -0.00599219
671.675 6.28319 0.012614
672.676 0 -0.39536
672.676 0.0634665 -0.384447
672.676 0.126933 -0.371987
672.676 0.1904 -0.358028
672.676 0.253866 -0.342627
672.676 0.317333 -0.325847
672.676 0.380799 -0.307755
672.676 0.444266 -0.288424
672.676 0.507732 -0.267931
672.676 0.571199 -0.24636
672.676 0.634665 -0.223796
672.676 0.698132 -0.200332
672.676 0.761598 -0.17606
672.676 0.825065 -0.15108
672.676 0.888531 -0.125491
672.676 0.951998 -0.0993975
672.676 1.01546 -0.0729032
672.676 1.07893 -0.0461157
672.676 1.1424 -0.0191421
672.676 1.20586 0.00790848
672.676 1.26933 0.034927
672.676 1.3328 0.0618051
672.676 1.39626 0.0884342
672.676 1.45973 0.114707
672.676 1.5232 0.140518
672.676 1.58666 0.165764
672.676 1.65013 0.190342
672.676 1.7136 0.214153
672.676 1.77706 0.237103
672.676 1.84053 0.259097
672.676 1.904 0.280048
672.676 1.96746 0.299871
672.676 2.03093 0.318487
672.676 2.0944 0.33582
672.676 2.15786 0.351802
672.676 2.22133 0.366367
672.676 2.28479 0.379456
672.676 2.34826 0.391018
672.676 2.41173 0.401005
672.676 2.47519 0.409377
672.676 2.53866 0.416101
672.676 2.60213 0.42115
672.676 2.66559 0.424502
672.676 2.72906 0.426146
672.676 2.79253 0.426073
672.676 2.85599 0.424285
672.676 2.91946 0.420788
672.676 2.98293 0.415597
672.676 3.04639 0.408732
672.676 3.10986 0.400222
672.676 3.17333 0.3901
672.676 3.23679 0.378407
672.676 3.30026 0.365191
672.676 3.36373 0.350504
672.676 3.42719 0.334406
672.676 3.49066 0.316961
672.676 3.55413 0.29824
672.676 3.61759 0.278318
672.676 3.68106 0.257275
672.676 3.74452 0.235197
672.676 3.80799 0.212171
672.676 3.87146 0.188291
672.676 3.93492 0.163653
672.676 3.99839 0.138355
672.676 4.06186 0.112501
672.676 4.12532 0.0861938
672.676 4.18879 0.0595393
672.676 4.25226 0.0326453
672.676 4.31572 0.00561973
672.676 4.37919 -0.0214287
672.676 4.44266 -0.0483904
672.676 4.50612 -0.0751574
672.676 4.56959 -0.101622
672.676 4.63306 -0.127677
672.676 4.69652 -0.153218
672.676 4.75999 -0.178143
672.676 4.82346 -0.20235
672.676 4.88692 -0.225741
672.676 4.95039 -0.248225
672.676 5.01385 -0.269708
672.676 5.07732 -0.290106
672.676 5.14079 -0.309335
672.676 5.20425 -0.327319
672.676 5.26772 -0.343985
672.676 5.33119 -0.359265
672.676 5.39465 -0.373099
672.676 5.45812 -0.385431
672.676 5.52159 -0.396211
672.676 5.58505 -0.405395
672.676 5.64852 -0.412947
672.676 5.71199 -0.418836
672.676 5.77545 -0.423039
672.676 5.83892 -0.425538
672.676 5.90239 -0.426324
672.676 5.96585 -0.425393
672.676 6.02932 -0.422749
672.676 6.09279 -0.418403
672.676 6.15625 -0.412372
672.676 6.21972 -0.404681
672.676 6.28319 -0.39536
673.677 0 0.145692
673.677 0.0634665 0.143006
673.677 0.126933 0.139744
673.677 0.1904 0.135919
673.677 0.253866 0.131546
673.677 0.317333 0.126644
673.677 0.380799 0.121232
673.677 0.444266 0.115332
673.677 0.507732 0.108967
673.677 0.571199 0.102164
673.677 0.634665 0.0949494
673.677 0.698132 0.0873518
673.677 0.761598 0.0794032
673.677 0.825065 0.0711347
673.677 0.888531 0.0625796
673.677 0.951998 0.0537724
673.677 1.01546 0.0447491
673.677 1.07893 0.0355455
673.677 1.1424 0.0261987
673.677 1.20586 0.0167465
673.677 1.26933 0.00722669
673.677 1.3328 -0.00232226
673.677 1.39626 -0.0118617
673.677 1.45973 -0.0213535
673.677 1.5232 -0.030759
673.677 1.58666 -0.040041
673.677 1.65013 -0.0491615
673.677 1.7136 -0.0580842
673.677 1.77706 -0.0667731
673.677 1.84053 -0.075193
673.677 1.904 -0.0833101
673.677 1.96746 -0.0910919
673.677 2.03093 -0.0985067
673.677 2.0944 -0.105525
673.677 2.15786 -0.112118
673.677 2.22133 -0.11826
673.677 2.28479 -0.123926
673.677 2.34826 -0.129093
673.677 2.41173 -0.13374
673.677 2.47519 -0.137848
673.677 2.53866 -0.141401
673.677 2.60213 -0.144385
673.677 2.66559 -0.146787
673.677 2.72906 -0.148599
673.677 2.79253 -0.149812
673.677 2.85599 -0.150422
673.677 2.91946 -0.150426
673.677 2.98293 -0.149825
673.677 3.04639 -0.14862
673.677 3.10986 -0.146816
673.677 3.17333 -0.144422
673.677 3.23679 -0.141446
673.677 3.30026 -0.1379
673.677 3.36373 -0.1338
673.677 3.42719 -0.12916
673.677 3.49066 -0.124001
673.677 3.55413 -0.118342
673.677 3.61759 -0.112206
673.677 3.68106 -0.105618
673.677 3.74452 -0.0986058
673.677 3.80799 -0.0911966
673.677 3.87146 -0.0834197
673.677 3.93492 -0.0753068
673.677 3.99839 -0.0668907
673.677 4.06186 -0.0582055
673.677 4.12532 -0.0492857
673.677 4.18879 -0.0401676
673.677 4.25226 -0.0308879
673.677 4.31572 -0.0214834
673.677 4.37919 -0.0119926
673.677 4.44266 -0.00245362
673.677 4.50612 0.00709543
673.677 4.56959 0.0166158
673.677 4.63306 0.0260694
673.677 4.69652 0.0354177
673.677 4.75999 0.0446237
673.677 4.82346 0.0536499
673.677 4.88692 0.0624602
673.677 4.95039 0.0710188
673.677 5.01385 0.0792915
673.677 5.07732 0.0872449
673.677 5.14079 0.0948471
673.677 5.20425 0.102067
673.677 5.26772 0.108877
673.677 5.33119 0.115247
673.677 5.39465 0.121154
673.677 5.45812 0.126573
673.677 5.52159 0.131482
673.677 5.58505 0.135862
673.677 5.64852 0.139695
673.677 5.71199 0.142965
673.677 5.77545 0.14566
673.677 5.83892 0.147768
673.677 5.90239 0.149281
673.677 5.96585 0.150193
673.677 6.02932 0.1505
673.677 6.09279 0.150201
673.677 6.15625 0.149297
673.677 6.21972 0.147792
673.677 6.28319 0.145693
674.678 0 -0.126152
674.678 0.0634665 -0.133132
674.678 0.126933 -0.139576
674.678 0.1904 -0.145458
674.678 0.253866 -0.150754
674.678 0.317333 -0.155443
674.678 0.380799 -0.159506
674.678 0.444266 -0.162927
674.678 0.507732 -0.165692
674.678 0.571199 -0.16779
674.678 0.634665 -0.169212
674.678 0.698132 -0.169952
674.678 0.761598 -0.170009
674.678 0.825065 -0.16938
674.678 0.888531 -0.16807
674.678 0.951998 -0.166083
674.678 1.01546 -0.163428
674.678 1.07893 -0.160114
674.678 1.1424 -0.156155
674.678 1.20586 -0.151568
674.678 1.26933 -0.14637
674.678 1.3328 -0.140583
674.678 1.39626 -0.13423
674.678 1.45973 -0.127336
674.678 1.5232 -0.11993
674.678 1.58666 -0.112041
674.678 1.65013 -0.103701
674.678 1.7136 -0.0949425
674.678 1.77706 -0.0858022
674.678 1.84053 -0.0763166
674.678 1.904 -0.0665236
674.678 1.96746 -0.0564626
674.678 2.03093 -0.0461745
674.678 2.0944 -0.0357003
674.678 2.15786 -0.0250822
674.678 2.22133 -0.0143633
674.678 2.28479 -0.00358652
674.678 2.34826 0.00720472
674.678 2.41173 0.0179669
674.678 2.47519 0.0286568
674.678 2.53866 0.0392312
674.678 2.60213 0.0496479
674.678 2.66559 0.0598644
674.678 2.72906 0.0698399
674.678 2.79253 0.0795343
674.678 2.85599 0.0889083
674.678 2.91946 0.0979244
674.678 2.98293 0.106546
674.678 3.04639 0.114739
674.678 3.10986 0.12247
674.678 3.17333 0.129707
674.678 3.23679 0.136422
674.678 3.30026 0.142588
674.678 3.36373 0.14818
674.678 3.42719 0.153175
674.678 3.49066 0.157554
674.678 3.55413 0.161298
674.678 3.61759 0.164392
674.678 3.68106 0.166825
674.678 3.74452 0.168585
674.678 3.80799 0.169667
674.678 3.87146 0.170066
674.678 3.93492 0.16978
674.678 3.99839 0.16881
674.678 4.06186 0.167161
674.678 4.12532 0.164838
674.678 4.18879 0.161852
674.678 4.25226 0.158214
674.678 4.31572 0.153939
674.678 4.37919 0.149044
674.678 4.44266 0.143549
674.678 4.50612 0.137476
674.678 4.56959 0.130849
674.678 4.63306 0.123696
674.678 4.69652 0.116044
674.678 4.75999 0.107925
674.678 4.82346 0.0993716
674.678 4.88692 0.0904179
674.678 4.95039 0.0811004
674.678 5.01385 0.071456
674.678 5.07732 0.0615241
674.678 5.14079 0.0513445
674.678 5.20425 0.0409578
674.678 5.26772 0.0304065
674.678 5.33119 0.0197327
674.678 5.39465 0.00897935
674.678 5.45812 -0.00181001
674.678 5.52159 -0.0125921
674.678 5.58505 -0.0233236
674.678 5.64852 -0.0339611
674.678 5.71199 -0.044462
674.678 5.77545 -0.0547836
674.678 5.83892 -0.0648848
674.678 5.90239 -0.0747248
674.678 5.96585 -0.0842638
674.678 6.02932 -0.0934634
674.678 6.09279 -0.102287
674.678 6.15625 -0.110698
674.678 6.21972 -0.118664
674.678 6.28319 -0.126152
675.679 0 -0.290074
675.679 0.0634665 -0.290196
675.679 0.126933 -0.28915
675.679 0.1904 -0.286939
675.679 0.253866 -0.283573
675.679 0.317333 -0.279065
675.679 0.380799 -0.273434
675.679 0.444266 -0.266701
675.679 0.507732 -0.258894
675.679 0.571199 -0.250045
675.679 0.634665 -0.240189
675.679 0.698132 -0.229366
675.679 0.761598 -0.21762
675.679 0.825065 -0.204997
675.679 0.888531 -0.191548
675.679 0.951998 -0.177329
675.679 1.01546 -0.162395
675.679 1.07893 -0.146808
675.679 1.1424 -0.130629
675.679 1.20586 -0.113924
675.679 1.26933 -0.0967608
675.679 1.3328 -0.0792077
675.679 1.39626 -0.0613356
675.679 1.45973 -0.0432165
675.679 1.5232 -0.0249237
675.679 1.58666 -0.00653001
675.679 1.65013 0.0118897
675.679 1.7136 0.0302615
675.679 1.77706 0.0485113
675.679 1.84053 0.0665661
675.679 1.904 0.0843523
675.679 1.96746 0.101799
675.679 2.03093 0.118836
675.679 2.0944 0.135395
675.679 2.15786 0.151408
675.679 2.22133 0.166812
675.679 2.28479 0.181544
675.679 2.34826 0.195545
675.679 2.41173 0.208758
675.679 2.47519 0.221131
675.679 2.53866 0.232614
675.679 2.60213 0.243159
675.679 2.66559 0.252727
675.679 2.72906 0.261275
675.679 2.79253 0.268772
675.679 2.85599 0.275187
675.679 2.91946 0.280494
675.679 2.98293 0.284671
675.679 3.04639 0.287703
675.679 3.10986 0.289575
675.679 3.17333 0.290281
675.679 3.23679 0.289819
675.679 3.30026 0.28819
675.679 3.36373 0.2854
675.679 3.42719 0.281461
675.679 3.49066 0.276388
675.679 3.55413 0.270203
675.679 3.61759 0.26293
675.679 3.68106 0.254598
675.679 3.74452 0.245241
675.679 3.80799 0.234896
675.679 3.87146 0.223606
675.679 3.93492 0.211415
675.679 3.99839 0.198373
675.679 4.06186 0.184532
675.679 4.12532 0.169948
675.679 4.18879 0.154679
675.679 4.25226 0.138788
675.679 4.31572 0.122338
675.679 4.37919 0.105395
675.679 4.44266 0.0880283
675.679 4.50612 0.0703071
675.679 4.56959 0.0523023
675.679 4.63306 0.0340873
675.679 4.69652 0.0157349
675.679 4.75999 -0.00268103
675.679 4.82346 -0.0210862
675.679 4.88692 -0.0394063
675.679 4.95039 -0.0575674
675.679 5.01385 -0.075497
675.679 5.07732 -0.093123
675.679 5.14079 -0.110373
675.679 5.20425 -0.12718
675.679 5.26772 -0.143474
675.679 5.33119 -0.15919
675.679 5.39465 -0.174265
675.679 5.45812 -0.188639
675.679 5.52159 -0.202253
675.679 5.58505 -0.215053
675.679 5.64852 -0.226987
675.679 5.71199 -0.238007
675.679 5.77545 -0.248068
675.679 5.83892 -0.25713
675.679 5.90239 -0.265158
675.679 5.96585 -0.272117
675.679 6.02932 -0.277981
675.679 6.09279 -0.282725
675.679 6.15625 -0.286331
675.679 6.21972 -0.288784
675.679 6.28319 -0.290074
676.68 0 0.633773
676.68 0.0634665 0.625892
676.68 0.126933 0.615492
676.68 0.1904 0.602613
676.68 0.253866 0.587308
676.68 0.317333 0.569638
676.68 0.380799 0.549673
676.68 0.444266 0.527496
676.68 0.507732 0.503195
676.68 0.571199 0.476868
676.68 0.634665 0.448619
676.68 0.698132 0.418565
676.68 0.761598 0.386826
676.68 0.825065 0.353529
676.68 0.888531 0.318808
676.68 0.951998 0.282804
676.68 1.01546 0.24566
676.68 1.07893 0.207528
676.68 1.1424 0.16856
676.68 1.20586 0.128913
676.68 1.26933 0.0887469
676.68 1.3328 0.0482239
676.68 1.39626 0.00750653
676.68 1.45973 -0.0332412
676.68 1.5232 -0.073855
676.68 1.58666 -0.114171
676.68 1.65013 -0.154028
676.68 1.7136 -0.193264
676.68 1.77706 -0.231723
676.68 1.84053 -0.269248
676.68 1.904 -0.305689
676.68 1.96746 -0.340899
676.68 2.03093 -0.374736
676.68 2.0944 -0.407065
676.68 2.15786 -0.437754
676.68 2.22133 -0.466681
676.68 2.28479 -0.493729
676.68 2.34826 -0.518788
676.68 2.41173 -0.541758
676.68 2.47519 -0.562548
676.68 2.53866 -0.581071
676.68 2.60213 -0.597256
676.68 2.66559 -0.611035
676.68 2.72906 -0.622353
676.68 2.79253 -0.631166
676.68 2.85599 -0.637437
676.68 2.91946 -0.641142
676.68 2.98293 -0.642265
676.68 3.04639 -0.640801
676.68 3.10986 -0.636758
676.68 3.17333 -0.63015
676.68 3.23679 -0.621005
676.68 3.30026 -0.609359
676.68 3.36373 -0.59526
676.68 3.42719 -0.578764
676.68 3.49066 -0.559937
676.68 3.55413 -0.538856
676.68 3.61759 -0.515605
676.68 3.68106 -0.490278
676.68 3.74452 -0.462976
676.68 3.80799 -0.433811
676.68 3.87146 -0.402898
676.68 3.93492 -0.370363
676.68 3.99839 -0.336338
676.68 4.06186 -0.300957
676.68 4.12532 -0.264365
676.68 4.18879 -0.226708
676.68 4.25226 -0.188138
676.68 4.31572 -0.148811
676.68 4.37919 -0.108885
676.68 4.44266 -0.0685201
676.68 4.50612 -0.0278793
676.68 4.56959 0.0128739
676.68 4.63306 0.053575
676.68 4.69652 0.0940604
676.68 4.75999 0.134167
676.68 4.82346 0.173734
676.68 4.88692 0.212601
676.68 4.95039 0.250612
676.68 5.01385 0.287613
676.68 5.07732 0.323457
676.68 5.14079 0.357998
676.68 5.20425 0.391098
676.68 5.26772 0.422622
676.68 5.33119 0.452445
676.68 5.39465 0.480447
676.68 5.45812 0.506513
676.68 5.52159 0.530541
676.68 5.58505 0.552431
676.68 5.64852 0.572098
676.68 5.71199 0.58946
676.68 5.77545 0.604449
676.68 5.83892 0.617005
676.68 5.90239 0.627075
676.68 5.96585 0.634622
676.68 6.02932 0.639612
676.68 6.09279 0.642027
676.68 6.15625 0.641856
676.68 6.21972 0.639101
676.68 6.28319 0.633773
677.681 0 -0.0744151
677.681 0.0634665 -0.0644982
677.681 0.126933 -0.0543215
677.681 0.1904 -0.0439261
677.681 0.253866 -0.0333537
677.681 0.317333 -0.0226472
677.681 0.380799 -0.0118492
677.681 0.444266 -0.00100367
677.681 0.507732 0.00984588
677.681 0.571199 0.0206558
677.681 0.634665 0.0313825
677.681 0.698132 0.0419829
677.681 0.761598 0.0524142
677.681 0.825065 0.0626344
677.681 0.888531 0.0726026
677.681 0.951998 0.0822783
677.681 1.01546 0.0916227
677.681 1.07893 0.100598
677.681 1.1424 0.109168
677.681 1.20586 0.117299
677.681 1.26933 0.124958
677.681 1.3328 0.132113
677.681 1.39626 0.138737
677.681 1.45973 0.144801
677.681 1.5232 0.150283
677.681 1.58666 0.15516
677.681 1.65013 0.159411
677.681 1.7136 0.163021
677.681 1.77706 0.165975
677.681 1.84053 0.16826
677.681 1.904 0.169867
677.681 1.96746 0.170791
677.681 2.03093 0.171027
677.681 2.0944 0.170574
677.681 2.15786 0.169435
677.681 2.22133 0.167613
677.681 2.28479 0.165116
677.681 2.34826 0.161954
677.681 2.41173 0.15814
677.681 2.47519 0.15369
677.681 2.53866 0.14862
677.681 2.60213 0.142953
677.681 2.66559 0.136709
677.681 2.72906 0.129915
677.681 2.79253 0.122598
677.681 2.85599 0.114787
677.681 2.91946 0.106514
677.681 2.98293 0.0978125
677.681 3.04639 0.0887169
677.681 3.10986 0.0792637
677.681 3.17333 0.0694916
677.681 3.23679 0.0594397
677.681 3.30026 0.0491485
677.681 3.36373 0.0386594
677.681 3.42719 0.0280147
677.681 3.49066 0.0172569
677.681 3.55413 0.00642975
677.681 3.61759 -0.00442317
677.681 3.68106 -0.0152584
677.681 3.74452 -0.0260322
677.681 3.80799 -0.0367012
677.681 3.87146 -0.0472223
677.681 3.93492 -0.0575532
677.681 3.99839 -0.0676526
677.681 4.06186 -0.0774793
677.681 4.12532 -0.0869943
677.681 4.18879 -0.0961589
677.681 4.25226 -0.104936
677.681 4.31572 -0.113291
677.681 4.37919 -0.12119
677.681 4.44266 -0.1286
677.681 4.50612 -0.135493
677.681 4.56959 -0.14184
677.681 4.63306 -0.147617
677.681 4.69652 -0.152798
677.681 4.75999 -0.157365
677.681 4.82346 -0.161298
677.681 4.88692 -0.164581
677.681 4.95039 -0.167201
677.681 5.01385 -0.169149
677.681 5.07732 -0.170415
677.681 5.14079 -0.170995
677.681 5.20425 -0.170886
677.681 5.26772 -0.17009
677.681 5.33119 -0.168608
677.681 5.39465 -0.166448
677.681 5.45812 -0.163617
677.681 5.52159 -0.160128
677.681 5.58505 -0.155994
677.681 5.64852 -0.151231
677.681 5.71199 -0.14586
677.681 5.77545 -0.139901
677.681 5.83892 -0.133379
677.681 5.90239 -0.12632
677.681 5.96585 -0.118752
677.681 6.02932 -0.110706
677.681 6.09279 -0.102215
677.681 6.15625 -0.0933116
677.681 6.21972 -0.0840328
677.681 6.28319 -0.0744151
678.682 0 0.332491
678.682 0.0634665 0.325756
678.682 0.126933 0.317709
678.682 0.1904 0.308383
678.682 0.253866 0.297815
678.682 0.317333 0.286048
678.682 0.380799 0.273129
678.682 0.444266 0.259111
678.682 0.507732 0.244049
678.682 0.571199 0.228004
678.682 0.634665 0.211041
678.682 0.698132 0.193229
678.682 0.761598 0.174638
678.682 0.825065 0.155344
678.682 0.888531 0.135425
678.682 0.951998 0.11496
678.682 1.01546 0.0940326
678.682 1.07893 0.0727265
678.682 1.1424 0.0511275
678.682 1.20586 0.0293226
678.682 1.26933 0.0073996
678.682 1.3328 -0.0145531
678.682 1.39626 -0.0364473
678.682 1.45973 -0.0581947
678.682 1.5232 -0.0797079
678.682 1.58666 -0.1009
678.682 1.65013 -0.121686
678.682 1.7136 -0.141982
678.682 1.77706 -0.161706
678.682 1.84053 -0.180779
678.682 1.904 -0.199124
678.682 1.96746 -0.216667
678.682 2.03093 -0.233338
678.682 2.0944 -0.249069
678.682 2.15786 -0.263797
678.682 2.22133 -0.277464
678.682 2.28479 -0.290013
678.682 2.34826 -0.301394
678.682 2.41173 -0.311561
678.682 2.47519 -0.320474
678.682 2.53866 -0.328097
678.682 2.60213 -0.334398
678.682 2.66559 -0.339353
678.682 2.72906 -0.342942
678.682 2.79253 -0.345149
678.682 2.85599 -0.345966
678.682 2.91946 -0.345391
678.682 2.98293 -0.343425
678.682 3.04639 -0.340076
678.682 3.10986 -0.335357
678.682 3.17333 -0.329289
678.682 3.23679 -0.321894
678.682 3.30026 -0.313204
678.682 3.36373 -0.303251
678.682 3.42719 -0.292079
678.682 3.49066 -0.279729
678.682 3.55413 -0.266254
678.682 3.61759 -0.251707
678.682 3.68106 -0.236145
678.682 3.74452 -0.219633
678.682 3.80799 -0.202237
678.682 3.87146 -0.184026
678.682 3.93492 -0.165074
678.682 3.99839 -0.145458
678.682 4.06186 -0.125256
678.682 4.12532 -0.104549
678.682 4.18879 -0.0834215
678.682 4.25226 -0.0619581
678.682 4.31572 -0.0402453
678.682 4.37919 -0.0183703
678.682 4.44266 0.00357851
678.682 4.50612 0.025513
678.682 4.56959 0.0473447
678.682 4.63306 0.068986
678.682 4.69652 0.0903493
678.682 4.75999 0.111349
678.682 4.82346 0.1319
678.682 4.88692 0.15192
678.682 4.95039 0.171328
678.682 5.01385 0.190047
678.682 5.07732 0.208
678.682 5.14079 0.225116
678.682 5.20425 0.241325
678.682 5.26772 0.256563
678.682 5.33119 0.270767
678.682 5.39465 0.283881
678.682 5.45812 0.295852
678.682 5.52159 0.306631
678.682 5.58505 0.316177
678.682 5.64852 0.324449
678.682 5.71199 0.331414
678.682 5.77545 0.337045
678.682 5.83892 0.341319
678.682 5.90239 0.344218
678.682 5.96585 0.345732
678.682 6.02932 0.345853
678.682 6.09279 0.344581
678.682 6.15625 0.341922
678.682 6.21972 0.337887
678.682 6.28319 0.332491
679.683 0 -0.122512
679.683 0.0634665 -0.122461
679.683 0.126933 -0.121916
679.683 0.1904 -0.120881
679.683 0.253866 -0.119359
679.683 0.317333 -0.117357
679.683 0.380799 -0.114882
679.683 0.444266 -0.111944
679.683 0.507732 -0.108556
679.683 0.571199 -0.104731
679.683 0.634665 -0.100483
679.683 0.698132 -0.0958317
679.683 0.761598 -0.0907939
679.683 0.825065 -0.0853909
679.683 0.888531 -0.0796437
679.683 0.951998 -0.0735759
679.683 1.01546 -0.0672117
679.683 1.07893 -0.0605771
679.683 1.1424 -0.0536984
679.683 1.20586 -0.0466038
679.683 1.26933 -0.0393212
679.683 1.3328 -0.0318803
679.683 1.39626 -0.0243112
679.683 1.45973 -0.0166441
679.683 1.5232 -0.00890994
679.683 1.58666 -0.00113991
679.683 1.65013 0.00663465
679.683 1.7136 0.0143824
679.683 1.77706 0.0220725
679.683 1.84053 0.0296734
679.683 1.904 0.0371551
679.683 1.96746 0.044487
679.683 2.03093 0.0516399
679.683 2.0944 0.0585849
679.683 2.15786 0.0652938
679.683 2.22133 0.07174
679.683 2.28479 0.0778972
679.683 2.34826 0.0837408
679.683 2.41173 0.089247
679.683 2.47519 0.0943941
679.683 2.53866 0.099161
679.683 2.60213 0.103529
679.683 2.66559 0.107479
679.683 2.72906 0.110997
679.683 2.79253 0.114068
679.683 2.85599 0.11668
679.683 2.91946 0.118822
679.683 2.98293 0.120485
679.683 3.04639 0.121664
679.683 3.10986 0.122352
679.683 3.17333 0.122548
679.683 3.23679 0.12225
679.683 3.30026 0.12146
679.683 3.36373 0.120181
679.683 3.42719 0.118418
679.683 3.49066 0.116178
679.683 3.55413 0.11347
679.683 3.61759 0.110306
679.683 3.68106 0.106697
679.683 3.74452 0.102659
679.683 3.80799 0.098207
679.683 3.87146 0.0933599
679.683 3.93492 0.0881368
679.683 3.99839 0.0825588
679.683 4.06186 0.0766483
679.683 4.12532 0.0704294
679.683 4.18879 0.0639267
679.683 4.25226 0.0571666
679.683 4.31572 0.0501762
679.683 4.37919 0.0429842
679.683 4.44266 0.0356187
679.683 4.50612 0.02811
679.683 4.56959 0.0204879
679.683 4.63306 0.0127834
679.683 4.69652 0.00502745
679.683 4.75999 -0.00274869
679.683 4.82346 -0.0105138
679.683 4.88692 -0.0182367
679.683 4.95039 -0.0258861
679.683 5.01385 -0.0334311
679.683 5.07732 -0.0408417
679.683 5.14079 -0.0480878
679.683 5.20425 -0.0551402
679.683 5.26772 -0.0619705
679.683 5.33119 -0.0685514
679.683 5.39465 -0.0748561
679.683 5.45812 -0.0808596
679.683 5.52159 -0.0865374
679.683 5.58505 -0.0918668
679.683 5.64852 -0.0968264
679.683 5.71199 -0.101396
679.683 5.77545 -0.105557
679.683 5.83892 -0.109293
679.683 5.90239 -0.11259
679.683 5.96585 -0.115432
679.683 6.02932 -0.11781
679.683 6.09279 -0.119714
679.683 6.15625 -0.121135
679.683 6.21972 -0.122069
679.683 6.28319 -0.122512
680.684 0 0.104624
680.684 0.0634665 0.0958439
680.684 0.126933 0.0866775
680.684 0.1904 0.077162
680.684 0.253866 0.0673359
680.684 0.317333 0.0572388
680.684 0.380799 0.0469109
680.684 0.444266 0.0363943
680.684 0.507732 0.0257311
680.684 0.571199 0.0149643
680.684 0.634665 0.00413723
680.684 0.698132 -0.00670649
680.684 0.761598 -0.0175232
680.684 0.825065 -0.0282693
680.684 0.888531 -0.0389015
680.684 0.951998 -0.0493772
680.684 1.01546 -0.0596541
680.684 1.07893 -0.0696908
680.684 1.1424 -0.0794466
680.684 1.20586 -0.088883
680.684 1.26933 -0.0979613
680.684 1.3328 -0.106645
680.684 1.39626 -0.114899
680.684 1.45973 -0.122691
680.684 1.5232 -0.129988
680.684 1.58666 -0.136763
680.684 1.65013 -0.142986
680.684 1.7136 -0.148634
680.684 1.77706 -0.153683
680.684 1.84053 -0.158114
680.684 1.904 -0.161908
680.684 1.96746 -0.165049
680.684 2.03093 -0.167527
680.684 2.0944 -0.169329
680.684 2.15786 -0.17045
680.684 2.22133 -0.170885
680.684 2.28479 -0.170631
680.684 2.34826 -0.16969
680.684 2.41173 -0.168067
680.684 2.47519 -0.165766
680.684 2.53866 -0.162798
680.684 2.60213 -0.159174
680.684 2.66559 -0.154909
680.684 2.72906 -0.150021
680.684 2.79253 -0.144528
680.684 2.85599 -0.138454
680.684 2.91946 -0.131822
680.684 2.98293 -0.124659
680.684 3.04639 -0.116994
680.684 3.10986 -0.108859
680.684 3.17333 -0.100285
680.684 3.23679 -0.0913067
680.684 3.30026 -0.0819611
680.684 3.36373 -0.0722853
680.684 3.42719 -0.0623187
680.684 3.49066 -0.052101
680.684 3.55413 -0.0416735
680.684 3.61759 -0.0310783
680.684 3.68106 -0.0203579
680.684 3.74452 -0.00955568
680.684 3.80799 0.00128524
680.684 3.87146 0.012121
680.684 3.93492 0.0229079
680.684 3.99839 0.0336023
680.684 4.06186 0.0441616
680.684 4.12532 0.0545432
680.684 4.18879 0.0647049
680.684 4.25226 0.0746063
680.684 4.31572 0.0842073
680.684 4.37919 0.0934694
680.684 4.44266 0.102354
680.684 4.50612 0.110828
680.684 4.56959 0.118855
680.684 4.63306 0.126403
680.684 4.69652 0.133443
680.684 4.75999 0.139945
680.684 4.82346 0.145884
680.684 4.88692 0.151235
680.684 4.95039 0.155977
680.684 5.01385 0.160091
680.684 5.07732 0.163561
680.684 5.14079 0.166372
680.684 5.20425 0.168513
680.684 5.26772 0.169975
680.684 5.33119 0.170754
680.684 5.39465 0.170844
680.684 5.45812 0.170246
680.684 5.52159 0.168964
680.684 5.58505 0.167
680.684 5.64852 0.164364
680.684 5.71199 0.161067
680.684 5.77545 0.157121
680.684 5.83892 0.152542
680.684 5.90239 0.147349
680.684 5.96585 0.141562
680.684 6.02932 0.135206
680.684 6.09279 0.128305
680.684 6.15625 0.120888
680.684 6.21972 0.112984
680.684 6.28319 0.104624
681.685 0 -0.0909626
681.685 0.0634665 -0.102648
681.685 0.126933 -0.113919
681.685 0.1904 -0.124733
681.685 0.253866 -0.135043
681.685 0.317333 -0.144811
681.685 0.380799 -0.153994
681.685 0.444266 -0.162558
681.685 0.507732 -0.170468
681.685 0.571199 -0.177691
681.685 0.634665 -0.184198
681.685 0.698132 -0.189964
681.685 0.761598 -0.194964
681.685 0.825065 -0.19918
681.685 0.888531 -0.202594
681.685 0.951998 -0.205192
681.685 1.01546 -0.206963
681.685 1.07893 -0.207901
681.685 1.1424 -0.208003
681.685 1.20586 -0.207266
681.685 1.26933 -0.205695
681.685 1.3328 -0.203296
681.685 1.39626 -0.200078
681.685 1.45973 -0.196055
681.685 1.5232 -0.191242
681.685 1.58666 -0.185659
681.685 1.65013 -0.179328
681.685 1.7136 -0.172276
681.685 1.77706 -0.164529
681.685 1.84053 -0.15612
681.685 1.904 -0.147083
681.685 1.96746 -0.137453
681.685 2.03093 -0.12727
681.685 2.0944 -0.116574
681.685 2.15786 -0.105409
681.685 2.22133 -0.0938195
681.685 2.28479 -0.0818524
681.685 2.34826 -0.0695554
681.685 2.41173 -0.0569784
681.685 2.47519 -0.044172
681.685 2.53866 -0.0311876
681.685 2.60213 -0.0180777
681.685 2.66559 -0.00489503
681.685 2.72906 0.00830723
681.685 2.79253 0.021476
681.685 2.85599 0.0345587
681.685 2.91946 0.047502
681.685 2.98293 0.0602538
681.685 3.04639 0.0727633
681.685 3.10986 0.0849795
681.685 3.17333 0.0968541
681.685 3.23679 0.108338
681.685 3.30026 0.119386
681.685 3.36373 0.129953
681.685 3.42719 0.139998
681.685 3.49066 0.149478
681.685 3.55413 0.158356
681.685 3.61759 0.166597
681.685 3.68106 0.174167
681.685 3.74452 0.181035
681.685 3.80799 0.187175
681.685 3.87146 0.192561
681.685 3.93492 0.197171
681.685 3.99839 0.200988
681.685 4.06186 0.203995
681.685 4.12532 0.206181
681.685 4.18879 0.207537
681.685 4.25226 0.208057
681.685 4.31572 0.207739
681.685 4.37919 0.206585
681.685 4.44266 0.204599
681.685 4.50612 0.201789
681.685 4.56959 0.198166
681.685 4.63306 0.193746
681.685 4.69652 0.188545
681.685 4.75999 0.182586
681.685 4.82346 0.17589
681.685 4.88692 0.168487
681.685 4.95039 0.160406
681.685 5.01385 0.151678
681.685 5.07732 0.14234
681.685 5.14079 0.132428
681.685 5.20425 0.121983
681.685 5.26772 0.111048
681.685 5.33119 0.0996645
681.685 5.39465 0.0878803
681.685 5.45812 0.0757421
681.685 5.52159 0.0632988
681.685 5.58505 0.0506007
681.685 5.64852 0.0376989
681.685 5.71199 0.0246452
681.685 5.77545 0.0114921
681.685 5.83892 -0.001707
681.685 5.90239 -0.0148992
681.685 5.96585 -0.0280316
681.685 6.02932 -0.041051
681.685 6.09279 -0.053905
681.685 6.15625 -0.0665423
681.685 6.21972 -0.0789113
681.685 6.28319 -0.0909626
682.686 0 -0.158797
682.686 0.0634665 -0.128835
682.686 0.126933 -0.098355
682.686 0.1904 -0.0674789
682.686 0.253866 -0.036331
682.686 0.317333 -0.00503678
682.686 0.380799 0.0262776
682.686 0.444266 0.0574864
682.686 0.507732 0.0884635
682.686 0.571199 0.119085
682.686 0.634665 0.149226
682.686 0.698132 0.178767
682.686 0.761598 0.207587
682.686 0.825065 0.235572
682.686 0.888531 0.262608
682.686 0.951998 0.288587
682.686 1.01546 0.313404
682.686 1.07893 0.336959
682.686 1.1424 0.359157
682.686 1.20586 0.379909
682.686 1.26933 0.399131
682.686 1.3328 0.416746
682.686 1.39626 0.432683
682.686 1.45973 0.446877
682.686 1.5232 0.459273
682.686 1.58666 0.469818
682.686 1.65013 0.478473
682.686 1.7136 0.485199
682.686 1.77706 0.489973
682.686 1.84053 0.492774
682.686 1.904 0.493591
682.686 1.96746 0.49242
682.686 2.03093 0.489266
682.686 2.0944 0.484142
682.686 2.15786 0.477069
682.686 2.22133 0.468074
682.686 2.28479 0.457195
682.686 2.34826 0.444476
682.686 2.41173 0.429965
682.686 2.47519 0.413724
682.686 2.53866 0.395817
682.686 2.60213 0.376316
682.686 2.66559 0.3553
682.686 2.72906 0.332853
682.686 2.79253 0.309066
682.686 2.85599 0.284034
682.686 2.91946 0.257859
682.686 2.98293 0.230645
682.686 3.04639 0.202503
682.686 3.10986 0.173545
682.686 3.17333 0.143888
682.686 3.23679 0.113652
682.686 3.30026 0.0829588
682.686 3.36373 0.0519313
682.686 3.42719 0.0206942
682.686 3.49066 -0.0106258
682.686 3.55413 -0.0419032
682.686 3.61759 -0.0730118
682.686 3.68106 -0.103826
682.686 3.74452 -0.134223
682.686 3.80799 -0.164079
682.686 3.87146 -0.193274
682.686 3.93492 -0.221691
682.686 3.99839 -0.249216
682.686 4.06186 -0.275737
682.686 4.12532 -0.301148
682.686 4.18879 -0.325346
682.686 4.25226 -0.348234
682.686 4.31572 -0.369719
682.686 4.37919 -0.389716
682.686 4.44266 -0.408144
682.686 4.50612 -0.424928
682.686 4.56959 -0.440002
682.686 4.63306 -0.453303
682.686 4.69652 -0.464779
682.686 4.75999 -0.474385
682.686 4.82346 -0.482079
682.686 4.88692 -0.487832
682.686 4.95039 -0.491622
682.686 5.01385 -0.493431
682.686 5.07732 -0.493254
682.686 5.14079 -0.49109
682.686 5.20425 -0.486949
682.686 5.26772 -0.480848
682.686 5.33119 -0.47281
682.686 5.39465 -0.462868
682.686 5.45812 -0.451062
682.686 5.52159 -0.437441
682.686 5.58505 -0.422057
682.686 5.64852 -0.404975
682.686 5.71199 -0.386261
682.686 5.77545 -0.365992
682.686 5.83892 -0.34425
682.686 5.90239 -0.321121
682.686 5.96585 -0.296699
682.686 6.02932 -0.271083
682.686 6.09279 -0.244375
682.686 6.15625 -0.216683
682.686 6.21972 -0.188119
682.686 6.28319 -0.158796
683.687 0 -0.164049
683.687 0.0634665 -0.14361
683.687 0.126933 -0.122592
683.687 0.1904 -0.101081
683.687 0.253866 -0.0791632
683.687 0.317333 -0.0569263
683.687 0.380799 -0.0344603
683.687 0.444266 -0.0118557
683.687 0.507732 0.0107969
683.687 0.571199 0.033406
683.687 0.634665 0.0558805
683.687 0.698132 0.07813
683.687 0.761598 0.100065
683.687 0.825065 0.121597
683.687 0.888531 0.14264
683.687 0.951998 0.163107
683.687 1.01546 0.182919
683.687 1.07893 0.201993
683.687 1.1424 0.220255
683.687 1.20586 0.23763
683.687 1.26933 0.254047
683.687 1.3328 0.269442
683.687 1.39626 0.283751
683.687 1.45973 0.296918
683.687 1.5232 0.30889
683.687 1.58666 0.319617
683.687 1.65013 0.329058
683.687 1.7136 0.337174
683.687 1.77706 0.343932
683.687 1.84053 0.349305
683.687 1.904 0.353272
683.687 1.96746 0.355817
683.687 2.03093 0.356928
683.687 2.0944 0.356602
683.687 2.15786 0.35484
683.687 2.22133 0.35165
683.687 2.28479 0.347043
683.687 2.34826 0.341039
683.687 2.41173 0.333662
683.687 2.47519 0.324941
683.687 2.53866 0.314912
683.687 2.60213 0.303615
683.687 2.66559 0.291095
683.687 2.72906 0.277403
683.687 2.79253 0.262595
683.687 2.85599 0.246728
683.687 2.91946 0.229869
683.687 2.98293 0.212083
683.687 3.04639 0.193444
683.687 3.10986 0.174026
683.687 3.17333 0.153907
683.687 3.23679 0.133168
683.687 3.30026 0.111893
683.687 3.36373 0.0901677
683.687 3.42719 0.0680792
683.687 3.49066 0.0457164
683.687 3.55413 0.0231694
683.687 3.61759 0.000529628
683.687 3.68106 -0.0221127
683.687 3.74452 -0.0446658
683.687 3.80799 -0.0670391
683.687 3.87146 -0.0891424
683.687 3.93492 -0.110887
683.687 3.99839 -0.132185
683.687 4.06186 -0.15295
683.687 4.12532 -0.1731
683.687 4.18879 -0.192553
683.687 4.25226 -0.211231
683.687 4.31572 -0.229058
683.687 4.37919 -0.245962
683.687 4.44266 -0.261876
683.687 4.50612 -0.276736
683.687 4.56959 -0.290481
683.687 4.63306 -0.303057
683.687 4.69652 -0.314412
683.687 4.75999 -0.324501
683.687 4.82346 -0.333284
683.687 4.88692 -0.340725
683.687 4.95039 -0.346793
683.687 5.01385 -0.351466
683.687 5.07732 -0.354723
683.687 5.14079 -0.356552
683.687 5.20425 -0.356945
683.687 5.26772 -0.3559
683.687 5.33119 -0.353423
683.687 5.39465 -0.349522
683.687 5.45812 -0.344214
683.687 5.52159 -0.337521
683.687 5.58505 -0.329468
683.687 5.64852 -0.320088
683.687 5.71199 -0.30942
683.687 5.77545 -0.297505
683.687 5.83892 -0.284393
683.687 5.90239 -0.270135
683.687 5.96585 -0.25479
683.687 6.02932 -0.238419
683.687 6.09279 -0.221087
683.687 6.15625 -0.202866
683.687 6.21972 -0.183828
683.687 6.28319 -0.164049
684.688 0 -0.412289
684.688 0.0634665 -0.431198
684.688 0.126933 -0.448371
684.688 0.1904 -0.463738
684.688 0.253866 -0.477238
684.688 0.317333 -0.488816
684.688 0.380799 -0.498427
684.688 0.444266 -0.50603
684.688 0.507732 -0.511595
684.688 0.571199 -0.515101
684.688 0.634665 -0.516532
684.688 0.698132 -0.515884
684.688 0.761598 -0.513158
684.688 0.825065 -0.508366
684.688 0.888531 -0.501527
684.688 0.951998 -0.492669
684.688 1.01546 -0.481826
684.688 1.07893 -0.469044
684.688 1.1424 -0.454373
684.688 1.20586 -0.437872
684.688 1.26933 -0.419608
684.688 1.3328 -0.399655
684.688 1.39626 -0.378092
684.688 1.45973 -0.355006
684.688 1.5232 -0.330492
684.688 1.58666 -0.304646
684.688 1.65013 -0.277574
684.688 1.7136 -0.249384
684.688 1.77706 -0.22019
684.688 1.84053 -0.190109
684.688 1.904 -0.159263
684.688 1.96746 -0.127776
684.688 2.03093 -0.0957736
684.688 2.0944 -0.063386
684.688 2.15786 -0.0307431
684.688 2.22133 0.00202351
684.688 2.28479 0.0347821
684.688 2.34826 0.0674005
684.688 2.41173 0.0997477
684.688 2.47519 0.131693
684.688 2.53866 0.163108
684.688 2.60213 0.193867
684.688 2.66559 0.223844
684.688 2.72906 0.252921
684.688 2.79253 0.280979
684.688 2.85599 0.307905
684.688 2.91946 0.333592
684.688 2.98293 0.357936
684.688 3.04639 0.380838
684.688 3.10986 0.402206
684.688 3.17333 0.421955
684.688 3.23679 0.440005
684.688 3.30026 0.456284
684.688 3.36373 0.470725
684.688 3.42719 0.483271
684.688 3.49066 0.49387
684.688 3.55413 0.502481
684.688 3.61759 0.509069
684.688 3.68106 0.513607
684.688 3.74452 0.516077
684.688 3.80799 0.516468
684.688 3.87146 0.51478
684.688 3.93492 0.51102
684.688 3.99839 0.505201
684.688 4.06186 0.497348
684.688 4.12532 0.487493
684.688 4.18879 0.475675
684.688 4.25226 0.461941
684.688 4.31572 0.446347
684.688 4.37919 0.428956
684.688 4.44266 0.409838
684.688 4.50612 0.389069
684.688 4.56959 0.366734
684.688 4.63306 0.342922
684.688 4.69652 0.317729
684.688 4.75999 0.291257
684.688 4.82346 0.263612
684.688 4.88692 0.234905
684.688 4.95039 0.205253
684.688 5.01385 0.174774
684.688 5.07732 0.143592
684.688 5.14079 0.111831
684.688 5.20425 0.0796199
684.688 5.26772 0.0470881
684.688 5.33119 0.014367
684.688 5.39465 -0.0184122
684.688 5.45812 -0.051117
684.688 5.52159 -0.0836161
684.688 5.58505 -0.115779
684.688 5.64852 -0.147475
684.688 5.71199 -0.178577
684.688 5.77545 -0.208961
684.688 5.83892 -0.238503
684.688 5.90239 -0.267084
684.688 5.96585 -0.29459
684.688 6.02932 -0.32091
684.688 6.09279 -0.345938
684.688 6.15625 -0.369573
684.688 6.21972 -0.391719
684.688 6.28319 -0.412289
685.689 0 -0.105877
685.689 0.0634665 -0.114171
685.689 0.126933 -0.122006
685.689 0.1904 -0.12935
685.689 0.253866 -0.136173
685.689 0.317333 -0.142448
685.689 0.380799 -0.148149
685.689 0.444266 -0.153254
685.689 0.507732 -0.157741
685.689 0.571199 -0.161594
685.689 0.634665 -0.164795
685.689 0.698132 -0.167333
685.689 0.761598 -0.169198
685.689 0.825065 -0.17038
685.689 0.888531 -0.170877
685.689 0.951998 -0.170686
685.689 1.01546 -0.169808
685.689 1.07893 -0.168246
685.689 1.1424 -0.166006
685.689 1.20586 -0.163098
685.689 1.26933 -0.159533
685.689 1.3328 -0.155326
685.689 1.39626 -0.150493
685.689 1.45973 -0.145054
685.689 1.5232 -0.139031
685.689 1.58666 -0.132449
685.689 1.65013 -0.125333
685.689 1.7136 -0.117712
685.689 1.77706 -0.109618
685.689 1.84053 -0.101082
685.689 1.904 -0.092139
685.689 1.96746 -0.0828251
685.689 2.03093 -0.0731776
685.689 2.0944 -0.0632355
685.689 2.15786 -0.0530384
685.689 2.22133 -0.0426281
685.689 2.28479 -0.0320462
685.689 2.34826 -0.0213352
685.689 2.41173 -0.0105383
685.689 2.47519 0.000301067
685.689 2.53866 0.0111395
685.689 2.60213 0.0219327
685.689 2.66559 0.0326376
685.689 2.72906 0.0432113
685.689 2.79253 0.0536107
685.689 2.85599 0.0637945
685.689 2.91946 0.0737213
685.689 2.98293 0.0833514
685.689 3.04639 0.0926457
685.689 3.10986 0.101567
685.689 3.17333 0.110079
685.689 3.23679 0.118148
685.689 3.30026 0.125742
685.689 3.36373 0.132829
685.689 3.42719 0.139381
685.689 3.49066 0.145372
685.689 3.55413 0.150777
685.689 3.61759 0.155576
685.689 3.68106 0.159748
685.689 3.74452 0.163277
685.689 3.80799 0.166148
685.689 3.87146 0.16835
685.689 3.93492 0.169875
685.689 3.99839 0.170715
685.689 4.06186 0.170868
685.689 4.12532 0.170333
685.689 4.18879 0.169112
685.689 4.25226 0.16721
685.689 4.31572 0.164635
685.689 4.37919 0.161397
685.689 4.44266 0.157508
685.689 4.50612 0.152986
685.689 4.56959 0.147848
685.689 4.63306 0.142115
685.689 4.69652 0.135808
685.689 4.75999 0.128956
685.689 4.82346 0.121584
685.689 4.88692 0.113722
685.689 4.95039 0.105403
685.689 5.01385 0.0966591
685.689 5.07732 0.0875261
685.689 5.14079 0.0780406
685.689 5.20425 0.0682407
685.689 5.26772 0.0581661
685.689 5.33119 0.0478577
685.689 5.39465 0.037356
685.689 5.45812 0.026704
685.689 5.52159 0.0159446
685.689 5.58505 0.00512109
685.689 5.64852 -0.00572305
685.689 5.71199 -0.0165445
685.689 5.77545 -0.0272989
685.689 5.83892 -0.0379436
685.689 5.90239 -0.0484354
685.689 5.96585 -0.0587322
685.689 6.02932 -0.0687927
685.689 6.09279 -0.0785759
685.689 6.15625 -0.0880428
685.689 6.21972 -0.0971553
685.689 6.28319 -0.105876
686.69 0 0.245401
686.69 0.0634665 0.242172
686.69 0.126933 0.237967
686.69 0.1904 0.232803
686.69 0.253866 0.226703
686.69 0.317333 0.21969
686.69 0.380799 0.211792
686.69 0.444266 0.203041
686.69 0.507732 0.193472
686.69 0.571199 0.183125
686.69 0.634665 0.17204
686.69 0.698132 0.160262
686.69 0.761598 0.14784
686.69 0.825065 0.134821
686.69 0.888531 0.12126
686.69 0.951998 0.107211
686.69 1.01546 0.0927299
686.69 1.07893 0.0778755
686.69 1.1424 0.0627076
686.69 1.20586 0.0472871
686.69 1.26933 0.0316761
686.69 1.3328 0.0159377
686.69 1.39626 0.000134974
686.69 1.45973 -0.0156682
686.69 1.5232 -0.0314083
686.69 1.58666 -0.047022
686.69 1.65013 -0.0624462
686.69 1.7136 -0.0776191
686.69 1.77706 -0.0924794
686.69 1.84053 -0.106967
686.69 1.904 -0.121024
686.69 1.96746 -0.134594
686.69 2.03093 -0.147622
686.69 2.0944 -0.160056
686.69 2.15786 -0.171845
686.69 2.22133 -0.182942
686.69 2.28479 -0.193302
686.69 2.34826 -0.202884
686.69 2.41173 -0.211649
686.69 2.47519 -0.219562
686.69 2.53866 -0.226591
686.69 2.60213 -0.232707
686.69 2.66559 -0.237887
686.69 2.72906 -0.242108
686.69 2.79253 -0.245354
686.69 2.85599 -0.247613
686.69 2.91946 -0.248875
686.69 2.98293 -0.249134
686.69 3.04639 -0.24839
686.69 3.10986 -0.246647
686.69 3.17333 -0.243909
686.69 3.23679 -0.24019
686.69 3.30026 -0.235504
686.69 3.36373 -0.229869
686.69 3.42719 -0.223309
686.69 3.49066 -0.215849
686.69 3.55413 -0.207521
686.69 3.61759 -0.198356
686.69 3.68106 -0.188393
686.69 3.74452 -0.177672
686.69 3.80799 -0.166235
686.69 3.87146 -0.154129
686.69 3.93492 -0.141402
686.69 3.99839 -0.128105
686.69 4.06186 -0.114293
686.69 4.12532 -0.100021
686.69 4.18879 -0.0853457
686.69 4.25226 -0.0703269
686.69 4.31572 -0.055025
686.69 4.37919 -0.0395014
686.69 4.44266 -0.0238188
686.69 4.50612 -0.00804019
686.69 4.56959 0.00777051
686.69 4.63306 0.0235501
686.69 4.69652 0.039235
686.69 4.75999 0.0547616
686.69 4.82346 0.0700679
686.69 4.88692 0.0850921
686.69 4.95039 0.0997735
686.69 5.01385 0.114053
686.69 5.07732 0.127874
686.69 5.14079 0.141179
686.69 5.20425 0.153916
686.69 5.26772 0.166034
686.69 5.33119 0.177483
686.69 5.39465 0.188217
686.69 5.45812 0.198193
686.69 5.52159 0.207371
686.69 5.58505 0.215714
686.69 5.64852 0.223189
686.69 5.71199 0.229765
686.69 5.77545 0.235416
686.69 5.83892 0.240118
686.69 5.90239 0.243854
686.69 5.96585 0.246608
686.69 6.02932 0.248369
686.69 6.09279 0.24913
686.69 6.15625 0.248888
686.69 6.21972 0.247643
686.69 6.28319 0.245401
687.691 0 0.046474
687.691 0.0634665 0.0573281
687.691 0.126933 0.0679512
687.691 0.1904 0.0783008
687.691 0.253866 0.088335
687.691 0.317333 0.0980135
687.691 0.380799 0.107297
687.691 0.444266 0.116149
687.691 0.507732 0.124534
687.691 0.571199 0.132416
687.691 0.634665 0.139766
687.691 0.698132 0.146553
687.691 0.761598 0.152749
687.691 0.825065 0.158331
687.691 0.888531 0.163274
687.691 0.951998 0.167561
687.691 1.01546 0.171173
687.691 1.07893 0.174095
687.691 1.1424 0.176317
687.691 1.20586 0.177829
687.691 1.26933 0.178624
687.691 1.3328 0.1787
687.691 1.39626 0.178057
687.691 1.45973 0.176697
687.691 1.5232 0.174625
687.691 1.58666 0.17185
687.691 1.65013 0.168383
687.691 1.7136 0.164238
687.691 1.77706 0.159432
687.691 1.84053 0.153984
687.691 1.904 0.147916
687.691 1.96746 0.141252
687.691 2.03093 0.134019
687.691 2.0944 0.126247
687.691 2.15786 0.117966
687.691 2.22133 0.109211
687.691 2.28479 0.100015
687.691 2.34826 0.0904172
687.691 2.41173 0.080455
687.691 2.47519 0.0701689
687.691 2.53866 0.0596001
687.691 2.60213 0.0487914
687.691 2.66559 0.0377863
687.691 2.72906 0.0266291
687.691 2.79253 0.0153645
687.691 2.85599 0.00403817
687.691 2.91946 -0.00730449
687.691 2.98293 -0.0186178
687.691 3.04639 -0.029856
687.691 3.10986 -0.0409742
687.691 3.17333 -0.0519272
687.691 3.23679 -0.0626712
687.691 3.30026 -0.0731628
687.691 3.36373 -0.0833598
687.691 3.42719 -0.0932213
687.691 3.49066 -0.102707
687.691 3.55413 -0.11178
687.691 3.61759 -0.120402
687.691 3.68106 -0.12854
687.691 3.74452 -0.136159
687.691 3.80799 -0.143231
687.691 3.87146 -0.149726
687.691 3.93492 -0.155618
687.691 3.99839 -0.160883
687.691 4.06186 -0.165501
687.691 4.12532 -0.169452
687.691 4.18879 -0.172721
687.691 4.25226 -0.175294
687.691 4.31572 -0.177162
687.691 4.37919 -0.178316
687.691 4.44266 -0.178752
687.691 4.50612 -0.178469
687.691 4.56959 -0.177466
687.691 4.63306 -0.17575
687.691 4.69652 -0.173325
687.691 4.75999 -0.170203
687.691 4.82346 -0.166394
687.691 4.88692 -0.161917
687.691 4.95039 -0.156787
687.691 5.01385 -0.151026
687.691 5.07732 -0.144657
687.691 5.14079 -0.137705
687.691 5.20425 -0.130199
687.691 5.26772 -0.122168
687.691 5.33119 -0.113646
687.691 5.39465 -0.104666
687.691 5.45812 -0.0952642
687.691 5.52159 -0.0854792
687.691 5.58505 -0.07535
687.691 5.64852 -0.0649173
687.691 5.71199 -0.0542232
687.691 5.77545 -0.0433108
687.691 5.83892 -0.0322239
687.691 5.90239 -0.0210074
687.691 5.96585 -0.00970624
687.691 6.02932 0.00163412
687.691 6.09279 0.0129677
687.691 6.15625 0.0242492
687.691 6.21972 0.035433
687.691 6.28319 0.046474
688.692 0 -0.30021
688.692 0.0634665 -0.305397
688.692 0.126933 -0.309354
688.692 0.1904 -0.312066
688.692 0.253866 -0.313521
688.692 0.317333 -0.313714
688.692 0.380799 -0.312643
688.692 0.444266 -0.310314
688.692 0.507732 -0.306735
688.692 0.571199 -0.301921
688.692 0.634665 -0.295891
688.692 0.698132 -0.288669
688.692 0.761598 -0.280286
688.692 0.825065 -0.270773
688.692 0.888531 -0.260171
688.692 0.951998 -0.248521
688.692 1.01546 -0.23587
688.692 1.07893 -0.222269
688.692 1.1424 -0.207773
688.692 1.20586 -0.192441
688.692 1.26933 -0.176334
688.692 1.3328 -0.159516
688.692 1.39626 -0.142057
688.692 1.45973 -0.124025
688.692 1.5232 -0.105494
688.692 1.58666 -0.0865385
688.692 1.65013 -0.0672343
688.692 1.7136 -0.0476593
688.692 1.77706 -0.0278925
688.692 1.84053 -0.00801321
688.692 1.904 0.0118982
688.692 1.96746 0.0317618
688.692 2.03093 0.0514975
688.692 2.0944 0.0710258
688.692 2.15786 0.090268
688.692 2.22133 0.109147
688.692 2.28479 0.127586
688.692 2.34826 0.145512
688.692 2.41173 0.162851
688.692 2.47519 0.179535
688.692 2.53866 0.195496
688.692 2.60213 0.21067
688.692 2.66559 0.224996
688.692 2.72906 0.238415
688.692 2.79253 0.250874
688.692 2.85599 0.262324
688.692 2.91946 0.272717
688.692 2.98293 0.282012
688.692 3.04639 0.290171
688.692 3.10986 0.297162
688.692 3.17333 0.302956
688.692 3.23679 0.307531
688.692 3.30026 0.310867
688.692 3.36373 0.312951
688.692 3.42719 0.313776
688.692 3.49066 0.313336
688.692 3.55413 0.311635
688.692 3.61759 0.30868
688.692 3.68106 0.304481
688.692 3.74452 0.299057
688.692 3.80799 0.292427
688.692 3.87146 0.284621
688.692 3.93492 0.275668
688.692 3.99839 0.265606
688.692 4.06186 0.254474
688.692 4.12532 0.242317
688.692 4.18879 0.229185
688.692 4.25226 0.215129
688.692 4.31572 0.200208
688.692 4.37919 0.18448
688.692 4.44266 0.16801
688.692 4.50612 0.150863
688.692 4.56959 0.133108
688.692 4.63306 0.114818
688.692 4.69652 0.0960648
688.692 4.75999 0.0769252
688.692 4.82346 0.0574758
688.692 4.88692 0.0377949
688.692 4.95039 0.0179619
688.692 5.01385 -0.00194341
688.692 5.07732 -0.021841
688.692 5.14079 -0.0416505
688.692 5.20425 -0.0612924
688.692 5.26772 -0.0806875
688.692 5.33119 -0.0997576
688.692 5.39465 -0.118426
688.692 5.45812 -0.136618
688.692 5.52159 -0.154259
688.692 5.58505 -0.17128
688.692 5.64852 -0.18761
688.692 5.71199 -0.203185
688.692 5.77545 -0.217943
688.692 5.83892 -0.231822
688.692 5.90239 -0.244768
688.692 5.96585 -0.256728
688.692 6.02932 -0.267655
688.692 6.09279 -0.277504
688.692 6.15625 -0.286236
688.692 6.21972 -0.293814
688.692 6.28319 -0.30021
689.693 0 0.149223
689.693 0.0634665 0.144603
689.693 0.126933 0.139401
689.693 0.1904 0.133638
689.693 0.253866 0.127337
689.693 0.317333 0.120522
689.693 0.380799 0.113223
689.693 0.444266 0.105467
689.693 0.507732 0.0972876
689.693 0.571199 0.0887157
689.693 0.634665 0.0797866
689.693 0.698132 0.0705363
689.693 0.761598 0.061002
689.693 0.825065 0.0512219
689.693 0.888531 0.0412358
689.693 0.951998 0.0310835
689.693 1.01546 0.0208061
689.693 1.07893 0.0104449
689.693 1.1424 4.16613e-05
689.693 1.20586 -0.0103618
689.693 1.26933 -0.0207235
689.693 1.3328 -0.0310017
689.693 1.39626 -0.0411551
689.693 1.45973 -0.0511428
689.693 1.5232 -0.0609247
689.693 1.58666 -0.0704611
689.693 1.65013 -0.079714
689.693 1.7136 -0.0886456
689.693 1.77706 -0.0972204
689.693 1.84053 -0.105404
689.693 1.904 -0.113163
689.693 1.96746 -0.120466
689.693 2.03093 -0.127284
689.693 2.0944 -0.13359
689.693 2.15786 -0.139357
689.693 2.22133 -0.144564
689.693 2.28479 -0.149189
689.693 2.34826 -0.153212
689.693 2.41173 -0.156619
689.693 2.47519 -0.159395
689.693 2.53866 -0.16153
689.693 2.60213 -0.163013
689.693 2.66559 -0.163841
689.693 2.72906 -0.164009
689.693 2.79253 -0.163516
689.693 2.85599 -0.162365
689.693 2.91946 -0.16056
689.693 2.98293 -0.158109
689.693 3.04639 -0.155021
689.693 3.10986 -0.151309
689.693 3.17333 -0.146987
689.693 3.23679 -0.142074
689.693 3.30026 -0.136588
689.693 3.36373 -0.130553
689.693 3.42719 -0.123992
689.693 3.49066 -0.116932
689.693 3.55413 -0.1094
689.693 3.61759 -0.101428
689.693 3.68106 -0.0930484
689.693 3.74452 -0.0842936
689.693 3.80799 -0.0751993
689.693 3.87146 -0.0658023
689.693 3.93492 -0.0561403
689.693 3.99839 -0.0462521
689.693 4.06186 -0.0361779
689.693 4.12532 -0.0259579
689.693 4.18879 -0.0156334
689.693 4.25226 -0.0052459
689.693 4.31572 0.00516274
689.693 4.37919 0.0155504
689.693 4.44266 0.0258756
689.693 4.50612 0.0360965
689.693 4.56959 0.0461723
689.693 4.63306 0.0560619
689.693 4.69652 0.065726
689.693 4.75999 0.0751252
689.693 4.82346 0.0842222
689.693 4.88692 0.0929797
689.693 4.95039 0.101363
689.693 5.01385 0.109338
689.693 5.07732 0.116873
689.693 5.14079 0.123937
689.693 5.20425 0.130503
689.693 5.26772 0.136542
689.693 5.33119 0.142032
689.693 5.39465 0.14695
689.693 5.45812 0.151276
689.693 5.52159 0.154994
689.693 5.58505 0.158087
689.693 5.64852 0.160543
689.693 5.71199 0.162353
689.693 5.77545 0.163509
689.693 5.83892 0.164007
689.693 5.90239 0.163845
689.693 5.96585 0.163023
689.693 6.02932 0.161544
689.693 6.09279 0.159415
689.693 6.15625 0.156644
689.693 6.21972 0.153242
689.693 6.28319 0.149223
690.694 0 -0.0700496
690.694 0.0634665 -0.0571587
690.694 0.126933 -0.0440378
690.694 0.1904 -0.0307397
690.694 0.253866 -0.0173175
690.694 0.317333 -0.00382579
690.694 0.380799 0.0096814
690.694 0.444266 0.0231497
690.694 0.507732 0.0365246
690.694 0.571199 0.0497525
690.694 0.634665 0.0627801
690.694 0.698132 0.0755549
690.694 0.761598 0.0880255
690.694 0.825065 0.100141
690.694 0.888531 0.111854
690.694 0.951998 0.123117
690.694 1.01546 0.133884
690.694 1.07893 0.144111
690.694 1.1424 0.153759
690.694 1.20586 0.162787
690.694 1.26933 0.171159
690.694 1.3328 0.178843
690.694 1.39626 0.185806
690.694 1.45973 0.192022
690.694 1.5232 0.197463
690.694 1.58666 0.202111
690.694 1.65013 0.205944
690.694 1.7136 0.208947
690.694 1.77706 0.21111
690.694 1.84053 0.212422
690.694 1.904 0.212879
690.694 1.96746 0.212479
690.694 2.03093 0.211223
690.694 2.0944 0.209117
690.694 2.15786 0.206169
690.694 2.22133 0.20239
690.694 2.28479 0.197797
690.694 2.34826 0.192407
690.694 2.41173 0.186242
690.694 2.47519 0.179328
690.694 2.53866 0.171691
690.694 2.60213 0.163363
690.694 2.66559 0.154377
690.694 2.72906 0.14477
690.694 2.79253 0.134579
690.694 2.85599 0.123847
690.694 2.91946 0.112616
690.694 2.98293 0.100932
690.694 3.04639 0.088841
690.694 3.10986 0.0763925
690.694 3.17333 0.0636363
690.694 3.23679 0.0506238
690.694 3.30026 0.0374076
690.694 3.36373 0.0240406
690.694 3.42719 0.0105769
690.694 3.49066 -0.00292933
690.694 3.55413 -0.0164237
690.694 3.61759 -0.0298521
690.694 3.68106 -0.0431602
690.694 3.74452 -0.0562946
690.694 3.80799 -0.0692023
690.694 3.87146 -0.0818313
690.694 3.93492 -0.0941308
690.694 3.99839 -0.106051
690.694 4.06186 -0.117545
690.694 4.12532 -0.128565
690.694 4.18879 -0.139067
690.694 4.25226 -0.14901
690.694 4.31572 -0.158352
690.694 4.37919 -0.167057
690.694 4.44266 -0.175089
690.694 4.50612 -0.182417
690.694 4.56959 -0.189009
690.694 4.63306 -0.194841
690.694 4.69652 -0.199888
690.694 4.75999 -0.20413
690.694 4.82346 -0.20755
690.694 4.88692 -0.210134
690.694 4.95039 -0.211873
690.694 5.01385 -0.212758
690.694 5.07732 -0.212786
690.694 5.14079 -0.211958
690.694 5.20425 -0.210276
690.694 5.26772 -0.207747
690.694 5.33119 -0.204382
690.694 5.39465 -0.200194
690.694 5.45812 -0.1952
690.694 5.52159 -0.18942
690.694 5.58505 -0.182877
690.694 5.64852 -0.175598
690.694 5.71199 -0.167612
690.694 5.77545 -0.15895
690.694 5.83892 -0.149649
690.694 5.90239 -0.139745
690.694 5.96585 -0.129278
690.694 6.02932 -0.118291
690.694 6.09279 -0.106828
690.694 6.15625 -0.0949342
690.694 6.21972 -0.0826584
690.694 6.28319 -0.0700496
691.695 0 -0.305212
691.695 0.0634665 -0.297828
691.695 0.126933 -0.289245
691.695 0.1904 -0.279498
691.695 0.253866 -0.268625
691.695 0.317333 -0.25667
691.695 0.380799 -0.243682
691.695 0.444266 -0.229712
691.695 0.507732 -0.214818
691.695 0.571199 -0.199059
691.695 0.634665 -0.182498
691.695 0.698132 -0.165202
691.695 0.761598 -0.147241
691.695 0.825065 -0.128687
691.695 0.888531 -0.109615
691.695 0.951998 -0.0901013
691.695 1.01546 -0.070225
691.695 1.07893 -0.0500659
691.695 1.1424 -0.0297055
691.695 1.20586 -0.0092253
691.695 1.26933 0.0112922
691.695 1.3328 0.0317641
691.695 1.39626 0.052108
691.695 1.45973 0.0722424
691.695 1.5232 0.0920856
691.695 1.58666 0.111558
691.695 1.65013 0.130581
691.695 1.7136 0.149079
691.695 1.77706 0.166976
691.695 1.84053 0.184201
691.695 1.904 0.200684
691.695 1.96746 0.216359
691.695 2.03093 0.231163
691.695 2.0944 0.245036
691.695 2.15786 0.257922
691.695 2.22133 0.26977
691.695 2.28479 0.280532
691.695 2.34826 0.290164
691.695 2.41173 0.298627
691.695 2.47519 0.305888
691.695 2.53866 0.311918
691.695 2.60213 0.316691
691.695 2.66559 0.320189
691.695 2.72906 0.322398
691.695 2.79253 0.323309
691.695 2.85599 0.322918
691.695 2.91946 0.321226
691.695 2.98293 0.318242
691.695 3.04639 0.313975
691.695 3.10986 0.308444
691.695 3.17333 0.301672
691.695 3.23679 0.293685
691.695 3.30026 0.284515
691.695 3.36373 0.274199
691.695 3.42719 0.26278
691.695 3.49066 0.250302
691.695 3.55413 0.236816
691.695 3.61759 0.222377
691.695 3.68106 0.207042
691.695 3.74452 0.190874
691.695 3.80799 0.173937
691.695 3.87146 0.1563
691.695 3.93492 0.138033
691.695 3.99839 0.119211
691.695 4.06186 0.0999083
691.695 4.12532 0.0802035
691.695 4.18879 0.0601759
691.695 4.25226 0.0399058
691.695 4.31572 0.019475
691.695 4.37919 -0.00103402
691.695 4.44266 -0.0215389
691.695 4.50612 -0.0419572
691.695 4.56959 -0.0622065
691.695 4.63306 -0.0822054
691.695 4.69652 -0.101873
691.695 4.75999 -0.121131
691.695 4.82346 -0.139901
691.695 4.88692 -0.158107
691.695 4.95039 -0.175677
691.695 5.01385 -0.192539
691.695 5.07732 -0.208626
691.695 5.14079 -0.223874
691.695 5.20425 -0.238219
691.695 5.26772 -0.251606
691.695 5.33119 -0.263979
691.695 5.39465 -0.27529
691.695 5.45812 -0.285491
691.695 5.52159 -0.294544
691.695 5.58505 -0.30241
691.695 5.64852 -0.309059
691.695 5.71199 -0.314463
691.695 5.77545 -0.3186
691.695 5.83892 -0.321455
691.695 5.90239 -0.323016
691.695 5.96585 -0.323276
691.695 6.02932 -0.322234
691.695 6.09279 -0.319895
691.695 6.15625 -0.316267
691.695 6.21972 -0.311366
691.695 6.28319 -0.305212
692.696 0 -0.386757
692.696 0.0634665 -0.366213
692.696 0.126933 -0.344193
692.696 0.1904 -0.320788
692.696 0.253866 -0.296091
692.696 0.317333 -0.270202
692.696 0.380799 -0.243224
692.696 0.444266 -0.215268
692.696 0.507732 -0.186444
692.696 0.571199 -0.15687
692.696 0.634665 -0.126664
692.696 0.698132 -0.0959482
692.696 0.761598 -0.064846
692.696 0.825065 -0.0334828
692.696 0.888531 -0.00198441
692.696 0.951998 0.0295216
692.696 1.01546 0.0609091
692.696 1.07893 0.0920513
692.696 1.1424 0.122822
692.696 1.20586 0.153099
692.696 1.26933 0.18276
692.696 1.3328 0.211684
692.696 1.39626 0.239756
692.696 1.45973 0.266863
692.696 1.5232 0.292895
692.696 1.58666 0.317748
692.696 1.65013 0.341321
692.696 1.7136 0.363519
692.696 1.77706 0.384255
692.696 1.84053 0.403442
692.696 1.904 0.421006
692.696 1.96746 0.436874
692.696 2.03093 0.450983
692.696 2.0944 0.463276
692.696 2.15786 0.473704
692.696 2.22133 0.482223
692.696 2.28479 0.488801
692.696 2.34826 0.493411
692.696 2.41173 0.496035
692.696 2.47519 0.496661
692.696 2.53866 0.495288
692.696 2.60213 0.491919
692.696 2.66559 0.48657
692.696 2.72906 0.479262
692.696 2.79253 0.470024
692.696 2.85599 0.458893
692.696 2.91946 0.445915
692.696 2.98293 0.431141
692.696 3.04639 0.41463
692.696 3.10986 0.39645
692.696 3.17333 0.376674
692.696 3.23679 0.355382
692.696 3.30026 0.332658
692.696 3.36373 0.308595
692.696 3.42719 0.283289
692.696 3.49066 0.256842
692.696 3.55413 0.229361
692.696 3.61759 0.200957
692.696 3.68106 0.171744
692.696 3.74452 0.141838
692.696 3.80799 0.111363
692.696 3.87146 0.0804377
692.696 3.93492 0.0491893
692.696 3.99839 0.0177426
692.696 4.06186 -0.0137756
692.696 4.12532 -0.0452381
692.696 4.18879 -0.0765188
692.696 4.25226 -0.107491
692.696 4.31572 -0.138031
692.696 4.37919 -0.168015
692.696 4.44266 -0.197321
692.696 4.50612 -0.225833
692.696 4.56959 -0.253437
692.696 4.63306 -0.28002
692.696 4.69652 -0.305475
692.696 4.75999 -0.3297
692.696 4.82346 -0.352597
692.696 4.88692 -0.374075
692.696 4.95039 -0.394047
692.696 5.01385 -0.412432
692.696 5.07732 -0.429156
692.696 5.14079 -0.444152
692.696 5.20425 -0.45736
692.696 5.26772 -0.468726
692.696 5.33119 -0.478204
692.696 5.39465 -0.485757
692.696 5.45812 -0.491354
692.696 5.52159 -0.494973
692.696 5.58505 -0.496598
692.696 5.64852 -0.496224
692.696 5.71199 -0.493852
692.696 5.77545 -0.489491
692.696 5.83892 -0.483159
692.696 5.90239 -0.474882
692.696 5.96585 -0.464692
692.696 6.02932 -0.452632
692.696 6.09279 -0.438748
692.696 6.15625 -0.423098
692.696 6.21972 -0.405745
692.696 6.28319 -0.386757
693.697 0 -0.0192768
693.697 0.0634665 -0.0301789
693.697 0.126933 -0.0409592
693.697 0.1904 -0.0515749
693.697 0.253866 -0.0619828
693.697 0.317333 -0.0721413
693.697 0.380799 -0.0820091
693.697 0.444266 -0.0915466
693.697 0.507732 -0.100716
693.697 0.571199 -0.109479
693.697 0.634665 -0.117802
693.697 0.698132 -0.12565
693.697 0.761598 -0.132992
693.697 0.825065 -0.139799
693.697 0.888531 -0.146043
693.697 0.951998 -0.151699
693.697 1.01546 -0.156744
693.697 1.07893 -0.161158
693.697 1.1424 -0.164923
693.697 1.20586 -0.168023
693.697 1.26933 -0.170448
693.697 1.3328 -0.172185
693.697 1.39626 -0.17323
693.697 1.45973 -0.173577
693.697 1.5232 -0.173226
693.697 1.58666 -0.172176
693.697 1.65013 -0.170433
693.697 1.7136 -0.168004
693.697 1.77706 -0.164899
693.697 1.84053 -0.16113
693.697 1.904 -0.156711
693.697 1.96746 -0.151662
693.697 2.03093 -0.146002
693.697 2.0944 -0.139754
693.697 2.15786 -0.132943
693.697 2.22133 -0.125598
693.697 2.28479 -0.117746
693.697 2.34826 -0.10942
693.697 2.41173 -0.100654
693.697 2.47519 -0.0914821
693.697 2.53866 -0.0819419
693.697 2.60213 -0.072072
693.697 2.66559 -0.0619118
693.697 2.72906 -0.0515024
693.697 2.79253 -0.0408854
693.697 2.85599 -0.0301039
693.697 2.91946 -0.0192012
693.697 2.98293 -0.00822118
693.697 3.04639 0.00279194
693.697 3.10986 0.0137939
693.697 3.17333 0.0247404
693.697 3.23679 0.0355869
693.697 3.30026 0.0462903
693.697 3.36373 0.0568077
693.697 3.42719 0.0670957
693.697 3.49066 0.0771139
693.697 3.55413 0.0868215
693.697 3.61759 0.0961796
693.697 3.68106 0.10515
693.697 3.74452 0.113698
693.697 3.80799 0.121787
693.697 3.87146 0.129387
693.697 3.93492 0.136465
693.697 3.99839 0.142993
693.697 4.06186 0.148946
693.697 4.12532 0.154299
693.697 4.18879 0.159031
693.697 4.25226 0.163122
693.697 4.31572 0.166557
693.697 4.37919 0.169321
693.697 4.44266 0.171403
693.697 4.50612 0.172795
693.697 4.56959 0.173491
693.697 4.63306 0.173489
693.697 4.69652 0.172788
693.697 4.75999 0.171391
693.697 4.82346 0.169304
693.697 4.88692 0.166535
693.697 4.95039 0.163096
693.697 5.01385 0.159
693.697 5.07732 0.154264
693.697 5.14079 0.148907
693.697 5.20425 0.14295
693.697 5.26772 0.136417
693.697 5.33119 0.129336
693.697 5.39465 0.121733
693.697 5.45812 0.11364
693.697 5.52159 0.10509
693.697 5.58505 0.0961163
693.697 5.64852 0.0867558
693.697 5.71199 0.0770458
693.697 5.77545 0.0670256
693.697 5.83892 0.0567356
693.697 5.90239 0.0462172
693.697 5.96585 0.0355127
693.697 6.02932 0.024665
693.697 6.09279 0.0137181
693.697 6.15625 0.00271606
693.697 6.21972 -0.00829715
693.697 6.28319 -0.0192768
694.698 0 0.118238
694.698 0.0634665 0.113886
694.698 0.126933 0.109076
694.698 0.1904 0.103827
694.698 0.253866 0.0981589
694.698 0.317333 0.0920957
694.698 0.380799 0.0856624
694.698 0.444266 0.0788836
694.698 0.507732 0.0717874
694.698 0.571199 0.0644019
694.698 0.634665 0.0567575
694.698 0.698132 0.0488843
694.698 0.761598 0.0408142
694.698 0.825065 0.0325797
694.698 0.888531 0.0242143
694.698 0.951998 0.0157513
694.698 1.01546 0.00722492
694.698 1.07893 -0.00133067
694.698 1.1424 -0.00988117
694.698 1.20586 -0.0183915
694.698 1.26933 -0.0268277
694.698 1.3328 -0.0351566
694.698 1.39626 -0.0433432
694.698 1.45973 -0.0513555
694.698 1.5232 -0.0591612
694.698 1.58666 -0.0667284
694.698 1.65013 -0.0740269
694.698 1.7136 -0.0810272
694.698 1.77706 -0.0877014
694.698 1.84053 -0.0940225
694.698 1.904 -0.0999651
694.698 1.96746 -0.105505
694.698 2.03093 -0.11062
694.698 2.0944 -0.11529
694.698 2.15786 -0.119495
694.698 2.22133 -0.12322
694.698 2.28479 -0.126448
694.698 2.34826 -0.129167
694.698 2.41173 -0.131366
694.698 2.47519 -0.133036
694.698 2.53866 -0.13417
694.698 2.60213 -0.134764
694.698 2.66559 -0.134815
694.698 2.72906 -0.134324
694.698 2.79253 -0.133291
694.698 2.85599 -0.131722
694.698 2.91946 -0.129622
694.698 2.98293 -0.127001
694.698 3.04639 -0.123868
694.698 3.10986 -0.120237
694.698 3.17333 -0.116121
694.698 3.23679 -0.111537
694.698 3.30026 -0.106505
694.698 3.36373 -0.101044
694.698 3.42719 -0.0951753
694.698 3.49066 -0.0889239
694.698 3.55413 -0.0823144
694.698 3.61759 -0.0753734
694.698 3.68106 -0.0681291
694.698 3.74452 -0.06061
694.698 3.80799 -0.0528475
694.698 3.87146 -0.0448718
694.698 3.93492 -0.0367154
694.698 3.99839 -0.0284111
694.698 4.06186 -0.0199929
694.698 4.12532 -0.0114938
694.698 4.18879 -0.00294845
694.698 4.25226 0.00560882
694.698 4.31572 0.0141435
694.698 4.37919 0.0226212
694.698 4.44266 0.0310077
694.698 4.50612 0.0392694
694.698 4.56959 0.047373
694.698 4.63306 0.055286
694.698 4.69652 0.0629763
694.698 4.75999 0.0704128
694.698 4.82346 0.0775659
694.698 4.88692 0.0844068
694.698 4.95039 0.0909078
694.698 5.01385 0.0970425
694.698 5.07732 0.102787
694.698 5.14079 0.108117
694.698 5.20425 0.113012
694.698 5.26772 0.117452
694.698 5.33119 0.121419
694.698 5.39465 0.124897
694.698 5.45812 0.127872
694.698 5.52159 0.130332
694.698 5.58505 0.132267
694.698 5.64852 0.13367
694.698 5.71199 0.134534
694.698 5.77545 0.134857
694.698 5.83892 0.134637
694.698 5.90239 0.133875
694.698 5.96585 0.132573
694.698 6.02932 0.130738
694.698 6.09279 0.128376
694.698 6.15625 0.125498
694.698 6.21972 0.122114
694.698 6.28319 0.118238
695.699 0 0.370875
695.699 0.0634665 0.338793
695.699 0.126933 0.305347
695.699 0.1904 0.270672
695.699 0.253866 0.234906
695.699 0.317333 0.198195
695.699 0.380799 0.160686
695.699 0.444266 0.122529
695.699 0.507732 0.0838794
695.699 0.571199 0.044892
695.699 0.634665 0.00572374
695.699 0.698132 -0.0334675
695.699 0.761598 -0.072524
695.699 0.825065 -0.111288
695.699 0.888531 -0.149605
695.699 0.951998 -0.187319
695.699 1.01546 -0.224279
695.699 1.07893 -0.260335
695.699 1.1424 -0.295344
695.699 1.20586 -0.329163
695.699 1.26933 -0.361657
695.699 1.3328 -0.392694
695.699 1.39626 -0.42215
695.699 1.45973 -0.449906
695.699 1.5232 -0.475851
695.699 1.58666 -0.49988
695.699 1.65013 -0.521896
695.699 1.7136 -0.54181
695.699 1.77706 -0.559543
695.699 1.84053 -0.575022
695.699 1.904 -0.588186
695.699 1.96746 -0.598982
695.699 2.03093 -0.607366
695.699 2.0944 -0.613304
695.699 2.15786 -0.616773
695.699 2.22133 -0.617758
695.699 2.28479 -0.616255
695.699 2.34826 -0.612271
695.699 2.41173 -0.605822
695.699 2.47519 -0.596934
695.699 2.53866 -0.585641
695.699 2.60213 -0.571991
695.699 2.66559 -0.556037
695.699 2.72906 -0.537845
695.699 2.79253 -0.517486
695.699 2.85599 -0.495044
695.699 2.91946 -0.470608
695.699 2.98293 -0.444278
695.699 3.04639 -0.416158
695.699 3.10986 -0.386364
695.699 3.17333 -0.355013
695.699 3.23679 -0.322232
695.699 3.30026 -0.288154
695.699 3.36373 -0.252916
695.699 3.42719 -0.21666
695.699 3.49066 -0.179531
695.699 3.55413 -0.141679
695.699 3.61759 -0.103256
695.699 3.68106 -0.064418
695.699 3.74452 -0.0253208
695.699 3.80799 0.0138789
695.699 3.87146 0.0530224
695.699 3.93492 0.0919526
695.699 3.99839 0.130512
695.699 4.06186 0.168547
695.699 4.12532 0.205902
695.699 4.18879 0.242429
695.699 4.25226 0.277979
695.699 4.31572 0.312411
695.699 4.37919 0.345584
695.699 4.44266 0.377365
695.699 4.50612 0.407627
695.699 4.56959 0.436248
695.699 4.63306 0.463112
695.699 4.69652 0.488111
695.699 4.75999 0.511145
695.699 4.82346 0.532121
695.699 4.88692 0.550953
695.699 4.95039 0.567568
695.699 5.01385 0.581897
695.699 5.07732 0.593883
695.699 5.14079 0.603477
695.699 5.20425 0.610642
695.699 5.26772 0.615348
695.699 5.33119 0.617576
695.699 5.39465 0.617317
695.699 5.45812 0.614573
695.699 5.52159 0.609354
695.699 5.58505 0.601681
695.699 5.64852 0.591585
695.699 5.71199 0.579107
695.699 5.77545 0.564298
695.699 5.83892 0.547216
695.699 5.90239 0.52793
695.699 5.96585 0.50652
695.699 6.02932 0.483069
695.699 6.09279 0.457673
695.699 6.15625 0.430435
695.699 6.21972 0.401463
695.699 6.28319 0.370875
696.7 0 -0.257615
696.7 0.0634665 -0.263997
696.7 0.126933 -0.269315
696.7 0.1904 -0.273549
696.7 0.253866 -0.276681
696.7 0.317333 -0.2787
696.7 0.380799 -0.279596
696.7 0.444266 -0.279366
696.7 0.507732 -0.278012
696.7 0.571199 -0.275538
696.7 0.634665 -0.271954
696.7 0.698132 -0.267276
696.7 0.761598 -0.261521
696.7 0.825065 -0.254713
696.7 0.888531 -0.246879
696.7 0.951998 -0.238052
696.7 1.01546 -0.228265
696.7 1.07893 -0.21756
696.7 1.1424 -0.205979
696.7 1.20586 -0.193568
696.7 1.26933 -0.180378
696.7 1.3328 -0.166461
696.7 1.39626 -0.151875
696.7 1.45973 -0.136676
696.7 1.5232 -0.120928
696.7 1.58666 -0.104692
696.7 1.65013 -0.0880352
696.7 1.7136 -0.0710236
696.7 1.77706 -0.0537259
696.7 1.84053 -0.036212
696.7 1.904 -0.0185522
696.7 1.96746 -0.000817637
696.7 2.03093 0.0169199
696.7 2.0944 0.0345899
696.7 2.15786 0.0521202
696.7 2.22133 0.0694406
696.7 2.28479 0.0864814
696.7 2.34826 0.103174
696.7 2.41173 0.119451
696.7 2.47519 0.135247
696.7 2.53866 0.150499
696.7 2.60213 0.165145
696.7 2.66559 0.179126
696.7 2.72906 0.192385
696.7 2.79253 0.204869
696.7 2.85599 0.216529
696.7 2.91946 0.227317
696.7 2.98293 0.237189
696.7 3.04639 0.246107
696.7 3.10986 0.254034
696.7 3.17333 0.260937
696.7 3.23679 0.26679
696.7 3.30026 0.271569
696.7 3.36373 0.275254
696.7 3.42719 0.277831
696.7 3.49066 0.279288
696.7 3.55413 0.279622
696.7 3.61759 0.278829
696.7 3.68106 0.276914
696.7 3.74452 0.273884
696.7 3.80799 0.269751
696.7 3.87146 0.264531
696.7 3.93492 0.258247
696.7 3.99839 0.250923
696.7 4.06186 0.242588
696.7 4.12532 0.233276
696.7 4.18879 0.223025
696.7 4.25226 0.211876
696.7 4.31572 0.199874
696.7 4.37919 0.187067
696.7 4.44266 0.173507
696.7 4.50612 0.159249
696.7 4.56959 0.144349
696.7 4.63306 0.128867
696.7 4.69652 0.112867
696.7 4.75999 0.0964124
696.7 4.82346 0.0795694
696.7 4.88692 0.0624061
696.7 4.95039 0.0449916
696.7 5.01385 0.0273959
696.7 5.07732 0.00968971
696.7 5.14079 -0.0080553
696.7 5.20425 -0.0257679
696.7 5.26772 -0.0433768
696.7 5.33119 -0.0608107
696.7 5.39465 -0.0780004
696.7 5.45812 -0.0948754
696.7 5.52159 -0.111369
696.7 5.58505 -0.127413
696.7 5.64852 -0.142945
696.7 5.71199 -0.157901
696.7 5.77545 -0.172222
696.7 5.83892 -0.185848
696.7 5.90239 -0.198727
696.7 5.96585 -0.210805
696.7 6.02932 -0.222035
696.7 6.09279 -0.23237
696.7 6.15625 -0.24177
696.7 6.21972 -0.250196
696.7 6.28319 -0.257615
697.701 0 0.114174
697.701 0.0634665 0.121304
697.701 0.126933 0.127945
697.701 0.1904 0.13407
697.701 0.253866 0.139656
697.701 0.317333 0.14468
697.701 0.380799 0.149121
697.701 0.444266 0.152962
697.701 0.507732 0.156187
697.701 0.571199 0.158782
697.701 0.634665 0.160739
697.701 0.698132 0.162048
697.701 0.761598 0.162704
697.701 0.825065 0.162706
697.701 0.888531 0.162053
697.701 0.951998 0.160746
697.701 1.01546 0.158793
697.701 1.07893 0.1562
697.701 1.1424 0.152978
697.701 1.20586 0.14914
697.701 1.26933 0.144702
697.701 1.3328 0.139681
697.701 1.39626 0.134098
697.701 1.45973 0.127974
697.701 1.5232 0.121336
697.701 1.58666 0.114208
697.701 1.65013 0.106621
697.701 1.7136 0.0986043
697.701 1.77706 0.090191
697.701 1.84053 0.0814142
697.701 1.904 0.0723099
697.701 1.96746 0.0629143
697.701 2.03093 0.0532651
697.701 2.0944 0.0434015
697.701 2.15786 0.0333634
697.701 2.22133 0.0231908
697.701 2.28479 0.0129248
697.701 2.34826 0.00260659
697.701 2.41173 -0.00772168
697.701 2.47519 -0.0180193
697.701 2.53866 -0.028244
697.701 2.60213 -0.0383552
697.701 2.66559 -0.048312
697.701 2.72906 -0.0580741
697.701 2.79253 -0.0676024
697.701 2.85599 -0.0768585
697.701 2.91946 -0.0858051
697.701 2.98293 -0.0944063
697.701 3.04639 -0.102627
697.701 3.10986 -0.110435
697.701 3.17333 -0.117798
697.701 3.23679 -0.124687
697.701 3.30026 -0.131073
697.701 3.36373 -0.136932
697.701 3.42719 -0.14224
697.701 3.49066 -0.146974
697.701 3.55413 -0.151117
697.701 3.61759 -0.154652
697.701 3.68106 -0.157563
697.701 3.74452 -0.159841
697.701 3.80799 -0.161474
697.701 3.87146 -0.162458
697.701 3.93492 -0.162787
697.701 3.99839 -0.162461
697.701 4.06186 -0.16148
697.701 4.12532 -0.15985
697.701 4.18879 -0.157576
697.701 4.25226 -0.154667
697.701 4.31572 -0.151135
697.701 4.37919 -0.146995
697.701 4.44266 -0.142263
697.701 4.50612 -0.136958
697.701 4.56959 -0.131102
697.701 4.63306 -0.124718
697.701 4.69652 -0.117831
697.701 4.75999 -0.11047
697.701 4.82346 -0.102664
697.701 4.88692 -0.0944453
697.701 4.95039 -0.0858456
697.701 5.01385 -0.0769006
697.701 5.07732 -0.0676458
697.701 5.14079 -0.0581188
697.701 5.20425 -0.0483577
697.701 5.26772 -0.0384017
697.701 5.33119 -0.0282912
697.701 5.39465 -0.0180668
697.701 5.45812 -0.00776972
697.701 5.52159 0.00255875
697.701 5.58505 0.012877
697.701 5.64852 0.0231433
697.701 5.71199 0.0333165
697.701 5.77545 0.0433555
697.701 5.83892 0.0532198
697.701 5.90239 0.06287
697.701 5.96585 0.0722668
697.701 6.02932 0.0813728
697.701 6.09279 0.090151
697.701 6.15625 0.0985664
697.701 6.21972 0.106585
697.701 6.28319 0.114174
698.702 0 -0.0841459
698.702 0.0634665 -0.0826499
698.702 0.126933 -0.0808213
698.702 0.1904 -0.0786671
698.702 0.253866 -0.0761961
698.702 0.317333 -0.0734184
698.702 0.380799 -0.0703449
698.702 0.444266 -0.0669883
698.702 0.507732 -0.063362
698.702 0.571199 -0.0594804
698.702 0.634665 -0.0553594
698.702 0.698132 -0.0510154
698.702 0.761598 -0.046466
698.702 0.825065 -0.0417298
698.702 0.888531 -0.0368252
698.702 0.951998 -0.0317723
698.702 1.01546 -0.0265916
698.702 1.07893 -0.0213038
698.702 1.1424 -0.0159302
698.702 1.20586 -0.0104925
698.702 1.26933 -0.00501245
698.702 1.3328 0.000487565
698.702 1.39626 0.00598575
698.702 1.45973 0.0114598
698.702 1.5232 0.016888
698.702 1.58666 0.0222477
698.702 1.65013 0.0275181
698.702 1.7136 0.0326776
698.702 1.77706 0.0377057
698.702 1.84053 0.0425817
698.702 1.904 0.0472866
698.702 1.96746 0.0518007
698.702 2.03093 0.0561064
698.702 2.0944 0.0601861
698.702 2.15786 0.0640237
698.702 2.22133 0.0676033
698.702 2.28479 0.0709105
698.702 2.34826 0.0739324
698.702 2.41173 0.0766566
698.702 2.47519 0.0790721
698.702 2.53866 0.0811693
698.702 2.60213 0.0829396
698.702 2.66559 0.0843758
698.702 2.72906 0.0854724
698.702 2.79253 0.0862248
698.702 2.85599 0.0866301
698.702 2.91946 0.0866863
698.702 2.98293 0.0863937
698.702 3.04639 0.085753
698.702 3.10986 0.0847672
698.702 3.17333 0.08344
698.702 3.23679 0.0817769
698.702 3.30026 0.0797843
698.702 3.36373 0.0774707
698.702 3.42719 0.0748448
698.702 3.49066 0.0719179
698.702 3.55413 0.0687011
698.702 3.61759 0.065208
698.702 3.68106 0.0614521
698.702 3.74452 0.0574488
698.702 3.80799 0.0532142
698.702 3.87146 0.0487653
698.702 3.93492 0.04412
698.702 3.99839 0.0392972
698.702 4.06186 0.034316
698.702 4.12532 0.0291966
698.702 4.18879 0.0239599
698.702 4.25226 0.0186264
698.702 4.31572 0.0132182
698.702 4.37919 0.00775624
698.702 4.44266 0.00226376
698.702 4.50612 -0.00323832
698.702 4.56959 -0.00872722
698.702 4.63306 -0.0141809
698.702 4.69652 -0.0195776
698.702 4.75999 -0.0248955
698.702 4.82346 -0.0301131
698.702 4.88692 -0.0352096
698.702 4.95039 -0.0401638
698.702 5.01385 -0.0449568
698.702 5.07732 -0.0495687
698.702 5.14079 -0.0539809
698.702 5.20425 -0.0581756
698.702 5.26772 -0.0621362
698.702 5.33119 -0.0658466
698.702 5.39465 -0.069292
698.702 5.45812 -0.072458
698.702 5.52159 -0.0753324
698.702 5.58505 -0.0779037
698.702 5.64852 -0.080161
698.702 5.71199 -0.0820958
698.702 5.77545 -0.0836998
698.702 5.83892 -0.084967
698.702 5.90239 -0.0858918
698.702 5.96585 -0.0864709
698.702 6.02932 -0.0867018
698.702 6.09279 -0.0865834
698.702 6.15625 -0.0861167
698.702 6.21972 -0.0853031
698.702 6.28319 -0.084146
699.703 0 0.237998
699.703 0.0634665 0.224392
699.703 0.126933 0.209881
699.703 0.1904 0.194525
699.703 0.253866 0.178386
699.703 0.317333 0.161529
699.703 0.380799 0.144021
699.703 0.444266 0.125934
699.703 0.507732 0.107339
699.703 0.571199 0.0883117
699.703 0.634665 0.068929
699.703 0.698132 0.049269
699.703 0.761598 0.0294106
699.703 0.825065 0.00943353
699.703 0.888531 -0.0105813
699.703 0.951998 -0.0305536
699.703 1.01546 -0.050403
699.703 1.07893 -0.0700492
699.703 1.1424 -0.0894136
699.703 1.20586 -0.108418
699.703 1.26933 -0.126985
699.703 1.3328 -0.145042
699.703 1.39626 -0.162514
699.703 1.45973 -0.179332
699.703 1.5232 -0.195428
699.703 1.58666 -0.210737
699.703 1.65013 -0.225197
699.703 1.7136 -0.238751
699.703 1.77706 -0.251343
699.703 1.84053 -0.262923
699.703 1.904 -0.273444
699.703 1.96746 -0.282865
699.703 2.03093 -0.291146
699.703 2.0944 -0.298255
699.703 2.15786 -0.304163
699.703 2.22133 -0.308846
699.703 2.28479 -0.312286
699.703 2.34826 -0.314468
699.703 2.41173 -0.315384
699.703 2.47519 -0.31503
699.703 2.53866 -0.313408
699.703 2.60213 -0.310523
699.703 2.66559 -0.306388
699.703 2.72906 -0.30102
699.703 2.79253 -0.294439
699.703 2.85599 -0.286673
699.703 2.91946 -0.277752
699.703 2.98293 -0.267713
699.703 3.04639 -0.256596
699.703 3.10986 -0.244446
699.703 3.17333 -0.231312
699.703 3.23679 -0.217245
699.703 3.30026 -0.202305
699.703 3.36373 -0.186549
699.703 3.42719 -0.170043
699.703 3.49066 -0.152852
699.703 3.55413 -0.135045
699.703 3.61759 -0.116695
699.703 3.68106 -0.0978743
699.703 3.74452 -0.0786601
699.703 3.80799 -0.0591289
699.703 3.87146 -0.0393596
699.703 3.93492 -0.0194318
699.703 3.99839 0.000574259
699.703 4.06186 0.0205778
699.703 4.12532 0.0404988
699.703 4.18879 0.0602565
699.703 4.25226 0.0797716
699.703 4.31572 0.0989656
699.703 4.37919 0.117761
699.703 4.44266 0.136082
699.703 4.50612 0.153855
699.703 4.56959 0.171009
699.703 4.63306 0.187474
699.703 4.69652 0.203185
699.703 4.75999 0.218077
699.703 4.82346 0.232091
699.703 4.88692 0.24517
699.703 4.95039 0.257262
699.703 5.01385 0.268319
699.703 5.07732 0.278295
699.703 5.14079 0.28715
699.703 5.20425 0.294849
699.703 5.26772 0.301361
699.703 5.33119 0.306659
699.703 5.39465 0.310723
699.703 5.45812 0.313535
699.703 5.52159 0.315085
699.703 5.58505 0.315366
699.703 5.64852 0.314377
699.703 5.71199 0.312123
699.703 5.77545 0.308611
699.703 5.83892 0.303857
699.703 5.90239 0.29788
699.703 5.96585 0.290702
699.703 6.02932 0.282355
699.703 6.09279 0.27287
699.703 6.15625 0.262287
699.703 6.21972 0.250647
699.703 6.28319 0.237998
700.704 0 0.0844356
700.704 0.0634665 0.0767837
700.704 0.126933 0.0688228
700.704 0.1904 0.0605847
700.704 0.253866 0.0521027
700.704 0.317333 0.0434108
700.704 0.380799 0.0345442
700.704 0.444266 0.0255384
700.704 0.507732 0.0164299
700.704 0.571199 0.00725517
700.704 0.634665 -0.00194871
700.704 0.698132 -0.0111448
700.704 0.761598 -0.020296
700.704 0.825065 -0.0293655
700.704 0.888531 -0.0383167
700.704 0.951998 -0.0471137
700.704 1.01546 -0.055721
700.704 1.07893 -0.0641038
700.704 1.1424 -0.0722286
700.704 1.20586 -0.0800625
700.704 1.26933 -0.087574
700.704 1.3328 -0.0947329
700.704 1.39626 -0.10151
700.704 1.45973 -0.107879
700.704 1.5232 -0.113813
700.704 1.58666 -0.119289
700.704 1.65013 -0.124285
700.704 1.7136 -0.12878
700.704 1.77706 -0.132757
700.704 1.84053 -0.136199
700.704 1.904 -0.139093
700.704 1.96746 -0.141426
700.704 2.03093 -0.143191
700.704 2.0944 -0.144378
700.704 2.15786 -0.144984
700.704 2.22133 -0.145007
700.704 2.28479 -0.144445
700.704 2.34826 -0.143302
700.704 2.41173 -0.141582
700.704 2.47519 -0.139292
700.704 2.53866 -0.13644
700.704 2.60213 -0.13304
700.704 2.66559 -0.129104
700.704 2.72906 -0.124648
700.704 2.79253 -0.11969
700.704 2.85599 -0.11425
700.704 2.91946 -0.10835
700.704 2.98293 -0.102013
700.704 3.04639 -0.0952664
700.704 3.10986 -0.0881358
700.704 3.17333 -0.0806502
700.704 3.23679 -0.0728399
700.704 3.30026 -0.0647363
700.704 3.36373 -0.0563721
700.704 3.42719 -0.0477808
700.704 3.49066 -0.0389972
700.704 3.55413 -0.0300565
700.704 3.61759 -0.0209948
700.704 3.68106 -0.0118485
700.704 3.74452 -0.00265456
700.704 3.80799 0.0065501
700.704 3.87146 0.0157284
700.704 3.93492 0.0248434
700.704 3.99839 0.0338582
700.704 4.06186 0.0427367
700.704 4.12532 0.0514433
700.704 4.18879 0.0599426
700.704 4.25226 0.0682006
700.704 4.31572 0.076184
700.704 4.37919 0.0838605
700.704 4.44266 0.0911994
700.704 4.50612 0.098171
700.704 4.56959 0.104747
700.704 4.63306 0.110902
700.704 4.69652 0.11661
700.704 4.75999 0.121849
700.704 4.82346 0.126596
700.704 4.88692 0.130835
700.704 4.95039 0.134546
700.704 5.01385 0.137715
700.704 5.07732 0.14033
700.704 5.14079 0.14238
700.704 5.20425 0.143857
700.704 5.26772 0.144754
700.704 5.33119 0.145069
700.704 5.39465 0.144799
700.704 5.45812 0.143946
700.704 5.52159 0.142514
700.704 5.58505 0.140507
700.704 5.64852 0.137936
700.704 5.71199 0.134808
700.704 5.77545 0.131138
700.704 5.83892 0.12694
700.704 5.90239 0.12223
700.704 5.96585 0.117029
700.704 6.02932 0.111356
700.704 6.09279 0.105235
700.704 6.15625 0.0986896
700.704 6.21972 0.0917472
700.704 6.28319 0.0844355
701.705 0 -0.107186
701.705 0.0634665 -0.111157
701.705 0.126933 -0.114679
701.705 0.1904 -0.117741
701.705 0.253866 -0.120328
701.705 0.317333 -0.12243
701.705 0.380799 -0.12404
701.705 0.444266 -0.12515
701.705 0.507732 -0.125756
701.705 0.571199 -0.125855
701.705 0.634665 -0.125448
701.705 0.698132 -0.124536
701.705 0.761598 -0.123122
701.705 0.825065 -0.121213
701.705 0.888531 -0.118815
701.705 0.951998 -0.115939
701.705 1.01546 -0.112597
701.705 1.07893 -0.108801
701.705 1.1424 -0.104566
701.705 1.20586 -0.0999108
701.705 1.26933 -0.0948533
701.705 1.3328 -0.0894137
701.705 1.39626 -0.083614
701.705 1.45973 -0.0774778
701.705 1.5232 -0.0710294
701.705 1.58666 -0.0642952
701.705 1.65013 -0.057302
701.705 1.7136 -0.050078
701.705 1.77706 -0.0426525
701.705 1.84053 -0.0350551
701.705 1.904 -0.0273167
701.705 1.96746 -0.0194683
701.705 2.03093 -0.0115414
701.705 2.0944 -0.00356806
701.705 2.15786 0.00441966
701.705 2.22133 0.0123895
701.705 2.28479 0.0203095
701.705 2.34826 0.0281475
701.705 2.41173 0.0358725
701.705 2.47519 0.0434531
701.705 2.53866 0.0508586
701.705 2.60213 0.0580591
701.705 2.66559 0.065026
701.705 2.72906 0.0717312
701.705 2.79253 0.0781474
701.705 2.85599 0.0842489
701.705 2.91946 0.0900112
701.705 2.98293 0.0954111
701.705 3.04639 0.100427
701.705 3.10986 0.105038
701.705 3.17333 0.109226
701.705 3.23679 0.112975
701.705 3.30026 0.116269
701.705 3.36373 0.119094
701.705 3.42719 0.12144
701.705 3.49066 0.123297
701.705 3.55413 0.124657
701.705 3.61759 0.125516
701.705 3.68106 0.125869
701.705 3.74452 0.125715
701.705 3.80799 0.125055
701.705 3.87146 0.123892
701.705 3.93492 0.122229
701.705 3.99839 0.120075
701.705 4.06186 0.117436
701.705 4.12532 0.114326
701.705 4.18879 0.110754
701.705 4.25226 0.106737
701.705 4.31572 0.10229
701.705 4.37919 0.0974311
701.705 4.44266 0.0921799
701.705 4.50612 0.0865574
701.705 4.56959 0.0805865
701.705 4.63306 0.074291
701.705 4.69652 0.0676963
701.705 4.75999 0.0608292
701.705 4.82346 0.0537171
701.705 4.88692 0.0463888
701.705 4.95039 0.0388732
701.705 5.01385 0.0312017
701.705 5.07732 0.0234043
701.705 5.14079 0.0155126
701.705 5.20425 0.00755847
701.705 5.26772 -0.000425998
701.705 5.33119 -0.00840896
701.705 5.39465 -0.0163578
701.705 5.45812 -0.0242407
701.705 5.52159 -0.0320262
701.705 5.58505 -0.0396827
701.705 5.64852 -0.0471796
701.705 5.71199 -0.0544862
701.705 5.77545 -0.0615737
701.705 5.83892 -0.068413
701.705 5.90239 -0.074977
701.705 5.96585 -0.0812392
701.705 6.02932 -0.0871741
701.705 6.09279 -0.0927579
701.705 6.15625 -0.0979682
701.705 6.21972 -0.102784
701.705 6.28319 -0.107186
702.706 0 -0.00449293
702.706 0.0634665 -0.021563
702.706 0.126933 -0.038546
702.706 0.1904 -0.0553737
702.706 0.253866 -0.0719786
702.706 0.317333 -0.0882935
702.706 0.380799 -0.104253
702.706 0.444266 -0.119793
702.706 0.507732 -0.134851
702.706 0.571199 -0.149365
702.706 0.634665 -0.163278
702.706 0.698132 -0.176533
702.706 0.761598 -0.189078
702.706 0.825065 -0.200861
702.706 0.888531 -0.211836
702.706 0.951998 -0.221957
702.706 1.01546 -0.231185
702.706 1.07893 -0.239482
702.706 1.1424 -0.246814
702.706 1.20586 -0.253153
702.706 1.26933 -0.258473
702.706 1.3328 -0.262751
702.706 1.39626 -0.265972
702.706 1.45973 -0.268121
702.706 1.5232 -0.269191
702.706 1.58666 -0.269177
702.706 1.65013 -0.26808
702.706 1.7136 -0.265902
702.706 1.77706 -0.262654
702.706 1.84053 -0.258349
702.706 1.904 -0.253003
702.706 1.96746 -0.246638
702.706 2.03093 -0.23928
702.706 2.0944 -0.230959
702.706 2.15786 -0.221708
702.706 2.22133 -0.211564
702.706 2.28479 -0.200568
702.706 2.34826 -0.188764
702.706 2.41173 -0.176201
702.706 2.47519 -0.162928
702.706 2.53866 -0.148999
702.706 2.60213 -0.134469
702.706 2.66559 -0.119399
702.706 2.72906 -0.103848
702.706 2.79253 -0.0878781
702.706 2.85599 -0.0715547
702.706 2.91946 -0.0549433
702.706 2.98293 -0.0381104
702.706 3.04639 -0.0211244
702.706 3.10986 -0.00405314
702.706 3.17333 0.0130346
702.706 3.23679 0.0300697
702.706 3.30026 0.0469834
702.706 3.36373 0.0637084
702.706 3.42719 0.0801766
702.706 3.49066 0.0963222
702.706 3.55413 0.11208
702.706 3.61759 0.127386
702.706 3.68106 0.142179
702.706 3.74452 0.1564
702.706 3.80799 0.169991
702.706 3.87146 0.182898
702.706 3.93492 0.195068
702.706 3.99839 0.206452
702.706 4.06186 0.217006
702.706 4.12532 0.226685
702.706 4.18879 0.235452
702.706 4.25226 0.243271
702.706 4.31572 0.25011
702.706 4.37919 0.255942
702.706 4.44266 0.260743
702.706 4.50612 0.264495
702.706 4.56959 0.267181
702.706 4.63306 0.268792
702.706 4.69652 0.26932
702.706 4.75999 0.268764
702.706 4.82346 0.267125
702.706 4.88692 0.264411
702.706 4.95039 0.260633
702.706 5.01385 0.255804
702.706 5.07732 0.249946
702.706 5.14079 0.243081
702.706 5.20425 0.235238
702.706 5.26772 0.226447
702.706 5.33119 0.216745
702.706 5.39465 0.20617
702.706 5.45812 0.194764
702.706 5.52159 0.182575
702.706 5.58505 0.16965
702.706 5.64852 0.156042
702.706 5.71199 0.141805
702.706 5.77545 0.126998
702.706 5.83892 0.111679
702.706 5.90239 0.0959109
702.706 5.96585 0.0797566
702.706 6.02932 0.0632808
702.706 6.09279 0.0465505
702.706 6.15625 0.0296322
702.706 6.21972 0.012595
702.706 6.28319 -0.00449297
703.707 0 0.423009
703.707 0.0634665 0.44772
703.707 0.126933 0.470628
703.707 0.1904 0.491641
703.707 0.253866 0.510674
703.707 0.317333 0.527651
703.707 0.380799 0.542503
703.707 0.444266 0.555171
703.707 0.507732 0.565603
703.707 0.571199 0.573758
703.707 0.634665 0.579602
703.707 0.698132 0.583113
703.707 0.761598 0.584275
703.707 0.825065 0.583086
703.707 0.888531 0.579548
703.707 0.951998 0.573675
703.707 1.01546 0.565494
703.707 1.07893 0.555035
703.707 1.1424 0.542342
703.707 1.20586 0.527464
703.707 1.26933 0.510464
703.707 1.3328 0.491407
703.707 1.39626 0.470371
703.707 1.45973 0.447441
703.707 1.5232 0.42271
703.707 1.58666 0.396277
703.707 1.65013 0.368248
703.707 1.7136 0.338736
703.707 1.77706 0.307861
703.707 1.84053 0.275746
703.707 1.904 0.24252
703.707 1.96746 0.208317
703.707 2.03093 0.173276
703.707 2.0944 0.137538
703.707 2.15786 0.101245
703.707 2.22133 0.0645446
703.707 2.28479 0.0275843
703.707 2.34826 -0.00948702
703.707 2.41173 -0.04652
703.707 2.47519 -0.0833657
703.707 2.53866 -0.119876
703.707 2.60213 -0.155903
703.707 2.66559 -0.191303
703.707 2.72906 -0.225932
703.707 2.79253 -0.259652
703.707 2.85599 -0.292325
703.707 2.91946 -0.323822
703.707 2.98293 -0.354015
703.707 3.04639 -0.382783
703.707 3.10986 -0.410009
703.707 3.17333 -0.435584
703.707 3.23679 -0.459405
703.707 3.30026 -0.481377
703.707 3.36373 -0.50141
703.707 3.42719 -0.519424
703.707 3.49066 -0.535346
703.707 3.55413 -0.549113
703.707 3.61759 -0.560669
703.707 3.68106 -0.569968
703.707 3.74452 -0.576971
703.707 3.80799 -0.581651
703.707 3.87146 -0.583988
703.707 3.93492 -0.583974
703.707 3.99839 -0.581609
703.707 4.06186 -0.576902
703.707 4.12532 -0.569872
703.707 4.18879 -0.560547
703.707 4.25226 -0.548965
703.707 4.31572 -0.535173
703.707 4.37919 -0.519225
703.707 4.44266 -0.501187
703.707 4.50612 -0.48113
703.707 4.56959 -0.459137
703.707 4.63306 -0.435295
703.707 4.69652 -0.4097
703.707 4.75999 -0.382455
703.707 4.82346 -0.353671
703.707 4.88692 -0.323461
703.707 4.95039 -0.29195
703.707 5.01385 -0.259263
703.707 5.07732 -0.225532
703.707 5.14079 -0.190893
703.707 5.20425 -0.155485
703.707 5.26772 -0.119451
703.707 5.33119 -0.0829362
703.707 5.39465 -0.0460875
703.707 5.45812 -0.00905326
703.707 5.52159 0.0280173
703.707 5.58505 0.0649756
703.707 5.64852 0.101672
703.707 5.71199 0.137959
703.707 5.77545 0.17369
703.707 5.83892 0.208722
703.707 5.90239 0.242914
703.707 5.96585 0.276127
703.707 6.02932 0.308229
703.707 6.09279 0.33909
703.707 6.15625 0.368585
703.707 6.21972 0.396596
703.707 6.28319 0.423009
704.708 0 0.280104
704.708 0.0634665 0.29021
704.708 0.126933 0.299146
704.708 0.1904 0.306878
704.708 0.253866 0.313374
704.708 0.317333 0.318609
704.708 0.380799 0.32256
704.708 0.444266 0.325213
704.708 0.507732 0.326556
704.708 0.571199 0.326584
704.708 0.634665 0.325297
704.708 0.698132 0.322701
704.708 0.761598 0.318805
704.708 0.825065 0.313625
704.708 0.888531 0.307182
704.708 0.951998 0.299503
704.708 1.01546 0.290617
704.708 1.07893 0.280561
704.708 1.1424 0.269376
704.708 1.20586 0.257106
704.708 1.26933 0.2438
704.708 1.3328 0.229513
704.708 1.39626 0.214302
704.708 1.45973 0.198227
704.708 1.5232 0.181355
704.708 1.58666 0.163752
704.708 1.65013 0.14549
704.708 1.7136 0.126642
704.708 1.77706 0.107285
704.708 1.84053 0.0874948
704.708 1.904 0.0673527
704.708 1.96746 0.0469394
704.708 2.03093 0.0263369
704.708 2.0944 0.00562849
704.708 2.15786 -0.0151024
704.708 2.22133 -0.0357728
704.708 2.28479 -0.0562989
704.708 2.34826 -0.0765985
704.708 2.41173 -0.0965894
704.708 2.47519 -0.116192
704.708 2.53866 -0.135326
704.708 2.60213 -0.153915
704.708 2.66559 -0.171885
704.708 2.72906 -0.189163
704.708 2.79253 -0.205679
704.708 2.85599 -0.221366
704.708 2.91946 -0.236162
704.708 2.98293 -0.250007
704.708 3.04639 -0.262846
704.708 3.10986 -0.274626
704.708 3.17333 -0.285301
704.708 3.23679 -0.294826
704.708 3.30026 -0.303165
704.708 3.36373 -0.310282
704.708 3.42719 -0.316151
704.708 3.49066 -0.320746
704.708 3.55413 -0.32405
704.708 3.61759 -0.326049
704.708 3.68106 -0.326735
704.708 3.74452 -0.326105
704.708 3.80799 -0.324162
704.708 3.87146 -0.320914
704.708 3.93492 -0.316374
704.708 3.99839 -0.31056
704.708 4.06186 -0.303495
704.708 4.12532 -0.295209
704.708 4.18879 -0.285733
704.708 4.25226 -0.275107
704.708 4.31572 -0.263373
704.708 4.37919 -0.250579
704.708 4.44266 -0.236776
704.708 4.50612 -0.222019
704.708 4.56959 -0.206369
704.708 4.63306 -0.189887
704.708 4.69652 -0.172641
704.708 4.75999 -0.154699
704.708 4.82346 -0.136135
704.708 4.88692 -0.117023
704.708 4.95039 -0.0974388
704.708 5.01385 -0.0774626
704.708 5.07732 -0.0571748
704.708 5.14079 -0.0366564
704.708 5.20425 -0.0159907
704.708 5.26772 0.00473946
704.708 5.33119 0.0254504
704.708 5.39465 0.0460591
704.708 5.45812 0.0664822
704.708 5.52159 0.0866376
704.708 5.58505 0.106444
704.708 5.64852 0.125822
704.708 5.71199 0.144693
704.708 5.77545 0.162982
704.708 5.83892 0.180615
704.708 5.90239 0.19752
704.708 5.96585 0.21363
704.708 6.02932 0.228879
704.708 6.09279 0.243207
704.708 6.15625 0.256556
704.708 6.21972 0.268872
704.708 6.28319 0.280104
705.709 0 -0.283346
705.709 0.0634665 -0.294294
705.709 0.126933 -0.304057
705.709 0.1904 -0.312595
705.709 0.253866 -0.319875
705.709 0.317333 -0.325866
705.709 0.380799 -0.330546
705.709 0.444266 -0.333895
705.709 0.507732 -0.335899
705.709 0.571199 -0.33655
705.709 0.634665 -0.335847
705.709 0.698132 -0.333791
705.709 0.761598 -0.330391
705.709 0.825065 -0.32566
705.709 0.888531 -0.319619
705.709 0.951998 -0.31229
705.709 1.01546 -0.303704
705.709 1.07893 -0.293895
705.709 1.1424 -0.282902
705.709 1.20586 -0.27077
705.709 1.26933 -0.257548
705.709 1.3328 -0.243289
705.709 1.39626 -0.228051
705.709 1.45973 -0.211894
705.709 1.5232 -0.194884
705.709 1.58666 -0.177089
705.709 1.65013 -0.158581
705.709 1.7136 -0.139434
705.709 1.77706 -0.119727
705.709 1.84053 -0.0995364
705.709 1.904 -0.0789456
705.709 1.96746 -0.0580369
705.709 2.03093 -0.0368944
705.709 2.0944 -0.0156035
705.709 2.15786 0.00575027
705.709 2.22133 0.027081
705.709 2.28479 0.0483026
705.709 2.34826 0.0693297
705.709 2.41173 0.0900777
705.709 2.47519 0.110463
705.709 2.53866 0.130403
705.709 2.60213 0.149819
705.709 2.66559 0.168631
705.709 2.72906 0.186764
705.709 2.79253 0.204145
705.709 2.85599 0.220704
705.709 2.91946 0.236374
705.709 2.98293 0.251093
705.709 3.04639 0.2648
705.709 3.10986 0.277442
705.709 3.17333 0.288965
705.709 3.23679 0.299326
705.709 3.30026 0.308481
705.709 3.36373 0.316394
705.709 3.42719 0.323033
705.709 3.49066 0.328372
705.709 3.55413 0.332388
705.709 3.61759 0.335065
705.709 3.68106 0.336394
705.709 3.74452 0.336368
705.709 3.80799 0.334987
705.709 3.87146 0.332258
705.709 3.93492 0.32819
705.709 3.99839 0.322802
705.709 4.06186 0.316114
705.709 4.12532 0.308152
705.709 4.18879 0.29895
705.709 4.25226 0.288544
705.709 4.31572 0.276976
705.709 4.37919 0.264292
705.709 4.44266 0.250545
705.709 4.50612 0.235789
705.709 4.56959 0.220083
705.709 4.63306 0.203491
705.709 4.69652 0.18608
705.709 4.75999 0.16792
705.709 4.82346 0.149083
705.709 4.88692 0.129646
705.709 4.95039 0.109687
705.709 5.01385 0.089286
705.709 5.07732 0.0685257
705.709 5.14079 0.0474896
705.709 5.20425 0.0262623
705.709 5.26772 0.00492905
705.709 5.33119 -0.016424
705.709 5.39465 -0.037711
705.709 5.45812 -0.0588458
705.709 5.52159 -0.0797437
705.709 5.58505 -0.100321
705.709 5.64852 -0.120494
705.709 5.71199 -0.140181
705.709 5.77545 -0.159305
705.709 5.83892 -0.177787
705.709 5.90239 -0.195553
705.709 5.96585 -0.212532
705.709 6.02932 -0.228654
705.709 6.09279 -0.243856
705.709 6.15625 -0.258076
705.709 6.21972 -0.271258
705.709 6.28319 -0.283346
706.71 0 0.39654
706.71 0.0634665 0.384984
706.71 0.126933 0.371878
706.71 0.1904 0.357275
706.71 0.253866 0.341233
706.71 0.317333 0.323817
706.71 0.380799 0.305097
706.71 0.444266 0.285149
706.71 0.507732 0.264052
706.71 0.571199 0.241892
706.71 0.634665 0.218759
706.71 0.698132 0.194744
706.71 0.761598 0.169945
706.71 0.825065 0.144462
706.71 0.888531 0.118397
706.71 0.951998 0.0918559
706.71 1.01546 0.0649443
706.71 1.07893 0.0377713
706.71 1.1424 0.0104461
706.71 1.20586 -0.0169209
706.71 1.26933 -0.0442198
706.71 1.3328 -0.0713407
706.71 1.39626 -0.0981745
706.71 1.45973 -0.124613
706.71 1.5232 -0.150549
706.71 1.58666 -0.17588
706.71 1.65013 -0.200502
706.71 1.7136 -0.224317
706.71 1.77706 -0.247228
706.71 1.84053 -0.269144
706.71 1.904 -0.289977
706.71 1.96746 -0.309641
706.71 2.03093 -0.328059
706.71 2.0944 -0.345156
706.71 2.15786 -0.360863
706.71 2.22133 -0.375117
706.71 2.28479 -0.387861
706.71 2.34826 -0.399042
706.71 2.41173 -0.408617
706.71 2.47519 -0.416547
706.71 2.53866 -0.4228
706.71 2.60213 -0.427349
706.71 2.66559 -0.430178
706.71 2.72906 -0.431275
706.71 2.79253 -0.430635
706.71 2.85599 -0.428262
706.71 2.91946 -0.424164
706.71 2.98293 -0.418357
706.71 3.04639 -0.410866
706.71 3.10986 -0.401721
706.71 3.17333 -0.390959
706.71 3.23679 -0.378622
706.71 3.30026 -0.36476
706.71 3.36373 -0.34943
706.71 3.42719 -0.332693
706.71 3.49066 -0.314616
706.71 3.55413 -0.295271
706.71 3.61759 -0.274739
706.71 3.68106 -0.2531
706.71 3.74452 -0.230442
706.71 3.80799 -0.206856
706.71 3.87146 -0.182436
706.71 3.93492 -0.157283
706.71 3.99839 -0.131496
706.71 4.06186 -0.10518
706.71 4.12532 -0.0784395
706.71 4.18879 -0.0513835
706.71 4.25226 -0.0241209
706.71 4.31572 0.00323898
706.71 4.37919 0.0305858
706.71 4.44266 0.0578092
706.71 4.50612 0.0848002
706.71 4.56959 0.111449
706.71 4.63306 0.13765
706.71 4.69652 0.163297
706.71 4.75999 0.188285
706.71 4.82346 0.212516
706.71 4.88692 0.235891
706.71 4.95039 0.258316
706.71 5.01385 0.279701
706.71 5.07732 0.29996
706.71 5.14079 0.319011
706.71 5.20425 0.336777
706.71 5.26772 0.353188
706.71 5.33119 0.368176
706.71 5.39465 0.381681
706.71 5.45812 0.39365
706.71 5.52159 0.404033
706.71 5.58505 0.41279
706.71 5.64852 0.419884
706.71 5.71199 0.425288
706.71 5.77545 0.42898
706.71 5.83892 0.430944
706.71 5.90239 0.431172
706.71 5.96585 0.429665
706.71 6.02932 0.426427
706.71 6.09279 0.421472
706.71 6.15625 0.414821
706.71 6.21972 0.406499
706.71 6.28319 0.39654
707.711 0 0.105332
707.711 0.0634665 0.10476
707.711 0.126933 0.103766
707.711 0.1904 0.102354
707.711 0.253866 0.100529
707.711 0.317333 0.0983002
707.711 0.380799 0.0956754
707.711 0.444266 0.0926652
707.711 0.507732 0.0892819
707.711 0.571199 0.0855392
707.711 0.634665 0.0814521
707.711 0.698132 0.0770369
707.711 0.761598 0.0723115
707.711 0.825065 0.0672949
707.711 0.888531 0.0620074
707.711 0.951998 0.0564701
707.711 1.01546 0.0507056
707.711 1.07893 0.0447368
707.711 1.1424 0.0385879
707.711 1.20586 0.0322836
707.711 1.26933 0.0258493
707.711 1.3328 0.019311
707.711 1.39626 0.0126948
707.711 1.45973 0.00602763
707.711 1.5232 -0.000663892
707.711 1.58666 -0.00735277
707.711 1.65013 -0.0140119
707.711 1.7136 -0.0206149
707.711 1.77706 -0.0271346
707.711 1.84053 -0.0335451
707.711 1.904 -0.0398206
707.711 1.96746 -0.0459357
707.711 2.03093 -0.0518659
707.711 2.0944 -0.0575873
707.711 2.15786 -0.0630765
707.711 2.22133 -0.0683121
707.711 2.28479 -0.0732724
707.711 2.34826 -0.0779378
707.711 2.41173 -0.0822894
707.711 2.47519 -0.0863092
707.711 2.53866 -0.0899819
707.711 2.60213 -0.0932922
707.711 2.66559 -0.096227
707.711 2.72906 -0.0987739
707.711 2.79253 -0.100924
707.711 2.85599 -0.102667
707.711 2.91946 -0.103996
707.711 2.98293 -0.104907
707.711 3.04639 -0.105396
707.711 3.10986 -0.10546
707.711 3.17333 -0.105099
707.711 3.23679 -0.104315
707.711 3.30026 -0.103112
707.711 3.36373 -0.101493
707.711 3.42719 -0.0994648
707.711 3.49066 -0.0970366
707.711 3.55413 -0.0942177
707.711 3.61759 -0.0910194
707.711 3.68106 -0.0874545
707.711 3.74452 -0.0835377
707.711 3.80799 -0.0792844
707.711 3.87146 -0.0747118
707.711 3.93492 -0.0698383
707.711 3.99839 -0.0646838
707.711 4.06186 -0.0592686
707.711 4.12532 -0.0536149
707.711 4.18879 -0.0477452
707.711 4.25226 -0.0416833
707.711 4.31572 -0.0354536
707.711 4.37919 -0.0290811
707.711 4.44266 -0.0225915
707.711 4.50612 -0.016011
707.711 4.56959 -0.00936601
707.711 4.63306 -0.0026832
707.711 4.69652 0.00401029
707.711 4.75999 0.0106877
707.711 4.82346 0.0173221
707.711 4.88692 0.0238867
707.711 4.95039 0.0303552
707.711 5.01385 0.0367012
707.711 5.07732 0.0428998
707.711 5.14079 0.0489254
707.711 5.20425 0.0547541
707.711 5.26772 0.0603623
707.711 5.33119 0.0657274
707.711 5.39465 0.0708279
707.711 5.45812 0.0756431
707.711 5.52159 0.0801538
707.711 5.58505 0.0843418
707.711 5.64852 0.0881901
707.711 5.71199 0.0916833
707.711 5.77545 0.0948073
707.711 5.83892 0.0975496
707.711 5.90239 0.0998992
707.711 5.96585 0.101846
707.711 6.02932 0.103383
707.711 6.09279 0.104504
707.711 6.15625 0.105204
707.711 6.21972 0.105481
707.711 6.28319 0.105332
708.712 0 0.388348
708.712 0.0634665 0.385728
708.712 0.126933 0.381555
708.712 0.1904 0.375846
708.712 0.253866 0.368624
708.712 0.317333 0.359916
708.712 0.380799 0.34976
708.712 0.444266 0.338196
708.712 0.507732 0.325269
708.712 0.571199 0.311033
708.712 0.634665 0.295544
708.712 0.698132 0.278866
708.712 0.761598 0.261064
708.712 0.825065 0.242211
708.712 0.888531 0.222383
708.712 0.951998 0.20166
708.712 1.01546 0.180124
708.712 1.07893 0.157864
708.712 1.1424 0.134967
708.712 1.20586 0.111527
708.712 1.26933 0.0876381
708.712 1.3328 0.0633962
708.712 1.39626 0.0388991
708.712 1.45973 0.0142452
708.712 1.5232 -0.010466
708.712 1.58666 -0.035135
708.712 1.65013 -0.0596625
708.712 1.7136 -0.0839499
708.712 1.77706 -0.107899
708.712 1.84053 -0.131414
708.712 1.904 -0.1544
708.712 1.96746 -0.176764
708.712 2.03093 -0.198416
708.712 2.0944 -0.219269
708.712 2.15786 -0.239239
708.712 2.22133 -0.258246
708.712 2.28479 -0.276213
708.712 2.34826 -0.293068
708.712 2.41173 -0.308743
708.712 2.47519 -0.323174
708.712 2.53866 -0.336305
708.712 2.60213 -0.348081
708.712 2.66559 -0.358455
708.712 2.72906 -0.367387
708.712 2.79253 -0.374839
708.712 2.85599 -0.380781
708.712 2.91946 -0.38519
708.712 2.98293 -0.388048
708.712 3.04639 -0.389344
708.712 3.10986 -0.389072
708.712 3.17333 -0.387233
708.712 3.23679 -0.383835
708.712 3.30026 -0.378891
708.712 3.36373 -0.372422
708.712 3.42719 -0.364454
708.712 3.49066 -0.355017
708.712 3.55413 -0.344151
708.712 3.61759 -0.331899
708.712 3.68106 -0.318311
708.712 3.74452 -0.303441
708.712 3.80799 -0.28735
708.712 3.87146 -0.270101
708.712 3.93492 -0.251765
708.712 3.99839 -0.232414
708.712 4.06186 -0.212129
708.712 4.12532 -0.190988
708.712 4.18879 -0.169079
708.712 4.25226 -0.146489
708.712 4.31572 -0.123309
708.712 4.37919 -0.0996327
708.712 4.44266 -0.0755554
708.712 4.50612 -0.0511735
708.712 4.56959 -0.0265856
708.712 4.63306 -0.00189084
708.712 4.69652 0.0228119
708.712 4.75999 0.0474227
708.712 4.82346 0.0718423
708.712 4.88692 0.0959728
708.712 4.95039 0.119717
708.712 5.01385 0.142979
708.712 5.07732 0.165665
708.712 5.14079 0.187684
708.712 5.20425 0.208947
708.712 5.26772 0.22937
708.712 5.33119 0.248868
708.712 5.39465 0.267364
708.712 5.45812 0.284784
708.712 5.52159 0.301057
708.712 5.58505 0.316118
708.712 5.64852 0.329906
708.712 5.71199 0.342365
708.712 5.77545 0.353446
708.712 5.83892 0.363104
708.712 5.90239 0.371299
708.712 5.96585 0.378
708.712 6.02932 0.383179
708.712 6.09279 0.386814
708.712 6.15625 0.388892
708.712 6.21972 0.389404
708.712 6.28319 0.388348
709.713 0 -0.22938
709.713 0.0634665 -0.219443
709.713 0.126933 -0.208622
709.713 0.1904 -0.196961
709.713 0.253866 -0.184507
709.713 0.317333 -0.17131
709.713 0.380799 -0.157424
709.713 0.444266 -0.142903
709.713 0.507732 -0.127807
709.713 0.571199 -0.112196
709.713 0.634665 -0.096134
709.713 0.698132 -0.0796845
709.713 0.761598 -0.0629141
709.713 0.825065 -0.0458901
709.713 0.888531 -0.0286815
709.713 0.951998 -0.0113575
709.713 1.01546 0.0060121
709.713 1.07893 0.0233577
709.713 1.1424 0.0406091
709.713 1.20586 0.057697
709.713 1.26933 0.0745526
709.713 1.3328 0.0911082
709.713 1.39626 0.107297
709.713 1.45973 0.123053
709.713 1.5232 0.138314
709.713 1.58666 0.153018
709.713 1.65013 0.167106
709.713 1.7136 0.180521
709.713 1.77706 0.19321
709.713 1.84053 0.20512
709.713 1.904 0.216204
709.713 1.96746 0.226418
709.713 2.03093 0.235719
709.713 2.0944 0.244072
709.713 2.15786 0.251442
709.713 2.22133 0.2578
709.713 2.28479 0.263119
709.713 2.34826 0.26738
709.713 2.41173 0.270563
709.713 2.47519 0.272656
709.713 2.53866 0.273653
709.713 2.60213 0.273547
709.713 2.66559 0.272339
709.713 2.72906 0.270035
709.713 2.79253 0.266644
709.713 2.85599 0.262179
709.713 2.91946 0.256658
709.713 2.98293 0.250104
709.713 3.04639 0.242542
709.713 3.10986 0.234005
709.713 3.17333 0.224524
709.713 3.23679 0.21414
709.713 3.30026 0.202893
709.713 3.36373 0.19083
709.713 3.42719 0.177998
709.713 3.49066 0.16445
709.713 3.55413 0.150239
709.713 3.61759 0.135423
709.713 3.68106 0.120062
709.713 3.74452 0.104218
709.713 3.80799 0.0879533
709.713 3.87146 0.0713353
709.713 3.93492 0.0544292
709.713 3.99839 0.0373045
709.713 4.06186 0.0200296
709.713 4.12532 0.00267419
709.713 4.18879 -0.0146923
709.713 4.25226 -0.0319994
709.713 4.31572 -0.0491779
709.713 4.37919 -0.0661582
709.713 4.44266 -0.0828721
709.713 4.50612 -0.0992523
709.713 4.56959 -0.115233
709.713 4.63306 -0.13075
709.713 4.69652 -0.14574
709.713 4.75999 -0.160143
709.713 4.82346 -0.173901
709.713 4.88692 -0.18696
709.713 4.95039 -0.199265
709.713 5.01385 -0.210768
709.713 5.07732 -0.221422
709.713 5.14079 -0.231185
709.713 5.20425 -0.240017
709.713 5.26772 -0.247882
709.713 5.33119 -0.254749
709.713 5.39465 -0.260591
709.713 5.45812 -0.265383
709.713 5.52159 -0.269106
709.713 5.58505 -0.271746
709.713 5.64852 -0.273292
709.713 5.71199 -0.273737
709.713 5.77545 -0.27308
709.713 5.83892 -0.271324
709.713 5.90239 -0.268475
709.713 5.96585 -0.264544
709.713 6.02932 -0.259549
709.713 6.09279 -0.253509
709.713 6.15625 -0.246447
709.713 6.21972 -0.238393
709.713 6.28319 -0.22938
710.714 0 0.290179
710.714 0.0634665 0.315087
710.714 0.126933 0.338727
710.714 0.1904 0.361003
710.714 0.253866 0.381825
710.714 0.317333 0.401109
710.714 0.380799 0.418779
710.714 0.444266 0.434762
710.714 0.507732 0.448995
710.714 0.571199 0.46142
710.714 0.634665 0.471987
710.714 0.698132 0.480652
710.714 0.761598 0.487383
710.714 0.825065 0.492151
710.714 0.888531 0.494938
710.714 0.951998 0.495731
710.714 1.01546 0.494528
710.714 1.07893 0.491335
710.714 1.1424 0.486163
710.714 1.20586 0.479033
710.714 1.26933 0.469974
710.714 1.3328 0.459022
710.714 1.39626 0.446223
710.714 1.45973 0.431627
710.714 1.5232 0.415293
710.714 1.58666 0.397286
710.714 1.65013 0.37768
710.714 1.7136 0.356553
710.714 1.77706 0.33399
710.714 1.84053 0.310082
710.714 1.904 0.284926
710.714 1.96746 0.258622
710.714 2.03093 0.231277
710.714 2.0944 0.203001
710.714 2.15786 0.173908
710.714 2.22133 0.144114
710.714 2.28479 0.11374
710.714 2.34826 0.0829077
710.714 2.41173 0.0517415
710.714 2.47519 0.0203673
710.714 2.53866 -0.0110891
710.714 2.60213 -0.0425007
710.714 2.66559 -0.0737415
710.714 2.72906 -0.104685
710.714 2.79253 -0.135207
710.714 2.85599 -0.165185
710.714 2.91946 -0.194497
710.714 2.98293 -0.223026
710.714 3.04639 -0.250658
710.714 3.10986 -0.27728
710.714 3.17333 -0.302785
710.714 3.23679 -0.327072
710.714 3.30026 -0.350041
710.714 3.36373 -0.371601
710.714 3.42719 -0.391664
710.714 3.49066 -0.410151
710.714 3.55413 -0.426986
710.714 3.61759 -0.442101
710.714 3.68106 -0.455436
710.714 3.74452 -0.466938
710.714 3.80799 -0.476559
710.714 3.87146 -0.484261
710.714 3.93492 -0.490014
710.714 3.99839 -0.493793
710.714 4.06186 -0.495584
710.714 4.12532 -0.495379
710.714 4.18879 -0.49318
710.714 4.25226 -0.488995
710.714 4.31572 -0.482841
710.714 4.37919 -0.474742
710.714 4.44266 -0.464733
710.714 4.50612 -0.452851
710.714 4.56959 -0.439146
710.714 4.63306 -0.423673
710.714 4.69652 -0.406494
710.714 4.75999 -0.387678
710.714 4.82346 -0.367301
710.714 4.88692 -0.345445
710.714 4.95039 -0.322199
710.714 5.01385 -0.297654
710.714 5.07732 -0.271911
710.714 5.14079 -0.245073
710.714 5.20425 -0.217249
710.714 5.26772 -0.188549
710.714 5.33119 -0.159091
710.714 5.39465 -0.128992
710.714 5.45812 -0.0983733
710.714 5.52159 -0.0673587
710.714 5.58505 -0.0360726
710.714 5.64852 -0.0046415
710.714 5.71199 0.0268084
710.714 5.77545 0.0581504
710.714 5.83892 0.0892579
710.714 5.90239 0.120007
710.714 5.96585 0.150272
710.714 6.02932 0.179932
710.714 6.09279 0.208867
710.714 6.15625 0.236961
710.714 6.21972 0.264102
710.714 6.28319 0.290179
711.715 0 -0.292643
711.715 0.0634665 -0.300205
711.715 0.126933 -0.306559
711.715 0.1904 -0.311678
711.715 0.253866 -0.315542
711.715 0.317333 -0.318135
711.715 0.380799 -0.319448
711.715 0.444266 -0.319474
711.715 0.507732 -0.318214
711.715 0.571199 -0.315673
711.715 0.634665 -0.31186
711.715 0.698132 -0.306792
711.715 0.761598 -0.300488
711.715 0.825065 -0.292975
711.715 0.888531 -0.284281
711.715 0.951998 -0.274443
711.715 1.01546 -0.2635
711.715 1.07893 -0.251496
711.715 1.1424 -0.238479
711.715 1.20586 -0.224502
711.715 1.26933 -0.209621
711.715 1.3328 -0.193895
711.715 1.39626 -0.17739
711.715 1.45973 -0.16017
711.715 1.5232 -0.142304
711.715 1.58666 -0.123866
711.715 1.65013 -0.104929
711.715 1.7136 -0.0855699
711.715 1.77706 -0.0658659
711.715 1.84053 -0.0458967
711.715 1.904 -0.0257426
711.715 1.96746 -0.00548492
711.715 2.03093 0.0147948
711.715 2.0944 0.035015
711.715 2.15786 0.0550942
711.715 2.22133 0.0749515
711.715 2.28479 0.0945071
711.715 2.34826 0.113682
711.715 2.41173 0.132399
711.715 2.47519 0.150583
711.715 2.53866 0.168161
711.715 2.60213 0.185062
711.715 2.66559 0.201217
711.715 2.72906 0.216563
711.715 2.79253 0.231036
711.715 2.85599 0.244579
711.715 2.91946 0.257137
711.715 2.98293 0.26866
711.715 3.04639 0.2791
711.715 3.10986 0.288418
711.715 3.17333 0.296573
711.715 3.23679 0.303535
711.715 3.30026 0.309274
711.715 3.36373 0.313768
711.715 3.42719 0.316998
711.715 3.49066 0.318952
711.715 3.55413 0.319622
711.715 3.61759 0.319005
711.715 3.68106 0.317103
711.715 3.74452 0.313924
711.715 3.80799 0.309482
711.715 3.87146 0.303793
711.715 3.93492 0.296881
711.715 3.99839 0.288773
711.715 4.06186 0.279503
711.715 4.12532 0.269107
711.715 4.18879 0.257628
711.715 4.25226 0.245111
711.715 4.31572 0.231607
711.715 4.37919 0.217171
711.715 4.44266 0.20186
711.715 4.50612 0.185736
711.715 4.56959 0.168865
711.715 4.63306 0.151313
711.715 4.69652 0.133152
711.715 4.75999 0.114455
711.715 4.82346 0.0952975
711.715 4.88692 0.0757561
711.715 4.95039 0.0559094
711.715 5.01385 0.0358376
711.715 5.07732 0.0156217
711.715 5.14079 -0.0046573
711.715 5.20425 -0.0249175
711.715 5.26772 -0.0450774
711.715 5.33119 -0.0650556
711.715 5.39465 -0.084772
711.715 5.45812 -0.104147
711.715 5.52159 -0.123103
711.715 5.58505 -0.141563
711.715 5.64852 -0.159453
711.715 5.71199 -0.1767
711.715 5.77545 -0.193237
711.715 5.83892 -0.208995
711.715 5.90239 -0.223912
711.715 5.96585 -0.237927
711.715 6.02932 -0.250984
711.715 6.09279 -0.263031
711.715 6.15625 -0.274018
711.715 6.21972 -0.283902
711.715 6.28319 -0.292643
712.716 0 0.138112
712.716 0.0634665 0.156308
712.716 0.126933 0.173875
712.716 0.1904 0.190741
712.716 0.253866 0.20684
712.716 0.317333 0.222105
712.716 0.380799 0.236476
712.716 0.444266 0.249896
712.716 0.507732 0.262308
712.716 0.571199 0.273664
712.716 0.634665 0.283919
712.716 0.698132 0.293031
712.716 0.761598 0.300962
712.716 0.825065 0.307682
712.716 0.888531 0.313162
712.716 0.951998 0.317382
712.716 1.01546 0.320324
712.716 1.07893 0.321975
712.716 1.1424 0.322331
712.716 1.20586 0.321388
712.716 1.26933 0.319151
712.716 1.3328 0.31563
712.716 1.39626 0.310837
712.716 1.45973 0.304792
712.716 1.5232 0.297521
712.716 1.58666 0.289051
712.716 1.65013 0.279417
712.716 1.7136 0.268659
712.716 1.77706 0.256819
712.716 1.84053 0.243943
712.716 1.904 0.230087
712.716 1.96746 0.215303
712.716 2.03093 0.199653
712.716 2.0944 0.183199
712.716 2.15786 0.166007
712.716 2.22133 0.148147
712.716 2.28479 0.12969
712.716 2.34826 0.110711
712.716 2.41173 0.0912856
712.716 2.47519 0.0714932
712.716 2.53866 0.0514127
712.716 2.60213 0.0311253
712.716 2.66559 0.0107126
712.716 2.72906 -0.00974308
712.716 2.79253 -0.0301598
712.716 2.85599 -0.0504549
712.716 2.91946 -0.070547
712.716 2.98293 -0.0903549
712.716 3.04639 -0.109799
712.716 3.10986 -0.128801
712.716 3.17333 -0.147284
712.716 3.23679 -0.165175
712.716 3.30026 -0.1824
712.716 3.36373 -0.19889
712.716 3.42719 -0.214581
712.716 3.49066 -0.229406
712.716 3.55413 -0.243308
712.716 3.61759 -0.256231
712.716 3.68106 -0.268121
712.716 3.74452 -0.278933
712.716 3.80799 -0.28862
712.716 3.87146 -0.297146
712.716 3.93492 -0.304475
712.716 3.99839 -0.310578
712.716 4.06186 -0.315431
712.716 4.12532 -0.319013
712.716 4.18879 -0.321311
712.716 4.25226 -0.322316
712.716 4.31572 -0.322022
712.716 4.37919 -0.320431
712.716 4.44266 -0.31755
712.716 4.50612 -0.313391
712.716 4.56959 -0.307969
712.716 4.63306 -0.301308
712.716 4.69652 -0.293433
712.716 4.75999 -0.284378
712.716 4.82346 -0.274176
712.716 4.88692 -0.262871
712.716 4.95039 -0.250507
712.716 5.01385 -0.237135
712.716 5.07732 -0.222807
712.716 5.14079 -0.207583
712.716 5.20425 -0.191523
712.716 5.26772 -0.174691
712.716 5.33119 -0.157156
712.716 5.39465 -0.138988
712.716 5.45812 -0.120261
712.716 5.52159 -0.101049
712.716 5.58505 -0.0814305
712.716 5.64852 -0.0614839
712.716 5.71199 -0.0412899
712.716 5.77545 -0.0209296
712.716 5.83892 -0.000484997
712.716 5.90239 0.0199616
712.716 5.96585 0.0403276
712.716 6.02932 0.0605314
712.716 6.09279 0.0804915
712.716 6.15625 0.100127
712.716 6.21972 0.11936
712.716 6.28319 0.138112
713.717 0 0.0142534
713.717 0.0634665 0.0115115
713.717 0.126933 0.00872311
713.717 0.1904 0.00589968
713.717 0.253866 0.00305245
713.717 0.317333 0.000192768
713.717 0.380799 -0.00266745
713.717 0.444266 -0.00551695
713.717 0.507732 -0.00834424
713.717 0.571199 -0.0111378
713.717 0.634665 -0.0138867
713.717 0.698132 -0.0165798
713.717 0.761598 -0.019206
713.717 0.825065 -0.0217549
713.717 0.888531 -0.0242162
713.717 0.951998 -0.0265797
713.717 1.01546 -0.0288364
713.717 1.07893 -0.0309772
713.717 1.1424 -0.032993
713.717 1.20586 -0.0348761
713.717 1.26933 -0.0366186
713.717 1.3328 -0.0382136
713.717 1.39626 -0.039655
713.717 1.45973 -0.0409366
713.717 1.5232 -0.0420535
713.717 1.58666 -0.0430008
713.717 1.65013 -0.043775
713.717 1.7136 -0.0443731
713.717 1.77706 -0.0447925
713.717 1.84053 -0.0450314
713.717 1.904 -0.045089
713.717 1.96746 -0.044965
713.717 2.03093 -0.0446601
713.717 2.0944 -0.0441752
713.717 2.15786 -0.0435126
713.717 2.22133 -0.0426747
713.717 2.28479 -0.041665
713.717 2.34826 -0.0404874
713.717 2.41173 -0.0391469
713.717 2.47519 -0.0376487
713.717 2.53866 -0.035999
713.717 2.60213 -0.0342042
713.717 2.66559 -0.0322718
713.717 2.72906 -0.0302095
713.717 2.79253 -0.0280254
713.717 2.85599 -0.0257286
713.717 2.91946 -0.023328
713.717 2.98293 -0.0208336
713.717 3.04639 -0.0182552
713.717 3.10986 -0.0156034
713.717 3.17333 -0.0128889
713.717 3.23679 -0.0101224
713.717 3.30026 -0.00731508
713.717 3.36373 -0.00447804
713.717 3.42719 -0.0016234
713.717 3.49066 0.00123792
713.717 3.55413 0.00409427
713.717 3.61759 0.00693401
713.717 3.68106 0.00974595
713.717 3.74452 0.0125186
713.717 3.80799 0.0152411
713.717 3.87146 0.0179018
713.717 3.93492 0.0204907
713.717 3.99839 0.022997
713.717 4.06186 0.0254107
713.717 4.12532 0.0277221
713.717 4.18879 0.029922
713.717 4.25226 0.0320012
713.717 4.31572 0.0339517
713.717 4.37919 0.0357654
713.717 4.44266 0.037435
713.717 4.50612 0.038954
713.717 4.56959 0.0403162
713.717 4.63306 0.041516
713.717 4.69652 0.0425485
713.717 4.75999 0.0434097
713.717 4.82346 0.0440963
713.717 4.88692 0.0446051
713.717 4.95039 0.0449344
713.717 5.01385 0.0450829
713.717 5.07732 0.0450497
713.717 5.14079 0.0448352
713.717 5.20425 0.04444
713.717 5.26772 0.043866
713.717 5.33119 0.0431153
713.717 5.39465 0.0421911
713.717 5.45812 0.041097
713.717 5.52159 0.0398373
713.717 5.58505 0.0384172
713.717 5.64852 0.0368424
713.717 5.71199 0.0351193
713.717 5.77545 0.0332549
713.717 5.83892 0.0312564
713.717 5.90239 0.0291321
713.717 5.96585 0.0268905
713.717 6.02932 0.0245407
713.717 6.09279 0.0220919
713.717 6.15625 0.0195542
713.717 6.21972 0.0169379
713.717 6.28319 0.0142533
714.718 0 0.0650854
714.718 0.0634665 0.06861
714.718 0.126933 0.0718585
714.718 0.1904 0.0748174
714.718 0.253866 0.0774749
714.718 0.317333 0.0798207
714.718 0.380799 0.0818451
714.718 0.444266 0.08354
714.718 0.507732 0.0848981
714.718 0.571199 0.085915
714.718 0.634665 0.0865853
714.718 0.698132 0.0869073
714.718 0.761598 0.086879
714.718 0.825065 0.0865014
714.718 0.888531 0.0857752
714.718 0.951998 0.0847035
714.718 1.01546 0.0832909
714.718 1.07893 0.0815431
714.718 1.1424 0.0794668
714.718 1.20586 0.0770703
714.718 1.26933 0.0743636
714.718 1.3328 0.0713574
714.718 1.39626 0.0680643
714.718 1.45973 0.0644965
714.718 1.5232 0.0606694
714.718 1.58666 0.0565978
714.718 1.65013 0.0522984
714.718 1.7136 0.0477884
714.718 1.77706 0.043086
714.718 1.84053 0.0382103
714.718 1.904 0.0331804
714.718 1.96746 0.028017
714.718 2.03093 0.0227408
714.718 2.0944 0.017373
714.718 2.15786 0.0119353
714.718 2.22133 0.00644958
714.718 2.28479 0.000937729
714.718 2.34826 -0.00457776
714.718 2.41173 -0.0100749
714.718 2.47519 -0.0155314
714.718 2.53866 -0.0209254
714.718 2.60213 -0.0262351
714.718 2.66559 -0.0314391
714.718 2.72906 -0.0365166
714.718 2.79253 -0.0414471
714.718 2.85599 -0.0462107
714.718 2.91946 -0.0507881
714.718 2.98293 -0.0551612
714.718 3.04639 -0.0593118
714.718 3.10986 -0.0632241
714.718 3.17333 -0.0668814
714.718 3.23679 -0.0702697
714.718 3.30026 -0.0733749
714.718 3.36373 -0.0761843
714.718 3.42719 -0.0786875
714.718 3.49066 -0.0808737
714.718 3.55413 -0.0827343
714.718 3.61759 -0.0842614
714.718 3.68106 -0.0854496
714.718 3.74452 -0.0862935
714.718 3.80799 -0.0867899
714.718 3.87146 -0.086937
714.718 3.93492 -0.0867339
714.718 3.99839 -0.0861816
714.718 4.06186 -0.0852824
714.718 4.12532 -0.0840395
714.718 4.18879 -0.0824584
714.718 4.25226 -0.0805453
714.718 4.31572 -0.0783078
714.718 4.37919 -0.0757552
714.718 4.44266 -0.0728974
714.718 4.50612 -0.0697459
714.718 4.56959 -0.0663136
714.718 4.63306 -0.0626144
714.718 4.69652 -0.0586633
714.718 4.75999 -0.0544757
714.718 4.82346 -0.0500686
714.718 4.88692 -0.0454604
714.718 4.95039 -0.0406687
714.718 5.01385 -0.0357133
714.718 5.07732 -0.0306142
714.718 5.14079 -0.0253917
714.718 5.20425 -0.0200669
714.718 5.26772 -0.0146615
714.718 5.33119 -0.00919698
714.718 5.39465 -0.00369549
714.718 5.45812 0.00182086
714.718 5.52159 0.00733003
714.718 5.58505 0.0128095
714.718 5.64852 0.0182375
714.718 5.71199 0.023592
714.718 5.77545 0.0288516
714.718 5.83892 0.033995
714.718 5.90239 0.0390015
714.718 5.96585 0.043851
714.718 6.02932 0.0485239
714.718 6.09279 0.0530013
714.718 6.15625 0.0572654
714.718 6.21972 0.0612989
714.718 6.28319 0.0650854
715.719 0 0.346333
715.719 0.0634665 0.339501
715.719 0.126933 0.331303
715.719 0.1904 0.321769
715.719 0.253866 0.310941
715.719 0.317333 0.29886
715.719 0.380799 0.285576
715.719 0.444266 0.271143
715.719 0.507732 0.255617
715.719 0.571199 0.239062
715.719 0.634665 0.221544
715.719 0.698132 0.203134
715.719 0.761598 0.183907
715.719 0.825065 0.163939
715.719 0.888531 0.143311
715.719 0.951998 0.122105
715.719 1.01546 0.100408
715.719 1.07893 0.0783067
715.719 1.1424 0.05589
715.719 1.20586 0.0332482
715.719 1.26933 0.0104726
715.719 1.3328 -0.0123451
715.719 1.39626 -0.0351131
715.719 1.45973 -0.0577398
715.719 1.5232 -0.0801339
715.719 1.58666 -0.102205
715.719 1.65013 -0.123865
715.719 1.7136 -0.145027
715.719 1.77706 -0.165604
715.719 1.84053 -0.185514
715.719 1.904 -0.204678
715.719 1.96746 -0.223017
715.719 2.03093 -0.240458
715.719 2.0944 -0.256931
715.719 2.15786 -0.272369
715.719 2.22133 -0.286711
715.719 2.28479 -0.299898
715.719 2.34826 -0.311878
715.719 2.41173 -0.322602
715.719 2.47519 -0.332026
715.719 2.53866 -0.340114
715.719 2.60213 -0.346832
715.719 2.66559 -0.352154
715.719 2.72906 -0.356058
715.719 2.79253 -0.358528
715.719 2.85599 -0.359554
715.719 2.91946 -0.359133
715.719 2.98293 -0.357265
715.719 3.04639 -0.353959
715.719 3.10986 -0.349227
715.719 3.17333 -0.34309
715.719 3.23679 -0.335571
715.719 3.30026 -0.326701
715.719 3.36373 -0.316515
715.719 3.42719 -0.305054
715.719 3.49066 -0.292366
715.719 3.55413 -0.2785
715.719 3.61759 -0.263513
715.719 3.68106 -0.247464
715.719 3.74452 -0.230419
715.719 3.80799 -0.212446
715.719 3.87146 -0.193618
715.719 3.93492 -0.17401
715.719 3.99839 -0.153702
715.719 4.06186 -0.132774
715.719 4.12532 -0.111312
715.719 4.18879 -0.0894023
715.719 4.25226 -0.0671321
715.719 4.31572 -0.0445914
715.719 4.37919 -0.0218714
715.719 4.44266 0.000936603
715.719 4.50612 0.023741
715.719 4.56959 0.0464497
715.719 4.63306 0.0689715
715.719 4.69652 0.0912156
715.719 4.75999 0.113092
715.719 4.82346 0.134514
715.719 4.88692 0.155393
715.719 4.95039 0.175647
715.719 5.01385 0.195194
715.719 5.07732 0.213955
715.719 5.14079 0.231854
715.719 5.20425 0.24882
715.719 5.26772 0.264784
715.719 5.33119 0.279681
715.719 5.39465 0.293452
715.719 5.45812 0.306042
715.719 5.52159 0.3174
715.719 5.58505 0.327479
715.719 5.64852 0.33624
715.719 5.71199 0.343646
715.719 5.77545 0.34967
715.719 5.83892 0.354284
715.719 5.90239 0.357473
715.719 5.96585 0.359222
715.719 6.02932 0.359524
715.719 6.09279 0.358379
715.719 6.15625 0.355792
715.719 6.21972 0.35177
715.719 6.28319 0.346333
716.72 0 0.17582
716.72 0.0634665 0.169588
716.72 0.126933 0.162674
716.72 0.1904 0.155104
716.72 0.253866 0.14691
716.72 0.317333 0.138124
716.72 0.380799 0.128783
716.72 0.444266 0.118922
716.72 0.507732 0.108583
716.72 0.571199 0.0978066
716.72 0.634665 0.0866362
716.72 0.698132 0.0751172
716.72 0.761598 0.0632955
716.72 0.825065 0.0512191
716.72 0.888531 0.0389364
716.72 0.951998 0.0264969
716.72 1.01546 0.0139508
716.72 1.07893 0.00134835
716.72 1.1424 -0.0112594
716.72 1.20586 -0.0238219
716.72 1.26933 -0.0362883
716.72 1.3328 -0.0486087
716.72 1.39626 -0.0607335
716.72 1.45973 -0.0726137
716.72 1.5232 -0.0842014
716.72 1.58666 -0.09545
716.72 1.65013 -0.106314
716.72 1.7136 -0.116751
716.72 1.77706 -0.126717
716.72 1.84053 -0.136173
716.72 1.904 -0.14508
716.72 1.96746 -0.153404
716.72 2.03093 -0.161109
716.72 2.0944 -0.168166
716.72 2.15786 -0.174546
716.72 2.22133 -0.180223
716.72 2.28479 -0.185174
716.72 2.34826 -0.18938
716.72 2.41173 -0.192823
716.72 2.47519 -0.19549
716.72 2.53866 -0.197369
716.72 2.60213 -0.198454
716.72 2.66559 -0.19874
716.72 2.72906 -0.198225
716.72 2.79253 -0.196912
716.72 2.85599 -0.194807
716.72 2.91946 -0.191917
716.72 2.98293 -0.188253
716.72 3.04639 -0.183833
716.72 3.10986 -0.178671
716.72 3.17333 -0.172791
716.72 3.23679 -0.166215
716.72 3.30026 -0.158969
716.72 3.36373 -0.151083
716.72 3.42719 -0.142589
716.72 3.49066 -0.133521
716.72 3.55413 -0.123915
716.72 3.61759 -0.11381
716.72 3.68106 -0.103247
716.72 3.74452 -0.092268
716.72 3.80799 -0.0809175
716.72 3.87146 -0.0692413
716.72 3.93492 -0.0572861
716.72 3.99839 -0.0451004
716.72 4.06186 -0.0327331
716.72 4.12532 -0.020234
716.72 4.18879 -0.00765338
716.72 4.25226 0.00495805
716.72 4.31572 0.0175495
716.72 4.37919 0.0300703
716.72 4.44266 0.0424699
716.72 4.50612 0.0546986
716.72 4.56959 0.0667072
716.72 4.63306 0.078447
716.72 4.69652 0.0898709
716.72 4.75999 0.100933
716.72 4.82346 0.111589
716.72 4.88692 0.121795
716.72 4.95039 0.131511
716.72 5.01385 0.140697
716.72 5.07732 0.149317
716.72 5.14079 0.157336
716.72 5.20425 0.164721
716.72 5.26772 0.171442
716.72 5.33119 0.177474
716.72 5.39465 0.182791
716.72 5.45812 0.187371
716.72 5.52159 0.191198
716.72 5.58505 0.194254
716.72 5.64852 0.196528
716.72 5.71199 0.198011
716.72 5.77545 0.198697
716.72 5.83892 0.198582
716.72 5.90239 0.197668
716.72 5.96585 0.195958
716.72 6.02932 0.193459
716.72 6.09279 0.190181
716.72 6.15625 0.186137
716.72 6.21972 0.181343
716.72 6.28319 0.17582
717.721 0 0.165389
717.721 0.0634665 0.167775
717.721 0.126933 0.169486
717.721 0.1904 0.170514
717.721 0.253866 0.170856
717.721 0.317333 0.170509
717.721 0.380799 0.169476
717.721 0.444266 0.167761
717.721 0.507732 0.16537
717.721 0.571199 0.162313
717.721 0.634665 0.158603
717.721 0.698132 0.154253
717.721 0.761598 0.149283
717.721 0.825065 0.143712
717.721 0.888531 0.137562
717.721 0.951998 0.130858
717.721 1.01546 0.123628
717.721 1.07893 0.115899
717.721 1.1424 0.107704
717.721 1.20586 0.0990747
717.721 1.26933 0.0900469
717.721 1.3328 0.0806563
717.721 1.39626 0.0709411
717.721 1.45973 0.0609401
717.721 1.5232 0.0506938
717.721 1.58666 0.0402435
717.721 1.65013 0.029631
717.721 1.7136 0.0188992
717.721 1.77706 0.00809128
717.721 1.84053 -0.00274912
717.721 1.904 -0.0135785
717.721 1.96746 -0.0243531
717.721 2.03093 -0.0350298
717.721 2.0944 -0.0455655
717.721 2.15786 -0.0559177
717.721 2.22133 -0.0660445
717.721 2.28479 -0.0759055
717.721 2.34826 -0.0854609
717.721 2.41173 -0.0946723
717.721 2.47519 -0.103502
717.721 2.53866 -0.111915
717.721 2.60213 -0.119878
717.721 2.66559 -0.127358
717.721 2.72906 -0.134325
717.721 2.79253 -0.140751
717.721 2.85599 -0.146611
717.721 2.91946 -0.15188
717.721 2.98293 -0.156537
717.721 3.04639 -0.160565
717.721 3.10986 -0.163946
717.721 3.17333 -0.166666
717.721 3.23679 -0.168715
717.721 3.30026 -0.170086
717.721 3.36373 -0.170771
717.721 3.42719 -0.170768
717.721 3.49066 -0.170078
717.721 3.55413 -0.168703
717.721 3.61759 -0.166649
717.721 3.68106 -0.163924
717.721 3.74452 -0.160539
717.721 3.80799 -0.156507
717.721 3.87146 -0.151845
717.721 3.93492 -0.146571
717.721 3.99839 -0.140708
717.721 4.06186 -0.134278
717.721 4.12532 -0.127307
717.721 4.18879 -0.119824
717.721 4.25226 -0.111858
717.721 4.31572 -0.103441
717.721 4.37919 -0.0946083
717.721 4.44266 -0.0853945
717.721 4.50612 -0.0758369
717.721 4.56959 -0.0659738
717.721 4.63306 -0.0558451
717.721 4.69652 -0.0454916
717.721 4.75999 -0.0349548
717.721 4.82346 -0.0242774
717.721 4.88692 -0.0135021
717.721 4.95039 -0.00267242
717.721 5.01385 0.00816799
717.721 5.07732 0.0189754
717.721 5.14079 0.0297065
717.721 5.20425 0.0403179
717.721 5.26772 0.0507671
717.721 5.33119 0.0610118
717.721 5.39465 0.0710109
717.721 5.45812 0.0807239
717.721 5.52159 0.0901119
717.721 5.58505 0.0991372
717.721 5.64852 0.107763
717.721 5.71199 0.115955
717.721 5.77545 0.12368
717.721 5.83892 0.130908
717.721 5.90239 0.137607
717.721 5.96585 0.143753
717.721 6.02932 0.149321
717.721 6.09279 0.154287
717.721 6.15625 0.158631
717.721 6.21972 0.162337
717.721 6.28319 0.165389
718.722 0 -0.0572597
718.722 0.0634665 -0.0681569
718.722 0.126933 -0.0787797
718.722 0.1904 -0.0890854
718.722 0.253866 -0.0990322
718.722 0.317333 -0.10858
718.722 0.380799 -0.117691
718.722 0.444266 -0.126328
718.722 0.507732 -0.134456
718.722 0.571199 -0.142043
718.722 0.634665 -0.149058
718.722 0.698132 -0.155473
718.722 0.761598 -0.161262
718.722 0.825065 -0.166401
718.722 0.888531 -0.17087
718.722 0.951998 -0.174652
718.722 1.01546 -0.17773
718.722 1.07893 -0.180092
718.722 1.1424 -0.181729
718.722 1.20586 -0.182635
718.722 1.26933 -0.182805
718.722 1.3328 -0.182239
718.722 1.39626 -0.180939
718.722 1.45973 -0.178911
718.722 1.5232 -0.176162
718.722 1.58666 -0.172703
718.722 1.65013 -0.16855
718.722 1.7136 -0.163717
718.722 1.77706 -0.158226
718.722 1.84053 -0.152097
718.722 1.904 -0.145356
718.722 1.96746 -0.13803
718.722 2.03093 -0.130148
718.722 2.0944 -0.121741
718.722 2.15786 -0.112845
718.722 2.22133 -0.103494
718.722 2.28479 -0.0937265
718.722 2.34826 -0.0835815
718.722 2.41173 -0.0731
718.722 2.47519 -0.0623242
718.722 2.53866 -0.0512973
718.722 2.60213 -0.0400639
718.722 2.66559 -0.0286692
718.722 2.72906 -0.017159
718.722 2.79253 -0.00557969
718.722 2.85599 0.00602197
718.722 2.91946 0.0175994
718.722 2.98293 0.0291061
718.722 3.04639 0.0404954
718.722 3.10986 0.0517218
718.722 3.17333 0.0627399
718.722 3.23679 0.0735052
718.722 3.30026 0.0839747
718.722 3.36373 0.094106
718.722 3.42719 0.103859
718.722 3.49066 0.113193
718.722 3.55413 0.122071
718.722 3.61759 0.130458
718.722 3.68106 0.138319
718.722 3.74452 0.145624
718.722 3.80799 0.152342
718.722 3.87146 0.158447
718.722 3.93492 0.163914
718.722 3.99839 0.168721
718.722 4.06186 0.172848
718.722 4.12532 0.176279
718.722 4.18879 0.179001
718.722 4.25226 0.181002
718.722 4.31572 0.182274
718.722 4.37919 0.182812
718.722 4.44266 0.182614
718.722 4.50612 0.18168
718.722 4.56959 0.180015
718.722 4.63306 0.177625
718.722 4.69652 0.174521
718.722 4.75999 0.170712
718.722 4.82346 0.166217
718.722 4.88692 0.161053
718.722 4.95039 0.15524
718.722 5.01385 0.148802
718.722 5.07732 0.141764
718.722 5.14079 0.134156
718.722 5.20425 0.126008
718.722 5.26772 0.117352
718.722 5.33119 0.108224
718.722 5.39465 0.09866
718.722 5.45812 0.0886987
718.722 5.52159 0.0783803
718.722 5.58505 0.0677461
718.722 5.64852 0.0568394
718.722 5.71199 0.0457037
718.722 5.77545 0.0343839
718.722 5.83892 0.0229256
718.722 5.90239 0.0113752
718.722 5.96585 -0.000221261
718.722 6.02932 -0.0118166
718.722 6.09279 -0.0233644
718.722 6.15625 -0.0348183
718.722 6.21972 -0.0461317
718.722 6.28319 -0.0572596
719.723 0 0.164528
719.723 0.0634665 0.161922
719.723 0.126933 0.158663
719.723 0.1904 0.154766
719.723 0.253866 0.150246
719.723 0.317333 0.14512
719.723 0.380799 0.13941
719.723 0.444266 0.133139
719.723 0.507732 0.126332
719.723 0.571199 0.119016
719.723 0.634665 0.111221
719.723 0.698132 0.102978
719.723 0.761598 0.0943205
719.723 0.825065 0.0852831
719.723 0.888531 0.0759021
719.723 0.951998 0.0662155
719.723 1.01546 0.0562625
719.723 1.07893 0.0460829
719.723 1.1424 0.0357177
719.723 1.20586 0.0252086
719.723 1.26933 0.0145981
719.723 1.3328 0.00392864
719.723 1.39626 -0.00675639
719.723 1.45973 -0.0174144
719.723 1.5232 -0.0280022
719.723 1.58666 -0.0384773
719.723 1.65013 -0.0487974
719.723 1.7136 -0.058921
719.723 1.77706 -0.0688075
719.723 1.84053 -0.0784168
719.723 1.904 -0.0877104
719.723 1.96746 -0.0966507
719.723 2.03093 -0.105202
719.723 2.0944 -0.11333
719.723 2.15786 -0.121001
719.723 2.22133 -0.128185
719.723 2.28479 -0.134853
719.723 2.34826 -0.140978
719.723 2.41173 -0.146535
719.723 2.47519 -0.151502
719.723 2.53866 -0.155859
719.723 2.60213 -0.159589
719.723 2.66559 -0.162676
719.723 2.72906 -0.165108
719.723 2.79253 -0.166875
719.723 2.85599 -0.16797
719.723 2.91946 -0.168389
719.723 2.98293 -0.168129
719.723 3.04639 -0.167193
719.723 3.10986 -0.165583
719.723 3.17333 -0.163307
719.723 3.23679 -0.160373
719.723 3.30026 -0.156794
719.723 3.36373 -0.152583
719.723 3.42719 -0.147757
719.723 3.49066 -0.142337
719.723 3.55413 -0.136344
719.723 3.61759 -0.129801
719.723 3.68106 -0.122736
719.723 3.74452 -0.115177
719.723 3.80799 -0.107154
719.723 3.87146 -0.0986989
719.723 3.93492 -0.089847
719.723 3.99839 -0.0806332
719.723 4.06186 -0.0710947
719.723 4.12532 -0.0612699
719.723 4.18879 -0.0511984
719.723 4.25226 -0.0409207
719.723 4.31572 -0.0304784
719.723 4.37919 -0.0199132
719.723 4.44266 -0.00926809
719.723 4.50612 0.00141446
719.723 4.56959 0.0120915
719.723 4.63306 0.0227197
719.723 4.69652 0.0332565
719.723 4.75999 0.0436594
719.723 4.82346 0.0538864
719.723 4.88692 0.0638964
719.723 4.95039 0.0736492
719.723 5.01385 0.0831055
719.723 5.07732 0.092227
719.723 5.14079 0.100977
719.723 5.20425 0.109321
719.723 5.26772 0.117224
719.723 5.33119 0.124656
719.723 5.39465 0.131585
719.723 5.45812 0.137985
719.723 5.52159 0.143829
719.723 5.58505 0.149094
719.723 5.64852 0.153758
719.723 5.71199 0.157803
719.723 5.77545 0.161213
719.723 5.83892 0.163974
719.723 5.90239 0.166075
719.723 5.96585 0.167506
719.723 6.02932 0.168264
719.723 6.09279 0.168344
719.723 6.15625 0.167746
719.723 6.21972 0.166472
719.723 6.28319 0.164528
720.724 0 0.386256
720.724 0.0634665 0.380805
720.724 0.126933 0.373821
720.724 0.1904 0.365332
720.724 0.253866 0.355372
720.724 0.317333 0.343981
720.724 0.380799 0.331205
720.724 0.444266 0.317094
720.724 0.507732 0.301708
720.724 0.571199 0.285106
720.724 0.634665 0.267356
720.724 0.698132 0.24853
720.724 0.761598 0.228703
720.724 0.825065 0.207955
720.724 0.888531 0.18637
720.724 0.951998 0.164034
720.724 1.01546 0.141038
720.724 1.07893 0.117474
720.724 1.1424 0.0934369
720.724 1.20586 0.0690234
720.724 1.26933 0.0443322
720.724 1.3328 0.0194622
720.724 1.39626 -0.00548588
720.724 1.45973 -0.0304119
720.724 1.5232 -0.0552154
720.724 1.58666 -0.079797
720.724 1.65013 -0.104057
720.724 1.7136 -0.127898
720.724 1.77706 -0.151224
720.724 1.84053 -0.173941
720.724 1.904 -0.195957
720.724 1.96746 -0.217185
720.724 2.03093 -0.237538
720.724 2.0944 -0.256935
720.724 2.15786 -0.275297
720.724 2.22133 -0.29255
720.724 2.28479 -0.308626
720.724 2.34826 -0.323459
720.724 2.41173 -0.336989
720.724 2.47519 -0.349162
720.724 2.53866 -0.359929
720.724 2.60213 -0.369248
720.724 2.66559 -0.377079
720.724 2.72906 -0.383392
720.724 2.79253 -0.388161
720.724 2.85599 -0.391367
720.724 2.91946 -0.392998
720.724 2.98293 -0.393045
720.724 3.04639 -0.391511
720.724 3.10986 -0.388399
720.724 3.17333 -0.383724
720.724 3.23679 -0.377503
720.724 3.30026 -0.369763
720.724 3.36373 -0.360533
720.724 3.42719 -0.349852
720.724 3.49066 -0.337762
720.724 3.55413 -0.324313
720.724 3.61759 -0.309557
720.724 3.68106 -0.293555
720.724 3.74452 -0.27637
720.724 3.80799 -0.258073
720.724 3.87146 -0.238737
720.724 3.93492 -0.218439
720.724 3.99839 -0.197262
720.724 4.06186 -0.17529
720.724 4.12532 -0.152613
720.724 4.18879 -0.129321
720.724 4.25226 -0.105508
720.724 4.31572 -0.0812709
720.724 4.37919 -0.0567061
720.724 4.44266 -0.0319133
720.724 4.50612 -0.0069918
720.724 4.56959 0.0179579
720.724 4.63306 0.0428353
720.724 4.69652 0.0675402
720.724 4.75999 0.091973
720.724 4.82346 0.116036
720.724 4.88692 0.139631
720.724 4.95039 0.162664
720.724 5.01385 0.185042
720.724 5.07732 0.206675
720.724 5.14079 0.227476
720.724 5.20425 0.247361
720.724 5.26772 0.26625
720.724 5.33119 0.284067
720.724 5.39465 0.30074
720.724 5.45812 0.316201
720.724 5.52159 0.33039
720.724 5.58505 0.343248
720.724 5.64852 0.354724
720.724 5.71199 0.364772
720.724 5.77545 0.373352
720.724 5.83892 0.380427
720.724 5.90239 0.385971
720.724 5.96585 0.38996
720.724 6.02932 0.39238
720.724 6.09279 0.39322
720.724 6.15625 0.392475
720.724 6.21972 0.390151
720.724 6.28319 0.386256
721.724 0 -0.190003
721.724 0.0634665 -0.173413
721.724 0.126933 -0.156124
721.724 0.1904 -0.138207
721.724 0.253866 -0.119733
721.724 0.317333 -0.100777
721.724 0.380799 -0.0814161
721.724 0.444266 -0.0617267
721.724 0.507732 -0.0417889
721.724 0.571199 -0.0216826
721.724 0.634665 -0.00148907
721.724 0.698132 0.0187106
721.724 0.761598 0.0388346
721.724 0.825065 0.0588024
721.724 0.888531 0.0785335
721.724 0.951998 0.0979484
721.724 1.01546 0.116969
721.724 1.07893 0.135518
721.724 1.1424 0.153522
721.724 1.20586 0.170907
721.724 1.26933 0.187605
721.724 1.3328 0.203547
721.724 1.39626 0.218669
721.724 1.45973 0.232911
721.724 1.5232 0.246215
721.724 1.58666 0.258527
721.724 1.65013 0.269799
721.724 1.7136 0.279984
721.724 1.77706 0.289042
721.724 1.84053 0.296935
721.724 1.904 0.303634
721.724 1.96746 0.30911
721.724 2.03093 0.313341
721.724 2.0944 0.31631
721.724 2.15786 0.318006
721.724 2.22133 0.318421
721.724 2.28479 0.317553
721.724 2.34826 0.315408
721.724 2.41173 0.311992
721.724 2.47519 0.30732
721.724 2.53866 0.30141
721.724 2.60213 0.294287
721.724 2.66559 0.285979
721.724 2.72906 0.276519
721.724 2.79253 0.265946
721.724 2.85599 0.254302
721.724 2.91946 0.241634
721.724 2.98293 0.227993
721.724 3.04639 0.213434
721.724 3.10986 0.198015
721.724 3.17333 0.1818
721.724 3.23679 0.164852
721.724 3.30026 0.14724
721.724 3.36373 0.129035
721.724 3.42719 0.110311
721.724 3.49066 0.0911428
721.724 3.55413 0.0716076
721.724 3.61759 0.0517839
721.724 3.68106 0.0317516
721.724 3.74452 0.0115918
721.724 3.80799 -0.00861505
721.724 3.87146 -0.028787
721.724 3.93492 -0.0488432
721.724 3.99839 -0.0687026
721.724 4.06186 -0.0882853
721.724 4.12532 -0.107513
721.724 4.18879 -0.126307
721.724 4.25226 -0.144593
721.724 4.31572 -0.162296
721.724 4.37919 -0.179346
721.724 4.44266 -0.195674
721.724 4.50612 -0.211214
721.724 4.56959 -0.225904
721.724 4.63306 -0.239683
721.724 4.69652 -0.252498
721.724 4.75999 -0.264296
721.724 4.82346 -0.27503
721.724 4.88692 -0.284656
721.724 4.95039 -0.293137
721.724 5.01385 -0.300436
721.724 5.07732 -0.306526
721.724 5.14079 -0.311382
721.724 5.20425 -0.314984
721.724 5.26772 -0.317318
721.724 5.33119 -0.318374
721.724 5.39465 -0.318147
721.724 5.45812 -0.31664
721.724 5.52159 -0.313858
721.724 5.58505 -0.309812
721.724 5.64852 -0.304518
721.724 5.71199 -0.297998
721.724 5.77545 -0.290279
721.724 5.83892 -0.281391
721.724 5.90239 -0.271369
721.724 5.96585 -0.260255
721.724 6.02932 -0.248093
721.724 6.09279 -0.234931
721.724 6.15625 -0.220824
721.724 6.21972 -0.205828
721.724 6.28319 -0.190003
722.726 0 0.49105
722.726 0.0634665 0.490936
722.726 0.126933 0.488846
722.726 0.1904 0.484788
722.726 0.253866 0.478776
722.726 0.317333 0.470838
722.726 0.380799 0.461003
722.726 0.444266 0.449312
722.726 0.507732 0.435811
722.726 0.571199 0.420556
722.726 0.634665 0.403608
722.726 0.698132 0.385034
722.726 0.761598 0.36491
722.726 0.825065 0.343316
722.726 0.888531 0.320341
722.726 0.951998 0.296075
722.726 1.01546 0.270616
722.726 1.07893 0.244069
722.726 1.1424 0.216539
722.726 1.20586 0.188136
722.726 1.26933 0.158976
722.726 1.3328 0.129176
722.726 1.39626 0.0988556
722.726 1.45973 0.0681374
722.726 1.5232 0.0371447
722.726 1.58666 0.0060024
722.726 1.65013 -0.025164
722.726 1.7136 -0.056229
722.726 1.77706 -0.0870676
722.726 1.84053 -0.117556
722.726 1.904 -0.14757
722.726 1.96746 -0.176991
722.726 2.03093 -0.205699
722.726 2.0944 -0.233578
722.726 2.15786 -0.260517
722.726 2.22133 -0.286407
722.726 2.28479 -0.311144
722.726 2.34826 -0.334628
722.726 2.41173 -0.356764
722.726 2.47519 -0.377464
722.726 2.53866 -0.396645
722.726 2.60213 -0.414227
722.726 2.66559 -0.430142
722.726 2.72906 -0.444325
722.726 2.79253 -0.456719
722.726 2.85599 -0.467273
722.726 2.91946 -0.475946
722.726 2.98293 -0.482703
722.726 3.04639 -0.487516
722.726 3.10986 -0.490366
722.726 3.17333 -0.491241
722.726 3.23679 -0.490138
722.726 3.30026 -0.487062
722.726 3.36373 -0.482025
722.726 3.42719 -0.475046
722.726 3.49066 -0.466155
722.726 3.55413 -0.455386
722.726 3.61759 -0.442784
722.726 3.68106 -0.4284
722.726 3.74452 -0.412289
722.726 3.80799 -0.39452
722.726 3.87146 -0.375161
722.726 3.93492 -0.354291
722.726 3.99839 -0.331996
722.726 4.06186 -0.308363
722.726 4.12532 -0.283488
722.726 4.18879 -0.257472
722.726 4.25226 -0.230419
722.726 4.31572 -0.202439
722.726 4.37919 -0.173643
722.726 4.44266 -0.144149
722.726 4.50612 -0.114073
722.726 4.56959 -0.0835386
722.726 4.63306 -0.0526676
722.726 4.69652 -0.0215844
722.726 4.75999 0.00958563
722.726 4.82346 0.0407169
722.726 4.88692 0.0716845
722.726 4.95039 0.102363
722.726 5.01385 0.13263
722.726 5.07732 0.162362
722.726 5.14079 0.191441
722.726 5.20425 0.219749
722.726 5.26772 0.247173
722.726 5.33119 0.2736
722.726 5.39465 0.298927
722.726 5.45812 0.323048
722.726 5.52159 0.34587
722.726 5.58505 0.367299
722.726 5.64852 0.387249
722.726 5.71199 0.40564
722.726 5.77545 0.422397
722.726 5.83892 0.437453
722.726 5.90239 0.450749
722.726 5.96585 0.462229
722.726 6.02932 0.471847
722.726 6.09279 0.479566
722.726 6.15625 0.485354
722.726 6.21972 0.489187
722.726 6.28319 0.49105
723.727 0 -0.115212
723.727 0.0634665 -0.127605
723.727 0.126933 -0.139484
723.727 0.1904 -0.150802
723.727 0.253866 -0.161513
723.727 0.317333 -0.171573
723.727 0.380799 -0.180942
723.727 0.444266 -0.189582
723.727 0.507732 -0.19746
723.727 0.571199 -0.204542
723.727 0.634665 -0.2108
723.727 0.698132 -0.21621
723.727 0.761598 -0.220749
723.727 0.825065 -0.2244
723.727 0.888531 -0.227146
723.727 0.951998 -0.228978
723.727 1.01546 -0.229888
723.727 1.07893 -0.229873
723.727 1.1424 -0.228931
723.727 1.20586 -0.227068
723.727 1.26933 -0.224291
723.727 1.3328 -0.22061
723.727 1.39626 -0.216041
723.727 1.45973 -0.210602
723.727 1.5232 -0.204316
723.727 1.58666 -0.197206
723.727 1.65013 -0.189302
723.727 1.7136 -0.180637
723.727 1.77706 -0.171243
723.727 1.84053 -0.16116
723.727 1.904 -0.150429
723.727 1.96746 -0.139092
723.727 2.03093 -0.127194
723.727 2.0944 -0.114784
723.727 2.15786 -0.101912
723.727 2.22133 -0.0886302
723.727 2.28479 -0.0749908
723.727 2.34826 -0.0610505
723.727 2.41173 -0.0468628
723.727 2.47519 -0.0324877
723.727 2.53866 -0.0179812
723.727 2.60213 -0.00340235
723.727 2.66559 0.0111902
723.727 2.72906 0.0257378
723.727 2.79253 0.0401817
723.727 2.85599 0.0544636
723.727 2.91946 0.0685263
723.727 2.98293 0.0823132
723.727 3.04639 0.0957685
723.727 3.10986 0.108838
723.727 3.17333 0.12147
723.727 3.23679 0.133612
723.727 3.30026 0.145216
723.727 3.36373 0.156236
723.727 3.42719 0.166626
723.727 3.49066 0.176346
723.727 3.55413 0.185355
723.727 3.61759 0.193619
723.727 3.68106 0.201102
723.727 3.74452 0.207776
723.727 3.80799 0.213613
723.727 3.87146 0.21859
723.727 3.93492 0.222687
723.727 3.99839 0.225887
723.727 4.06186 0.228177
723.727 4.12532 0.229549
723.727 4.18879 0.229996
723.727 4.25226 0.229518
723.727 4.31572 0.228115
723.727 4.37919 0.225793
723.727 4.44266 0.222563
723.727 4.50612 0.218436
723.727 4.56959 0.21343
723.727 4.63306 0.207564
723.727 4.69652 0.200862
723.727 4.75999 0.193352
723.727 4.82346 0.185063
723.727 4.88692 0.176029
723.727 4.95039 0.166286
723.727 5.01385 0.155873
723.727 5.07732 0.144833
723.727 5.14079 0.13321
723.727 5.20425 0.12105
723.727 5.26772 0.108403
723.727 5.33119 0.0953193
723.727 5.39465 0.0818521
723.727 5.45812 0.0680548
723.727 5.52159 0.0539839
723.727 5.58505 0.0396954
723.727 5.64852 0.0252475
723.727 5.71199 0.010697
723.727 5.77545 -0.00389584
723.727 5.83892 -0.0184731
723.727 5.90239 -0.0329762
723.727 5.96585 -0.0473463
723.727 6.02932 -0.0615261
723.727 6.09279 -0.0754577
723.727 6.15625 -0.0890858
723.727 6.21972 -0.102355
723.727 6.28319 -0.115212
724.727 0 -0.417117
724.727 0.0634665 -0.436939
724.727 0.126933 -0.455001
724.727 0.1904 -0.471231
724.727 0.253866 -0.485563
724.727 0.317333 -0.49794
724.727 0.380799 -0.508313
724.727 0.444266 -0.516637
724.727 0.507732 -0.522883
724.727 0.571199 -0.527022
724.727 0.634665 -0.529039
724.727 0.698132 -0.528926
724.727 0.761598 -0.526684
724.727 0.825065 -0.52232
724.727 0.888531 -0.515854
724.727 0.951998 -0.50731
724.727 1.01546 -0.496724
724.727 1.07893 -0.484137
724.727 1.1424 -0.469601
724.727 1.20586 -0.453174
724.727 1.26933 -0.434922
724.727 1.3328 -0.414919
724.727 1.39626 -0.393245
724.727 1.45973 -0.369987
724.727 1.5232 -0.34524
724.727 1.58666 -0.319103
724.727 1.65013 -0.291681
724.727 1.7136 -0.263085
724.727 1.77706 -0.233428
724.727 1.84053 -0.202833
724.727 1.904 -0.17142
724.727 1.96746 -0.139317
724.727 2.03093 -0.106653
724.727 2.0944 -0.0735596
724.727 2.15786 -0.0401701
724.727 2.22133 -0.00661885
724.727 2.28479 0.0269591
724.727 2.34826 0.0604286
724.727 2.41173 0.0936547
724.727 2.47519 0.126504
724.727 2.53866 0.158843
724.727 2.60213 0.190543
724.727 2.66559 0.221476
724.727 2.72906 0.251517
724.727 2.79253 0.280545
724.727 2.85599 0.308443
724.727 2.91946 0.3351
724.727 2.98293 0.360407
724.727 3.04639 0.384263
724.727 3.10986 0.406572
724.727 3.17333 0.427243
724.727 3.23679 0.446194
724.727 3.30026 0.463349
724.727 3.36373 0.478638
724.727 3.42719 0.491999
724.727 3.49066 0.50338
724.727 3.55413 0.512733
724.727 3.61759 0.520021
724.727 3.68106 0.525217
724.727 3.74452 0.528296
724.727 3.80799 0.52925
724.727 3.87146 0.528071
724.727 3.93492 0.524767
724.727 3.99839 0.519348
724.727 4.06186 0.51184
724.727 4.12532 0.50227
724.727 4.18879 0.490677
724.727 4.25226 0.477109
724.727 4.31572 0.461619
724.727 4.37919 0.444271
724.727 4.44266 0.425134
724.727 4.50612 0.404286
724.727 4.56959 0.381809
724.727 4.63306 0.357795
724.727 4.69652 0.332339
724.727 4.75999 0.305546
724.727 4.82346 0.277523
724.727 4.88692 0.248381
724.727 4.95039 0.21824
724.727 5.01385 0.187221
724.727 5.07732 0.155447
724.727 5.14079 0.123047
724.727 5.20425 0.0901517
724.727 5.26772 0.0568935
724.727 5.33119 0.0234061
724.727 5.39465 -0.0101754
724.727 5.45812 -0.0437158
724.727 5.52159 -0.0770803
724.727 5.58505 -0.110134
724.727 5.64852 -0.142745
724.727 5.71199 -0.174781
724.727 5.77545 -0.206113
724.727 5.83892 -0.236616
724.727 5.90239 -0.266165
724.727 5.96585 -0.294643
724.727 6.02932 -0.321934
724.727 6.09279 -0.347929
724.727 6.15625 -0.372523
724.727 6.21972 -0.395616
724.727 6.28319 -0.417118
725.728 0 -0.000936292
725.728 0.0634665 -0.00180228
725.728 0.126933 -0.00266114
725.728 0.1904 -0.0035087
725.728 0.253866 -0.00434228
725.728 0.317333 -0.00515856
725.728 0.380799 -0.00595401
725.728 0.444266 -0.00672545
725.728 0.507732 -0.00746985
725.728 0.571199 -0.00818418
725.728 0.634665 -0.00886555
725.728 0.698132 -0.0095112
725.728 0.761598 -0.0101187
725.728 0.825065 -0.0106852
725.728 0.888531 -0.0112089
725.728 0.951998 -0.0116874
725.728 1.01546 -0.0121187
725.728 1.07893 -0.0125013
725.728 1.1424 -0.0128336
725.728 1.20586 -0.0131142
725.728 1.26933 -0.0133419
725.728 1.3328 -0.013516
725.728 1.39626 -0.0136356
725.728 1.45973 -0.0137004
725.728 1.5232 -0.0137099
725.728 1.58666 -0.0136642
725.728 1.65013 -0.0135637
725.728 1.7136 -0.0134083
725.728 1.77706 -0.0131991
725.728 1.84053 -0.0129365
725.728 1.904 -0.012622
725.728 1.96746 -0.0122568
725.728 2.03093 -0.011842
725.728 2.0944 -0.0113797
725.728 2.15786 -0.0108714
725.728 2.22133 -0.0103196
725.728 2.28479 -0.0097261
725.728 2.34826 -0.00909337
725.728 2.41173 -0.00842415
725.728 2.47519 -0.00772077
725.728 2.53866 -0.00698641
725.728 2.60213 -0.00622423
725.728 2.66559 -0.00543645
725.728 2.72906 -0.00462714
725.728 2.79253 -0.00379915
725.728 2.85599 -0.00295593
725.728 2.91946 -0.0021005
725.728 2.98293 -0.00123698
725.728 3.04639 -0.000368137
725.728 3.10986 0.000501952
725.728 3.17333 0.0013701
725.728 3.23679 0.00223284
725.728 3.30026 0.00308635
725.728 3.36373 0.00392762
725.728 3.42719 0.00475292
725.728 3.49066 0.00555908
725.728 3.55413 0.00634287
725.728 3.61759 0.00710147
725.728 3.68106 0.00783093
725.728 3.74452 0.00852915
725.728 3.80799 0.00919326
725.728 3.87146 0.00981984
725.728 3.93492 0.0104071
725.728 3.99839 0.0109526
725.728 4.06186 0.0114538
725.728 4.12532 0.0119091
725.728 4.18879 0.0123163
725.728 4.25226 0.0126737
725.728 4.31572 0.0129804
725.728 4.37919 0.0132347
725.728 4.44266 0.0134357
725.728 4.50612 0.0135827
725.728 4.56959 0.0136748
725.728 4.63306 0.013712
725.728 4.69652 0.013694
725.728 4.75999 0.0136208
725.728 4.82346 0.0134928
725.728 4.88692 0.0133104
725.728 4.95039 0.0130744
725.728 5.01385 0.0127858
725.728 5.07732 0.0124457
725.728 5.14079 0.0120554
725.728 5.20425 0.0116167
725.728 5.26772 0.0111312
725.728 5.33119 0.010601
725.728 5.39465 0.0100278
725.728 5.45812 0.00941443
725.728 5.52159 0.00876317
725.728 5.58505 0.00807648
725.728 5.64852 0.0073576
725.728 5.71199 0.00660871
725.728 5.77545 0.00583326
725.728 5.83892 0.00503448
725.728 5.90239 0.00421523
725.728 5.96585 0.00337921
725.728 6.02932 0.00252943
725.728 6.09279 0.00166956
725.728 6.15625 0.000802854
725.728 6.21972 -6.66746e-05
725.728 6.28319 -0.000936311
726.729 0 -0.271921
726.729 0.0634665 -0.25167
726.729 0.126933 -0.230406
726.729 0.1904 -0.208214
726.729 0.253866 -0.185184
726.729 0.317333 -0.161408
726.729 0.380799 -0.136982
726.729 0.444266 -0.112004
726.729 0.507732 -0.0865756
726.729 0.571199 -0.0607985
726.729 0.634665 -0.0347767
726.729 0.698132 -0.00861473
726.729 0.761598 0.0175819
726.729 0.825065 0.0437079
726.729 0.888531 0.0696576
726.729 0.951998 0.095327
726.729 1.01546 0.120613
726.729 1.07893 0.145413
726.729 1.1424 0.169627
726.729 1.20586 0.193158
726.729 1.26933 0.215911
726.729 1.3328 0.237796
726.729 1.39626 0.258722
726.729 1.45973 0.278607
726.729 1.5232 0.29737
726.729 1.58666 0.314936
726.729 1.65013 0.331233
726.729 1.7136 0.346196
726.729 1.77706 0.359767
726.729 1.84053 0.371887
726.729 1.904 0.382511
726.729 1.96746 0.391594
726.729 2.03093 0.399101
726.729 2.0944 0.405
726.729 2.15786 0.409269
726.729 2.22133 0.41189
726.729 2.28479 0.412852
726.729 2.34826 0.412152
726.729 2.41173 0.409792
726.729 2.47519 0.405782
726.729 2.53866 0.400138
726.729 2.60213 0.392883
726.729 2.66559 0.384045
726.729 2.72906 0.373662
726.729 2.79253 0.361774
726.729 2.85599 0.348429
726.729 2.91946 0.333682
726.729 2.98293 0.31759
726.729 3.04639 0.30022
726.729 3.10986 0.281641
726.729 3.17333 0.261927
726.729 3.23679 0.24116
726.729 3.30026 0.21942
726.729 3.36373 0.196798
726.729 3.42719 0.173383
726.729 3.49066 0.14927
726.729 3.55413 0.124556
726.729 3.61759 0.0993399
726.729 3.68106 0.0737241
726.729 3.74452 0.0478116
726.729 3.80799 0.0217066
726.729 3.87146 -0.0044859
726.729 3.93492 -0.0306604
726.729 3.99839 -0.0567113
726.729 4.06186 -0.0825338
726.729 4.12532 -0.108024
726.729 4.18879 -0.13308
726.729 4.25226 -0.157599
726.729 4.31572 -0.181484
726.729 4.37919 -0.204638
726.729 4.44266 -0.226968
726.729 4.50612 -0.248384
726.729 4.56959 -0.2688
726.729 4.63306 -0.288134
726.729 4.69652 -0.306307
726.729 4.75999 -0.323247
726.729 4.82346 -0.338886
726.729 4.88692 -0.353159
726.729 4.95039 -0.366011
726.729 5.01385 -0.37739
726.729 5.07732 -0.387248
726.729 5.14079 -0.395547
726.729 5.20425 -0.402253
726.729 5.26772 -0.40734
726.729 5.33119 -0.410786
726.729 5.39465 -0.412578
726.729 5.45812 -0.41271
726.729 5.52159 -0.411178
726.729 5.58505 -0.407992
726.729 5.64852 -0.403162
726.729 5.71199 -0.39671
726.729 5.77545 -0.38866
726.729 5.83892 -0.379045
726.729 5.90239 -0.367903
726.729 5.96585 -0.355281
726.729 6.02932 -0.341227
726.729 6.09279 -0.3258
726.729 6.15625 -0.30906
726.729 6.21972 -0.291077
726.729 6.28319 -0.271921
727.73 0 0.162349
727.73 0.0634665 0.147755
727.73 0.126933 0.132565
727.73 0.1904 0.116841
727.73 0.253866 0.100647
727.73 0.317333 0.0840472
727.73 0.380799 0.0671096
727.73 0.444266 0.0499014
727.73 0.507732 0.0324923
727.73 0.571199 0.0149525
727.73 0.634665 -0.0026476
727.73 0.698132 -0.0202371
727.73 0.761598 -0.037745
727.73 0.825065 -0.0551009
727.73 0.888531 -0.072235
727.73 0.951998 -0.0890782
727.73 1.01546 -0.105563
727.73 1.07893 -0.121622
727.73 1.1424 -0.137192
727.73 1.20586 -0.152209
727.73 1.26933 -0.166614
727.73 1.3328 -0.180347
727.73 1.39626 -0.193355
727.73 1.45973 -0.205583
727.73 1.5232 -0.216984
727.73 1.58666 -0.227511
727.73 1.65013 -0.237122
727.73 1.7136 -0.245779
727.73 1.77706 -0.253446
727.73 1.84053 -0.260092
727.73 1.904 -0.26569
727.73 1.96746 -0.270219
727.73 2.03093 -0.27366
727.73 2.0944 -0.275999
727.73 2.15786 -0.277227
727.73 2.22133 -0.277338
727.73 2.28479 -0.276333
727.73 2.34826 -0.274215
727.73 2.41173 -0.270992
727.73 2.47519 -0.266679
727.73 2.53866 -0.261292
727.73 2.60213 -0.254852
727.73 2.66559 -0.247386
727.73 2.72906 -0.238925
727.73 2.79253 -0.229501
727.73 2.85599 -0.219153
727.73 2.91946 -0.207922
727.73 2.98293 -0.195855
727.73 3.04639 -0.182999
727.73 3.10986 -0.169405
727.73 3.17333 -0.15513
727.73 3.23679 -0.14023
727.73 3.30026 -0.124766
727.73 3.36373 -0.108799
727.73 3.42719 -0.0923937
727.73 3.49066 -0.0756165
727.73 3.55413 -0.0585349
727.73 3.61759 -0.0412176
727.73 3.68106 -0.0237342
727.73 3.74452 -0.00615546
727.73 3.80799 0.0114481
727.73 3.87146 0.0290057
727.73 3.93492 0.0464463
727.73 3.99839 0.0637
727.73 4.06186 0.0806973
727.73 4.12532 0.0973696
727.73 4.18879 0.11365
727.73 4.25226 0.129472
727.73 4.31572 0.144774
727.73 4.37919 0.159492
727.73 4.44266 0.173568
727.73 4.50612 0.186945
727.73 4.56959 0.199569
727.73 4.63306 0.21139
727.73 4.69652 0.22236
727.73 4.75999 0.232434
727.73 4.82346 0.241572
727.73 4.88692 0.249738
727.73 4.95039 0.256898
727.73 5.01385 0.263024
727.73 5.07732 0.26809
727.73 5.14079 0.272077
727.73 5.20425 0.274968
727.73 5.26772 0.276752
727.73 5.33119 0.277422
727.73 5.39465 0.276975
727.73 5.45812 0.275412
727.73 5.52159 0.272741
727.73 5.58505 0.268971
727.73 5.64852 0.264118
727.73 5.71199 0.258202
727.73 5.77545 0.251246
727.73 5.83892 0.243278
727.73 5.90239 0.234331
727.73 5.96585 0.22444
727.73 6.02932 0.213645
727.73 6.09279 0.20199
727.73 6.15625 0.189522
727.73 6.21972 0.176291
727.73 6.28319 0.162349
728.731 0 -0.269147
728.731 0.0634665 -0.260188
728.731 0.126933 -0.250181
728.731 0.1904 -0.239166
728.731 0.253866 -0.227189
728.731 0.317333 -0.214297
728.731 0.380799 -0.200542
728.731 0.444266 -0.185979
728.731 0.507732 -0.170668
728.731 0.571199 -0.154669
728.731 0.634665 -0.138047
728.731 0.698132 -0.12087
728.731 0.761598 -0.103206
728.731 0.825065 -0.0851263
728.731 0.888531 -0.0667037
728.731 0.951998 -0.0480128
728.731 1.01546 -0.0291285
728.731 1.07893 -0.0101268
728.731 1.1424 0.00891553
728.731 1.20586 0.0279222
728.731 1.26933 0.0468162
728.731 1.3328 0.0655217
728.731 1.39626 0.0839633
728.731 1.45973 0.102067
728.731 1.5232 0.11976
728.731 1.58666 0.13697
728.731 1.65013 0.153629
728.731 1.7136 0.169669
728.731 1.77706 0.185026
728.731 1.84053 0.199639
728.731 1.904 0.213447
728.731 1.96746 0.226396
728.731 2.03093 0.238433
728.731 2.0944 0.24951
728.731 2.15786 0.259583
728.731 2.22133 0.268609
728.731 2.28479 0.276555
728.731 2.34826 0.283386
728.731 2.41173 0.289077
728.731 2.47519 0.293604
728.731 2.53866 0.296949
728.731 2.60213 0.299097
728.731 2.66559 0.300042
728.731 2.72906 0.299778
728.731 2.79253 0.298308
728.731 2.85599 0.295636
728.731 2.91946 0.291773
728.731 2.98293 0.286736
728.731 3.04639 0.280544
728.731 3.10986 0.273223
728.731 3.17333 0.264801
728.731 3.23679 0.255313
728.731 3.30026 0.244797
728.731 3.36373 0.233295
728.731 3.42719 0.220854
728.731 3.49066 0.207524
728.731 3.55413 0.193358
728.731 3.61759 0.178413
728.731 3.68106 0.16275
728.731 3.74452 0.146432
728.731 3.80799 0.129524
728.731 3.87146 0.112094
728.731 3.93492 0.0942137
728.731 3.99839 0.0759534
728.731 4.06186 0.0573873
728.731 4.12532 0.03859
728.731 4.18879 0.0196374
728.731 4.25226 0.00060582
728.731 4.31572 -0.0184283
728.731 4.37919 -0.0373881
728.731 4.44266 -0.0561973
728.731 4.50612 -0.0747803
728.731 4.56959 -0.0930621
728.731 4.63306 -0.110969
728.731 4.69652 -0.12843
728.731 4.75999 -0.145373
728.731 4.82346 -0.161731
728.731 4.88692 -0.177437
728.731 4.95039 -0.192429
728.731 5.01385 -0.206647
728.731 5.07732 -0.220032
728.731 5.14079 -0.232531
728.731 5.20425 -0.244094
728.731 5.26772 -0.254674
728.731 5.33119 -0.264229
728.731 5.39465 -0.272719
728.731 5.45812 -0.280111
728.731 5.52159 -0.286376
728.731 5.58505 -0.291487
728.731 5.64852 -0.295425
728.731 5.71199 -0.298173
728.731 5.77545 -0.299721
728.731 5.83892 -0.300061
728.731 5.90239 -0.299193
728.731 5.96585 -0.297121
728.731 6.02932 -0.293852
728.731 6.09279 -0.2894
728.731 6.15625 -0.283783
728.731 6.21972 -0.277023
728.731 6.28319 -0.269147
729.732 0 0.146351
729.732 0.0634665 0.136685
729.732 0.126933 0.126469
729.732 0.1904 0.115743
729.732 0.253866 0.104551
729.732 0.317333 0.0929382
729.732 0.380799 0.0809511
729.732 0.444266 0.0686381
729.732 0.507732 0.0560486
729.732 0.571199 0.0432335
729.732 0.634665 0.0302446
729.732 0.698132 0.0171335
729.732 0.761598 0.00395354
729.732 0.825065 -0.00924239
729.732 0.888531 -0.0224007
729.732 0.951998 -0.0354694
729.732 1.01546 -0.048395
729.732 1.07893 -0.0611257
729.732 1.1424 -0.0736103
729.732 1.20586 -0.0857987
729.732 1.26933 -0.0976412
729.732 1.3328 -0.109091
729.732 1.39626 -0.120101
729.732 1.45973 -0.130628
729.732 1.5232 -0.140629
729.732 1.58666 -0.150063
729.732 1.65013 -0.158893
729.732 1.7136 -0.167084
729.732 1.77706 -0.174601
729.732 1.84053 -0.181416
729.732 1.904 -0.1875
729.732 1.96746 -0.192829
729.732 2.03093 -0.197381
729.732 2.0944 -0.201139
729.732 2.15786 -0.204087
729.732 2.22133 -0.206213
729.732 2.28479 -0.207509
729.732 2.34826 -0.207969
729.732 2.41173 -0.207592
729.732 2.47519 -0.206379
729.732 2.53866 -0.204335
729.732 2.60213 -0.201468
729.732 2.66559 -0.19779
729.732 2.72906 -0.193315
729.732 2.79253 -0.188062
729.732 2.85599 -0.182052
729.732 2.91946 -0.175308
729.732 2.98293 -0.167859
729.732 3.04639 -0.159734
729.732 3.10986 -0.150966
729.732 3.17333 -0.14159
729.732 3.23679 -0.131643
729.732 3.30026 -0.121167
729.732 3.36373 -0.110202
729.732 3.42719 -0.0987943
729.732 3.49066 -0.0869883
729.732 3.55413 -0.0748324
729.732 3.61759 -0.0623749
729.732 3.68106 -0.0496663
729.732 3.74452 -0.0367576
729.732 3.80799 -0.0237011
729.732 3.87146 -0.0105489
729.732 3.93492 0.00264555
729.732 3.99839 0.0158295
729.732 4.06186 0.0289497
729.732 4.12532 0.0419534
729.732 4.18879 0.054788
729.732 4.25226 0.0674019
729.732 4.31572 0.0797446
729.732 4.37919 0.0917662
729.732 4.44266 0.103418
729.732 4.50612 0.114654
729.732 4.56959 0.125427
729.732 4.63306 0.135697
729.732 4.69652 0.145419
729.732 4.75999 0.154556
729.732 4.82346 0.16307
729.732 4.88692 0.170928
729.732 4.95039 0.178098
729.732 5.01385 0.184551
729.732 5.07732 0.19026
729.732 5.14079 0.195203
729.732 5.20425 0.199361
729.732 5.26772 0.202715
729.732 5.33119 0.205253
729.732 5.39465 0.206965
729.732 5.45812 0.207844
729.732 5.52159 0.207885
729.732 5.58505 0.20709
729.732 5.64852 0.20546
729.732 5.71199 0.203004
729.732 5.77545 0.199729
729.732 5.83892 0.195651
729.732 5.90239 0.190785
729.732 5.96585 0.18515
729.732 6.02932 0.17877
729.732 6.09279 0.17167
729.732 6.15625 0.163879
729.732 6.21972 0.155428
729.732 6.28319 0.146351
730.733 0 0.453999
730.733 0.0634665 0.459823
730.733 0.126933 0.463796
730.733 0.1904 0.465902
730.733 0.253866 0.46613
730.733 0.317333 0.464483
730.733 0.380799 0.460965
730.733 0.444266 0.455591
730.733 0.507732 0.448382
730.733 0.571199 0.439368
730.733 0.634665 0.428585
730.733 0.698132 0.416076
730.733 0.761598 0.401891
730.733 0.825065 0.386088
730.733 0.888531 0.368731
730.733 0.951998 0.349889
730.733 1.01546 0.329638
730.733 1.07893 0.30806
730.733 1.1424 0.285241
730.733 1.20586 0.261274
730.733 1.26933 0.236254
730.733 1.3328 0.210283
730.733 1.39626 0.183466
730.733 1.45973 0.15591
730.733 1.5232 0.127726
730.733 1.58666 0.0990275
730.733 1.65013 0.0699304
730.733 1.7136 0.0405519
730.733 1.77706 0.0110098
730.733 1.84053 -0.0185765
730.733 1.904 -0.0480878
730.733 1.96746 -0.0774056
730.733 2.03093 -0.106412
730.733 2.0944 -0.134989
730.733 2.15786 -0.163024
730.733 2.22133 -0.190401
730.733 2.28479 -0.217012
730.733 2.34826 -0.242749
730.733 2.41173 -0.267509
730.733 2.47519 -0.291191
730.733 2.53866 -0.313702
730.733 2.60213 -0.334948
730.733 2.66559 -0.354846
730.733 2.72906 -0.373316
730.733 2.79253 -0.390282
730.733 2.85599 -0.405676
730.733 2.91946 -0.419437
730.733 2.98293 -0.43151
730.733 3.04639 -0.441844
730.733 3.10986 -0.450399
730.733 3.17333 -0.457141
730.733 3.23679 -0.462042
730.733 3.30026 -0.465083
730.733 3.36373 -0.466251
730.733 3.42719 -0.465541
730.733 3.49066 -0.462957
730.733 3.55413 -0.458509
730.733 3.61759 -0.452214
730.733 3.68106 -0.444098
730.733 3.74452 -0.434195
730.733 3.80799 -0.422543
730.733 3.87146 -0.40919
730.733 3.93492 -0.394188
730.733 3.99839 -0.3776
730.733 4.06186 -0.359491
730.733 4.12532 -0.339935
730.733 4.18879 -0.319009
730.733 4.25226 -0.2968
730.733 4.31572 -0.273395
730.733 4.37919 -0.248889
730.733 4.44266 -0.223381
730.733 4.50612 -0.196974
730.733 4.56959 -0.169773
730.733 4.63306 -0.141889
730.733 4.69652 -0.113434
730.733 4.75999 -0.0845216
730.733 4.82346 -0.055269
730.733 4.88692 -0.0257938
730.733 4.95039 0.00378518
730.733 5.01385 0.0333489
730.733 5.07732 0.0627784
730.733 5.14079 0.0919551
730.733 5.20425 0.120761
730.733 5.26772 0.149082
730.733 5.33119 0.176802
730.733 5.39465 0.203809
730.733 5.45812 0.229996
730.733 5.52159 0.255258
730.733 5.58505 0.279491
730.733 5.64852 0.302599
730.733 5.71199 0.324488
730.733 5.77545 0.345071
730.733 5.83892 0.364264
730.733 5.90239 0.381991
730.733 5.96585 0.398179
730.733 6.02932 0.412764
730.733 6.09279 0.425688
730.733 6.15625 0.436897
730.733 6.21972 0.446346
730.733 6.28319 0.453999
731.734 0 -0.0827906
731.734 0.0634665 -0.0777958
731.734 0.126933 -0.0724877
731.734 0.1904 -0.0668876
731.734 0.253866 -0.061018
731.734 0.317333 -0.0549028
731.734 0.380799 -0.0485668
731.734 0.444266 -0.042035
731.734 0.507732 -0.035334
731.734 0.571199 -0.0284908
731.734 0.634665 -0.0215327
731.734 0.698132 -0.014488
731.734 0.761598 -0.00738492
731.734 0.825065 -0.000252113
731.734 0.888531 0.0068816
731.734 0.951998 0.0139877
731.734 1.01546 0.0210375
731.734 1.07893 0.0280026
731.734 1.1424 0.0348549
731.734 1.20586 0.0415668
731.734 1.26933 0.0481114
731.734 1.3328 0.0544623
731.734 1.39626 0.0605938
731.734 1.45973 0.0664813
731.734 1.5232 0.0721013
731.734 1.58666 0.0774308
731.734 1.65013 0.0824486
731.734 1.7136 0.0871343
731.734 1.77706 0.0914691
731.734 1.84053 0.0954358
731.734 1.904 0.099018
731.734 1.96746 0.102202
731.734 2.03093 0.104974
731.734 2.0944 0.107323
731.734 2.15786 0.10924
731.734 2.22133 0.110718
731.734 2.28479 0.111749
731.734 2.34826 0.112331
731.734 2.41173 0.11246
731.734 2.47519 0.112136
731.734 2.53866 0.111361
731.734 2.60213 0.110138
731.734 2.66559 0.108471
731.734 2.72906 0.106367
731.734 2.79253 0.103835
731.734 2.85599 0.100884
731.734 2.91946 0.0975279
731.734 2.98293 0.0937788
731.734 3.04639 0.0896521
731.734 3.10986 0.0851644
731.734 3.17333 0.0803337
731.734 3.23679 0.0751795
731.734 3.30026 0.0697227
731.734 3.36373 0.063985
731.734 3.42719 0.0579898
731.734 3.49066 0.0517609
731.734 3.55413 0.0453237
731.734 3.61759 0.0387039
731.734 3.68106 0.0319286
731.734 3.74452 0.0250242
731.734 3.80799 0.0180194
731.734 3.87146 0.010942
731.734 3.93492 0.00382053
731.734 3.99839 -0.00331638
731.734 4.06186 -0.0104399
731.734 4.12532 -0.0175215
731.734 4.18879 -0.0245324
731.734 4.25226 -0.0314446
731.734 4.31572 -0.0382302
731.734 4.37919 -0.0448618
731.734 4.44266 -0.0513127
731.734 4.50612 -0.0575569
731.734 4.56959 -0.0635696
731.734 4.63306 -0.0693262
731.734 4.69652 -0.0748036
731.734 4.75999 -0.07998
731.734 4.82346 -0.0848341
731.734 4.88692 -0.0893466
731.734 4.95039 -0.0934996
731.734 5.01385 -0.0972759
731.734 5.07732 -0.100661
731.734 5.14079 -0.10364
731.734 5.20425 -0.106202
731.734 5.26772 -0.108336
731.734 5.33119 -0.110034
731.734 5.39465 -0.111289
731.734 5.45812 -0.112096
731.734 5.52159 -0.112452
731.734 5.58505 -0.112355
731.734 5.64852 -0.111805
731.734 5.71199 -0.110805
731.734 5.77545 -0.109359
731.734 5.83892 -0.107473
731.734 5.90239 -0.105154
731.734 5.96585 -0.102411
731.734 6.02932 -0.0992561
731.734 6.09279 -0.0957015
731.734 6.15625 -0.0917616
731.734 6.21972 -0.0874522
731.734 6.28319 -0.0827907
732.735 0 0.0833123
732.735 0.0634665 0.0766316
732.735 0.126933 0.0696423
732.735 0.1904 0.0623727
732.735 0.253866 0.0548517
732.735 0.317333 0.0471101
732.735 0.380799 0.0391785
732.735 0.444266 0.0310894
732.735 0.507732 0.022875
732.735 0.571199 0.0145686
732.735 0.634665 0.00620338
732.735 0.698132 -0.00218666
732.735 0.761598 -0.010568
732.735 0.825065 -0.0189067
732.735 0.888531 -0.0271694
732.735 0.951998 -0.0353227
732.735 1.01546 -0.0433337
732.735 1.07893 -0.0511702
732.735 1.1424 -0.0588005
732.735 1.20586 -0.0661942
732.735 1.26933 -0.0733215
732.735 1.3328 -0.0801533
732.735 1.39626 -0.0866626
732.735 1.45973 -0.0928227
732.735 1.5232 -0.0986091
732.735 1.58666 -0.103999
732.735 1.65013 -0.108969
732.735 1.7136 -0.113501
732.735 1.77706 -0.117576
732.735 1.84053 -0.121177
732.735 1.904 -0.124291
732.735 1.96746 -0.126903
732.735 2.03093 -0.129006
732.735 2.0944 -0.130588
732.735 2.15786 -0.131645
732.735 2.22133 -0.132171
732.735 2.28479 -0.132166
732.735 2.34826 -0.131628
732.735 2.41173 -0.13056
732.735 2.47519 -0.128966
732.735 2.53866 -0.126854
732.735 2.60213 -0.12423
732.735 2.66559 -0.121106
732.735 2.72906 -0.117495
732.735 2.79253 -0.11341
732.735 2.85599 -0.108869
732.735 2.91946 -0.103889
732.735 2.98293 -0.098491
732.735 3.04639 -0.0926963
732.735 3.10986 -0.0865284
732.735 3.17333 -0.0800122
732.735 3.23679 -0.0731738
732.735 3.30026 -0.0660408
732.735 3.36373 -0.0586417
732.735 3.42719 -0.0510066
732.735 3.49066 -0.043166
732.735 3.55413 -0.0351517
732.735 3.61759 -0.0269959
732.735 3.68106 -0.0187313
732.735 3.74452 -0.0103913
732.735 3.80799 -0.00200939
732.735 3.87146 0.00638053
732.735 3.93492 0.0147448
732.735 3.99839 0.0230497
732.735 4.06186 0.0312617
732.735 4.12532 0.039348
732.735 4.18879 0.0472757
732.735 4.25226 0.055013
732.735 4.31572 0.062529
732.735 4.37919 0.069793
732.735 4.44266 0.076776
732.735 4.50612 0.08345
732.735 4.56959 0.0897878
732.735 4.63306 0.0957641
732.735 4.69652 0.101355
732.735 4.75999 0.106537
732.735 4.82346 0.111291
732.735 4.88692 0.115596
732.735 4.95039 0.119437
732.735 5.01385 0.122796
732.735 5.07732 0.12566
732.735 5.14079 0.128019
732.735 5.20425 0.129862
732.735 5.26772 0.131182
732.735 5.33119 0.131975
732.735 5.39465 0.132235
732.735 5.45812 0.131963
732.735 5.52159 0.13116
732.735 5.58505 0.129828
732.735 5.64852 0.127974
732.735 5.71199 0.125605
732.735 5.77545 0.12273
732.735 5.83892 0.11936
732.735 5.90239 0.11551
732.735 5.96585 0.111195
732.735 6.02932 0.106432
732.735 6.09279 0.101241
732.735 6.15625 0.0956417
732.735 6.21972 0.0896576
732.735 6.28319 0.0833123
733.736 0 -0.11568
733.736 0.0634665 -0.104219
733.736 0.126933 -0.0923388
733.736 0.1904 -0.0800865
733.736 0.253866 -0.0675117
733.736 0.317333 -0.054665
733.736 0.380799 -0.0415982
733.736 0.444266 -0.0283639
733.736 0.507732 -0.0150154
733.736 0.571199 -0.00160643
733.736 0.634665 0.0118089
733.736 0.698132 0.0251769
733.736 0.761598 0.0384434
733.736 0.825065 0.0515551
733.736 0.888531 0.0644592
733.736 0.951998 0.0771037
733.736 1.01546 0.0894379
733.736 1.07893 0.101412
733.736 1.1424 0.112977
733.736 1.20586 0.124088
733.736 1.26933 0.134699
733.736 1.3328 0.144768
733.736 1.39626 0.154253
733.736 1.45973 0.163118
733.736 1.5232 0.171326
733.736 1.58666 0.178844
733.736 1.65013 0.185641
733.736 1.7136 0.191692
733.736 1.77706 0.19697
733.736 1.84053 0.201455
733.736 1.904 0.205129
733.736 1.96746 0.207977
733.736 2.03093 0.209988
733.736 2.0944 0.211153
733.736 2.15786 0.211468
733.736 2.22133 0.210931
733.736 2.28479 0.209545
733.736 2.34826 0.207316
733.736 2.41173 0.204251
733.736 2.47519 0.200364
733.736 2.53866 0.19567
733.736 2.60213 0.190188
733.736 2.66559 0.183941
733.736 2.72906 0.176953
733.736 2.79253 0.169252
733.736 2.85599 0.160869
733.736 2.91946 0.15184
733.736 2.98293 0.142198
733.736 3.04639 0.131984
733.736 3.10986 0.121239
733.736 3.17333 0.110005
733.736 3.23679 0.0983287
733.736 3.30026 0.0862561
733.736 3.36373 0.0738363
733.736 3.42719 0.0611191
733.736 3.49066 0.0481558
733.736 3.55413 0.0349986
733.736 3.61759 0.0217005
733.736 3.68106 0.0083151
733.736 3.74452 -0.0051038
733.736 3.80799 -0.0185022
733.736 3.87146 -0.0318263
733.736 3.93492 -0.0450219
733.736 3.99839 -0.0580363
733.736 4.06186 -0.0708171
733.736 4.12532 -0.0833127
733.736 4.18879 -0.0954728
733.736 4.25226 -0.107249
733.736 4.31572 -0.118592
733.736 4.37919 -0.129459
733.736 4.44266 -0.139804
733.736 4.50612 -0.149586
733.736 4.56959 -0.158766
733.736 4.63306 -0.167306
733.736 4.69652 -0.175173
733.736 4.75999 -0.182334
733.736 4.82346 -0.188762
733.736 4.88692 -0.194429
733.736 4.95039 -0.199313
733.736 5.01385 -0.203395
733.736 5.07732 -0.206658
733.736 5.14079 -0.209088
733.736 5.20425 -0.210677
733.736 5.26772 -0.211417
733.736 5.33119 -0.211306
733.736 5.39465 -0.210344
733.736 5.45812 -0.208535
733.736 5.52159 -0.205887
733.736 5.58505 -0.202409
733.736 5.64852 -0.198117
733.736 5.71199 -0.193026
733.736 5.77545 -0.187159
733.736 5.83892 -0.180538
733.736 5.90239 -0.173189
733.736 5.96585 -0.165144
733.736 6.02932 -0.156433
733.736 6.09279 -0.147093
733.736 6.15625 -0.13716
733.736 6.21972 -0.126675
733.736 6.28319 -0.11568
734.737 0 0.141564
734.737 0.0634665 0.142532
734.737 0.126933 0.142926
734.737 0.1904 0.142745
734.737 0.253866 0.141989
734.737 0.317333 0.140661
734.737 0.380799 0.138766
734.737 0.444266 0.136313
734.737 0.507732 0.133311
734.737 0.571199 0.129772
734.737 0.634665 0.12571
734.737 0.698132 0.121143
734.737 0.761598 0.116087
734.737 0.825065 0.110565
734.737 0.888531 0.104596
734.737 0.951998 0.0982072
734.737 1.01546 0.0914225
734.737 1.07893 0.0842695
734.737 1.1424 0.0767777
734.737 1.20586 0.0689763
734.737 1.26933 0.0608972
734.737 1.3328 0.0525732
734.737 1.39626 0.0440372
734.737 1.45973 0.0353239
734.737 1.5232 0.0264683
734.737 1.58666 0.0175063
734.737 1.65013 0.00847358
734.737 1.7136 -0.000593089
734.737 1.77706 -0.00965731
734.737 1.84053 -0.0186828
734.737 1.904 -0.0276328
734.737 1.96746 -0.0364718
734.737 2.03093 -0.0451639
734.737 2.0944 -0.0536742
734.737 2.15786 -0.0619682
734.737 2.22133 -0.0700127
734.737 2.28479 -0.0777753
734.737 2.34826 -0.0852248
734.737 2.41173 -0.0923311
734.737 2.47519 -0.0990655
734.737 2.53866 -0.105401
734.737 2.60213 -0.111312
734.737 2.66559 -0.116775
734.737 2.72906 -0.121768
734.737 2.79253 -0.126271
734.737 2.85599 -0.130265
734.737 2.91946 -0.133734
734.737 2.98293 -0.136665
734.737 3.04639 -0.139046
734.737 3.10986 -0.140866
734.737 3.17333 -0.14212
734.737 3.23679 -0.142801
734.737 3.30026 -0.142907
734.737 3.36373 -0.142438
734.737 3.42719 -0.141395
734.737 3.49066 -0.139783
734.737 3.55413 -0.137609
734.737 3.61759 -0.13488
734.737 3.68106 -0.131608
734.737 3.74452 -0.127805
734.737 3.80799 -0.123489
734.737 3.87146 -0.118675
734.737 3.93492 -0.113383
734.737 3.99839 -0.107634
734.737 4.06186 -0.101453
734.737 4.12532 -0.0948624
734.737 4.18879 -0.0878904
734.737 4.25226 -0.0805642
734.737 4.31572 -0.0729136
734.737 4.37919 -0.0649695
734.737 4.44266 -0.0567637
734.737 4.50612 -0.0483294
734.737 4.56959 -0.0397003
734.737 4.63306 -0.0309116
734.737 4.69652 -0.0219983
734.737 4.75999 -0.0129964
734.737 4.82346 -0.00394233
734.737 4.88692 0.00512778
734.737 4.95039 0.0141772
734.737 5.01385 0.0231695
734.737 5.07732 0.0320685
734.737 5.14079 0.0408384
734.737 5.20425 0.049444
734.737 5.26772 0.0578503
734.737 5.33119 0.0660237
734.737 5.39465 0.0739313
734.737 5.45812 0.0815411
734.737 5.52159 0.0888227
734.737 5.58505 0.0957464
734.737 5.64852 0.102285
734.737 5.71199 0.108411
734.737 5.77545 0.114101
734.737 5.83892 0.119332
734.737 5.90239 0.124082
734.737 5.96585 0.128332
734.737 6.02932 0.132066
734.737 6.09279 0.135268
734.737 6.15625 0.137925
734.737 6.21972 0.140026
734.737 6.28319 0.141564
735.738 0 0.379652
735.738 0.0634665 0.360624
735.738 0.126933 0.340145
735.738 0.1904 0.318296
735.738 0.253866 0.295165
735.738 0.317333 0.270845
735.738 0.380799 0.245436
735.738 0.444266 0.219038
735.738 0.507732 0.191757
735.738 0.571199 0.163705
735.738 0.634665 0.134993
735.738 0.698132 0.105738
735.738 0.761598 0.0760575
735.738 0.825065 0.0460705
735.738 0.888531 0.0158978
735.738 0.951998 -0.0143388
735.738 1.01546 -0.0445177
735.738 1.07893 -0.0745174
735.738 1.1424 -0.104217
735.738 1.20586 -0.133497
735.738 1.26933 -0.162239
735.738 1.3328 -0.190328
735.738 1.39626 -0.217651
735.738 1.45973 -0.244097
735.738 1.5232 -0.269561
735.738 1.58666 -0.293939
735.738 1.65013 -0.317134
735.738 1.7136 -0.339051
735.738 1.77706 -0.359603
735.738 1.84053 -0.378707
735.738 1.904 -0.396286
735.738 1.96746 -0.41227
735.738 2.03093 -0.426593
735.738 2.0944 -0.439199
735.738 2.15786 -0.450036
735.738 2.22133 -0.459061
735.738 2.28479 -0.466238
735.738 2.34826 -0.471537
735.738 2.41173 -0.474938
735.738 2.47519 -0.476426
735.738 2.53866 -0.475996
735.738 2.60213 -0.473649
735.738 2.66559 -0.469395
735.738 2.72906 -0.463251
735.738 2.79253 -0.455241
735.738 2.85599 -0.445398
735.738 2.91946 -0.433762
735.738 2.98293 -0.42038
735.738 3.04639 -0.405304
735.738 3.10986 -0.388596
735.738 3.17333 -0.370324
735.738 3.23679 -0.350561
735.738 3.30026 -0.329386
735.738 3.36373 -0.306885
735.738 3.42719 -0.283148
735.738 3.49066 -0.258271
735.738 3.55413 -0.232353
735.738 3.61759 -0.205501
735.738 3.68106 -0.177821
735.738 3.74452 -0.149425
735.738 3.80799 -0.120426
735.738 3.87146 -0.0909437
735.738 3.93492 -0.0610947
735.738 3.99839 -0.0309997
735.738 4.06186 -0.000779856
735.738 4.12532 0.0294432
735.738 4.18879 0.0595475
735.738 4.25226 0.0894122
735.738 4.31572 0.118917
735.738 4.37919 0.147943
735.738 4.44266 0.176372
735.738 4.50612 0.204092
735.738 4.56959 0.230991
735.738 4.63306 0.256959
735.738 4.69652 0.281891
735.738 4.75999 0.30569
735.738 4.82346 0.328257
735.738 4.88692 0.349503
735.738 4.95039 0.369341
735.738 5.01385 0.387692
735.738 5.07732 0.404482
735.738 5.14079 0.419643
735.738 5.20425 0.433114
735.738 5.26772 0.444842
735.738 5.33119 0.454778
735.738 5.39465 0.462883
735.738 5.45812 0.469124
735.738 5.52159 0.473476
735.738 5.58505 0.475922
735.738 5.64852 0.476451
735.738 5.71199 0.475061
735.738 5.77545 0.471759
735.738 5.83892 0.466558
735.738 5.90239 0.459477
735.738 5.96585 0.450546
735.738 6.02932 0.439802
735.738 6.09279 0.427286
735.738 6.15625 0.41305
735.738 6.21972 0.39715
735.738 6.28319 0.379651
736.739 0 0.112748
736.739 0.0634665 0.107164
736.739 0.126933 0.101149
736.739 0.1904 0.0947267
736.739 0.253866 0.0879227
736.739 0.317333 0.0807648
736.739 0.380799 0.073282
736.739 0.444266 0.0655036
736.739 0.507732 0.0574618
736.739 0.571199 0.0491883
736.739 0.634665 0.0407171
736.739 0.698132 0.0320816
736.739 0.761598 0.0233173
736.739 0.825065 0.0144586
736.739 0.888531 0.00554229
736.739 0.951998 -0.00339674
736.739 1.01546 -0.0123219
736.739 1.07893 -0.0211976
736.739 1.1424 -0.0299878
736.739 1.20586 -0.0386574
736.739 1.26933 -0.0471714
736.739 1.3328 -0.0554955
736.739 1.39626 -0.0635956
736.739 1.45973 -0.0714398
736.739 1.5232 -0.0789971
736.739 1.58666 -0.0862353
736.739 1.65013 -0.0931267
736.739 1.7136 -0.0996433
736.739 1.77706 -0.105758
736.739 1.84053 -0.111448
736.739 1.904 -0.116688
736.739 1.96746 -0.121459
736.739 2.03093 -0.125741
736.739 2.0944 -0.129516
736.739 2.15786 -0.13277
736.739 2.22133 -0.135489
736.739 2.28479 -0.137663
736.739 2.34826 -0.139282
736.739 2.41173 -0.14034
736.739 2.47519 -0.140834
736.739 2.53866 -0.14076
736.739 2.60213 -0.140119
736.739 2.66559 -0.138915
736.739 2.72906 -0.137151
736.739 2.79253 -0.134834
736.739 2.85599 -0.131975
736.739 2.91946 -0.128584
736.739 2.98293 -0.124676
736.739 3.04639 -0.120265
736.739 3.10986 -0.115371
736.739 3.17333 -0.110011
736.739 3.23679 -0.104209
736.739 3.30026 -0.0979872
736.739 3.36373 -0.0913707
736.739 3.42719 -0.0843864
736.739 3.49066 -0.0770622
736.739 3.55413 -0.0694277
736.739 3.61759 -0.0615137
736.739 3.68106 -0.053352
736.739 3.74452 -0.0449754
736.739 3.80799 -0.0364177
736.739 3.87146 -0.0277136
736.739 3.93492 -0.0188974
736.739 3.99839 -0.0100056
736.739 4.06186 -0.00107312
736.739 4.12532 0.00786318
736.739 4.18879 0.0167683
736.739 4.25226 0.025606
736.739 4.31572 0.0343399
736.739 4.37919 0.0429362
736.739 4.44266 0.0513592
736.739 4.50612 0.0595755
736.739 4.56959 0.0675519
736.739 4.63306 0.0752563
736.739 4.69652 0.0826579
736.739 4.75999 0.0897261
736.739 4.82346 0.0964337
736.739 4.88692 0.102752
736.739 4.95039 0.108658
736.739 5.01385 0.114126
736.739 5.07732 0.119134
736.739 5.14079 0.123663
736.739 5.20425 0.127693
736.739 5.26772 0.131209
736.739 5.33119 0.134197
736.739 5.39465 0.136645
736.739 5.45812 0.138542
736.739 5.52159 0.139882
736.739 5.58505 0.140658
736.739 5.64852 0.140868
736.739 5.71199 0.14051
736.739 5.77545 0.139588
736.739 5.83892 0.138102
736.739 5.90239 0.136061
736.739 5.96585 0.133472
736.739 6.02932 0.130345
736.739 6.09279 0.126694
736.739 6.15625 0.122532
736.739 6.21972 0.117877
736.739 6.28319 0.112748
737.74 0 -0.514282
737.74 0.0634665 -0.504219
737.74 0.126933 -0.492126
737.74 0.1904 -0.478052
737.74 0.253866 -0.462053
737.74 0.317333 -0.444193
737.74 0.380799 -0.424544
737.74 0.444266 -0.403186
737.74 0.507732 -0.380205
737.74 0.571199 -0.355693
737.74 0.634665 -0.329748
737.74 0.698132 -0.302475
737.74 0.761598 -0.273985
737.74 0.825065 -0.244391
737.74 0.888531 -0.213813
737.74 0.951998 -0.182375
737.74 1.01546 -0.150202
737.74 1.07893 -0.117424
737.74 1.1424 -0.0841732
737.74 1.20586 -0.0505836
737.74 1.26933 -0.0167903
737.74 1.3328 0.0170708
737.74 1.39626 0.0508628
737.74 1.45973 0.0844503
737.74 1.5232 0.117698
737.74 1.58666 0.150471
737.74 1.65013 0.182638
737.74 1.7136 0.21407
737.74 1.77706 0.244641
737.74 1.84053 0.274225
737.74 1.904 0.302706
737.74 1.96746 0.329968
737.74 2.03093 0.355901
737.74 2.0944 0.380402
737.74 2.15786 0.40337
737.74 2.22133 0.424714
737.74 2.28479 0.444348
737.74 2.34826 0.462193
737.74 2.41173 0.478177
737.74 2.47519 0.492235
737.74 2.53866 0.504311
737.74 2.60213 0.514356
737.74 2.66559 0.522331
737.74 2.72906 0.528202
737.74 2.79253 0.531946
737.74 2.85599 0.533549
737.74 2.91946 0.533002
737.74 2.98293 0.530311
737.74 3.04639 0.525483
737.74 3.10986 0.518539
737.74 3.17333 0.509507
737.74 3.23679 0.498424
737.74 3.30026 0.485334
737.74 3.36373 0.470289
737.74 3.42719 0.453351
737.74 3.49066 0.434587
737.74 3.55413 0.414074
737.74 3.61759 0.391893
737.74 3.68106 0.368134
737.74 3.74452 0.342893
737.74 3.80799 0.316271
737.74 3.87146 0.288375
737.74 3.93492 0.259318
737.74 3.99839 0.229218
737.74 4.06186 0.198194
737.74 4.12532 0.166372
737.74 4.18879 0.13388
737.74 4.25226 0.100849
737.74 4.31572 0.0674123
737.74 4.37919 0.0337037
737.74 4.44266 -0.000140098
737.74 4.50612 -0.0339838
737.74 4.56959 -0.0676906
737.74 4.63306 -0.101125
737.74 4.69652 -0.134152
737.74 4.75999 -0.166638
737.74 4.82346 -0.198454
737.74 4.88692 -0.229471
737.74 4.95039 -0.259564
737.74 5.01385 -0.288611
737.74 5.07732 -0.316496
737.74 5.14079 -0.343108
737.74 5.20425 -0.368337
737.74 5.26772 -0.392083
737.74 5.33119 -0.414251
737.74 5.39465 -0.43475
737.74 5.45812 -0.453499
737.74 5.52159 -0.470422
737.74 5.58505 -0.48545
737.74 5.64852 -0.498524
737.74 5.71199 -0.509591
737.74 5.77545 -0.518605
737.74 5.83892 -0.52553
737.74 5.90239 -0.530341
737.74 5.96585 -0.533016
737.74 6.02932 -0.533544
737.74 6.09279 -0.531924
737.74 6.15625 -0.528162
737.74 6.21972 -0.522274
737.74 6.28319 -0.514282
738.741 0 0.218542
738.741 0.0634665 0.182577
738.741 0.126933 0.145876
738.741 0.1904 0.108588
738.741 0.253866 0.0708629
738.741 0.317333 0.0328525
738.741 0.380799 -0.00529022
738.741 0.444266 -0.0434117
738.741 0.507732 -0.0813583
738.741 0.571199 -0.118977
738.741 0.634665 -0.156117
738.741 0.698132 -0.192629
738.741 0.761598 -0.228364
738.741 0.825065 -0.26318
738.741 0.888531 -0.296937
738.741 0.951998 -0.329498
738.741 1.01546 -0.360732
738.741 1.07893 -0.390513
738.741 1.1424 -0.418722
738.741 1.20586 -0.445245
738.741 1.26933 -0.469975
738.741 1.3328 -0.492812
738.741 1.39626 -0.513666
738.741 1.45973 -0.532451
738.741 1.5232 -0.549092
738.741 1.58666 -0.563522
738.741 1.65013 -0.575682
738.741 1.7136 -0.585525
738.741 1.77706 -0.59301
738.741 1.84053 -0.598108
738.741 1.904 -0.600797
738.741 1.96746 -0.601066
738.741 2.03093 -0.598915
738.741 2.0944 -0.594353
738.741 2.15786 -0.587398
738.741 2.22133 -0.578077
738.741 2.28479 -0.566428
738.741 2.34826 -0.552499
738.741 2.41173 -0.536346
738.741 2.47519 -0.518031
738.741 2.53866 -0.497632
738.741 2.60213 -0.475229
738.741 2.66559 -0.450912
738.741 2.72906 -0.424779
738.741 2.79253 -0.396936
738.741 2.85599 -0.367495
738.741 2.91946 -0.336573
738.741 2.98293 -0.304297
738.741 3.04639 -0.270795
738.741 3.10986 -0.236203
738.741 3.17333 -0.20066
738.741 3.23679 -0.164309
738.741 3.30026 -0.127296
738.741 3.36373 -0.0897708
738.741 3.42719 -0.0518838
738.741 3.49066 -0.0137881
738.741 3.55413 0.0243634
738.741 3.61759 0.0624164
738.741 3.68106 0.100218
738.741 3.74452 0.137617
738.741 3.80799 0.174461
738.741 3.87146 0.210602
738.741 3.93492 0.245896
738.741 3.99839 0.2802
738.741 4.06186 0.313375
738.741 4.12532 0.345288
738.741 4.18879 0.375812
738.741 4.25226 0.404821
738.741 4.31572 0.432201
738.741 4.37919 0.45784
738.741 4.44266 0.481636
738.741 4.50612 0.503493
738.741 4.56959 0.523322
738.741 4.63306 0.541044
738.741 4.69652 0.556587
738.741 4.75999 0.56989
738.741 4.82346 0.580896
738.741 4.88692 0.589565
738.741 4.95039 0.595859
738.741 5.01385 0.599754
738.741 5.07732 0.601234
738.741 5.14079 0.600293
738.741 5.20425 0.596935
738.741 5.26772 0.591173
738.741 5.33119 0.583031
738.741 5.39465 0.572541
738.741 5.45812 0.559746
738.741 5.52159 0.544696
738.741 5.58505 0.527454
738.741 5.64852 0.508088
738.741 5.71199 0.486675
738.741 5.77545 0.463304
738.741 5.83892 0.438066
738.741 5.90239 0.411065
738.741 5.96585 0.382408
738.741 6.02932 0.352211
738.741 6.09279 0.320596
738.741 6.15625 0.287691
738.741 6.21972 0.253627
738.741 6.28319 0.218542
739.742 0 0.24488
739.742 0.0634665 0.25134
739.742 0.126933 0.256787
739.742 0.1904 0.261201
739.742 0.253866 0.264562
739.742 0.317333 0.266858
739.742 0.380799 0.26808
739.742 0.444266 0.268222
739.742 0.507732 0.267285
739.742 0.571199 0.265271
739.742 0.634665 0.262188
739.742 0.698132 0.258051
739.742 0.761598 0.252874
739.742 0.825065 0.246679
739.742 0.888531 0.23949
739.742 0.951998 0.231337
739.742 1.01546 0.222253
739.742 1.07893 0.212274
739.742 1.1424 0.20144
739.742 1.20586 0.189795
739.742 1.26933 0.177385
739.742 1.3328 0.164261
739.742 1.39626 0.150476
739.742 1.45973 0.136085
739.742 1.5232 0.121147
739.742 1.58666 0.10572
739.742 1.65013 0.0898671
739.742 1.7136 0.073653
739.742 1.77706 0.057142
739.742 1.84053 0.040401
739.742 1.904 0.0234973
739.742 1.96746 0.00649923
739.742 2.03093 -0.0105254
739.742 2.0944 -0.0275074
739.742 2.15786 -0.0443788
739.742 2.22133 -0.0610714
739.742 2.28479 -0.0775182
739.742 2.34826 -0.0936525
739.742 2.41173 -0.10941
739.742 2.47519 -0.124727
739.742 2.53866 -0.139542
739.742 2.60213 -0.153794
739.742 2.66559 -0.167428
739.742 2.72906 -0.180387
739.742 2.79253 -0.19262
739.742 2.85599 -0.204078
739.742 2.91946 -0.214713
739.742 2.98293 -0.224484
739.742 3.04639 -0.233351
739.742 3.10986 -0.241279
739.742 3.17333 -0.248235
739.742 3.23679 -0.254191
739.742 3.30026 -0.259124
739.742 3.36373 -0.263014
739.742 3.42719 -0.265844
739.742 3.49066 -0.267604
739.742 3.55413 -0.268286
739.742 3.61759 -0.267888
739.742 3.68106 -0.266412
739.742 3.74452 -0.263863
739.742 3.80799 -0.260251
739.742 3.87146 -0.255591
739.742 3.93492 -0.249902
739.742 3.99839 -0.243207
739.742 4.06186 -0.235532
739.742 4.12532 -0.226909
739.742 4.18879 -0.217373
739.742 4.25226 -0.206961
739.742 4.31572 -0.195716
739.742 4.37919 -0.183682
739.742 4.44266 -0.170909
739.742 4.50612 -0.157448
739.742 4.56959 -0.143353
739.742 4.63306 -0.128681
739.742 4.69652 -0.11349
739.742 4.75999 -0.0978429
739.742 4.82346 -0.0818014
739.742 4.88692 -0.0654304
739.742 4.95039 -0.0487959
739.742 5.01385 -0.0319654
739.742 5.07732 -0.0150056
739.742 5.14079 0.00201423
739.742 5.20425 0.0190261
739.742 5.26772 0.0359611
739.742 5.33119 0.0527516
739.742 5.39465 0.0693296
739.742 5.45812 0.0856284
739.742 5.52159 0.101583
739.742 5.58505 0.117127
739.742 5.64852 0.132201
739.742 5.71199 0.146742
739.742 5.77545 0.160692
739.742 5.83892 0.173995
739.742 5.90239 0.186598
739.742 5.96585 0.198449
739.742 6.02932 0.209501
739.742 6.09279 0.219709
739.742 6.15625 0.229033
739.742 6.21972 0.237435
739.742 6.28319 0.24488
740.743 0 -0.0300586
740.743 0.0634665 -0.0218511
740.743 0.126933 -0.0135552
740.743 0.1904 -0.00520494
740.743 0.253866 0.00316612
740.743 0.317333 0.0115247
740.743 0.380799 0.0198367
740.743 0.444266 0.028069
740.743 0.507732 0.0361882
740.743 0.571199 0.0441616
740.743 0.634665 0.0519572
740.743 0.698132 0.0595436
740.743 0.761598 0.0668903
740.743 0.825065 0.0739676
740.743 0.888531 0.0807471
740.743 0.951998 0.0872014
740.743 1.01546 0.0933046
740.743 1.07893 0.0990321
740.743 1.1424 0.104361
740.743 1.20586 0.109269
740.743 1.26933 0.113738
740.743 1.3328 0.117748
740.743 1.39626 0.121285
740.743 1.45973 0.124333
740.743 1.5232 0.12688
740.743 1.58666 0.128916
740.743 1.65013 0.130434
740.743 1.7136 0.131426
740.743 1.77706 0.131889
740.743 1.84053 0.131821
740.743 1.904 0.131222
740.743 1.96746 0.130095
740.743 2.03093 0.128444
740.743 2.0944 0.126275
740.743 2.15786 0.123599
740.743 2.22133 0.120424
740.743 2.28479 0.116765
740.743 2.34826 0.112635
740.743 2.41173 0.108052
740.743 2.47519 0.103034
740.743 2.53866 0.0976007
740.743 2.60213 0.0917746
740.743 2.66559 0.0855791
740.743 2.72906 0.0790388
740.743 2.79253 0.0721804
740.743 2.85599 0.0650313
740.743 2.91946 0.05762
740.743 2.98293 0.0499771
740.743 3.04639 0.042133
740.743 3.10986 0.034119
740.743 3.17333 0.0259679
740.743 3.23679 0.0177121
740.743 3.30026 0.00938475
740.743 3.36373 0.00101973
740.743 3.42719 -0.00734916
740.743 3.49066 -0.0156886
740.743 3.55413 -0.0239649
740.743 3.61759 -0.0321448
740.743 3.68106 -0.0401952
740.743 3.74452 -0.0480836
740.743 3.80799 -0.0557785
740.743 3.87146 -0.0632488
740.743 3.93492 -0.0704644
740.743 3.99839 -0.0773963
740.743 4.06186 -0.0840165
740.743 4.12532 -0.0902985
740.743 4.18879 -0.0962168
740.743 4.25226 -0.101748
740.743 4.31572 -0.106869
740.743 4.37919 -0.11156
740.743 4.44266 -0.115801
740.743 4.50612 -0.119577
740.743 4.56959 -0.12287
740.743 4.63306 -0.12567
740.743 4.69652 -0.127963
740.743 4.75999 -0.129741
740.743 4.82346 -0.130996
740.743 4.88692 -0.131724
740.743 4.95039 -0.131922
740.743 5.01385 -0.131588
740.743 5.07732 -0.130724
740.743 5.14079 -0.129334
740.743 5.20425 -0.127424
740.743 5.26772 -0.125
740.743 5.33119 -0.122073
740.743 5.39465 -0.118654
740.743 5.45812 -0.114758
740.743 5.52159 -0.110399
740.743 5.58505 -0.105596
740.743 5.64852 -0.100368
740.743 5.71199 -0.0947354
740.743 5.77545 -0.0887215
740.743 5.83892 -0.0823503
740.743 5.90239 -0.0756477
740.743 5.96585 -0.0686405
740.743 6.02932 -0.0613567
740.743 6.09279 -0.0538261
740.743 6.15625 -0.0460784
740.743 6.21972 -0.0381454
740.743 6.28319 -0.0300587
741.744 0 0.246688
741.744 0.0634665 0.236295
741.744 0.126933 0.224951
741.744 0.1904 0.2127
741.744 0.253866 0.199593
741.744 0.317333 0.185682
741.744 0.380799 0.171024
741.744 0.444266 0.155677
741.744 0.507732 0.139704
741.744 0.571199 0.123167
741.744 0.634665 0.106135
741.744 0.698132 0.0886752
741.744 0.761598 0.0708585
741.744 0.825065 0.0527564
741.744 0.888531 0.034442
741.744 0.951998 0.0159889
741.744 1.01546 -0.00252873
741.744 1.07893 -0.021036
741.744 1.1424 -0.0394585
741.744 1.20586 -0.0577224
741.744 1.26933 -0.0757537
741.744 1.3328 -0.09348
741.744 1.39626 -0.11083
741.744 1.45973 -0.127734
741.744 1.5232 -0.144123
741.744 1.58666 -0.159932
741.744 1.65013 -0.175097
741.744 1.7136 -0.189557
741.744 1.77706 -0.203253
741.744 1.84053 -0.216131
741.744 1.904 -0.228139
741.744 1.96746 -0.239229
741.744 2.03093 -0.249355
741.744 2.0944 -0.258477
741.744 2.15786 -0.266558
741.744 2.22133 -0.273565
741.744 2.28479 -0.279472
741.744 2.34826 -0.284253
741.744 2.41173 -0.287889
741.744 2.47519 -0.290366
741.744 2.53866 -0.291674
741.744 2.60213 -0.291808
741.744 2.66559 -0.290766
741.744 2.72906 -0.288553
741.744 2.79253 -0.285179
741.744 2.85599 -0.280657
741.744 2.91946 -0.275004
741.744 2.98293 -0.268244
741.744 3.04639 -0.260404
741.744 3.10986 -0.251515
741.744 3.17333 -0.241613
741.744 3.23679 -0.230739
741.744 3.30026 -0.218936
741.744 3.36373 -0.20625
741.744 3.42719 -0.192735
741.744 3.49066 -0.178443
741.744 3.55413 -0.163433
741.744 3.61759 -0.147765
741.744 3.68106 -0.131501
741.744 3.74452 -0.114709
741.744 3.80799 -0.0974543
741.744 3.87146 -0.0798072
741.744 3.93492 -0.0618387
741.744 3.99839 -0.0436212
741.744 4.06186 -0.0252282
741.744 4.12532 -0.0067335
741.744 4.18879 0.0117884
741.744 4.25226 0.0302626
741.744 4.31572 0.0486152
741.744 4.37919 0.0667719
741.744 4.44266 0.0846595
741.744 4.50612 0.102206
741.744 4.56959 0.119342
741.744 4.63306 0.135997
741.744 4.69652 0.152104
741.744 4.75999 0.167599
741.744 4.82346 0.182419
741.744 4.88692 0.196504
741.744 4.95039 0.209798
741.744 5.01385 0.222247
741.744 5.07732 0.233802
741.744 5.14079 0.244415
741.744 5.20425 0.254044
741.744 5.26772 0.262649
741.744 5.33119 0.270198
741.744 5.39465 0.276658
741.744 5.45812 0.282004
741.744 5.52159 0.286215
741.744 5.58505 0.289273
741.744 5.64852 0.291167
741.744 5.71199 0.291888
741.744 5.77545 0.291433
741.744 5.83892 0.289806
741.744 5.90239 0.287011
741.744 5.96585 0.28306
741.744 6.02932 0.27797
741.744 6.09279 0.271761
741.744 6.15625 0.264457
741.744 6.21972 0.256088
741.744 6.28319 0.246688
742.745 0 0.243729
742.745 0.0634665 0.243849
742.745 0.126933 0.242988
742.745 0.1904 0.241148
742.745 0.253866 0.238337
742.745 0.317333 0.234566
742.745 0.380799 0.229852
742.745 0.444266 0.224211
742.745 0.507732 0.217667
742.745 0.571199 0.210248
742.745 0.634665 0.201981
742.745 0.698132 0.192901
742.745 0.761598 0.183044
742.745 0.825065 0.172451
742.745 0.888531 0.161163
742.745 0.951998 0.149226
742.745 1.01546 0.136688
742.745 1.07893 0.1236
742.745 1.1424 0.110014
742.745 1.20586 0.0959849
742.745 1.26933 0.0815696
742.745 1.3328 0.0668257
742.745 1.39626 0.0518128
742.745 1.45973 0.0365911
742.745 1.5232 0.0212222
742.745 1.58666 0.00576776
742.745 1.65013 -0.00970963
742.745 1.7136 -0.0251482
742.745 1.77706 -0.0404854
742.745 1.84053 -0.0556599
742.745 1.904 -0.0706098
742.745 1.96746 -0.0852755
742.745 2.03093 -0.099598
742.745 2.0944 -0.113519
742.745 2.15786 -0.126984
742.745 2.22133 -0.139937
742.745 2.28479 -0.152326
742.745 2.34826 -0.164102
742.745 2.41173 -0.175217
742.745 2.47519 -0.185627
742.745 2.53866 -0.19529
742.745 2.60213 -0.204166
742.745 2.66559 -0.212219
742.745 2.72906 -0.219419
742.745 2.79253 -0.225734
742.745 2.85599 -0.231141
742.745 2.91946 -0.235618
742.745 2.98293 -0.239145
742.745 3.04639 -0.241709
742.745 3.10986 -0.2433
742.745 3.17333 -0.243912
742.745 3.23679 -0.243541
742.745 3.30026 -0.24219
742.745 3.36373 -0.239863
742.745 3.42719 -0.236571
742.745 3.49066 -0.232326
742.745 3.55413 -0.227146
742.745 3.61759 -0.22105
742.745 3.68106 -0.214065
742.745 3.74452 -0.206218
742.745 3.80799 -0.197541
742.745 3.87146 -0.188068
742.745 3.93492 -0.177837
742.745 3.99839 -0.166891
742.745 4.06186 -0.155273
742.745 4.12532 -0.143029
742.745 4.18879 -0.130209
742.745 4.25226 -0.116866
742.745 4.31572 -0.103051
742.745 4.37919 -0.088822
742.745 4.44266 -0.0742351
742.745 4.50612 -0.0593491
742.745 4.56959 -0.0442243
742.745 4.63306 -0.0289214
742.745 4.69652 -0.0135018
742.745 4.75999 0.00197198
742.745 4.82346 0.0174378
742.745 4.88692 0.0328334
742.745 4.95039 0.0480967
742.745 5.01385 0.0631666
742.745 5.07732 0.077982
742.745 5.14079 0.0924834
742.745 5.20425 0.106612
742.745 5.26772 0.120312
742.745 5.33119 0.133527
742.745 5.39465 0.146205
742.745 5.45812 0.158294
742.745 5.52159 0.169745
742.745 5.58505 0.180513
742.745 5.64852 0.190554
742.745 5.71199 0.199828
742.745 5.77545 0.208297
742.745 5.83892 0.215928
742.745 5.90239 0.222689
742.745 5.96585 0.228553
742.745 6.02932 0.233497
742.745 6.09279 0.237501
742.745 6.15625 0.240548
742.745 6.21972 0.242627
742.745 6.28319 0.243729
743.746 0 -0.261095
743.746 0.0634665 -0.238554
743.746 0.126933 -0.215053
743.746 0.1904 -0.190685
743.746 0.253866 -0.165549
743.746 0.317333 -0.139747
743.746 0.380799 -0.113382
743.746 0.444266 -0.0865605
743.746 0.507732 -0.0593903
743.746 0.571199 -0.0319811
743.746 0.634665 -0.0044432
743.746 0.698132 0.0231126
743.746 0.761598 0.0505754
743.746 0.825065 0.0778345
743.746 0.888531 0.10478
743.746 0.951998 0.131304
743.746 1.01546 0.157299
743.746 1.07893 0.182661
743.746 1.1424 0.207287
743.746 1.20586 0.231079
743.746 1.26933 0.25394
743.746 1.3328 0.275778
743.746 1.39626 0.296506
743.746 1.45973 0.31604
743.746 1.5232 0.334302
743.746 1.58666 0.351217
743.746 1.65013 0.366719
743.746 1.7136 0.380743
743.746 1.77706 0.393235
743.746 1.84053 0.404143
743.746 1.904 0.413423
743.746 1.96746 0.421039
743.746 2.03093 0.42696
743.746 2.0944 0.431161
743.746 2.15786 0.433626
743.746 2.22133 0.434346
743.746 2.28479 0.433316
743.746 2.34826 0.430541
743.746 2.41173 0.426033
743.746 2.47519 0.41981
743.746 2.53866 0.411895
743.746 2.60213 0.402323
743.746 2.66559 0.39113
743.746 2.72906 0.378362
743.746 2.79253 0.364071
743.746 2.85599 0.348314
743.746 2.91946 0.331154
743.746 2.98293 0.312661
743.746 3.04639 0.292909
743.746 3.10986 0.271978
743.746 3.17333 0.249951
743.746 3.23679 0.226918
743.746 3.30026 0.202971
743.746 3.36373 0.178207
743.746 3.42719 0.152725
743.746 3.49066 0.126628
743.746 3.55413 0.100022
743.746 3.61759 0.073012
743.746 3.68106 0.0457087
743.746 3.74452 0.0182215
743.746 3.80799 -0.0093394
743.746 3.87146 -0.0368625
743.746 3.93492 -0.0642373
743.746 3.99839 -0.0913534
743.746 4.06186 -0.118102
743.746 4.12532 -0.144374
743.746 4.18879 -0.170066
743.746 4.25226 -0.195072
743.746 4.31572 -0.219293
743.746 4.37919 -0.242631
743.746 4.44266 -0.264992
743.746 4.50612 -0.286286
743.746 4.56959 -0.306427
743.746 4.63306 -0.325335
743.746 4.69652 -0.342932
743.746 4.75999 -0.359149
743.746 4.82346 -0.373919
743.746 4.88692 -0.387184
743.746 4.95039 -0.398889
743.746 5.01385 -0.408989
743.746 5.07732 -0.417441
743.746 5.14079 -0.424213
743.746 5.20425 -0.429277
743.746 5.26772 -0.432612
743.746 5.33119 -0.434205
743.746 5.39465 -0.434049
743.746 5.45812 -0.432146
743.746 5.52159 -0.428503
743.746 5.58505 -0.423135
743.746 5.64852 -0.416062
743.746 5.71199 -0.407314
743.746 5.77545 -0.396926
743.746 5.83892 -0.38494
743.746 5.90239 -0.371404
743.746 5.96585 -0.356372
743.746 6.02932 -0.339905
743.746 6.09279 -0.32207
743.746 6.15625 -0.302938
743.746 6.21972 -0.282585
743.746 6.28319 -0.261095
744.747 0 0.137227
744.747 0.0634665 0.135094
744.747 0.126933 0.132418
744.747 0.1904 0.129208
744.747 0.253866 0.125478
744.747 0.317333 0.121243
744.747 0.380799 0.11652
744.747 0.444266 0.111328
744.747 0.507732 0.105687
744.747 0.571199 0.0996205
744.747 0.634665 0.093153
744.747 0.698132 0.0863105
744.747 0.761598 0.0791202
744.747 0.825065 0.0716119
744.747 0.888531 0.0638148
744.747 0.951998 0.0557606
744.747 1.01546 0.0474822
744.747 1.07893 0.0390125
744.747 1.1424 0.0303858
744.747 1.20586 0.0216365
744.747 1.26933 0.0128002
744.747 1.3328 0.00391241
744.747 1.39626 -0.00499118
744.747 1.45973 -0.0138745
744.747 1.5232 -0.0227023
744.747 1.58666 -0.0314385
744.747 1.65013 -0.0400479
744.747 1.7136 -0.0484963
744.747 1.77706 -0.0567494
744.747 1.84053 -0.064774
744.747 1.904 -0.0725376
744.747 1.96746 -0.0800094
744.747 2.03093 -0.0871589
744.747 2.0944 -0.0939573
744.747 2.15786 -0.100378
744.747 2.22133 -0.106394
744.747 2.28479 -0.111981
744.747 2.34826 -0.117118
744.747 2.41173 -0.121783
744.747 2.47519 -0.125958
744.747 2.53866 -0.129625
744.747 2.60213 -0.132771
744.747 2.66559 -0.135382
744.747 2.72906 -0.137448
744.747 2.79253 -0.13896
744.747 2.85599 -0.139913
744.747 2.91946 -0.140302
744.747 2.98293 -0.140127
744.747 3.04639 -0.139387
744.747 3.10986 -0.138086
744.747 3.17333 -0.136229
744.747 3.23679 -0.133823
744.747 3.30026 -0.130879
744.747 3.36373 -0.127407
744.747 3.42719 -0.123423
744.747 3.49066 -0.118942
744.747 3.55413 -0.113981
744.747 3.61759 -0.108562
744.747 3.68106 -0.102705
744.747 3.74452 -0.0964354
744.747 3.80799 -0.0897771
744.747 3.87146 -0.0827569
744.747 3.93492 -0.075404
744.747 3.99839 -0.0677473
744.747 4.06186 -0.059818
744.747 4.12532 -0.0516474
744.747 4.18879 -0.0432692
744.747 4.25226 -0.0347166
744.747 4.31572 -0.0260241
744.747 4.37919 -0.017227
744.747 4.44266 -0.00836058
744.747 4.50612 0.000539691
744.747 4.56959 0.00943769
744.747 4.63306 0.0182976
744.747 4.69652 0.027084
744.747 4.75999 0.0357611
744.747 4.82346 0.0442945
744.747 4.88692 0.0526494
744.747 4.95039 0.0607925
744.747 5.01385 0.0686904
744.747 5.07732 0.0763119
744.747 5.14079 0.0836262
744.747 5.20425 0.0906037
744.747 5.26772 0.0972164
744.747 5.33119 0.103438
744.747 5.39465 0.109242
744.747 5.45812 0.114607
744.747 5.52159 0.119511
744.747 5.58505 0.123933
744.747 5.64852 0.127856
744.747 5.71199 0.131264
744.747 5.77545 0.134144
744.747 5.83892 0.136483
744.747 5.90239 0.138273
744.747 5.96585 0.139507
744.747 6.02932 0.140178
744.747 6.09279 0.140285
744.747 6.15625 0.139827
744.747 6.21972 0.138806
744.747 6.28319 0.137227
745.748 0 0.390356
745.748 0.0634665 0.378365
745.748 0.126933 0.36485
745.748 0.1904 0.349867
745.748 0.253866 0.333475
745.748 0.317333 0.31574
745.748 0.380799 0.296733
745.748 0.444266 0.276532
745.748 0.507732 0.255217
745.748 0.571199 0.232875
745.748 0.634665 0.209594
745.748 0.698132 0.18547
745.748 0.761598 0.160599
745.748 0.825065 0.135082
745.748 0.888531 0.10902
745.748 0.951998 0.0825196
745.748 1.01546 0.0556869
745.748 1.07893 0.0286298
745.748 1.1424 0.00145748
745.748 1.20586 -0.0257207
745.748 1.26933 -0.0527954
745.748 1.3328 -0.0796574
745.748 1.39626 -0.106199
745.748 1.45973 -0.132312
745.748 1.5232 -0.157893
745.748 1.58666 -0.182838
745.748 1.65013 -0.207047
745.748 1.7136 -0.230422
745.748 1.77706 -0.25287
745.748 1.84053 -0.274299
745.748 1.904 -0.294623
745.748 1.96746 -0.313762
745.748 2.03093 -0.331636
745.748 2.0944 -0.348176
745.748 2.15786 -0.363314
745.748 2.22133 -0.376988
745.748 2.28479 -0.389145
745.748 2.34826 -0.399734
745.748 2.41173 -0.408714
745.748 2.47519 -0.416049
745.748 2.53866 -0.421708
745.748 2.60213 -0.425668
745.748 2.66559 -0.427915
745.748 2.72906 -0.428439
745.748 2.79253 -0.427238
745.748 2.85599 -0.424317
745.748 2.91946 -0.419686
745.748 2.98293 -0.413366
745.748 3.04639 -0.405381
745.748 3.10986 -0.395764
745.748 3.17333 -0.384554
745.748 3.23679 -0.371795
745.748 3.30026 -0.357539
745.748 3.36373 -0.341843
745.748 3.42719 -0.324771
745.748 3.49066 -0.30639
745.748 3.55413 -0.286777
745.748 3.61759 -0.266008
745.748 3.68106 -0.244169
745.748 3.74452 -0.221346
745.748 3.80799 -0.197632
745.748 3.87146 -0.173122
745.748 3.93492 -0.147915
745.748 3.99839 -0.122112
745.748 4.06186 -0.0958181
745.748 4.12532 -0.0691381
745.748 4.18879 -0.0421795
745.748 4.25226 -0.0150511
745.748 4.31572 0.0121378
745.748 4.37919 0.0392779
745.748 4.44266 0.0662597
745.748 4.50612 0.0929748
745.748 4.56959 0.119316
745.748 4.63306 0.145176
745.748 4.69652 0.170452
745.748 4.75999 0.195041
745.748 4.82346 0.218845
745.748 4.88692 0.241768
745.748 4.95039 0.263717
745.748 5.01385 0.284605
745.748 5.07732 0.304346
745.748 5.14079 0.322862
745.748 5.20425 0.340078
745.748 5.26772 0.355924
745.748 5.33119 0.370338
745.748 5.39465 0.383259
745.748 5.45812 0.394638
745.748 5.52159 0.404428
745.748 5.58505 0.412589
745.748 5.64852 0.419089
745.748 5.71199 0.423902
745.748 5.77545 0.427007
745.748 5.83892 0.428393
745.748 5.90239 0.428055
745.748 5.96585 0.425992
745.748 6.02932 0.422213
745.748 6.09279 0.416736
745.748 6.15625 0.40958
745.748 6.21972 0.400775
745.748 6.28319 0.390356
746.749 0 -0.0843547
746.749 0.0634665 -0.078636
746.749 0.126933 -0.0726005
746.749 0.1904 -0.0662729
746.749 0.253866 -0.0596782
746.749 0.317333 -0.0528433
746.749 0.380799 -0.0457956
746.749 0.444266 -0.0385635
746.749 0.507732 -0.0311761
746.749 0.571199 -0.0236631
746.749 0.634665 -0.0160551
746.749 0.698132 -0.00838212
746.749 0.761598 -0.000675501
746.749 0.825065 0.00703372
746.749 0.888531 0.0147148
746.749 0.951998 0.0223366
746.749 1.01546 0.0298683
746.749 1.07893 0.0372799
746.749 1.1424 0.0445412
746.749 1.20586 0.0516234
746.749 1.26933 0.0584977
746.749 1.3328 0.0651361
746.749 1.39626 0.0715126
746.749 1.45973 0.077601
746.749 1.5232 0.083377
746.749 1.58666 0.0888172
746.749 1.65013 0.0938998
746.749 1.7136 0.0986042
746.749 1.77706 0.102912
746.749 1.84053 0.106805
746.749 1.904 0.110268
746.749 1.96746 0.113287
746.749 2.03093 0.11585
746.749 2.0944 0.117946
746.749 2.15786 0.119567
746.749 2.22133 0.120707
746.749 2.28479 0.121361
746.749 2.34826 0.121526
746.749 2.41173 0.121202
746.749 2.47519 0.12039
746.749 2.53866 0.119093
746.749 2.60213 0.117317
746.749 2.66559 0.115068
746.749 2.72906 0.112355
746.749 2.79253 0.109191
746.749 2.85599 0.105587
746.749 2.91946 0.101557
746.749 2.98293 0.0971187
746.749 3.04639 0.0922891
746.749 3.10986 0.0870882
746.749 3.17333 0.0815365
746.749 3.23679 0.0756563
746.749 3.30026 0.0694716
746.749 3.36373 0.0630072
746.749 3.42719 0.056289
746.749 3.49066 0.0493443
746.749 3.55413 0.0422007
746.749 3.61759 0.0348873
746.749 3.68106 0.0274334
746.749 3.74452 0.019869
746.749 3.80799 0.0122246
746.749 3.87146 0.00453111
746.749 3.93492 -0.00318072
746.749 3.99839 -0.0108799
746.749 4.06186 -0.018535
746.749 4.12532 -0.0261157
746.749 4.18879 -0.0335911
746.749 4.25226 -0.0409312
746.749 4.31572 -0.0481065
746.749 4.37919 -0.0550884
746.749 4.44266 -0.0618478
746.749 4.50612 -0.068359
746.749 4.56959 -0.0745944
746.749 4.63306 -0.0805295
746.749 4.69652 -0.0861404
746.749 4.75999 -0.0914043
746.749 4.82346 -0.0963006
746.749 4.88692 -0.100809
746.749 4.95039 -0.104911
746.749 5.01385 -0.108591
746.749 5.07732 -0.111833
746.749 5.14079 -0.114626
746.749 5.20425 -0.116957
746.749 5.26772 -0.118816
746.749 5.33119 -0.120198
746.749 5.39465 -0.121095
746.749 5.45812 -0.121505
746.749 5.52159 -0.121425
746.749 5.58505 -0.120857
746.749 5.64852 -0.119802
746.749 5.71199 -0.118264
746.749 5.77545 -0.116251
746.749 5.83892 -0.113769
746.749 5.90239 -0.110829
746.749 5.96585 -0.107443
746.749 6.02932 -0.103624
746.749 6.09279 -0.099388
746.749 6.15625 -0.0947517
746.749 6.21972 -0.0897339
746.749 6.28319 -0.0843546
747.75 0 -0.131104
747.75 0.0634665 -0.145592
747.75 0.126933 -0.159493
747.75 0.1904 -0.172753
747.75 0.253866 -0.185318
747.75 0.317333 -0.197135
747.75 0.380799 -0.208159
747.75 0.444266 -0.218345
747.75 0.507732 -0.227652
747.75 0.571199 -0.236043
747.75 0.634665 -0.243482
747.75 0.698132 -0.249941
747.75 0.761598 -0.255394
747.75 0.825065 -0.259818
747.75 0.888531 -0.263196
747.75 0.951998 -0.265515
747.75 1.01546 -0.266764
747.75 1.07893 -0.266939
747.75 1.1424 -0.266039
747.75 1.20586 -0.264068
747.75 1.26933 -0.261034
747.75 1.3328 -0.256948
747.75 1.39626 -0.251828
747.75 1.45973 -0.245694
747.75 1.5232 -0.238571
747.75 1.58666 -0.230487
747.75 1.65013 -0.221474
747.75 1.7136 -0.211571
747.75 1.77706 -0.200815
747.75 1.84053 -0.18925
747.75 1.904 -0.176924
747.75 1.96746 -0.163885
747.75 2.03093 -0.150186
747.75 2.0944 -0.135882
747.75 2.15786 -0.121032
747.75 2.22133 -0.105694
747.75 2.28479 -0.0899299
747.75 2.34826 -0.0738041
747.75 2.41173 -0.057381
747.75 2.47519 -0.0407271
747.75 2.53866 -0.023909
747.75 2.60213 -0.00699469
747.75 2.66559 0.00994783
747.75 2.72906 0.0268501
747.75 2.79253 0.0436444
747.75 2.85599 0.060263
747.75 2.91946 0.0766389
747.75 2.98293 0.0927061
747.75 3.04639 0.1084
747.75 3.10986 0.123658
747.75 3.17333 0.138417
747.75 3.23679 0.152619
747.75 3.30026 0.166207
747.75 3.36373 0.179126
747.75 3.42719 0.191323
747.75 3.49066 0.20275
747.75 3.55413 0.21336
747.75 3.61759 0.223111
747.75 3.68106 0.231964
747.75 3.74452 0.239883
747.75 3.80799 0.246835
747.75 3.87146 0.252795
747.75 3.93492 0.257736
747.75 3.99839 0.261639
747.75 4.06186 0.264489
747.75 4.12532 0.266273
747.75 4.18879 0.266986
747.75 4.25226 0.266623
747.75 4.31572 0.265187
747.75 4.37919 0.262683
747.75 4.44266 0.259121
747.75 4.50612 0.254516
747.75 4.56959 0.248887
747.75 4.63306 0.242254
747.75 4.69652 0.234647
747.75 4.75999 0.226095
747.75 4.82346 0.216632
747.75 4.88692 0.206297
747.75 4.95039 0.195131
747.75 5.01385 0.183179
747.75 5.07732 0.17049
747.75 5.14079 0.157114
747.75 5.20425 0.143106
747.75 5.26772 0.128522
747.75 5.33119 0.11342
747.75 5.39465 0.0978609
747.75 5.45812 0.0819082
747.75 5.52159 0.0656256
747.75 5.58505 0.0490788
747.75 5.64852 0.0323343
747.75 5.71199 0.0154597
747.75 5.77545 -0.00147722
747.75 5.83892 -0.0184082
747.75 5.90239 -0.0352651
747.75 5.96585 -0.05198
747.75 6.02932 -0.0684855
747.75 6.09279 -0.0847152
747.75 6.15625 -0.100604
747.75 6.21972 -0.116087
747.75 6.28319 -0.131104
748.751 0 0.202548
748.751 0.0634665 0.201213
748.751 0.126933 0.199067
748.751 0.1904 0.19612
748.751 0.253866 0.192383
748.751 0.317333 0.187871
748.751 0.380799 0.182603
748.751 0.444266 0.176599
748.751 0.507732 0.169885
748.751 0.571199 0.162486
748.751 0.634665 0.154433
748.751 0.698132 0.145759
748.751 0.761598 0.136497
748.751 0.825065 0.126685
748.751 0.888531 0.116364
748.751 0.951998 0.105574
748.751 1.01546 0.094359
748.751 1.07893 0.082764
748.751 1.1424 0.0708356
748.751 1.20586 0.0586222
748.751 1.26933 0.0461726
748.751 1.3328 0.033537
748.751 1.39626 0.0207666
748.751 1.45973 0.00791235
748.751 1.5232 -0.00497368
748.751 1.58666 -0.0178396
748.751 1.65013 -0.0306338
748.751 1.7136 -0.0433046
748.751 1.77706 -0.055801
748.751 1.84053 -0.0680727
748.751 1.904 -0.0800704
748.751 1.96746 -0.0917456
748.751 2.03093 -0.103051
748.751 2.0944 -0.113942
748.751 2.15786 -0.124374
748.751 2.22133 -0.134305
748.751 2.28479 -0.143696
748.751 2.34826 -0.152508
748.751 2.41173 -0.160705
748.751 2.47519 -0.168256
748.751 2.53866 -0.175129
748.751 2.60213 -0.181297
748.751 2.66559 -0.186735
748.751 2.72906 -0.191421
748.751 2.79253 -0.195336
748.751 2.85599 -0.198465
748.751 2.91946 -0.200794
748.751 2.98293 -0.202315
748.751 3.04639 -0.203022
748.751 3.10986 -0.202911
748.751 3.17333 -0.201982
748.751 3.23679 -0.200241
748.751 3.30026 -0.197693
748.751 3.36373 -0.194349
748.751 3.42719 -0.190223
748.751 3.49066 -0.18533
748.751 3.55413 -0.179692
748.751 3.61759 -0.173329
748.751 3.68106 -0.166269
748.751 3.74452 -0.158539
748.751 3.80799 -0.150172
748.751 3.87146 -0.141199
748.751 3.93492 -0.131657
748.751 3.99839 -0.121586
748.751 4.06186 -0.111025
748.751 4.12532 -0.100017
748.751 4.18879 -0.0886061
748.751 4.25226 -0.0768385
748.751 4.31572 -0.0647615
748.751 4.37919 -0.0524238
748.751 4.44266 -0.0398749
748.751 4.50612 -0.0271656
748.751 4.56959 -0.0143467
748.751 4.63306 -0.00147012
748.751 4.69652 0.0114123
748.751 4.75999 0.0242488
748.751 4.82346 0.0369877
748.751 4.88692 0.0495777
748.751 4.95039 0.0619681
748.751 5.01385 0.0741088
748.751 5.07732 0.0859513
748.751 5.14079 0.0974475
748.751 5.20425 0.108551
748.751 5.26772 0.119218
748.751 5.33119 0.129405
748.751 5.39465 0.139071
748.751 5.45812 0.148176
748.751 5.52159 0.156685
748.751 5.58505 0.164564
748.751 5.64852 0.171779
748.751 5.71199 0.178303
748.751 5.77545 0.184109
748.751 5.83892 0.189173
748.751 5.90239 0.193476
748.751 5.96585 0.197
748.751 6.02932 0.19973
748.751 6.09279 0.201656
748.751 6.15625 0.202771
748.751 6.21972 0.203068
748.751 6.28319 0.202548
749.752 0 0.0186989
749.752 0.0634665 0.0181069
749.752 0.126933 0.017442
749.752 0.1904 0.0167067
749.752 0.253866 0.0159045
749.752 0.317333 0.0150379
749.752 0.380799 0.0141109
749.752 0.444266 0.0131273
749.752 0.507732 0.0120905
749.752 0.571199 0.0110051
749.752 0.634665 0.00987545
749.752 0.698132 0.00870609
749.752 0.761598 0.00750133
749.752 0.825065 0.00626688
749.752 0.888531 0.00500686
749.752 0.951998 0.00372673
749.752 1.01546 0.00243172
749.752 1.07893 0.00112678
749.752 1.1424 -0.000182778
749.752 1.20586 -0.00149132
749.752 1.26933 -0.00279404
749.752 1.3328 -0.00408546
749.752 1.39626 -0.00536035
749.752 1.45973 -0.00661392
749.752 1.5232 -0.00784055
749.752 1.58666 -0.00903579
749.752 1.65013 -0.0101946
749.752 1.7136 -0.0113123
749.752 1.77706 -0.0123846
749.752 1.84053 -0.0134069
749.752 1.904 -0.0143752
749.752 1.96746 -0.0152858
749.752 2.03093 -0.0161347
749.752 2.0944 -0.0169186
749.752 2.15786 -0.0176344
749.752 2.22133 -0.0182793
749.752 2.28479 -0.0188505
749.752 2.34826 -0.0193458
749.752 2.41173 -0.0197632
749.752 2.47519 -0.0201011
749.752 2.53866 -0.0203579
749.752 2.60213 -0.0205329
749.752 2.66559 -0.0206251
749.752 2.72906 -0.0206343
749.752 2.79253 -0.0205603
749.752 2.85599 -0.0204037
749.752 2.91946 -0.0201649
749.752 2.98293 -0.019845
749.752 3.04639 -0.019445
749.752 3.10986 -0.0189668
749.752 3.17333 -0.0184121
749.752 3.23679 -0.0177834
749.752 3.30026 -0.017083
749.752 3.36373 -0.0163138
749.752 3.42719 -0.0154789
749.752 3.49066 -0.0145818
749.752 3.55413 -0.0136261
749.752 3.61759 -0.0126152
749.752 3.68106 -0.0115535
749.752 3.74452 -0.0104456
749.752 3.80799 -0.00929539
749.752 3.87146 -0.00810786
749.752 3.93492 -0.00688781
749.752 3.99839 -0.00563961
749.752 4.06186 -0.00436913
749.752 4.12532 -0.00308071
749.752 4.18879 -0.00178023
749.752 4.25226 -0.000472337
749.752 4.31572 0.000837464
749.752 4.37919 0.00214371
749.752 4.44266 0.00344137
749.752 4.50612 0.00472523
749.752 4.56959 0.00599018
749.752 4.63306 0.00723073
749.752 4.69652 0.00844244
749.752 4.75999 0.00962008
749.752 4.82346 0.0107589
749.752 4.88692 0.0118544
749.752 4.95039 0.0129023
749.752 5.01385 0.0138981
749.752 5.07732 0.0148379
749.752 5.14079 0.0157181
749.752 5.20425 0.016535
749.752 5.26772 0.0172853
749.752 5.33119 0.017966
749.752 5.39465 0.0185743
749.752 5.45812 0.0191078
749.752 5.52159 0.0195644
749.752 5.58505 0.0199422
749.752 5.64852 0.0202397
749.752 5.71199 0.0204557
749.752 5.77545 0.0205893
749.752 5.83892 0.0206401
749.752 5.90239 0.0206077
749.752 5.96585 0.0204924
749.752 6.02932 0.0202946
749.752 6.09279 0.020015
749.752 6.15625 0.0196549
749.752 6.21972 0.0192155
749.752 6.28319 0.0186988
750.753 0 -0.107421
750.753 0.0634665 -0.0992034
750.753 0.126933 -0.0905852
750.753 0.1904 -0.0816026
750.753 0.253866 -0.0722914
750.753 0.317333 -0.0626889
750.753 0.380799 -0.0528344
750.753 0.444266 -0.0427668
750.753 0.507732 -0.0325271
750.753 0.571199 -0.0221564
750.753 0.634665 -0.0116965
750.753 0.698132 -0.00118939
750.753 0.761598 0.00932221
750.753 0.825065 0.0197965
750.753 0.888531 0.0301911
750.753 0.951998 0.0404641
750.753 1.01546 0.050574
750.753 1.07893 0.0604805
750.753 1.1424 0.0701433
750.753 1.20586 0.0795238
750.753 1.26933 0.0885839
750.753 1.3328 0.0972875
750.753 1.39626 0.105599
750.753 1.45973 0.113486
750.753 1.5232 0.120915
750.753 1.58666 0.127858
750.753 1.65013 0.134286
750.753 1.7136 0.140173
750.753 1.77706 0.145496
750.753 1.84053 0.150233
750.753 1.904 0.154365
750.753 1.96746 0.157875
750.753 2.03093 0.16075
750.753 2.0944 0.162977
750.753 2.15786 0.164548
750.753 2.22133 0.165456
750.753 2.28479 0.165699
750.753 2.34826 0.165274
750.753 2.41173 0.164184
750.753 2.47519 0.162432
750.753 2.53866 0.160026
750.753 2.60213 0.156976
750.753 2.66559 0.153294
750.753 2.72906 0.148995
750.753 2.79253 0.144096
750.753 2.85599 0.138616
750.753 2.91946 0.132579
750.753 2.98293 0.126007
750.753 3.04639 0.118928
750.753 3.10986 0.111371
750.753 3.17333 0.103364
750.753 3.23679 0.0949422
750.753 3.30026 0.0861374
750.753 3.36373 0.0769857
750.753 3.42719 0.0675242
750.753 3.49066 0.0577908
750.753 3.55413 0.0478245
750.753 3.61759 0.0376658
750.753 3.68106 0.0273555
750.753 3.74452 0.0169349
750.753 3.80799 0.00644622
750.753 3.87146 -0.00406858
750.753 3.93492 -0.0145668
750.753 3.99839 -0.0250063
750.753 4.06186 -0.0353452
750.753 4.12532 -0.045542
750.753 4.18879 -0.0555553
750.753 4.25226 -0.0653447
750.753 4.31572 -0.0748713
750.753 4.37919 -0.0840962
750.753 4.44266 -0.0929825
750.753 4.50612 -0.101494
750.753 4.56959 -0.109598
750.753 4.63306 -0.11726
750.753 4.69652 -0.124449
750.753 4.75999 -0.131138
750.753 4.82346 -0.137299
750.753 4.88692 -0.142906
750.753 4.95039 -0.147939
750.753 5.01385 -0.152375
750.753 5.07732 -0.156198
750.753 5.14079 -0.159393
750.753 5.20425 -0.161945
750.753 5.26772 -0.163845
750.753 5.33119 -0.165085
750.753 5.39465 -0.165661
750.753 5.45812 -0.16557
750.753 5.52159 -0.164812
750.753 5.58505 -0.16339
750.753 5.64852 -0.161311
750.753 5.71199 -0.158581
750.753 5.77545 -0.155213
750.753 5.83892 -0.151221
750.753 5.90239 -0.146619
750.753 5.96585 -0.141427
750.753 6.02932 -0.135666
750.753 6.09279 -0.129358
750.753 6.15625 -0.122529
750.753 6.21972 -0.115208
750.753 6.28319 -0.107422
751.754 0 -0.17288
751.754 0.0634665 -0.167349
751.754 0.126933 -0.161144
751.754 0.1904 -0.154289
751.754 0.253866 -0.146814
751.754 0.317333 -0.138748
751.754 0.380799 -0.130122
751.754 0.444266 -0.120973
751.754 0.507732 -0.111337
751.754 0.571199 -0.101253
751.754 0.634665 -0.0907602
751.754 0.698132 -0.0799025
751.754 0.761598 -0.0687231
751.754 0.825065 -0.057267
751.754 0.888531 -0.0455801
751.754 0.951998 -0.0337098
751.754 1.01546 -0.0217037
751.754 1.07893 -0.00961023
751.754 1.1424 0.00252185
751.754 1.20586 0.0146438
751.754 1.26933 0.0267069
751.754 1.3328 0.0386624
751.754 1.39626 0.0504621
751.754 1.45973 0.0620588
751.754 1.5232 0.0734054
751.754 1.58666 0.0844567
751.754 1.65013 0.0951677
751.754 1.7136 0.105496
751.754 1.77706 0.115399
751.754 1.84053 0.124837
751.754 1.904 0.133773
751.754 1.96746 0.14217
751.754 2.03093 0.149995
751.754 2.0944 0.157215
751.754 2.15786 0.163803
751.754 2.22133 0.169731
751.754 2.28479 0.174975
751.754 2.34826 0.179515
751.754 2.41173 0.183333
751.754 2.47519 0.186411
751.754 2.53866 0.188739
751.754 2.60213 0.190308
751.754 2.66559 0.19111
751.754 2.72906 0.191143
751.754 2.79253 0.190405
751.754 2.85599 0.188902
751.754 2.91946 0.186637
751.754 2.98293 0.183621
751.754 3.04639 0.179865
751.754 3.10986 0.175386
751.754 3.17333 0.1702
751.754 3.23679 0.164329
751.754 3.30026 0.157796
751.754 3.36373 0.150628
751.754 3.42719 0.142853
751.754 3.49066 0.134503
751.754 3.55413 0.125611
751.754 3.61759 0.116214
751.754 3.68106 0.106348
751.754 3.74452 0.0960547
751.754 3.80799 0.0853744
751.754 3.87146 0.0743503
751.754 3.93492 0.0630269
751.754 3.99839 0.0514495
751.754 4.06186 0.0396649
751.754 4.12532 0.0277207
751.754 4.18879 0.0156649
751.754 4.25226 0.00354601
751.754 4.31572 -0.00858717
751.754 4.37919 -0.0206858
751.754 4.44266 -0.032701
751.754 4.50612 -0.0445847
751.754 4.56959 -0.0562888
751.754 4.63306 -0.0677662
751.754 4.69652 -0.0789708
751.754 4.75999 -0.0898573
751.754 4.82346 -0.100382
751.754 4.88692 -0.110503
751.754 4.95039 -0.120178
751.754 5.01385 -0.12937
751.754 5.07732 -0.138041
751.754 5.14079 -0.146156
751.754 5.20425 -0.153682
751.754 5.26772 -0.16059
751.754 5.33119 -0.166851
751.754 5.39465 -0.17244
751.754 5.45812 -0.177334
751.754 5.52159 -0.181515
751.754 5.58505 -0.184965
751.754 5.64852 -0.18767
751.754 5.71199 -0.189619
751.754 5.77545 -0.190805
751.754 5.83892 -0.191222
751.754 5.90239 -0.19087
751.754 5.96585 -0.189749
751.754 6.02932 -0.187864
751.754 6.09279 -0.185222
751.754 6.15625 -0.181835
751.754 6.21972 -0.177715
751.754 6.28319 -0.17288
752.755 0 -0.0298692
752.755 0.0634665 -0.0130503
752.755 0.126933 0.00382115
752.755 0.1904 0.0206773
752.755 0.253866 0.0374501
752.755 0.317333 0.0540721
752.755 0.380799 0.0704765
752.755 0.444266 0.0865969
752.755 0.507732 0.102369
752.755 0.571199 0.117728
752.755 0.634665 0.132614
752.755 0.698132 0.146965
752.755 0.761598 0.160725
752.755 0.825065 0.173838
752.755 0.888531 0.18625
752.755 0.951998 0.197913
752.755 1.01546 0.208779
752.755 1.07893 0.218804
752.755 1.1424 0.227948
752.755 1.20586 0.236174
752.755 1.26933 0.243449
752.755 1.3328 0.249744
752.755 1.39626 0.255033
752.755 1.45973 0.259296
752.755 1.5232 0.262514
752.755 1.58666 0.264675
752.755 1.65013 0.265771
752.755 1.7136 0.265796
752.755 1.77706 0.264751
752.755 1.84053 0.262639
752.755 1.904 0.259471
752.755 1.96746 0.255257
752.755 2.03093 0.250016
752.755 2.0944 0.243769
752.755 2.15786 0.236539
752.755 2.22133 0.228357
752.755 2.28479 0.219255
752.755 2.34826 0.209271
752.755 2.41173 0.198443
752.755 2.47519 0.186818
752.755 2.53866 0.174439
752.755 2.60213 0.161359
752.755 2.66559 0.147628
752.755 2.72906 0.133303
752.755 2.79253 0.118441
752.755 2.85599 0.103103
752.755 2.91946 0.087349
752.755 2.98293 0.0712435
752.755 3.04639 0.054851
752.755 3.10986 0.0382377
752.755 3.17333 0.0214705
752.755 3.23679 0.00461692
752.755 3.30026 -0.0122554
752.755 3.36373 -0.0290783
752.755 3.42719 -0.0457841
752.755 3.49066 -0.0623056
752.755 3.55413 -0.0785762
752.755 3.61759 -0.0945304
752.755 3.68106 -0.110104
752.755 3.74452 -0.125234
752.755 3.80799 -0.13986
752.755 3.87146 -0.153923
752.755 3.93492 -0.167366
752.755 3.99839 -0.180135
752.755 4.06186 -0.192179
752.755 4.12532 -0.203448
752.755 4.18879 -0.213899
752.755 4.25226 -0.223489
752.755 4.31572 -0.232178
752.755 4.37919 -0.239932
752.755 4.44266 -0.246721
752.755 4.50612 -0.252516
752.755 4.56959 -0.257294
752.755 4.63306 -0.261036
752.755 4.69652 -0.263727
752.755 4.75999 -0.265356
752.755 4.82346 -0.265917
752.755 4.88692 -0.265407
752.755 4.95039 -0.263828
752.755 5.01385 -0.261187
752.755 5.07732 -0.257494
752.755 5.14079 -0.252764
752.755 5.20425 -0.247017
752.755 5.26772 -0.240275
752.755 5.33119 -0.232565
752.755 5.39465 -0.223919
752.755 5.45812 -0.214371
752.755 5.52159 -0.20396
752.755 5.58505 -0.192728
752.755 5.64852 -0.180719
752.755 5.71199 -0.167983
752.755 5.77545 -0.154571
752.755 5.83892 -0.140536
752.755 5.90239 -0.125936
752.755 5.96585 -0.110828
752.755 6.02932 -0.0952738
752.755 6.09279 -0.0793361
752.755 6.15625 -0.0630791
752.755 6.21972 -0.0465679
752.755 6.28319 -0.0298692
753.756 0 0.245765
753.756 0.0634665 0.252664
753.756 0.126933 0.258546
753.756 0.1904 0.263386
753.756 0.253866 0.267167
753.756 0.317333 0.269871
753.756 0.380799 0.271489
753.756 0.444266 0.272013
753.756 0.507732 0.271442
753.756 0.571199 0.269778
753.756 0.634665 0.267028
753.756 0.698132 0.263203
753.756 0.761598 0.258318
753.756 0.825065 0.252392
753.756 0.888531 0.245451
753.756 0.951998 0.237521
753.756 1.01546 0.228634
753.756 1.07893 0.218827
753.756 1.1424 0.208139
753.756 1.20586 0.196613
753.756 1.26933 0.184295
753.756 1.3328 0.171235
753.756 1.39626 0.157485
753.756 1.45973 0.143102
753.756 1.5232 0.128142
753.756 1.58666 0.112666
753.756 1.65013 0.0967363
753.756 1.7136 0.0804172
753.756 1.77706 0.0637744
753.756 1.84053 0.0468745
753.756 1.904 0.0297861
753.756 1.96746 0.0125778
753.756 2.03093 -0.00468127
753.756 2.0944 -0.0219213
753.756 2.15786 -0.0390732
753.756 2.22133 -0.0560678
753.756 2.28479 -0.0728365
753.756 2.34826 -0.089312
753.756 2.41173 -0.105428
753.756 2.47519 -0.121119
753.756 2.53866 -0.136323
753.756 2.60213 -0.150978
753.756 2.66559 -0.165025
753.756 2.72906 -0.178407
753.756 2.79253 -0.191071
753.756 2.85599 -0.202965
753.756 2.91946 -0.214042
753.756 2.98293 -0.224258
753.756 3.04639 -0.23357
753.756 3.10986 -0.241942
753.756 3.17333 -0.24934
753.756 3.23679 -0.255734
753.756 3.30026 -0.261097
753.756 3.36373 -0.26541
753.756 3.42719 -0.268654
753.756 3.49066 -0.270816
753.756 3.55413 -0.271888
753.756 3.61759 -0.271864
753.756 3.68106 -0.270746
753.756 3.74452 -0.268539
753.756 3.80799 -0.265249
753.756 3.87146 -0.260892
753.756 3.93492 -0.255484
753.756 3.99839 -0.249047
753.756 4.06186 -0.241607
753.756 4.12532 -0.233195
753.756 4.18879 -0.223843
753.756 4.25226 -0.213591
753.756 4.31572 -0.202478
753.756 4.37919 -0.19055
753.756 4.44266 -0.177854
753.756 4.50612 -0.164443
753.756 4.56959 -0.150369
753.756 4.63306 -0.13569
753.756 4.69652 -0.120465
753.756 4.75999 -0.104754
753.756 4.82346 -0.0886213
753.756 4.88692 -0.072132
753.756 4.95039 -0.0553524
753.756 5.01385 -0.0383497
753.756 5.07732 -0.0211926
753.756 5.14079 -0.00395031
753.756 5.20425 0.013308
753.756 5.26772 0.0305126
753.756 5.33119 0.0475945
753.756 5.39465 0.0644847
753.756 5.45812 0.0811151
753.756 5.52159 0.097419
753.756 5.58505 0.113331
753.756 5.64852 0.128786
753.756 5.71199 0.143723
753.756 5.77545 0.158081
753.756 5.83892 0.171802
753.756 5.90239 0.184832
753.756 5.96585 0.197117
753.756 6.02932 0.208609
753.756 6.09279 0.219261
753.756 6.15625 0.22903
753.756 6.21972 0.237876
753.756 6.28319 0.245765
754.757 0 0.0354511
754.757 0.0634665 0.0456991
754.757 0.126933 0.0557631
754.757 0.1904 0.0656027
754.757 0.253866 0.075178
754.757 0.317333 0.0844507
754.757 0.380799 0.0933833
754.757 0.444266 0.10194
754.757 0.507732 0.110086
754.757 0.571199 0.117789
754.757 0.634665 0.125017
754.757 0.698132 0.131742
754.757 0.761598 0.137937
754.757 0.825065 0.143576
754.757 0.888531 0.148637
754.757 0.951998 0.1531
754.757 1.01546 0.156946
754.757 1.07893 0.16016
754.757 1.1424 0.162729
754.757 1.20586 0.164643
754.757 1.26933 0.165894
754.757 1.3328 0.166477
754.757 1.39626 0.16639
754.757 1.45973 0.165633
754.757 1.5232 0.164208
754.757 1.58666 0.162123
754.757 1.65013 0.159384
754.757 1.7136 0.156004
754.757 1.77706 0.151996
754.757 1.84053 0.147376
754.757 1.904 0.142162
754.757 1.96746 0.136376
754.757 2.03093 0.130041
754.757 2.0944 0.123182
754.757 2.15786 0.115827
754.757 2.22133 0.108006
754.757 2.28479 0.0997492
754.757 2.34826 0.0910913
754.757 2.41173 0.0820667
754.757 2.47519 0.0727116
754.757 2.53866 0.0630636
754.757 2.60213 0.0531618
754.757 2.66559 0.0430459
754.757 2.72906 0.0327568
754.757 2.79253 0.0223356
754.757 2.85599 0.0118245
754.757 2.91946 0.00126572
754.757 2.98293 -0.009298
754.757 3.04639 -0.0198244
754.757 3.10986 -0.0302709
754.757 3.17333 -0.0405955
754.757 3.23679 -0.0507567
754.757 3.30026 -0.0607134
754.757 3.36373 -0.0704257
754.757 3.42719 -0.0798545
754.757 3.49066 -0.0889617
754.757 3.55413 -0.0977108
754.757 3.61759 -0.106066
754.757 3.68106 -0.113995
754.757 3.74452 -0.121464
754.757 3.80799 -0.128444
754.757 3.87146 -0.134907
754.757 3.93492 -0.140828
754.757 3.99839 -0.14618
754.757 4.06186 -0.150945
754.757 4.12532 -0.155101
754.757 4.18879 -0.158633
754.757 4.25226 -0.161526
754.757 4.31572 -0.163769
754.757 4.37919 -0.165352
754.757 4.44266 -0.166269
754.757 4.50612 -0.166517
754.757 4.56959 -0.166095
754.757 4.63306 -0.165004
754.757 4.69652 -0.163248
754.757 4.75999 -0.160835
754.757 4.82346 -0.157774
754.757 4.88692 -0.154078
754.757 4.95039 -0.149761
754.757 5.01385 -0.144842
754.757 5.07732 -0.139339
754.757 5.14079 -0.133275
754.757 5.20425 -0.126675
754.757 5.26772 -0.119565
754.757 5.33119 -0.111973
754.757 5.39465 -0.10393
754.757 5.45812 -0.0954685
754.757 5.52159 -0.0866226
754.757 5.58505 -0.0774282
754.757 5.64852 -0.0679218
754.757 5.71199 -0.058142
754.757 5.77545 -0.0481281
754.757 5.83892 -0.0379204
754.757 5.90239 -0.02756
754.757 5.96585 -0.0170886
754.757 6.02932 -0.00654844
754.757 6.09279 0.00401819
754.757 6.15625 0.0145684
754.757 6.21972 0.0250602
754.757 6.28319 0.035451
755.758 0 -0.248994
755.758 0.0634665 -0.256241
755.758 0.126933 -0.262454
755.758 0.1904 -0.267612
755.758 0.253866 -0.271691
755.758 0.317333 -0.274676
755.758 0.380799 -0.276556
755.758 0.444266 -0.277321
755.758 0.507732 -0.276971
755.758 0.571199 -0.275505
755.758 0.634665 -0.272929
755.758 0.698132 -0.269255
755.758 0.761598 -0.264496
755.758 0.825065 -0.258673
755.758 0.888531 -0.251807
755.758 0.951998 -0.243928
755.758 1.01546 -0.235067
755.758 1.07893 -0.225259
755.758 1.1424 -0.214544
755.758 1.20586 -0.202965
755.758 1.26933 -0.190569
755.758 1.3328 -0.177406
755.758 1.39626 -0.163528
755.758 1.45973 -0.148991
755.758 1.5232 -0.133855
755.758 1.58666 -0.11818
755.758 1.65013 -0.102029
755.758 1.7136 -0.085467
755.758 1.77706 -0.0685609
755.758 1.84053 -0.0513787
755.758 1.904 -0.0339897
755.758 1.96746 -0.0164639
755.758 2.03093 0.00112824
755.758 2.0944 0.0187159
755.758 2.15786 0.0362282
755.758 2.22133 0.0535945
755.758 2.28479 0.0707452
755.758 2.34826 0.0876109
755.758 2.41173 0.104124
755.758 2.47519 0.120217
755.758 2.53866 0.135827
755.758 2.60213 0.15089
755.758 2.66559 0.165345
755.758 2.72906 0.179134
755.758 2.79253 0.192202
755.758 2.85599 0.204496
755.758 2.91946 0.215967
755.758 2.98293 0.226568
755.758 3.04639 0.236256
755.758 3.10986 0.244994
755.758 3.17333 0.252745
755.758 3.23679 0.259478
755.758 3.30026 0.265166
755.758 3.36373 0.269787
755.758 3.42719 0.273321
755.758 3.49066 0.275754
755.758 3.55413 0.277078
755.758 3.61759 0.277286
755.758 3.68106 0.276377
755.758 3.74452 0.274355
755.758 3.80799 0.271229
755.758 3.87146 0.26701
755.758 3.93492 0.261716
755.758 3.99839 0.255369
755.758 4.06186 0.247993
755.758 4.12532 0.239618
755.758 4.18879 0.230279
755.758 4.25226 0.220012
755.758 4.31572 0.20886
755.758 4.37919 0.196866
755.758 4.44266 0.18408
755.758 4.50612 0.170553
755.758 4.56959 0.156338
755.758 4.63306 0.141495
755.758 4.69652 0.126081
755.758 4.75999 0.11016
755.758 4.82346 0.0937952
755.758 4.88692 0.0770527
755.758 4.95039 0.0600001
755.758 5.01385 0.0427057
755.758 5.07732 0.0252396
755.758 5.14079 0.00767166
755.758 5.20425 -0.00992709
755.758 5.26772 -0.0274859
755.758 5.33119 -0.0449341
755.758 5.39465 -0.0622012
755.758 5.45812 -0.0792178
755.758 5.52159 -0.0959155
755.758 5.58505 -0.112227
755.758 5.64852 -0.128087
755.758 5.71199 -0.14343
755.758 5.77545 -0.158197
755.758 5.83892 -0.172326
755.758 5.90239 -0.185762
755.758 5.96585 -0.198449
755.758 6.02932 -0.210337
755.758 6.09279 -0.221379
755.758 6.15625 -0.231529
755.758 6.21972 -0.240746
755.758 6.28319 -0.248995
756.759 0 0.185515
756.759 0.0634665 0.20219
756.759 0.126933 0.218051
756.759 0.1904 0.233034
756.759 0.253866 0.247079
756.759 0.317333 0.260129
756.759 0.380799 0.272131
756.759 0.444266 0.283038
756.759 0.507732 0.292805
756.759 0.571199 0.301393
756.759 0.634665 0.308767
756.759 0.698132 0.314898
756.759 0.761598 0.319761
756.759 0.825065 0.323337
756.759 0.888531 0.32561
756.759 0.951998 0.326573
756.759 1.01546 0.32622
756.759 1.07893 0.324554
756.759 1.1424 0.321581
756.759 1.20586 0.317313
756.759 1.26933 0.311768
756.759 1.3328 0.304967
756.759 1.39626 0.296937
756.759 1.45973 0.287713
756.759 1.5232 0.27733
756.759 1.58666 0.265829
756.759 1.65013 0.253259
756.759 1.7136 0.239669
756.759 1.77706 0.225114
756.759 1.84053 0.209653
756.759 1.904 0.193347
756.759 1.96746 0.176263
756.759 2.03093 0.158469
756.759 2.0944 0.140036
756.759 2.15786 0.12104
756.759 2.22133 0.101557
756.759 2.28479 0.0816646
756.759 2.34826 0.0614433
756.759 2.41173 0.0409747
756.759 2.47519 0.020341
756.759 2.53866 -0.000374447
756.759 2.60213 -0.0210885
756.759 2.66559 -0.0417176
756.759 2.72906 -0.0621786
756.759 2.79253 -0.0823893
756.759 2.85599 -0.102268
756.759 2.91946 -0.121735
756.759 2.98293 -0.140712
756.759 3.04639 -0.159123
756.759 3.10986 -0.176893
756.759 3.17333 -0.19395
756.759 3.23679 -0.210226
756.759 3.30026 -0.225656
756.759 3.36373 -0.240178
756.759 3.42719 -0.253732
756.759 3.49066 -0.266264
756.759 3.55413 -0.277725
756.759 3.61759 -0.288066
756.759 3.68106 -0.297249
756.759 3.74452 -0.305234
756.759 3.80799 -0.31199
756.759 3.87146 -0.31749
756.759 3.93492 -0.321711
756.759 3.99839 -0.324637
756.759 4.06186 -0.326256
756.759 4.12532 -0.326561
756.759 4.18879 -0.325551
756.759 4.25226 -0.32323
756.759 4.31572 -0.319608
756.759 4.37919 -0.314699
756.759 4.44266 -0.308522
756.759 4.50612 -0.301103
756.759 4.56959 -0.292472
756.759 4.63306 -0.282664
756.759 4.69652 -0.271716
756.759 4.75999 -0.259675
756.759 4.82346 -0.246588
756.759 4.88692 -0.232509
756.759 4.95039 -0.217493
756.759 5.01385 -0.201601
756.759 5.07732 -0.184898
756.759 5.14079 -0.16745
756.759 5.20425 -0.149327
756.759 5.26772 -0.130604
756.759 5.33119 -0.111355
756.759 5.39465 -0.0916566
756.759 5.45812 -0.0715899
756.759 5.52159 -0.0512348
756.759 5.58505 -0.0306733
756.759 5.64852 -0.00998848
756.759 5.71199 0.0107369
756.759 5.77545 0.0314188
756.759 5.83892 0.0519742
756.759 5.90239 0.0723204
756.759 5.96585 0.0923754
756.759 6.02932 0.112058
756.759 6.09279 0.13129
756.759 6.15625 0.149993
756.759 6.21972 0.168092
756.759 6.28319 0.185515
757.76 0 0.199456
757.76 0.0634665 0.199171
757.76 0.126933 0.198084
757.76 0.1904 0.196199
757.76 0.253866 0.193524
757.76 0.317333 0.19007
757.76 0.380799 0.185851
757.76 0.444266 0.180883
757.76 0.507732 0.175187
757.76 0.571199 0.168785
757.76 0.634665 0.161704
757.76 0.698132 0.153972
757.76 0.761598 0.14562
757.76 0.825065 0.136681
757.76 0.888531 0.127192
757.76 0.951998 0.117191
757.76 1.01546 0.106718
757.76 1.07893 0.0958151
757.76 1.1424 0.0845265
757.76 1.20586 0.0728976
757.76 1.26933 0.0609752
757.76 1.3328 0.0488072
757.76 1.39626 0.0364427
757.76 1.45973 0.0239314
757.76 1.5232 0.0113238
757.76 1.58666 -0.0013295
757.76 1.65013 -0.0139773
757.76 1.7136 -0.026569
757.76 1.77706 -0.0390535
757.76 1.84053 -0.051381
757.76 1.904 -0.0635013
757.76 1.96746 -0.0753661
757.76 2.03093 -0.0869274
757.76 2.0944 -0.0981387
757.76 2.15786 -0.108955
757.76 2.22133 -0.119332
757.76 2.28479 -0.129229
757.76 2.34826 -0.138605
757.76 2.41173 -0.147424
757.76 2.47519 -0.155649
757.76 2.53866 -0.163247
757.76 2.60213 -0.170187
757.76 2.66559 -0.176443
757.76 2.72906 -0.181987
757.76 2.79253 -0.1868
757.76 2.85599 -0.19086
757.76 2.91946 -0.194151
757.76 2.98293 -0.196661
757.76 3.04639 -0.198379
757.76 3.10986 -0.199298
757.76 3.17333 -0.199414
757.76 3.23679 -0.198727
757.76 3.30026 -0.197241
757.76 3.36373 -0.19496
757.76 3.42719 -0.191894
757.76 3.49066 -0.188055
757.76 3.55413 -0.183459
757.76 3.61759 -0.178125
757.76 3.68106 -0.172073
757.76 3.74452 -0.165328
757.76 3.80799 -0.157918
757.76 3.87146 -0.149871
757.76 3.93492 -0.141221
757.76 3.99839 -0.132003
757.76 4.06186 -0.122253
757.76 4.12532 -0.112011
757.76 4.18879 -0.101318
757.76 4.25226 -0.0902162
757.76 4.31572 -0.0787518
757.76 4.37919 -0.06697
757.76 4.44266 -0.0549189
757.76 4.50612 -0.0426464
757.76 4.56959 -0.0302022
757.76 4.63306 -0.0176365
757.76 4.69652 -0.00499974
757.76 4.75999 0.00765728
757.76 4.82346 0.0202833
757.76 4.88692 0.0328278
757.76 4.95039 0.04524
757.76 5.01385 0.0574702
757.76 5.07732 0.0694687
757.76 5.14079 0.0811876
757.76 5.20425 0.0925796
757.76 5.26772 0.103599
757.76 5.33119 0.114201
757.76 5.39465 0.124343
757.76 5.45812 0.133985
757.76 5.52159 0.143087
757.76 5.58505 0.151612
757.76 5.64852 0.159528
757.76 5.71199 0.166801
757.76 5.77545 0.173402
757.76 5.83892 0.179305
757.76 5.90239 0.184487
757.76 5.96585 0.188925
757.76 6.02932 0.192602
757.76 6.09279 0.195504
757.76 6.15625 0.197619
757.76 6.21972 0.198938
757.76 6.28319 0.199456
758.761 0 -0.0468082
758.761 0.0634665 -0.0436818
758.761 0.126933 -0.0403793
758.761 0.1904 -0.0369143
758.761 0.253866 -0.0333005
758.761 0.317333 -0.0295528
758.761 0.380799 -0.025686
758.761 0.444266 -0.0217159
758.761 0.507732 -0.0176582
758.761 0.571199 -0.0135295
758.761 0.634665 -0.00934623
758.761 0.698132 -0.00512554
758.761 0.761598 -0.000883894
758.761 0.825065 0.00336103
758.761 0.888531 0.0075926
758.761 0.951998 0.0117936
758.761 1.01546 0.015947
758.761 1.07893 0.0200362
758.761 1.1424 0.0240448
758.761 1.20586 0.0279565
758.761 1.26933 0.0317557
758.761 1.3328 0.035427
758.761 1.39626 0.0389557
758.761 1.45973 0.0423275
758.761 1.5232 0.0455287
758.761 1.58666 0.0485468
758.761 1.65013 0.0513693
758.761 1.7136 0.0539851
758.761 1.77706 0.0563833
758.761 1.84053 0.0585546
758.761 1.904 0.0604901
758.761 1.96746 0.0621821
758.761 2.03093 0.0636236
758.761 2.0944 0.0648089
758.761 2.15786 0.0657333
758.761 2.22133 0.0663931
758.761 2.28479 0.0667854
758.761 2.34826 0.0669088
758.761 2.41173 0.0667629
758.761 2.47519 0.0663481
758.761 2.53866 0.065666
758.761 2.60213 0.0647197
758.761 2.66559 0.0635127
758.761 2.72906 0.06205
758.761 2.79253 0.0603375
758.761 2.85599 0.0583819
758.761 2.91946 0.0561913
758.761 2.98293 0.0537744
758.761 3.04639 0.051141
758.761 3.10986 0.0483016
758.761 3.17333 0.0452678
758.761 3.23679 0.0420516
758.761 3.30026 0.0386662
758.761 3.36373 0.0351251
758.761 3.42719 0.0314426
758.761 3.49066 0.0276333
758.761 3.55413 0.0237129
758.761 3.61759 0.0196969
758.761 3.68106 0.0156017
758.761 3.74452 0.0114436
758.761 3.80799 0.00723953
758.761 3.87146 0.00300631
758.761 3.93492 -0.00123917
758.761 3.99839 -0.0054796
758.761 4.06186 -0.00969801
758.761 4.12532 -0.0138773
758.761 4.18879 -0.0180007
758.761 4.25226 -0.0220516
758.761 4.31572 -0.0260137
758.761 4.37919 -0.0298712
758.761 4.44266 -0.0336082
758.761 4.50612 -0.0372101
758.761 4.56959 -0.040662
758.761 4.63306 -0.0439503
758.761 4.69652 -0.0470615
758.761 4.75999 -0.0499831
758.761 4.82346 -0.0527037
758.761 4.88692 -0.0552119
758.761 4.95039 -0.0574979
758.761 5.01385 -0.0595523
758.761 5.07732 -0.0613669
758.761 5.14079 -0.0629345
758.761 5.20425 -0.0642486
758.761 5.26772 -0.065304
758.761 5.33119 -0.0660965
758.761 5.39465 -0.0666229
758.761 5.45812 -0.0668808
758.761 5.52159 -0.0668694
758.761 5.58505 -0.0665889
758.761 5.64852 -0.0660403
758.761 5.71199 -0.0652257
758.761 5.77545 -0.0641485
758.761 5.83892 -0.062813
758.761 5.90239 -0.0612245
758.761 5.96585 -0.0593896
758.761 6.02932 -0.0573155
758.761 6.09279 -0.0550105
758.761 6.15625 -0.0524841
758.761 6.21972 -0.0497464
758.761 6.28319 -0.0468083
759.762 0 0.0161792
759.762 0.0634665 0.0206799
759.762 0.126933 0.0250971
759.762 0.1904 0.0294134
759.762 0.253866 0.0336112
759.762 0.317333 0.0376737
759.762 0.380799 0.0415844
759.762 0.444266 0.0453278
759.762 0.507732 0.0488885
759.762 0.571199 0.0522525
759.762 0.634665 0.0554061
759.762 0.698132 0.0583365
759.762 0.761598 0.0610321
759.762 0.825065 0.0634818
759.762 0.888531 0.065676
759.762 0.951998 0.0676057
759.762 1.01546 0.0692633
759.762 1.07893 0.0706418
759.762 1.1424 0.071736
759.762 1.20586 0.0725413
759.762 1.26933 0.0730545
759.762 1.3328 0.0732734
759.762 1.39626 0.0731975
759.762 1.45973 0.0728267
759.762 1.5232 0.0721627
759.762 1.58666 0.0712081
759.762 1.65013 0.0699667
759.762 1.7136 0.0684438
759.762 1.77706 0.066645
759.762 1.84053 0.0645781
759.762 1.904 0.062251
759.762 1.96746 0.0596734
759.762 2.03093 0.0568554
759.762 2.0944 0.0538085
759.762 2.15786 0.0505449
759.762 2.22133 0.0470778
759.762 2.28479 0.0434211
759.762 2.34826 0.0395897
759.762 2.41173 0.0355987
759.762 2.47519 0.0314644
759.762 2.53866 0.0272035
759.762 2.60213 0.0228329
759.762 2.66559 0.0183705
759.762 2.72906 0.0138341
759.762 2.79253 0.00924192
759.762 2.85599 0.00461258
759.762 2.91946 -3.53054e-05
759.762 2.98293 -0.00468303
759.762 3.04639 -0.009312
759.762 3.10986 -0.0139034
759.762 3.17333 -0.018439
759.762 3.23679 -0.0229001
759.762 3.30026 -0.027269
759.762 3.36373 -0.0315282
759.762 3.42719 -0.0356604
759.762 3.49066 -0.0396491
759.762 3.55413 -0.043478
759.762 3.61759 -0.0471319
759.762 3.68106 -0.050596
759.762 3.74452 -0.0538564
759.762 3.80799 -0.0568999
759.762 3.87146 -0.0597144
759.762 3.93492 -0.0622883
759.762 3.99839 -0.0646115
759.762 4.06186 -0.0666745
759.762 4.12532 -0.0684689
759.762 4.18879 -0.0699878
759.762 4.25226 -0.0712247
759.762 4.31572 -0.072175
759.762 4.37919 -0.0728345
759.762 4.44266 -0.0732009
759.762 4.50612 -0.0732724
759.762 4.56959 -0.0730489
759.762 4.63306 -0.0725312
759.762 4.69652 -0.0717215
759.762 4.75999 -0.070623
759.762 4.82346 -0.0692401
759.762 4.88692 -0.0675785
759.762 4.95039 -0.0656447
759.762 5.01385 -0.0634465
759.762 5.07732 -0.060993
759.762 5.14079 -0.0582938
759.762 5.20425 -0.0553597
759.762 5.26772 -0.0522029
759.762 5.33119 -0.048836
759.762 5.39465 -0.0452722
759.762 5.45812 -0.0415262
759.762 5.52159 -0.0376131
759.762 5.58505 -0.0335484
759.762 5.64852 -0.0293487
759.762 5.71199 -0.0250308
759.762 5.77545 -0.0206121
759.762 5.83892 -0.0161103
759.762 5.90239 -0.0115438
759.762 5.96585 -0.00693066
759.762 6.02932 -0.00228981
759.762 6.09279 0.00236029
759.762 6.15625 0.00700105
759.762 6.21972 0.0116136
759.762 6.28319 0.0161792
760.763 0 -0.115821
760.763 0.0634665 -0.0992207
760.763 0.126933 -0.0822203
760.763 0.1904 -0.064889
760.763 0.253866 -0.0472964
760.763 0.317333 -0.0295132
760.763 0.380799 -0.0116113
760.763 0.444266 0.00633737
760.763 0.507732 0.0242606
760.763 0.571199 0.0420861
760.763 0.634665 0.0597421
760.763 0.698132 0.0771576
760.763 0.761598 0.0942623
760.763 0.825065 0.110987
760.763 0.888531 0.127266
760.763 0.951998 0.143032
760.763 1.01546 0.158222
760.763 1.07893 0.172775
760.763 1.1424 0.186631
760.763 1.20586 0.199737
760.763 1.26933 0.212039
760.763 1.3328 0.223486
760.763 1.39626 0.234034
760.763 1.45973 0.243639
760.763 1.5232 0.252263
760.763 1.58666 0.259872
760.763 1.65013 0.266434
760.763 1.7136 0.271923
760.763 1.77706 0.276317
760.763 1.84053 0.279599
760.763 1.904 0.281754
760.763 1.96746 0.282776
760.763 2.03093 0.282659
760.763 2.0944 0.281403
760.763 2.15786 0.279014
760.763 2.22133 0.275502
760.763 2.28479 0.270881
760.763 2.34826 0.265169
760.763 2.41173 0.258389
760.763 2.47519 0.250568
760.763 2.53866 0.241739
760.763 2.60213 0.231936
760.763 2.66559 0.221199
760.763 2.72906 0.209572
760.763 2.79253 0.197101
760.763 2.85599 0.183835
760.763 2.91946 0.169831
760.763 2.98293 0.155142
760.763 3.04639 0.139828
760.763 3.10986 0.123951
760.763 3.17333 0.107575
760.763 3.23679 0.0907662
760.763 3.30026 0.0735918
760.763 3.36373 0.056121
760.763 3.42719 0.0384242
760.763 3.49066 0.0205726
760.763 3.55413 0.00263834
760.763 3.61759 -0.0153067
760.763 3.68106 -0.03319
760.763 3.74452 -0.0509397
760.763 3.80799 -0.0684843
760.763 3.87146 -0.085753
760.763 3.93492 -0.102677
760.763 3.99839 -0.119187
760.763 4.06186 -0.135217
760.763 4.12532 -0.150703
760.763 4.18879 -0.165581
760.763 4.25226 -0.179793
760.763 4.31572 -0.193282
760.763 4.37919 -0.205991
760.763 4.44266 -0.217872
760.763 4.50612 -0.228875
760.763 4.56959 -0.238957
760.763 4.63306 -0.248076
760.763 4.69652 -0.256196
760.763 4.75999 -0.263285
760.763 4.82346 -0.269314
760.763 4.88692 -0.274258
760.763 4.95039 -0.278098
760.763 5.01385 -0.280818
760.763 5.07732 -0.282408
760.763 5.14079 -0.28286
760.763 5.20425 -0.282173
760.763 5.26772 -0.28035
760.763 5.33119 -0.277398
760.763 5.39465 -0.273329
760.763 5.45812 -0.26816
760.763 5.52159 -0.26191
760.763 5.58505 -0.254606
760.763 5.64852 -0.246277
760.763 5.71199 -0.236957
760.763 5.77545 -0.226682
760.763 5.83892 -0.215494
760.763 5.90239 -0.203439
760.763 5.96585 -0.190564
760.763 6.02932 -0.176922
760.763 6.09279 -0.162568
760.763 6.15625 -0.147559
760.763 6.21972 -0.131956
760.763 6.28319 -0.115821
761.764 0 0.131467
761.764 0.0634665 0.133663
761.764 0.126933 0.135321
761.764 0.1904 0.136434
761.764 0.253866 0.136998
761.764 0.317333 0.13701
761.764 0.380799 0.136471
761.764 0.444266 0.135381
761.764 0.507732 0.133747
761.764 0.571199 0.131575
761.764 0.634665 0.128872
761.764 0.698132 0.12565
761.764 0.761598 0.121923
761.764 0.825065 0.117705
761.764 0.888531 0.113012
761.764 0.951998 0.107865
761.764 1.01546 0.102283
761.764 1.07893 0.0962895
761.764 1.1424 0.0899083
761.764 1.20586 0.083165
761.764 1.26933 0.0760866
761.764 1.3328 0.0687022
761.764 1.39626 0.0610411
761.764 1.45973 0.0531337
761.764 1.5232 0.0450128
761.764 1.58666 0.0367106
761.764 1.65013 0.0282606
761.764 1.7136 0.0196968
761.764 1.77706 0.0110537
761.764 1.84053 0.00236596
761.764 1.904 -0.00633123
761.764 1.96746 -0.0150028
761.764 2.03093 -0.0236142
761.764 2.0944 -0.0321303
761.764 2.15786 -0.0405172
761.764 2.22133 -0.0487409
761.764 2.28479 -0.0567683
761.764 2.34826 -0.0645671
761.764 2.41173 -0.0721059
761.764 2.47519 -0.0793545
761.764 2.53866 -0.0862834
761.764 2.60213 -0.0928649
761.764 2.66559 -0.0990726
761.764 2.72906 -0.104881
761.764 2.79253 -0.110267
761.764 2.85599 -0.11521
761.764 2.91946 -0.119688
761.764 2.98293 -0.123685
761.764 3.04639 -0.127183
761.764 3.10986 -0.130169
761.764 3.17333 -0.132632
761.764 3.23679 -0.13456
761.764 3.30026 -0.135946
761.764 3.36373 -0.136785
761.764 3.42719 -0.137073
761.764 3.49066 -0.136809
761.764 3.55413 -0.135995
761.764 3.61759 -0.134632
761.764 3.68106 -0.132728
761.764 3.74452 -0.130289
761.764 3.80799 -0.127325
761.764 3.87146 -0.123849
761.764 3.93492 -0.119874
761.764 3.99839 -0.115417
761.764 4.06186 -0.110494
761.764 4.12532 -0.105127
761.764 4.18879 -0.0993364
761.764 4.25226 -0.0931458
761.764 4.31572 -0.08658
761.764 4.37919 -0.0796658
761.764 4.44266 -0.0724309
761.764 4.50612 -0.0649043
761.764 4.56959 -0.0571161
761.764 4.63306 -0.0490981
761.764 4.69652 -0.0408824
761.764 4.75999 -0.0325021
761.764 4.82346 -0.0239907
761.764 4.88692 -0.0153828
761.764 4.95039 -0.00671313
761.764 5.01385 0.00198363
761.764 5.07732 0.0106724
761.764 5.14079 0.0193184
761.764 5.20425 0.0278864
761.764 5.26772 0.0363421
761.764 5.33119 0.0446516
761.764 5.39465 0.0527812
761.764 5.45812 0.0606982
761.764 5.52159 0.0683709
761.764 5.58505 0.0757683
761.764 5.64852 0.0828606
761.764 5.71199 0.0896192
761.764 5.77545 0.0960169
761.764 5.83892 0.102028
761.764 5.90239 0.107629
761.764 5.96585 0.112795
761.764 6.02932 0.117508
761.764 6.09279 0.121748
761.764 6.15625 0.125497
761.764 6.21972 0.128741
761.764 6.28319 0.131467
762.765 0 0.10492
762.765 0.0634665 0.118346
762.765 0.126933 0.131296
762.765 0.1904 0.143717
762.765 0.253866 0.155559
762.765 0.317333 0.166775
762.765 0.380799 0.17732
762.765 0.444266 0.18715
762.765 0.507732 0.196227
762.765 0.571199 0.204514
762.765 0.634665 0.211977
762.765 0.698132 0.218587
762.765 0.761598 0.224316
762.765 0.825065 0.229142
762.765 0.888531 0.233046
762.765 0.951998 0.236011
762.765 1.01546 0.238026
762.765 1.07893 0.239082
762.765 1.1424 0.239176
762.765 1.20586 0.238306
762.765 1.26933 0.236477
762.765 1.3328 0.233696
762.765 1.39626 0.229974
762.765 1.45973 0.225326
762.765 1.5232 0.21977
762.765 1.58666 0.21333
762.765 1.65013 0.20603
762.765 1.7136 0.197901
762.765 1.77706 0.188975
762.765 1.84053 0.179288
762.765 1.904 0.168879
762.765 1.96746 0.157791
762.765 2.03093 0.146066
762.765 2.0944 0.133754
762.765 2.15786 0.120903
762.765 2.22133 0.107565
762.765 2.28479 0.0937943
762.765 2.34826 0.0796458
762.765 2.41173 0.0651766
762.765 2.47519 0.0504447
762.765 2.53866 0.0355098
762.765 2.60213 0.020432
762.765 2.66559 0.00527181
762.765 2.72906 -0.0099094
762.765 2.79253 -0.0250509
762.765 2.85599 -0.0400915
762.765 2.91946 -0.0549707
762.765 2.98293 -0.0696284
762.765 3.04639 -0.0840059
762.765 3.10986 -0.0980451
762.765 3.17333 -0.111689
762.765 3.23679 -0.124884
762.765 3.30026 -0.137576
762.765 3.36373 -0.149714
762.765 3.42719 -0.161249
762.765 3.49066 -0.172134
762.765 3.55413 -0.182327
762.765 3.61759 -0.191785
762.765 3.68106 -0.200471
762.765 3.74452 -0.20835
762.765 3.80799 -0.21539
762.765 3.87146 -0.221563
762.765 3.93492 -0.226843
762.765 3.99839 -0.23121
762.765 4.06186 -0.234647
762.765 4.12532 -0.237138
762.765 4.18879 -0.238674
762.765 4.25226 -0.239249
762.765 4.31572 -0.238861
762.765 4.37919 -0.237511
762.765 4.44266 -0.235205
762.765 4.50612 -0.231952
762.765 4.56959 -0.227765
762.765 4.63306 -0.22266
762.765 4.69652 -0.216659
762.765 4.75999 -0.209786
762.765 4.82346 -0.202067
762.765 4.88692 -0.193536
762.765 4.95039 -0.184225
762.765 5.01385 -0.174172
762.765 5.07732 -0.163417
762.765 5.14079 -0.152005
762.765 5.20425 -0.139981
762.765 5.26772 -0.127393
762.765 5.33119 -0.114292
762.765 5.39465 -0.100731
762.765 5.45812 -0.0867638
762.765 5.52159 -0.0724476
762.765 5.58505 -0.0578397
762.765 5.64852 -0.042999
762.765 5.71199 -0.0279851
762.765 5.77545 -0.0128584
762.765 5.83892 0.00231994
762.765 5.90239 0.0174891
762.765 5.96585 0.0325876
762.765 6.02932 0.0475551
762.765 6.09279 0.062331
762.765 6.15625 0.0768559
762.765 6.21972 0.0910713
762.765 6.28319 0.10492
763.766 0 -0.344993
763.766 0.0634665 -0.33267
763.766 0.126933 -0.319007
763.766 0.1904 -0.30406
763.766 0.253866 -0.287888
763.766 0.317333 -0.270558
763.766 0.380799 -0.252137
763.766 0.444266 -0.232701
763.766 0.507732 -0.212329
763.766 0.571199 -0.191101
763.766 0.634665 -0.169104
763.766 0.698132 -0.146426
763.766 0.761598 -0.123159
763.766 0.825065 -0.099395
763.766 0.888531 -0.075231
763.766 0.951998 -0.0507645
763.766 1.01546 -0.0260933
763.766 1.07893 -0.0013172
763.766 1.1424 0.0234643
763.766 1.20586 0.0481514
763.766 1.26933 0.0726446
763.766 1.3328 0.0968451
763.766 1.39626 0.120655
763.766 1.45973 0.143981
763.766 1.5232 0.166725
763.766 1.58666 0.188799
763.766 1.65013 0.210113
763.766 1.7136 0.23058
763.766 1.77706 0.250119
763.766 1.84053 0.268651
763.766 1.904 0.286101
763.766 1.96746 0.302399
763.766 2.03093 0.317479
763.766 2.0944 0.331281
763.766 2.15786 0.343749
763.766 2.22133 0.354833
763.766 2.28479 0.364488
763.766 2.34826 0.372676
763.766 2.41173 0.379363
763.766 2.47519 0.384522
763.766 2.53866 0.388132
763.766 2.60213 0.390181
763.766 2.66559 0.390658
763.766 2.72906 0.389562
763.766 2.79253 0.386897
763.766 2.85599 0.382674
763.766 2.91946 0.37691
763.766 2.98293 0.369629
763.766 3.04639 0.36086
763.766 3.10986 0.350637
763.766 3.17333 0.339002
763.766 3.23679 0.326003
763.766 3.30026 0.31169
763.766 3.36373 0.296123
763.766 3.42719 0.279363
763.766 3.49066 0.261479
763.766 3.55413 0.242541
763.766 3.61759 0.222627
763.766 3.68106 0.201816
763.766 3.74452 0.180193
763.766 3.80799 0.157844
763.766 3.87146 0.13486
763.766 3.93492 0.111333
763.766 3.99839 0.087357
763.766 4.06186 0.0630295
763.766 4.12532 0.0384482
763.766 4.18879 0.0137121
763.766 4.25226 -0.0110793
763.766 4.31572 -0.0358258
763.766 4.37919 -0.0604284
763.766 4.44266 -0.0847874
763.766 4.50612 -0.108805
763.766 4.56959 -0.132385
763.766 4.63306 -0.155431
763.766 4.69652 -0.177852
763.766 4.75999 -0.199557
763.766 4.82346 -0.220457
763.766 4.88692 -0.240471
763.766 4.95039 -0.259515
763.766 5.01385 -0.277516
763.766 5.07732 -0.294398
763.766 5.14079 -0.310095
763.766 5.20425 -0.324544
763.766 5.26772 -0.337685
763.766 5.33119 -0.349467
763.766 5.39465 -0.359842
763.766 5.45812 -0.368767
763.766 5.52159 -0.376208
763.766 5.58505 -0.382134
763.766 5.64852 -0.386522
763.766 5.71199 -0.389353
763.766 5.77545 -0.390616
763.766 5.83892 -0.390306
763.766 5.90239 -0.388425
763.766 5.96585 -0.384979
763.766 6.02932 -0.379984
763.766 6.09279 -0.373458
763.766 6.15625 -0.365428
763.766 6.21972 -0.355927
763.766 6.28319 -0.344993
764.767 0 0.223735
764.767 0.0634665 0.217736
764.767 0.126933 0.210861
764.767 0.1904 0.203136
764.767 0.253866 0.194593
764.767 0.317333 0.185267
764.767 0.380799 0.175195
764.767 0.444266 0.164417
764.767 0.507732 0.152978
764.767 0.571199 0.140922
764.767 0.634665 0.128299
764.767 0.698132 0.115159
764.767 0.761598 0.101556
764.767 0.825065 0.0875436
764.767 0.888531 0.0731786
764.767 0.951998 0.0585192
764.767 1.01546 0.0436242
764.767 1.07893 0.0285531
764.767 1.1424 0.0133674
764.767 1.20586 -0.00187218
764.767 1.26933 -0.0171042
764.767 1.3328 -0.0322676
764.767 1.39626 -0.0473007
764.767 1.45973 -0.0621433
764.767 1.5232 -0.0767362
764.767 1.58666 -0.0910198
764.767 1.65013 -0.104937
764.767 1.7136 -0.118431
764.767 1.77706 -0.131449
764.767 1.84053 -0.143937
764.767 1.904 -0.155846
764.767 1.96746 -0.167127
764.767 2.03093 -0.177736
764.767 2.0944 -0.187628
764.767 2.15786 -0.196765
764.767 2.22133 -0.20511
764.767 2.28479 -0.212629
764.767 2.34826 -0.219292
764.767 2.41173 -0.225071
764.767 2.47519 -0.229945
764.767 2.53866 -0.233892
764.767 2.60213 -0.236898
764.767 2.66559 -0.23895
764.767 2.72906 -0.24004
764.767 2.79253 -0.240162
764.767 2.85599 -0.239318
764.767 2.91946 -0.237511
764.767 2.98293 -0.234747
764.767 3.04639 -0.231038
764.767 3.10986 -0.226398
764.767 3.17333 -0.220847
764.767 3.23679 -0.214406
764.767 3.30026 -0.207103
764.767 3.36373 -0.198965
764.767 3.42719 -0.190026
764.767 3.49066 -0.180322
764.767 3.55413 -0.169892
764.767 3.61759 -0.158777
764.767 3.68106 -0.147024
764.767 3.74452 -0.134679
764.767 3.80799 -0.12179
764.767 3.87146 -0.108412
764.767 3.93492 -0.0945974
764.767 3.99839 -0.0804015
764.767 4.06186 -0.0658821
764.767 4.12532 -0.0510972
764.767 4.18879 -0.036107
764.767 4.25226 -0.0209709
764.767 4.31572 -0.00575047
764.767 4.37919 0.00949314
764.767 4.44266 0.0246982
764.767 4.50612 0.0398042
764.767 4.56959 0.0547499
764.767 4.63306 0.0694748
764.767 4.69652 0.0839201
764.767 4.75999 0.0980277
764.767 4.82346 0.11174
764.767 4.88692 0.125003
764.767 4.95039 0.137762
764.767 5.01385 0.149967
764.767 5.07732 0.161568
764.767 5.14079 0.172518
764.767 5.20425 0.182774
764.767 5.26772 0.192294
764.767 5.33119 0.201039
764.767 5.39465 0.208975
764.767 5.45812 0.216069
764.767 5.52159 0.222293
764.767 5.58505 0.227623
764.767 5.64852 0.232035
764.767 5.71199 0.235514
764.767 5.77545 0.238044
764.767 5.83892 0.239615
764.767 5.90239 0.240222
764.767 5.96585 0.239861
764.767 6.02932 0.238535
764.767 6.09279 0.236248
764.767 6.15625 0.23301
764.767 6.21972 0.228833
764.767 6.28319 0.223735
765.768 0 0.197553
765.768 0.0634665 0.196688
765.768 0.126933 0.195031
765.768 0.1904 0.192589
765.768 0.253866 0.189372
765.768 0.317333 0.185392
765.768 0.380799 0.180665
765.768 0.444266 0.175211
765.768 0.507732 0.169052
765.768 0.571199 0.162212
765.768 0.634665 0.154718
765.768 0.698132 0.146602
765.768 0.761598 0.137895
765.768 0.825065 0.128633
765.768 0.888531 0.118854
765.768 0.951998 0.108595
765.768 1.01546 0.0978994
765.768 1.07893 0.0868093
765.768 1.1424 0.0753698
765.768 1.20586 0.0636268
765.768 1.26933 0.0516275
765.768 1.3328 0.0394204
765.768 1.39626 0.0270546
765.768 1.45973 0.0145799
765.768 1.5232 0.00204639
765.768 1.58666 -0.0104953
765.768 1.65013 -0.0229947
765.768 1.7136 -0.0354016
765.768 1.77706 -0.0476659
765.768 1.84053 -0.0597384
765.768 1.904 -0.0715701
765.768 1.96746 -0.0831138
765.768 2.03093 -0.0943228
765.768 2.0944 -0.105152
765.768 2.15786 -0.115558
765.768 2.22133 -0.125498
765.768 2.28479 -0.134933
765.768 2.34826 -0.143825
765.768 2.41173 -0.152138
765.768 2.47519 -0.159838
765.768 2.53866 -0.166894
765.768 2.60213 -0.173279
765.768 2.66559 -0.178965
765.768 2.72906 -0.183931
765.768 2.79253 -0.188157
765.768 2.85599 -0.191625
765.768 2.91946 -0.194321
765.768 2.98293 -0.196235
765.768 3.04639 -0.197358
765.768 3.10986 -0.197687
765.768 3.17333 -0.19722
765.768 3.23679 -0.195958
765.768 3.30026 -0.193908
765.768 3.36373 -0.191077
765.768 3.42719 -0.187476
765.768 3.49066 -0.183121
765.768 3.55413 -0.178028
765.768 3.61759 -0.172219
765.768 3.68106 -0.165715
765.768 3.74452 -0.158545
765.768 3.80799 -0.150736
765.768 3.87146 -0.14232
765.768 3.93492 -0.133331
765.768 3.99839 -0.123806
765.768 4.06186 -0.113782
765.768 4.12532 -0.103299
765.768 4.18879 -0.0924007
765.768 4.25226 -0.0811305
765.768 4.31572 -0.0695332
765.768 4.37919 -0.0576562
765.768 4.44266 -0.045547
765.768 4.50612 -0.0332544
765.768 4.56959 -0.0208278
765.768 4.63306 -0.00831732
765.768 4.69652 0.00422644
765.768 4.75999 0.0167534
765.768 4.82346 0.0292129
765.768 4.88692 0.0415547
765.768 4.95039 0.0537291
765.768 5.01385 0.0656873
765.768 5.07732 0.077381
765.768 5.14079 0.088763
765.768 5.20425 0.0997876
765.768 5.26772 0.11041
765.768 5.33119 0.120589
765.768 5.39465 0.130281
765.768 5.45812 0.139449
765.768 5.52159 0.148056
765.768 5.58505 0.156066
765.768 5.64852 0.163448
765.768 5.71199 0.170172
765.768 5.77545 0.176211
765.768 5.83892 0.18154
765.768 5.90239 0.186138
765.768 5.96585 0.189986
765.768 6.02932 0.19307
765.768 6.09279 0.195376
765.768 6.15625 0.196895
765.768 6.21972 0.197622
765.768 6.28319 0.197553
766.769 0 0.142805
766.769 0.0634665 0.149236
766.769 0.126933 0.155066
766.769 0.1904 0.160271
766.769 0.253866 0.164831
766.769 0.317333 0.168727
766.769 0.380799 0.171944
766.769 0.444266 0.174469
766.769 0.507732 0.17629
766.769 0.571199 0.177403
766.769 0.634665 0.1778
766.769 0.698132 0.177482
766.769 0.761598 0.17645
766.769 0.825065 0.174706
766.769 0.888531 0.172259
766.769 0.951998 0.169119
766.769 1.01546 0.165298
766.769 1.07893 0.16081
766.769 1.1424 0.155676
766.769 1.20586 0.149915
766.769 1.26933 0.14355
766.769 1.3328 0.136607
766.769 1.39626 0.129113
766.769 1.45973 0.1211
766.769 1.5232 0.1126
766.769 1.58666 0.103646
766.769 1.65013 0.0942743
766.769 1.7136 0.0845233
766.769 1.77706 0.0744319
766.769 1.84053 0.064041
766.769 1.904 0.0533919
766.769 1.96746 0.0425281
766.769 2.03093 0.0314928
766.769 2.0944 0.020331
766.769 2.15786 0.00908705
766.769 2.22133 -0.00219325
766.769 2.28479 -0.0134648
766.769 2.34826 -0.0246824
766.769 2.41173 -0.0358004
766.769 2.47519 -0.0467741
766.769 2.53866 -0.0575596
766.769 2.60213 -0.0681134
766.769 2.66559 -0.0783929
766.769 2.72906 -0.0883566
766.769 2.79253 -0.0979645
766.769 2.85599 -0.107178
766.769 2.91946 -0.11596
766.769 2.98293 -0.124275
766.769 3.04639 -0.13209
766.769 3.10986 -0.139373
766.769 3.17333 -0.146094
766.769 3.23679 -0.152227
766.769 3.30026 -0.157748
766.769 3.36373 -0.162633
766.769 3.42719 -0.166863
766.769 3.49066 -0.170422
766.769 3.55413 -0.173294
766.769 3.61759 -0.175468
766.769 3.68106 -0.176936
766.769 3.74452 -0.177691
766.769 3.80799 -0.177731
766.769 3.87146 -0.177055
766.769 3.93492 -0.175666
766.769 3.99839 -0.17357
766.769 4.06186 -0.170775
766.769 4.12532 -0.167293
766.769 4.18879 -0.163136
766.769 4.25226 -0.158323
766.769 4.31572 -0.152872
766.769 4.37919 -0.146806
766.769 4.44266 -0.140149
766.769 4.50612 -0.132927
766.769 4.56959 -0.12517
766.769 4.63306 -0.116909
766.769 4.69652 -0.108177
766.769 4.75999 -0.0990098
766.769 4.82346 -0.0894439
766.769 4.88692 -0.0795177
766.769 4.95039 -0.0692713
766.769 5.01385 -0.0587459
766.769 5.07732 -0.0479842
766.769 5.14079 -0.0370291
766.769 5.20425 -0.025925
766.769 5.26772 -0.0147163
766.769 5.33119 -0.00344853
766.769 5.39465 0.00783319
766.769 5.45812 0.0190831
766.769 5.52159 0.0302565
766.769 5.58505 0.041308
766.769 5.64852 0.0521932
766.769 5.71199 0.0628681
766.769 5.77545 0.07329
766.769 5.83892 0.0834167
766.769 5.90239 0.0932075
766.769 5.96585 0.102623
766.769 6.02932 0.111625
766.769 6.09279 0.120178
766.769 6.15625 0.128247
766.769 6.21972 0.1358
766.769 6.28319 0.142805
767.77 0 0.304182
767.77 0.0634665 0.316443
767.77 0.126933 0.327429
767.77 0.1904 0.337098
767.77 0.253866 0.345409
767.77 0.317333 0.352329
767.77 0.380799 0.357831
767.77 0.444266 0.361891
767.77 0.507732 0.364494
767.77 0.571199 0.36563
767.77 0.634665 0.365293
767.77 0.698132 0.363485
767.77 0.761598 0.360215
767.77 0.825065 0.355493
767.77 0.888531 0.34934
767.77 0.951998 0.34178
767.77 1.01546 0.332844
767.77 1.07893 0.322568
767.77 1.1424 0.310993
767.77 1.20586 0.298166
767.77 1.26933 0.284138
767.77 1.3328 0.268966
767.77 1.39626 0.252711
767.77 1.45973 0.235438
767.77 1.5232 0.217217
767.77 1.58666 0.198122
767.77 1.65013 0.178229
767.77 1.7136 0.157618
767.77 1.77706 0.136373
767.77 1.84053 0.114578
767.77 1.904 0.0923223
767.77 1.96746 0.0696946
767.77 2.03093 0.0467863
767.77 2.0944 0.0236896
767.77 2.15786 0.000497429
767.77 2.22133 -0.0226966
767.77 2.28479 -0.0457993
767.77 2.34826 -0.0687176
767.77 2.41173 -0.0913592
767.77 2.47519 -0.113633
767.77 2.53866 -0.135449
767.77 2.60213 -0.15672
767.77 2.66559 -0.177359
767.77 2.72906 -0.197285
767.77 2.79253 -0.216416
767.77 2.85599 -0.234676
767.77 2.91946 -0.251991
767.77 2.98293 -0.268291
767.77 3.04639 -0.28351
767.77 3.10986 -0.297589
767.77 3.17333 -0.310468
767.77 3.23679 -0.322098
767.77 3.30026 -0.332431
767.77 3.36373 -0.341425
767.77 3.42719 -0.349044
767.77 3.49066 -0.355259
767.77 3.55413 -0.360042
767.77 3.61759 -0.363375
767.77 3.68106 -0.365246
767.77 3.74452 -0.365646
767.77 3.80799 -0.364573
767.77 3.87146 -0.362032
767.77 3.93492 -0.358034
767.77 3.99839 -0.352594
767.77 4.06186 -0.345734
767.77 4.12532 -0.337482
767.77 4.18879 -0.327871
767.77 4.25226 -0.31694
767.77 4.31572 -0.304733
767.77 4.37919 -0.291298
767.77 4.44266 -0.276691
767.77 4.50612 -0.26097
767.77 4.56959 -0.244197
767.77 4.63306 -0.226442
767.77 4.69652 -0.207774
767.77 4.75999 -0.188271
767.77 4.82346 -0.168008
767.77 4.88692 -0.14707
767.77 4.95039 -0.125539
767.77 5.01385 -0.103502
767.77 5.07732 -0.0810493
767.77 5.14079 -0.0582698
767.77 5.20425 -0.0352556
767.77 5.26772 -0.0120996
767.77 5.33119 0.0111052
767.77 5.39465 0.0342652
767.77 5.45812 0.0572872
767.77 5.52159 0.0800787
767.77 5.58505 0.102548
767.77 5.64852 0.124604
767.77 5.71199 0.146158
767.77 5.77545 0.167124
767.77 5.83892 0.187417
767.77 5.90239 0.206955
767.77 5.96585 0.22566
767.77 6.02932 0.243456
767.77 6.09279 0.260272
767.77 6.15625 0.27604
767.77 6.21972 0.290696
767.77 6.28319 0.304182
768.771 0 0.212592
768.771 0.0634665 0.201356
768.771 0.126933 0.189309
768.771 0.1904 0.1765
768.771 0.253866 0.16298
768.771 0.317333 0.148804
768.771 0.380799 0.134028
768.771 0.444266 0.118713
768.771 0.507732 0.10292
768.771 0.571199 0.0867127
768.771 0.634665 0.0701562
768.771 0.698132 0.053317
768.771 0.761598 0.0362632
768.771 0.825065 0.0190634
768.771 0.888531 0.00178687
768.771 0.951998 -0.0154968
768.771 1.01546 -0.0327183
768.771 1.07893 -0.0498081
768.771 1.1424 -0.066697
768.771 1.20586 -0.0833176
768.771 1.26933 -0.0996025
768.771 1.3328 -0.115486
768.771 1.39626 -0.130905
768.771 1.45973 -0.145797
768.771 1.5232 -0.160102
768.771 1.58666 -0.173762
768.771 1.65013 -0.186722
768.771 1.7136 -0.198931
768.771 1.77706 -0.210339
768.771 1.84053 -0.220899
768.771 1.904 -0.23057
768.771 1.96746 -0.239313
768.771 2.03093 -0.247092
768.771 2.0944 -0.253876
768.771 2.15786 -0.259637
768.771 2.22133 -0.264353
768.771 2.28479 -0.268006
768.771 2.34826 -0.270579
768.771 2.41173 -0.272062
768.771 2.47519 -0.272449
768.771 2.53866 -0.27174
768.771 2.60213 -0.269936
768.771 2.66559 -0.267045
768.771 2.72906 -0.26308
768.771 2.79253 -0.258055
768.771 2.85599 -0.25199
768.771 2.91946 -0.244912
768.771 2.98293 -0.236846
768.771 3.04639 -0.227828
768.771 3.10986 -0.217891
768.771 3.17333 -0.207078
768.771 3.23679 -0.195431
768.771 3.30026 -0.182996
768.771 3.36373 -0.169825
768.771 3.42719 -0.15597
768.771 3.49066 -0.141487
768.771 3.55413 -0.126434
768.771 3.61759 -0.110872
768.771 3.68106 -0.0948641
768.771 3.74452 -0.078474
768.771 3.80799 -0.0617676
768.771 3.87146 -0.0448127
768.771 3.93492 -0.0276772
768.771 3.99839 -0.0104303
768.771 4.06186 0.00685863
768.771 4.12532 0.02412
768.771 4.18879 0.0412839
768.771 4.25226 0.0582818
768.771 4.31572 0.0750452
768.771 4.37919 0.0915061
768.771 4.44266 0.107599
768.771 4.50612 0.123258
768.771 4.56959 0.138421
768.771 4.63306 0.153027
768.771 4.69652 0.167016
768.771 4.75999 0.180333
768.771 4.82346 0.192924
768.771 4.88692 0.204738
768.771 4.95039 0.215727
768.771 5.01385 0.225848
768.771 5.07732 0.235059
768.771 5.14079 0.243325
768.771 5.20425 0.25061
768.771 5.26772 0.256886
768.771 5.33119 0.262128
768.771 5.39465 0.266314
768.771 5.45812 0.269428
768.771 5.52159 0.271457
768.771 5.58505 0.272393
768.771 5.64852 0.272232
768.771 5.71199 0.270974
768.771 5.77545 0.268626
768.771 5.83892 0.265196
768.771 5.90239 0.260698
768.771 5.96585 0.255151
768.771 6.02932 0.248576
768.771 6.09279 0.241
768.771 6.15625 0.232454
768.771 6.21972 0.222972
768.771 6.28319 0.212592
769.772 0 -0.0913433
769.772 0.0634665 -0.0824024
769.772 0.126933 -0.0731298
769.772 0.1904 -0.0635629
769.772 0.253866 -0.05374
769.772 0.317333 -0.0437005
769.772 0.380799 -0.0334851
769.772 0.444266 -0.0231351
769.772 0.507732 -0.0126917
769.772 0.571199 -0.00219735
769.772 0.634665 0.00830596
769.772 0.698132 0.0187757
769.772 0.761598 0.0291699
769.772 0.825065 0.0394468
769.772 0.888531 0.0495647
769.772 0.951998 0.059483
769.772 1.01546 0.0691618
769.772 1.07893 0.0785623
769.772 1.1424 0.0876462
769.772 1.20586 0.0963772
769.772 1.26933 0.10472
769.772 1.3328 0.112642
769.772 1.39626 0.120109
769.772 1.45973 0.127094
769.772 1.5232 0.133566
769.772 1.58666 0.1395
769.772 1.65013 0.144873
769.772 1.7136 0.149663
769.772 1.77706 0.153849
769.772 1.84053 0.157417
769.772 1.904 0.16035
769.772 1.96746 0.162638
769.772 2.03093 0.164271
769.772 2.0944 0.165242
769.772 2.15786 0.165548
769.772 2.22133 0.165188
769.772 2.28479 0.164162
769.772 2.34826 0.162476
769.772 2.41173 0.160135
769.772 2.47519 0.157149
769.772 2.53866 0.15353
769.772 2.60213 0.149294
769.772 2.66559 0.144456
769.772 2.72906 0.139036
769.772 2.79253 0.133057
769.772 2.85599 0.126542
769.772 2.91946 0.119517
769.772 2.98293 0.112011
769.772 3.04639 0.104054
769.772 3.10986 0.0956777
769.772 3.17333 0.0869165
769.772 3.23679 0.0778055
769.772 3.30026 0.0683807
769.772 3.36373 0.0586808
769.772 3.42719 0.0487447
769.772 3.49066 0.0386122
769.772 3.55413 0.0283244
769.772 3.61759 0.0179224
769.772 3.68106 0.00744837
769.772 3.74452 -0.00305576
769.772 3.80799 -0.0135477
769.772 3.87146 -0.0239849
769.772 3.93492 -0.0343256
769.772 3.99839 -0.0445282
769.772 4.06186 -0.0545513
769.772 4.12532 -0.0643548
769.772 4.18879 -0.0738992
769.772 4.25226 -0.0831461
769.772 4.31572 -0.0920581
769.772 4.37919 -0.100599
769.772 4.44266 -0.108736
769.772 4.50612 -0.116434
769.772 4.56959 -0.123664
769.772 4.63306 -0.130395
769.772 4.69652 -0.136602
769.772 4.75999 -0.142258
769.772 4.82346 -0.147342
769.772 4.88692 -0.151833
769.772 4.95039 -0.155712
769.772 5.01385 -0.158964
769.772 5.07732 -0.161575
769.772 5.14079 -0.163537
769.772 5.20425 -0.16484
769.772 5.26772 -0.165479
769.772 5.33119 -0.165452
769.772 5.39465 -0.164758
769.772 5.45812 -0.163401
769.772 5.52159 -0.161386
769.772 5.58505 -0.158722
769.772 5.64852 -0.155418
769.772 5.71199 -0.151488
769.772 5.77545 -0.146949
769.772 5.83892 -0.141817
769.772 5.90239 -0.136115
769.772 5.96585 -0.129864
769.772 6.02932 -0.123091
769.772 6.09279 -0.115822
769.772 6.15625 -0.108087
769.772 6.21972 -0.0999161
769.772 6.28319 -0.0913432
770.773 0 0.0122516
770.773 0.0634665 0.0189704
770.773 0.126933 0.0256129
770.773 0.1904 0.0321521
770.773 0.253866 0.0385618
770.773 0.317333 0.0448164
770.773 0.380799 0.0508906
770.773 0.444266 0.0567597
770.773 0.507732 0.0624002
770.773 0.571199 0.0677896
770.773 0.634665 0.072906
770.773 0.698132 0.0777288
770.773 0.761598 0.0822385
770.773 0.825065 0.0864173
770.773 0.888531 0.0902478
770.773 0.951998 0.0937152
770.773 1.01546 0.0968051
770.773 1.07893 0.0995054
770.773 1.1424 0.101805
770.773 1.20586 0.103694
770.773 1.26933 0.105166
770.773 1.3328 0.106215
770.773 1.39626 0.106836
770.773 1.45973 0.107026
770.773 1.5232 0.106786
770.773 1.58666 0.106116
770.773 1.65013 0.105018
770.773 1.7136 0.103498
770.773 1.77706 0.101561
770.773 1.84053 0.0992143
770.773 1.904 0.0964688
770.773 1.96746 0.0933347
770.773 2.03093 0.0898247
770.773 2.0944 0.085953
770.773 2.15786 0.0817354
770.773 2.22133 0.0771886
770.773 2.28479 0.0723309
770.773 2.34826 0.0671819
770.773 2.41173 0.0617626
770.773 2.47519 0.0560944
770.773 2.53866 0.0502005
770.773 2.60213 0.0441043
770.773 2.66559 0.0378306
770.773 2.72906 0.0314045
770.773 2.79253 0.0248521
770.773 2.85599 0.0181995
770.773 2.91946 0.0114736
770.773 2.98293 0.00470162
770.773 3.04639 -0.00208955
770.773 3.10986 -0.00887198
770.773 3.17333 -0.0156189
770.773 3.23679 -0.0223028
770.773 3.30026 -0.028897
770.773 3.36373 -0.0353748
770.773 3.42719 -0.0417103
770.773 3.49066 -0.0478775
770.773 3.55413 -0.0538522
770.773 3.61759 -0.0596099
770.773 3.68106 -0.0651277
770.773 3.74452 -0.0703832
770.773 3.80799 -0.0753553
770.773 3.87146 -0.0800239
770.773 3.93492 -0.0843704
770.773 3.99839 -0.088377
770.773 4.06186 -0.0920279
770.773 4.12532 -0.0953082
770.773 4.18879 -0.0982047
770.773 4.25226 -0.100706
770.773 4.31572 -0.102801
770.773 4.37919 -0.104483
770.773 4.44266 -0.105744
770.773 4.50612 -0.106579
770.773 4.56959 -0.106985
770.773 4.63306 -0.10696
770.773 4.69652 -0.106505
770.773 4.75999 -0.10562
770.773 4.82346 -0.10431
770.773 4.88692 -0.102581
770.773 4.95039 -0.100438
770.773 5.01385 -0.0978908
770.773 5.07732 -0.0949495
770.773 5.14079 -0.0916258
770.773 5.20425 -0.0879332
770.773 5.26772 -0.0838864
770.773 5.33119 -0.0795019
770.773 5.39465 -0.0747974
770.773 5.45812 -0.0697916
770.773 5.52159 -0.0645047
770.773 5.58505 -0.0589581
770.773 5.64852 -0.0531742
770.773 5.71199 -0.0471761
770.773 5.77545 -0.040988
770.773 5.83892 -0.034635
770.773 5.90239 -0.0281424
770.773 5.96585 -0.0215366
770.773 6.02932 -0.014844
770.773 6.09279 -0.00809167
770.773 6.15625 -0.00130666
770.773 6.21972 0.00548353
770.773 6.28319 0.0122516
771.774 0 0.0472534
771.774 0.0634665 0.0651445
771.774 0.126933 0.0827732
771.774 0.1904 0.100069
771.774 0.253866 0.116961
771.774 0.317333 0.133383
771.774 0.380799 0.149267
771.774 0.444266 0.164551
771.774 0.507732 0.179172
771.774 0.571199 0.193071
771.774 0.634665 0.206193
771.774 0.698132 0.218485
771.774 0.761598 0.229896
771.774 0.825065 0.240383
771.774 0.888531 0.249901
771.774 0.951998 0.258413
771.774 1.01546 0.265885
771.774 1.07893 0.272285
771.774 1.1424 0.27759
771.774 1.20586 0.281776
771.774 1.26933 0.284829
771.774 1.3328 0.286734
771.774 1.39626 0.287484
771.774 1.45973 0.287077
771.774 1.5232 0.285514
771.774 1.58666 0.282802
771.774 1.65013 0.278951
771.774 1.7136 0.273976
771.774 1.77706 0.267898
771.774 1.84053 0.260742
771.774 1.904 0.252535
771.774 1.96746 0.243312
771.774 2.03093 0.233109
771.774 2.0944 0.221967
771.774 2.15786 0.209932
771.774 2.22133 0.197051
771.774 2.28479 0.183377
771.774 2.34826 0.168964
771.774 2.41173 0.153871
771.774 2.47519 0.138158
771.774 2.53866 0.121889
771.774 2.60213 0.10513
771.774 2.66559 0.0879467
771.774 2.72906 0.0704097
771.774 2.79253 0.052589
771.774 2.85599 0.0345564
771.774 2.91946 0.0163849
771.774 2.98293 -0.00185265
771.774 3.04639 -0.0200827
771.774 3.10986 -0.0382319
771.774 3.17333 -0.0562272
771.774 3.23679 -0.0739961
771.774 3.30026 -0.0914671
771.774 3.36373 -0.10857
771.774 3.42719 -0.125235
771.774 3.49066 -0.141396
771.774 3.55413 -0.156988
771.774 3.61759 -0.171948
771.774 3.68106 -0.186215
771.774 3.74452 -0.199733
771.774 3.80799 -0.212446
771.774 3.87146 -0.224304
771.774 3.93492 -0.235258
771.774 3.99839 -0.245265
771.774 4.06186 -0.254285
771.774 4.12532 -0.262281
771.774 4.18879 -0.269221
771.774 4.25226 -0.275076
771.774 4.31572 -0.279824
771.774 4.37919 -0.283445
771.774 4.44266 -0.285925
771.774 4.50612 -0.287254
771.774 4.56959 -0.287426
771.774 4.63306 -0.28644
771.774 4.69652 -0.284301
771.774 4.75999 -0.281018
771.774 4.82346 -0.276603
771.774 4.88692 -0.271074
771.774 4.95039 -0.264453
771.774 5.01385 -0.256768
771.774 5.07732 -0.248048
771.774 5.14079 -0.23833
771.774 5.20425 -0.227653
771.774 5.26772 -0.216058
771.774 5.33119 -0.203594
771.774 5.39465 -0.190309
771.774 5.45812 -0.176259
771.774 5.52159 -0.161499
771.774 5.58505 -0.146088
771.774 5.64852 -0.130089
771.774 5.71199 -0.113567
771.774 5.77545 -0.0965869
771.774 5.83892 -0.0792181
771.774 5.90239 -0.0615303
771.774 5.96585 -0.0435946
771.774 6.02932 -0.0254835
771.774 6.09279 -0.00726979
771.774 6.15625 0.0109733
771.774 6.21972 0.0291721
771.774 6.28319 0.0472534
772.775 0 -0.176302
772.775 0.0634665 -0.160878
772.775 0.126933 -0.144807
772.775 0.1904 -0.128153
772.775 0.253866 -0.110983
772.775 0.317333 -0.0933661
772.775 0.380799 -0.075373
772.775 0.444266 -0.0570765
772.775 0.507732 -0.0385501
772.775 0.571199 -0.0198686
772.775 0.634665 -0.00110705
772.775 0.698132 0.0176589
772.775 0.761598 0.0363538
772.775 0.825065 0.0549023
772.775 0.888531 0.0732298
772.775 0.951998 0.0912624
772.775 1.01546 0.108927
772.775 1.07893 0.126154
772.775 1.1424 0.142873
772.775 1.20586 0.159016
772.775 1.26933 0.174519
772.775 1.3328 0.189319
772.775 1.39626 0.203357
772.775 1.45973 0.216576
772.775 1.5232 0.228923
772.775 1.58666 0.240348
772.775 1.65013 0.250805
772.775 1.7136 0.260253
772.775 1.77706 0.268652
772.775 1.84053 0.27597
772.775 1.904 0.282176
772.775 1.96746 0.287247
772.775 2.03093 0.29116
772.775 2.0944 0.293902
772.775 2.15786 0.295459
772.775 2.22133 0.295828
772.775 2.28479 0.295004
772.775 2.34826 0.292994
772.775 2.41173 0.289803
772.775 2.47519 0.285445
772.775 2.53866 0.279938
772.775 2.60213 0.273304
772.775 2.66559 0.265569
772.775 2.72906 0.256765
772.775 2.79253 0.246927
772.775 2.85599 0.236094
772.775 2.91946 0.224311
772.775 2.98293 0.211625
772.775 3.04639 0.198087
772.775 3.10986 0.183751
772.775 3.17333 0.168675
772.775 3.23679 0.15292
772.775 3.30026 0.136549
772.775 3.36373 0.119628
772.775 3.42719 0.102226
772.775 3.49066 0.084412
772.775 3.55413 0.0662581
772.775 3.61759 0.0478372
772.775 3.68106 0.029224
772.775 3.74452 0.0104931
772.775 3.80799 -0.00828015
772.775 3.87146 -0.02702
772.775 3.93492 -0.0456511
772.775 3.99839 -0.0640983
772.775 4.06186 -0.0822877
772.775 4.12532 -0.100145
772.775 4.18879 -0.1176
772.775 4.25226 -0.134581
772.775 4.31572 -0.15102
772.775 4.37919 -0.166851
772.775 4.44266 -0.182011
772.775 4.50612 -0.196437
772.775 4.56959 -0.210072
772.775 4.63306 -0.222861
772.775 4.69652 -0.234754
772.775 4.75999 -0.2457
772.775 4.82346 -0.255658
772.775 4.88692 -0.264586
772.775 4.95039 -0.272448
772.775 5.01385 -0.279214
772.775 5.07732 -0.284855
772.775 5.14079 -0.289349
772.775 5.20425 -0.292678
772.775 5.26772 -0.294829
772.775 5.33119 -0.295793
772.775 5.39465 -0.295565
772.775 5.45812 -0.294147
772.775 5.52159 -0.291545
772.775 5.58505 -0.287769
772.775 5.64852 -0.282834
772.775 5.71199 -0.27676
772.775 5.77545 -0.269572
772.775 5.83892 -0.261298
772.775 5.90239 -0.251973
772.775 5.96585 -0.241632
772.775 6.02932 -0.230319
772.775 6.09279 -0.218078
772.775 6.15625 -0.204959
772.775 6.21972 -0.191015
772.775 6.28319 -0.176302
773.776 0 0.112792
773.776 0.0634665 0.135403
773.776 0.126933 0.157468
773.776 0.1904 0.1789
773.776 0.253866 0.199611
773.776 0.317333 0.219518
773.776 0.380799 0.238542
773.776 0.444266 0.256605
773.776 0.507732 0.273634
773.776 0.571199 0.289562
773.776 0.634665 0.304324
773.776 0.698132 0.317861
773.776 0.761598 0.330117
773.776 0.825065 0.341045
773.776 0.888531 0.350598
773.776 0.951998 0.358741
773.776 1.01546 0.365438
773.776 1.07893 0.370665
773.776 1.1424 0.374398
773.776 1.20586 0.376625
773.776 1.26933 0.377334
773.776 1.3328 0.376525
773.776 1.39626 0.374199
773.776 1.45973 0.370366
773.776 1.5232 0.365042
773.776 1.58666 0.358248
773.776 1.65013 0.350012
773.776 1.7136 0.340366
773.776 1.77706 0.32935
773.776 1.84053 0.317007
773.776 1.904 0.303388
773.776 1.96746 0.288548
773.776 2.03093 0.272545
773.776 2.0944 0.255445
773.776 2.15786 0.237317
773.776 2.22133 0.218233
773.776 2.28479 0.19827
773.776 2.34826 0.177508
773.776 2.41173 0.156033
773.776 2.47519 0.133928
773.776 2.53866 0.111285
773.776 2.60213 0.0881929
773.776 2.66559 0.0647461
773.776 2.72906 0.0410389
773.776 2.79253 0.017166
773.776 2.85599 -0.00677588
773.776 2.91946 -0.0306905
773.776 2.98293 -0.0544815
773.776 3.04639 -0.0780531
773.776 3.10986 -0.10131
773.776 3.17333 -0.12416
773.776 3.23679 -0.146509
773.776 3.30026 -0.168269
773.776 3.36373 -0.189351
773.776 3.42719 -0.20967
773.776 3.49066 -0.229145
773.776 3.55413 -0.247698
773.776 3.61759 -0.265253
773.776 3.68106 -0.28174
773.776 3.74452 -0.297093
773.776 3.80799 -0.311249
773.776 3.87146 -0.324152
773.776 3.93492 -0.33575
773.776 3.99839 -0.345996
773.776 4.06186 -0.354849
773.776 4.12532 -0.362272
773.776 4.18879 -0.368237
773.776 4.25226 -0.372719
773.776 4.31572 -0.375701
773.776 4.37919 -0.37717
773.776 4.44266 -0.377119
773.776 4.50612 -0.375551
773.776 4.56959 -0.37247
773.776 4.63306 -0.36789
773.776 4.69652 -0.361827
773.776 4.75999 -0.354308
773.776 4.82346 -0.345363
773.776 4.88692 -0.335026
773.776 4.95039 -0.323341
773.776 5.01385 -0.310354
773.776 5.07732 -0.296117
773.776 5.14079 -0.280688
773.776 5.20425 -0.264128
773.776 5.26772 -0.246505
773.776 5.33119 -0.227889
773.776 5.39465 -0.208356
773.776 5.45812 -0.187984
773.776 5.52159 -0.166854
773.776 5.58505 -0.145053
773.776 5.64852 -0.122668
773.776 5.71199 -0.0997891
773.776 5.77545 -0.0765082
773.776 5.83892 -0.052919
773.776 5.90239 -0.029117
773.776 5.96585 -0.0051976
773.776 6.02932 0.0187427
773.776 6.09279 0.0426073
773.776 6.15625 0.0663007
773.776 6.21972 0.0897271
773.776 6.28319 0.112792
774.777 0 -0.111503
774.777 0.0634665 -0.10388
774.777 0.126933 -0.0958383
774.777 0.1904 -0.0874111
774.777 0.253866 -0.0786316
774.777 0.317333 -0.0695359
774.777 0.380799 -0.06016
774.777 0.444266 -0.0505418
774.777 0.507732 -0.0407203
774.777 0.571199 -0.0307348
774.777 0.634665 -0.0206254
774.777 0.698132 -0.010433
774.777 0.761598 -0.000198505
774.777 0.825065 0.0100367
774.777 0.888531 0.0202313
774.777 0.951998 0.0303449
774.777 1.01546 0.0403358
774.777 1.07893 0.0501645
774.777 1.1424 0.0597914
774.777 1.20586 0.0691773
774.777 1.26933 0.0782847
774.777 1.3328 0.0870768
774.777 1.39626 0.0955183
774.777 1.45973 0.103575
774.777 1.5232 0.111215
774.777 1.58666 0.118407
774.777 1.65013 0.125123
774.777 1.7136 0.131334
774.777 1.77706 0.137016
774.777 1.84053 0.142147
774.777 1.904 0.146706
774.777 1.96746 0.150674
774.777 2.03093 0.154035
774.777 2.0944 0.156776
774.777 2.15786 0.158885
774.777 2.22133 0.160355
774.777 2.28479 0.161179
774.777 2.34826 0.161354
774.777 2.41173 0.16088
774.777 2.47519 0.159757
774.777 2.53866 0.157991
774.777 2.60213 0.155589
774.777 2.66559 0.152561
774.777 2.72906 0.148918
774.777 2.79253 0.144676
774.777 2.85599 0.139851
774.777 2.91946 0.134463
774.777 2.98293 0.128534
774.777 3.04639 0.122086
774.777 3.10986 0.115148
774.777 3.17333 0.107745
774.777 3.23679 0.0999093
774.777 3.30026 0.0916708
774.777 3.36373 0.0830633
774.777 3.42719 0.0741211
774.777 3.49066 0.0648807
774.777 3.55413 0.0553789
774.777 3.61759 0.045654
774.777 3.68106 0.0357454
774.777 3.74452 0.0256931
774.777 3.80799 0.015537
774.777 3.87146 0.00531848
774.777 3.93492 -0.00492161
774.777 3.99839 -0.0151417
774.777 4.06186 -0.0253008
774.777 4.12532 -0.0353582
774.777 4.18879 -0.045273
774.777 4.25226 -0.0550056
774.777 4.31572 -0.0645167
774.777 4.37919 -0.0737682
774.777 4.44266 -0.0827224
774.777 4.50612 -0.0913436
774.777 4.56959 -0.099597
774.777 4.63306 -0.107449
774.777 4.69652 -0.114869
774.777 4.75999 -0.121826
774.777 4.82346 -0.128293
774.777 4.88692 -0.134243
774.777 4.95039 -0.139652
774.777 5.01385 -0.1445
774.777 5.07732 -0.148765
774.777 5.14079 -0.152431
774.777 5.20425 -0.155484
774.777 5.26772 -0.15791
774.777 5.33119 -0.159701
774.777 5.39465 -0.160848
774.777 5.45812 -0.161348
774.777 5.52159 -0.161198
774.777 5.58505 -0.160399
774.777 5.64852 -0.158954
774.777 5.71199 -0.156869
774.777 5.77545 -0.154153
774.777 5.83892 -0.150816
774.777 5.90239 -0.146871
774.777 5.96585 -0.142335
774.777 6.02932 -0.137226
774.777 6.09279 -0.131565
774.777 6.15625 -0.125373
774.777 6.21972 -0.118677
774.777 6.28319 -0.111503
775.778 0 -0.0314206
775.778 0.0634665 -0.0456827
775.778 0.126933 -0.0597607
775.778 0.1904 -0.0735983
775.778 0.253866 -0.0871395
775.778 0.317333 -0.10033
775.778 0.380799 -0.113116
775.778 0.444266 -0.125447
775.778 0.507732 -0.137272
775.778 0.571199 -0.148545
775.778 0.634665 -0.15922
775.778 0.698132 -0.169254
775.778 0.761598 -0.178606
775.778 0.825065 -0.187239
775.778 0.888531 -0.195118
775.778 0.951998 -0.202211
775.778 1.01546 -0.20849
775.778 1.07893 -0.21393
775.778 1.1424 -0.218508
775.778 1.20586 -0.222206
775.778 1.26933 -0.22501
775.778 1.3328 -0.226907
775.778 1.39626 -0.227891
775.778 1.45973 -0.227958
775.778 1.5232 -0.227106
775.778 1.58666 -0.225339
775.778 1.65013 -0.222666
775.778 1.7136 -0.219096
775.778 1.77706 -0.214644
775.778 1.84053 -0.209327
775.778 1.904 -0.203167
775.778 1.96746 -0.19619
775.778 2.03093 -0.188422
775.778 2.0944 -0.179896
775.778 2.15786 -0.170645
775.778 2.22133 -0.160707
775.778 2.28479 -0.150123
775.778 2.34826 -0.138933
775.778 2.41173 -0.127184
775.778 2.47519 -0.114923
775.778 2.53866 -0.1022
775.778 2.60213 -0.0890642
775.778 2.66559 -0.0755704
775.778 2.72906 -0.0617721
775.778 2.79253 -0.0477253
775.778 2.85599 -0.0334862
775.778 2.91946 -0.0191122
775.778 2.98293 -0.00466139
775.778 3.04639 0.00980831
775.778 3.10986 0.0242385
775.778 3.17333 0.038571
775.778 3.23679 0.0527482
775.778 3.30026 0.066713
775.778 3.36373 0.0804094
775.778 3.42719 0.0937818
775.778 3.49066 0.106777
775.778 3.55413 0.119341
775.778 3.61759 0.131426
775.778 3.68106 0.142981
775.778 3.74452 0.15396
775.778 3.80799 0.16432
775.778 3.87146 0.174018
775.778 3.93492 0.183015
775.778 3.99839 0.191275
775.778 4.06186 0.198765
775.778 4.12532 0.205454
775.778 4.18879 0.211317
775.778 4.25226 0.216328
775.778 4.31572 0.220468
775.778 4.37919 0.223721
775.778 4.44266 0.226073
775.778 4.50612 0.227514
775.778 4.56959 0.228039
775.778 4.63306 0.227646
775.778 4.69652 0.226337
775.778 4.75999 0.224116
775.778 4.82346 0.220992
775.778 4.88692 0.216979
775.778 4.95039 0.212092
775.778 5.01385 0.206351
775.778 5.07732 0.199779
775.778 5.14079 0.192403
775.778 5.20425 0.184252
775.778 5.26772 0.175359
775.778 5.33119 0.16576
775.778 5.39465 0.155493
775.778 5.45812 0.144601
775.778 5.52159 0.133126
775.778 5.58505 0.121115
775.778 5.64852 0.108616
775.778 5.71199 0.09568
775.778 5.77545 0.0823587
775.778 5.83892 0.0687058
775.778 5.90239 0.0547762
775.778 5.96585 0.0406263
775.778 6.02932 0.0263124
775.778 6.09279 0.0118927
775.778 6.15625 -0.00257474
775.778 6.21972 -0.0170319
775.778 6.28319 -0.0314207
776.779 0 0.240756
776.779 0.0634665 0.241469
776.779 0.126933 0.241209
776.779 0.1904 0.239979
776.779 0.253866 0.237782
776.779 0.317333 0.234628
776.779 0.380799 0.230528
776.779 0.444266 0.225501
776.779 0.507732 0.219565
776.779 0.571199 0.212746
776.779 0.634665 0.205069
776.779 0.698132 0.196567
776.779 0.761598 0.187274
776.779 0.825065 0.177226
776.779 0.888531 0.166465
776.779 0.951998 0.155034
776.779 1.01546 0.142978
776.779 1.07893 0.130346
776.779 1.1424 0.11719
776.779 1.20586 0.103562
776.779 1.26933 0.0895165
776.779 1.3328 0.0751108
776.779 1.39626 0.0604028
776.779 1.45973 0.0454512
776.779 1.5232 0.030317
776.779 1.58666 0.0150605
776.779 1.65013 -0.000256689
776.779 1.7136 -0.0155726
776.779 1.77706 -0.0308259
776.779 1.84053 -0.0459552
776.779 1.904 -0.0608994
776.779 1.96746 -0.0755984
776.779 2.03093 -0.0899928
776.779 2.0944 -0.104025
776.779 2.15786 -0.117638
776.779 2.22133 -0.130778
776.779 2.28479 -0.143391
776.779 2.34826 -0.155427
776.779 2.41173 -0.166837
776.779 2.47519 -0.177575
776.779 2.53866 -0.187597
776.779 2.60213 -0.196865
776.779 2.66559 -0.20534
776.779 2.72906 -0.212988
776.779 2.79253 -0.219778
776.779 2.85599 -0.225684
776.779 2.91946 -0.23068
776.779 2.98293 -0.234748
776.779 3.04639 -0.237871
776.779 3.10986 -0.240036
776.779 3.17333 -0.241234
776.779 3.23679 -0.241461
776.779 3.30026 -0.240715
776.779 3.36373 -0.239001
776.779 3.42719 -0.236324
776.779 3.49066 -0.232695
776.779 3.55413 -0.228129
776.779 3.61759 -0.222645
776.779 3.68106 -0.216264
776.779 3.74452 -0.209012
776.779 3.80799 -0.20092
776.779 3.87146 -0.192017
776.779 3.93492 -0.182342
776.779 3.99839 -0.171932
776.779 4.06186 -0.160831
776.779 4.12532 -0.149081
776.779 4.18879 -0.136731
776.779 4.25226 -0.123831
776.779 4.31572 -0.110431
776.779 4.37919 -0.096588
776.779 4.44266 -0.0823552
776.779 4.50612 -0.0677909
776.779 4.56959 -0.0529537
776.779 4.63306 -0.0379033
776.779 4.69652 -0.0227002
776.779 4.75999 -0.0074058
776.779 4.82346 0.00791848
776.779 4.88692 0.023211
776.779 4.95039 0.0384099
776.779 5.01385 0.0534542
776.779 5.07732 0.0682833
776.779 5.14079 0.0828375
776.779 5.20425 0.0970579
776.779 5.26772 0.110888
776.779 5.33119 0.124271
776.779 5.39465 0.137154
776.779 5.45812 0.149484
776.779 5.52159 0.161213
776.779 5.58505 0.172292
776.779 5.64852 0.182678
776.779 5.71199 0.192328
776.779 5.77545 0.201204
776.779 5.83892 0.209269
776.779 5.90239 0.216492
776.779 5.96585 0.222843
776.779 6.02932 0.228297
776.779 6.09279 0.232832
776.779 6.15625 0.236429
776.779 6.21972 0.239074
776.779 6.28319 0.240756
777.78 0 0.171001
777.78 0.0634665 0.186942
777.78 0.126933 0.202131
777.78 0.1904 0.216506
777.78 0.253866 0.230009
777.78 0.317333 0.242586
777.78 0.380799 0.254186
777.78 0.444266 0.264763
777.78 0.507732 0.274273
777.78 0.571199 0.282679
777.78 0.634665 0.289947
777.78 0.698132 0.296047
777.78 0.761598 0.300955
777.78 0.825065 0.304652
777.78 0.888531 0.307121
777.78 0.951998 0.308354
777.78 1.01546 0.308345
777.78 1.07893 0.307095
777.78 1.1424 0.304608
777.78 1.20586 0.300895
777.78 1.26933 0.29597
777.78 1.3328 0.289853
777.78 1.39626 0.28257
777.78 1.45973 0.274148
777.78 1.5232 0.264622
777.78 1.58666 0.254031
777.78 1.65013 0.242417
777.78 1.7136 0.229827
777.78 1.77706 0.216311
777.78 1.84053 0.201925
777.78 1.904 0.186725
777.78 1.96746 0.170774
777.78 2.03093 0.154135
777.78 2.0944 0.136875
777.78 2.15786 0.119064
777.78 2.22133 0.100773
777.78 2.28479 0.0820771
777.78 2.34826 0.0630503
777.78 2.41173 0.0437698
777.78 2.47519 0.024313
777.78 2.53866 0.00475823
777.78 2.60213 -0.0148157
777.78 2.66559 -0.0343298
777.78 2.72906 -0.0537057
777.78 2.79253 -0.0728655
777.78 2.85599 -0.0917317
777.78 2.91946 -0.110229
777.78 2.98293 -0.128282
777.78 3.04639 -0.145818
777.78 3.10986 -0.162768
777.78 3.17333 -0.179062
777.78 3.23679 -0.194635
777.78 3.30026 -0.209424
777.78 3.36373 -0.22337
777.78 3.42719 -0.236416
777.78 3.49066 -0.248511
777.78 3.55413 -0.259605
777.78 3.61759 -0.269653
777.78 3.68106 -0.278616
777.78 3.74452 -0.286457
777.78 3.80799 -0.293144
777.78 3.87146 -0.298652
777.78 3.93492 -0.302956
777.78 3.99839 -0.306041
777.78 4.06186 -0.307893
777.78 4.12532 -0.308505
777.78 4.18879 -0.307875
777.78 4.25226 -0.306006
777.78 4.31572 -0.302905
777.78 4.37919 -0.298583
777.78 4.44266 -0.293059
777.78 4.50612 -0.286356
777.78 4.56959 -0.278499
777.78 4.63306 -0.269521
777.78 4.69652 -0.259457
777.78 4.75999 -0.248349
777.78 4.82346 -0.236241
777.78 4.88692 -0.223181
777.78 4.95039 -0.209223
777.78 5.01385 -0.194423
777.78 5.07732 -0.178839
777.78 5.14079 -0.162536
777.78 5.20425 -0.145578
777.78 5.26772 -0.128034
777.78 5.33119 -0.109974
777.78 5.39465 -0.0914711
777.78 5.45812 -0.0726004
777.78 5.52159 -0.0534371
777.78 5.58505 -0.0340585
777.78 5.64852 -0.014543
777.78 5.71199 0.00503124
777.78 5.77545 0.0245851
777.78 5.83892 0.0440399
777.78 5.90239 0.0633175
777.78 5.96585 0.08234
777.78 6.02932 0.101031
777.78 6.09279 0.119315
777.78 6.15625 0.137119
777.78 6.21972 0.154371
777.78 6.28319 0.171001
778.781 0 0.424018
778.781 0.0634665 0.42204
778.781 0.126933 0.418363
778.781 0.1904 0.413002
778.781 0.253866 0.405977
778.781 0.317333 0.397318
778.781 0.380799 0.387059
778.781 0.444266 0.375241
778.781 0.507732 0.361913
778.781 0.571199 0.347126
778.781 0.634665 0.330943
778.781 0.698132 0.313427
778.781 0.761598 0.294649
778.781 0.825065 0.274684
778.781 0.888531 0.253613
778.781 0.951998 0.231521
778.781 1.01546 0.208497
778.781 1.07893 0.184633
778.781 1.1424 0.160026
778.781 1.20586 0.134774
778.781 1.26933 0.10898
778.781 1.3328 0.0827466
778.781 1.39626 0.0561803
778.781 1.45973 0.0293878
778.781 1.5232 0.00247672
778.781 1.58666 -0.0244441
778.781 1.65013 -0.0512665
778.781 1.7136 -0.0778827
778.781 1.77706 -0.104185
778.781 1.84053 -0.130067
778.781 1.904 -0.155427
778.781 1.96746 -0.18016
778.781 2.03093 -0.204168
778.781 2.0944 -0.227354
778.781 2.15786 -0.249624
778.781 2.22133 -0.270889
778.781 2.28479 -0.291063
778.781 2.34826 -0.310065
778.781 2.41173 -0.327819
778.781 2.47519 -0.344253
778.781 2.53866 -0.359301
778.781 2.60213 -0.372902
778.781 2.66559 -0.385001
778.781 2.72906 -0.39555
778.781 2.79253 -0.404506
778.781 2.85599 -0.411834
778.781 2.91946 -0.417503
778.781 2.98293 -0.421491
778.781 3.04639 -0.423781
778.781 3.10986 -0.424366
778.781 3.17333 -0.423242
778.781 3.23679 -0.420414
778.781 3.30026 -0.415892
778.781 3.36373 -0.409696
778.781 3.42719 -0.40185
778.781 3.49066 -0.392386
778.781 3.55413 -0.381342
778.781 3.61759 -0.368763
778.781 3.68106 -0.354699
778.781 3.74452 -0.339206
778.781 3.80799 -0.322347
778.781 3.87146 -0.304191
778.781 3.93492 -0.28481
778.781 3.99839 -0.264281
778.781 4.06186 -0.242689
778.781 4.12532 -0.22012
778.781 4.18879 -0.196664
778.781 4.25226 -0.172416
778.781 4.31572 -0.147474
778.781 4.37919 -0.121938
778.781 4.44266 -0.0959116
778.781 4.50612 -0.0694986
778.781 4.56959 -0.0428056
778.781 4.63306 -0.0159403
778.781 4.69652 0.010989
778.781 4.75999 0.0378742
778.781 4.82346 0.064607
778.781 4.88692 0.0910794
778.781 4.95039 0.117185
778.781 5.01385 0.142819
778.781 5.07732 0.167878
778.781 5.14079 0.192261
778.781 5.20425 0.21587
778.781 5.26772 0.238609
778.781 5.33119 0.260388
778.781 5.39465 0.281118
778.781 5.45812 0.300716
778.781 5.52159 0.319104
778.781 5.58505 0.336206
778.781 5.64852 0.351954
778.781 5.71199 0.366286
778.781 5.77545 0.379142
778.781 5.83892 0.390472
778.781 5.90239 0.40023
778.781 5.96585 0.408376
778.781 6.02932 0.414878
778.781 6.09279 0.419708
778.781 6.15625 0.42285
778.781 6.21972 0.424287
778.781 6.28319 0.424018
779.782 0 -0.160677
779.782 0.0634665 -0.145339
779.782 0.126933 -0.129416
779.782 0.1904 -0.112971
779.782 0.253866 -0.0960718
779.782 0.317333 -0.0787857
779.782 0.380799 -0.061182
779.782 0.444266 -0.0433322
779.782 0.507732 -0.0253077
779.782 0.571199 -0.00718137
779.782 0.634665 0.0109739
779.782 0.698132 0.0290849
779.782 0.761598 0.0470788
779.782 0.825065 0.0648831
779.782 0.888531 0.0824263
779.782 0.951998 0.0996372
779.782 1.01546 0.116447
779.782 1.07893 0.132788
779.782 1.1424 0.148595
779.782 1.20586 0.163803
779.782 1.26933 0.178351
779.782 1.3328 0.192182
779.782 1.39626 0.205238
779.782 1.45973 0.217468
779.782 1.5232 0.228823
779.782 1.58666 0.239255
779.782 1.65013 0.248725
779.782 1.7136 0.257193
779.782 1.77706 0.264626
779.782 1.84053 0.270993
779.782 1.904 0.276268
779.782 1.96746 0.280431
779.782 2.03093 0.283465
779.782 2.0944 0.285358
779.782 2.15786 0.286102
779.782 2.22133 0.285693
779.782 2.28479 0.284135
779.782 2.34826 0.281432
779.782 2.41173 0.277595
779.782 2.47519 0.272642
779.782 2.53866 0.26659
779.782 2.60213 0.259464
779.782 2.66559 0.251294
779.782 2.72906 0.242112
779.782 2.79253 0.231956
779.782 2.85599 0.220865
779.782 2.91946 0.208885
779.782 2.98293 0.196064
779.782 3.04639 0.182453
779.782 3.10986 0.168108
779.782 3.17333 0.153085
779.782 3.23679 0.137447
779.782 3.30026 0.121255
779.782 3.36373 0.104574
779.782 3.42719 0.0874729
779.782 3.49066 0.0700191
779.782 3.55413 0.0522832
779.782 3.61759 0.0343373
779.782 3.68106 0.0162526
779.782 3.74452 -0.001897
779.782 3.80799 -0.0200393
779.782 3.87146 -0.0381009
779.782 3.93492 -0.056009
779.782 3.99839 -0.0736915
779.782 4.06186 -0.0910776
779.782 4.12532 -0.108097
779.782 4.18879 -0.124681
779.782 4.25226 -0.140762
779.782 4.31572 -0.156277
779.782 4.37919 -0.171163
779.782 4.44266 -0.18536
779.782 4.50612 -0.19881
779.782 4.56959 -0.21146
779.782 4.63306 -0.223258
779.782 4.69652 -0.234157
779.782 4.75999 -0.244113
779.782 4.82346 -0.253086
779.782 4.88692 -0.261041
779.782 4.95039 -0.267944
779.782 5.01385 -0.273768
779.782 5.07732 -0.27849
779.782 5.14079 -0.28209
779.782 5.20425 -0.284555
779.782 5.26772 -0.285874
779.782 5.33119 -0.286042
779.782 5.39465 -0.285058
779.782 5.45812 -0.282925
779.782 5.52159 -0.279654
779.782 5.58505 -0.275257
779.782 5.64852 -0.269751
779.782 5.71199 -0.26316
779.782 5.77545 -0.255508
779.782 5.83892 -0.246828
779.782 5.90239 -0.237153
779.782 5.96585 -0.226524
779.782 6.02932 -0.214983
779.782 6.09279 -0.202577
779.782 6.15625 -0.189354
779.782 6.21972 -0.175369
779.782 6.28319 -0.160677
780.783 0 0.661533
780.783 0.0634665 0.650189
780.783 0.126933 0.636226
780.783 0.1904 0.619702
780.783 0.253866 0.600681
780.783 0.317333 0.579243
780.783 0.380799 0.555471
780.783 0.444266 0.529464
780.783 0.507732 0.501324
780.783 0.571199 0.471165
780.783 0.634665 0.43911
780.783 0.698132 0.405285
780.783 0.761598 0.36983
780.783 0.825065 0.332885
780.783 0.888531 0.2946
780.783 0.951998 0.255128
780.783 1.01546 0.214629
780.783 1.07893 0.173266
780.783 1.1424 0.131205
780.783 1.20586 0.088616
780.783 1.26933 0.0456699
780.783 1.3328 0.00253999
780.783 1.39626 -0.0406001
780.783 1.45973 -0.0835767
780.783 1.5232 -0.126217
780.783 1.58666 -0.168349
780.783 1.65013 -0.209803
780.783 1.7136 -0.250412
780.783 1.77706 -0.290013
780.783 1.84053 -0.328446
780.783 1.904 -0.365556
780.783 1.96746 -0.401195
780.783 2.03093 -0.435218
780.783 2.0944 -0.467488
780.783 2.15786 -0.497877
780.783 2.22133 -0.526261
780.783 2.28479 -0.552525
780.783 2.34826 -0.576564
780.783 2.41173 -0.598281
780.783 2.47519 -0.617591
780.783 2.53866 -0.634414
780.783 2.60213 -0.648681
780.783 2.66559 -0.660336
780.783 2.72906 -0.669333
780.783 2.79253 -0.675635
780.783 2.85599 -0.679215
780.783 2.91946 -0.680061
780.783 2.98293 -0.678168
780.783 3.04639 -0.673544
780.783 3.10986 -0.66621
780.783 3.17333 -0.656191
780.783 3.23679 -0.643532
780.783 3.30026 -0.62828
780.783 3.36373 -0.610499
780.783 3.42719 -0.590259
780.783 3.49066 -0.567642
780.783 3.55413 -0.542741
780.783 3.61759 -0.515652
780.783 3.68106 -0.486489
780.783 3.74452 -0.455367
780.783 3.80799 -0.422411
780.783 3.87146 -0.387753
780.783 3.93492 -0.351535
780.783 3.99839 -0.3139
780.783 4.06186 -0.275002
780.783 4.12532 -0.234997
780.783 4.18879 -0.194045
780.783 4.25226 -0.152312
780.783 4.31572 -0.109966
780.783 4.37919 -0.0671766
780.783 4.44266 -0.0241173
780.783 4.50612 0.0190395
780.783 4.56959 0.0621195
780.783 4.63306 0.10495
780.783 4.69652 0.147357
780.783 4.75999 0.189171
780.783 4.82346 0.230223
780.783 4.88692 0.270348
780.783 4.95039 0.309385
780.783 5.01385 0.347176
780.783 5.07732 0.383569
780.783 5.14079 0.418417
780.783 5.20425 0.451581
780.783 5.26772 0.482926
780.783 5.33119 0.512327
780.783 5.39465 0.539664
780.783 5.45812 0.564829
780.783 5.52159 0.587719
780.783 5.58505 0.608242
780.783 5.64852 0.626318
780.783 5.71199 0.641869
780.783 5.77545 0.654838
780.783 5.83892 0.665169
780.783 5.90239 0.672822
780.783 5.96585 0.677766
780.783 6.02932 0.67998
780.783 6.09279 0.679456
780.783 6.15625 0.676197
780.783 6.21972 0.670215
780.783 6.28319 0.661533
781.784 0 0.0682385
781.784 0.0634665 0.0557707
781.784 0.126933 0.0430781
781.784 0.1904 0.030212
781.784 0.253866 0.0172244
781.784 0.317333 0.00416738
781.784 0.380799 -0.0089064
781.784 0.444266 -0.0219443
781.784 0.507732 -0.0348939
781.784 0.571199 -0.047703
781.784 0.634665 -0.0603199
781.784 0.698132 -0.0726941
781.784 0.761598 -0.0847755
781.784 0.825065 -0.0965156
781.784 0.888531 -0.107867
781.784 0.951998 -0.118784
781.784 1.01546 -0.129222
781.784 1.07893 -0.139141
781.784 1.1424 -0.148499
781.784 1.20586 -0.157259
781.784 1.26933 -0.165387
781.784 1.3328 -0.172847
781.784 1.39626 -0.179612
781.784 1.45973 -0.185654
781.784 1.5232 -0.190948
781.784 1.58666 -0.195474
781.784 1.65013 -0.199212
781.784 1.7136 -0.202148
781.784 1.77706 -0.20427
781.784 1.84053 -0.20557
781.784 1.904 -0.206041
781.784 1.96746 -0.205684
781.784 2.03093 -0.204498
781.784 2.0944 -0.202487
781.784 2.15786 -0.199663
781.784 2.22133 -0.196034
781.784 2.28479 -0.191616
781.784 2.34826 -0.186426
781.784 2.41173 -0.180486
781.784 2.47519 -0.173819
781.784 2.53866 -0.166452
781.784 2.60213 -0.158414
781.784 2.66559 -0.149739
781.784 2.72906 -0.140461
781.784 2.79253 -0.130617
781.784 2.85599 -0.120248
781.784 2.91946 -0.109394
781.784 2.98293 -0.098099
781.784 3.04639 -0.08641
781.784 3.10986 -0.0743726
781.784 3.17333 -0.0620359
781.784 3.23679 -0.0494492
781.784 3.30026 -0.0366636
781.784 3.36373 -0.0237301
781.784 3.42719 -0.0107012
781.784 3.49066 0.00237063
781.784 3.55413 0.0154331
781.784 3.61759 0.0284335
781.784 3.68106 0.0413192
781.784 3.74452 0.0540387
781.784 3.80799 0.0665405
781.784 3.87146 0.0787744
781.784 3.93492 0.0906913
781.784 3.99839 0.102242
781.784 4.06186 0.113382
781.784 4.12532 0.124066
781.784 4.18879 0.13425
781.784 4.25226 0.143893
781.784 4.31572 0.152956
781.784 4.37919 0.161404
781.784 4.44266 0.169202
781.784 4.50612 0.176318
781.784 4.56959 0.182725
781.784 4.63306 0.188396
781.784 4.69652 0.193309
781.784 4.75999 0.197442
781.784 4.82346 0.200781
781.784 4.88692 0.203311
781.784 4.95039 0.205023
781.784 5.01385 0.205909
781.784 5.07732 0.205966
781.784 5.14079 0.205194
781.784 5.20425 0.203596
781.784 5.26772 0.201177
781.784 5.33119 0.197948
781.784 5.39465 0.193923
781.784 5.45812 0.189117
781.784 5.52159 0.183549
781.784 5.58505 0.177242
781.784 5.64852 0.170221
781.784 5.71199 0.162515
781.784 5.77545 0.154154
781.784 5.83892 0.145173
781.784 5.90239 0.135607
781.784 5.96585 0.125496
781.784 6.02932 0.114878
781.784 6.09279 0.103799
781.784 6.15625 0.092301
781.784 6.21972 0.0804319
781.784 6.28319 0.0682383
782.785 0 -0.0586693
782.785 0.0634665 -0.0751629
782.785 0.126933 -0.0913541
782.785 0.1904 -0.107177
782.785 0.253866 -0.122569
782.785 0.317333 -0.137467
782.785 0.380799 -0.151812
782.785 0.444266 -0.165545
782.785 0.507732 -0.178611
782.785 0.571199 -0.190959
782.785 0.634665 -0.202538
782.785 0.698132 -0.2133
782.785 0.761598 -0.223205
782.785 0.825065 -0.23221
782.785 0.888531 -0.24028
782.785 0.951998 -0.247383
782.785 1.01546 -0.25349
782.785 1.07893 -0.258576
782.785 1.1424 -0.262621
782.785 1.20586 -0.265608
782.785 1.26933 -0.267526
782.785 1.3328 -0.268366
782.785 1.39626 -0.268126
782.785 1.45973 -0.266807
782.785 1.5232 -0.264412
782.785 1.58666 -0.260953
782.785 1.65013 -0.256444
782.785 1.7136 -0.250902
782.785 1.77706 -0.244349
782.785 1.84053 -0.236813
782.785 1.904 -0.228323
782.785 1.96746 -0.218914
782.785 2.03093 -0.208624
782.785 2.0944 -0.197492
782.785 2.15786 -0.185566
782.785 2.22133 -0.172893
782.785 2.28479 -0.159524
782.785 2.34826 -0.145512
782.785 2.41173 -0.130915
782.785 2.47519 -0.115789
782.785 2.53866 -0.100198
782.785 2.60213 -0.0842037
782.785 2.66559 -0.0678699
782.785 2.72906 -0.0512631
782.785 2.79253 -0.03445
782.785 2.85599 -0.0174978
782.785 2.91946 -0.00047534
782.785 2.98293 0.016549
782.785 3.04639 0.0335068
782.785 3.10986 0.0503297
782.785 3.17333 0.0669499
782.785 3.23679 0.0833005
782.785 3.30026 0.0993157
782.785 3.36373 0.114931
782.785 3.42719 0.130083
782.785 3.49066 0.144712
782.785 3.55413 0.158758
782.785 3.61759 0.172165
782.785 3.68106 0.184878
782.785 3.74452 0.196847
782.785 3.80799 0.208024
782.785 3.87146 0.218363
782.785 3.93492 0.227822
782.785 3.99839 0.236364
782.785 4.06186 0.243954
782.785 4.12532 0.250563
782.785 4.18879 0.256162
782.785 4.25226 0.260729
782.785 4.31572 0.264247
782.785 4.37919 0.266701
782.785 4.44266 0.268081
782.785 4.50612 0.268381
782.785 4.56959 0.267601
782.785 4.63306 0.265743
782.785 4.69652 0.262815
782.785 4.75999 0.258829
782.785 4.82346 0.253801
782.785 4.88692 0.247751
782.785 4.95039 0.240703
782.785 5.01385 0.232686
782.785 5.07732 0.223731
782.785 5.14079 0.213876
782.785 5.20425 0.20316
782.785 5.26772 0.191626
782.785 5.33119 0.17932
782.785 5.39465 0.166292
782.785 5.45812 0.152595
782.785 5.52159 0.138283
782.785 5.58505 0.123414
782.785 5.64852 0.108048
782.785 5.71199 0.0922475
782.785 5.77545 0.0760752
782.785 5.83892 0.0595968
782.785 5.90239 0.0428782
782.785 5.96585 0.0259872
782.785 6.02932 0.00899106
782.785 6.09279 -0.00804093
782.785 6.15625 -0.0250405
782.785 6.21972 -0.0419394
782.785 6.28319 -0.0586693
783.786 0 -0.0638841
783.786 0.0634665 -0.0753004
783.786 0.126933 -0.0864131
783.786 0.1904 -0.0971779
783.786 0.253866 -0.107552
783.786 0.317333 -0.117492
783.786 0.380799 -0.12696
783.786 0.444266 -0.135916
783.786 0.507732 -0.144325
783.786 0.571199 -0.152153
783.786 0.634665 -0.159368
783.786 0.698132 -0.165941
783.786 0.761598 -0.171847
783.786 0.825065 -0.17706
783.786 0.888531 -0.18156
783.786 0.951998 -0.18533
783.786 1.01546 -0.188352
783.786 1.07893 -0.190617
783.786 1.1424 -0.192114
783.786 1.20586 -0.192837
783.786 1.26933 -0.192784
783.786 1.3328 -0.191955
783.786 1.39626 -0.190353
783.786 1.45973 -0.187984
783.786 1.5232 -0.184858
783.786 1.58666 -0.180988
783.786 1.65013 -0.17639
783.786 1.7136 -0.171081
783.786 1.77706 -0.165083
783.786 1.84053 -0.15842
783.786 1.904 -0.151119
783.786 1.96746 -0.14321
783.786 2.03093 -0.134724
783.786 2.0944 -0.125696
783.786 2.15786 -0.116162
783.786 2.22133 -0.10616
783.786 2.28479 -0.09573
783.786 2.34826 -0.0849151
783.786 2.41173 -0.0737579
783.786 2.47519 -0.0623041
783.786 2.53866 -0.0505993
783.786 2.60213 -0.0386906
783.786 2.66559 -0.0266262
783.786 2.72906 -0.0144547
783.786 2.79253 -0.00222482
783.786 2.85599 0.0100139
783.786 2.91946 0.0222123
783.786 2.98293 0.0343214
783.786 3.04639 0.0462921
783.786 3.10986 0.0580765
783.786 3.17333 0.0696273
783.786 3.23679 0.0808973
783.786 3.30026 0.0918418
783.786 3.36373 0.102416
783.786 3.42719 0.112579
783.786 3.49066 0.122288
783.786 3.55413 0.131504
783.786 3.61759 0.140191
783.786 3.68106 0.148314
783.786 3.74452 0.155839
783.786 3.80799 0.162737
783.786 3.87146 0.168979
783.786 3.93492 0.174541
783.786 3.99839 0.1794
783.786 4.06186 0.183537
783.786 4.12532 0.186935
783.786 4.18879 0.18958
783.786 4.25226 0.191462
783.786 4.31572 0.192573
783.786 4.37919 0.192908
783.786 4.44266 0.192467
783.786 4.50612 0.19125
783.786 4.56959 0.189264
783.786 4.63306 0.186515
783.786 4.69652 0.183016
783.786 4.75999 0.178779
783.786 4.82346 0.173823
783.786 4.88692 0.168166
783.786 4.95039 0.161833
783.786 5.01385 0.154847
783.786 5.07732 0.147239
783.786 5.14079 0.139037
783.786 5.20425 0.130276
783.786 5.26772 0.12099
783.786 5.33119 0.111217
783.786 5.39465 0.100996
783.786 5.45812 0.090368
783.786 5.52159 0.0793765
783.786 5.58505 0.0680654
783.786 5.64852 0.0564802
783.786 5.71199 0.0446675
783.786 5.77545 0.0326748
783.786 5.83892 0.0205509
783.786 5.90239 0.00834383
783.786 5.96585 -0.00389646
783.786 6.02932 -0.0161213
783.786 6.09279 -0.0282812
783.786 6.15625 -0.0403271
783.786 6.21972 -0.0522107
783.786 6.28319 -0.0638843
784.787 0 -0.261705
784.787 0.0634665 -0.250795
784.787 0.126933 -0.238876
784.787 0.1904 -0.225995
784.787 0.253866 -0.212204
784.787 0.317333 -0.197558
784.787 0.380799 -0.182117
784.787 0.444266 -0.165943
784.787 0.507732 -0.1491
784.787 0.571199 -0.131657
784.787 0.634665 -0.113684
784.787 0.698132 -0.0952527
784.787 0.761598 -0.0764384
784.787 0.825065 -0.0573162
784.787 0.888531 -0.037963
784.787 0.951998 -0.0184572
784.787 1.01546 0.00112311
784.787 1.07893 0.0206988
784.787 1.1424 0.0401911
784.787 1.20586 0.0595216
784.787 1.26933 0.0786126
784.787 1.3328 0.0973868
784.787 1.39626 0.115769
784.787 1.45973 0.133685
784.787 1.5232 0.151063
784.787 1.58666 0.167832
784.787 1.65013 0.183926
784.787 1.7136 0.199279
784.787 1.77706 0.213829
784.787 1.84053 0.227519
784.787 1.904 0.240292
784.787 1.96746 0.252098
784.787 2.03093 0.262889
784.787 2.0944 0.272621
784.787 2.15786 0.281256
784.787 2.22133 0.288758
784.787 2.28479 0.295096
784.787 2.34826 0.300248
784.787 2.41173 0.30419
784.787 2.47519 0.306907
784.787 2.53866 0.308388
784.787 2.60213 0.308628
784.787 2.66559 0.307625
784.787 2.72906 0.305383
784.787 2.79253 0.301911
784.787 2.85599 0.297224
784.787 2.91946 0.291339
784.787 2.98293 0.284282
784.787 3.04639 0.276081
784.787 3.10986 0.266767
784.787 3.17333 0.256379
784.787 3.23679 0.244959
784.787 3.30026 0.232553
784.787 3.36373 0.21921
784.787 3.42719 0.204984
784.787 3.49066 0.189933
784.787 3.55413 0.174118
784.787 3.61759 0.157601
784.787 3.68106 0.140449
784.787 3.74452 0.122732
784.787 3.80799 0.104521
784.787 3.87146 0.0858888
784.787 3.93492 0.0669109
784.787 3.99839 0.0476636
784.787 4.06186 0.0282242
784.787 4.12532 0.00867147
784.787 4.18879 -0.0109165
784.787 4.25226 -0.0304604
784.787 4.31572 -0.0498815
784.787 4.37919 -0.0691019
784.787 4.44266 -0.088044
784.787 4.50612 -0.106632
784.787 4.56959 -0.12479
784.787 4.63306 -0.142445
784.787 4.69652 -0.159528
784.787 4.75999 -0.175968
784.787 4.82346 -0.191699
784.787 4.88692 -0.206658
784.787 4.95039 -0.220785
784.787 5.01385 -0.234023
784.787 5.07732 -0.24632
784.787 5.14079 -0.257623
784.787 5.20425 -0.26789
784.787 5.26772 -0.277078
784.787 5.33119 -0.28515
784.787 5.39465 -0.292074
784.787 5.45812 -0.297822
784.787 5.52159 -0.302371
784.787 5.58505 -0.305702
784.787 5.64852 -0.307802
784.787 5.71199 -0.308664
784.787 5.77545 -0.308281
784.787 5.83892 -0.306658
784.787 5.90239 -0.3038
784.787 5.96585 -0.299718
784.787 6.02932 -0.29443
784.787 6.09279 -0.287956
784.787 6.15625 -0.280322
784.787 6.21972 -0.27156
784.787 6.28319 -0.261705
785.788 0 0.209084
785.788 0.0634665 0.202908
785.788 0.126933 0.195916
785.788 0.1904 0.188134
785.788 0.253866 0.179595
785.788 0.317333 0.170333
785.788 0.380799 0.160385
785.788 0.444266 0.14979
785.788 0.507732 0.138593
785.788 0.571199 0.126838
785.788 0.634665 0.114572
785.788 0.698132 0.101845
785.788 0.761598 0.0887077
785.788 0.825065 0.0752133
785.788 0.888531 0.061416
785.788 0.951998 0.047371
785.788 1.01546 0.0331357
785.788 1.07893 0.0187668
785.788 1.1424 0.00432245
785.788 1.20586 -0.0101395
785.788 1.26933 -0.0245605
785.788 1.3328 -0.0388825
785.788 1.39626 -0.0530481
785.788 1.45973 -0.067
785.788 1.5232 -0.0806822
785.788 1.58666 -0.0940393
785.788 1.65013 -0.107018
785.788 1.7136 -0.119566
785.788 1.77706 -0.131632
785.788 1.84053 -0.143168
785.788 1.904 -0.154128
785.788 1.96746 -0.164467
785.788 2.03093 -0.174144
785.788 2.0944 -0.18312
785.788 2.15786 -0.191358
785.788 2.22133 -0.198826
785.788 2.28479 -0.205492
785.788 2.34826 -0.211333
785.788 2.41173 -0.216321
785.788 2.47519 -0.220439
785.788 2.53866 -0.223669
785.788 2.60213 -0.225998
785.788 2.66559 -0.227418
785.788 2.72906 -0.227921
785.788 2.79253 -0.227507
785.788 2.85599 -0.226177
785.788 2.91946 -0.223936
785.788 2.98293 -0.220793
785.788 3.04639 -0.216762
785.788 3.10986 -0.211857
785.788 3.17333 -0.2061
785.788 3.23679 -0.199512
785.788 3.30026 -0.192122
785.788 3.36373 -0.183957
785.788 3.42719 -0.175052
785.788 3.49066 -0.165442
785.788 3.55413 -0.155165
785.788 3.61759 -0.144264
785.788 3.68106 -0.132783
785.788 3.74452 -0.120766
785.788 3.80799 -0.108263
785.788 3.87146 -0.0953244
785.788 3.93492 -0.0820019
785.788 3.99839 -0.0683491
785.788 4.06186 -0.0544208
785.788 4.12532 -0.0402738
785.788 4.18879 -0.0259644
785.788 4.25226 -0.0115504
785.788 4.31572 0.00290997
785.788 4.37919 0.0173588
785.788 4.44266 0.0317374
785.788 4.50612 0.0459884
785.788 4.56959 0.0600544
785.788 4.63306 0.0738782
785.788 4.69652 0.0874049
785.788 4.75999 0.100579
785.788 4.82346 0.113349
785.788 4.88692 0.125662
785.788 4.95039 0.137469
785.788 5.01385 0.148723
785.788 5.07732 0.159378
785.788 5.14079 0.169391
785.788 5.20425 0.178722
785.788 5.26772 0.187333
785.788 5.33119 0.19519
785.788 5.39465 0.202261
785.788 5.45812 0.208518
785.788 5.52159 0.213934
785.788 5.58505 0.21849
785.788 5.64852 0.222166
785.788 5.71199 0.224947
785.788 5.77545 0.226822
785.788 5.83892 0.227784
785.788 5.90239 0.227829
785.788 5.96585 0.226956
785.788 6.02932 0.22517
785.788 6.09279 0.222477
785.788 6.15625 0.218888
785.788 6.21972 0.214418
785.788 6.28319 0.209084
786.789 0 -0.673049
786.789 0.0634665 -0.68935
786.789 0.126933 -0.702875
786.789 0.1904 -0.71357
786.789 0.253866 -0.72139
786.789 0.317333 -0.726308
786.789 0.380799 -0.728299
786.789 0.444266 -0.727359
786.789 0.507732 -0.72349
786.789 0.571199 -0.716707
786.789 0.634665 -0.707038
786.789 0.698132 -0.694523
786.789 0.761598 -0.679211
786.789 0.825065 -0.661164
786.789 0.888531 -0.640454
786.789 0.951998 -0.617166
786.789 1.01546 -0.591392
786.789 1.07893 -0.563238
786.789 1.1424 -0.532815
786.789 1.20586 -0.500246
786.789 1.26933 -0.465664
786.789 1.3328 -0.429207
786.789 1.39626 -0.391021
786.789 1.45973 -0.351261
786.789 1.5232 -0.310086
786.789 1.58666 -0.267663
786.789 1.65013 -0.224162
786.789 1.7136 -0.179758
786.789 1.77706 -0.134631
786.789 1.84053 -0.088961
786.789 1.904 -0.0429334
786.789 1.96746 0.0032675
786.789 2.03093 0.049455
786.789 2.0944 0.0954435
786.789 2.15786 0.141047
786.789 2.22133 0.186083
786.789 2.28479 0.230371
786.789 2.34826 0.27373
786.789 2.41173 0.315987
786.789 2.47519 0.356972
786.789 2.53866 0.396519
786.789 2.60213 0.434469
786.789 2.66559 0.470671
786.789 2.72906 0.504976
786.789 2.79253 0.537249
786.789 2.85599 0.567358
786.789 2.91946 0.595183
786.789 2.98293 0.620611
786.789 3.04639 0.64354
786.789 3.10986 0.663878
786.789 3.17333 0.681543
786.789 3.23679 0.696463
786.789 3.30026 0.708578
786.789 3.36373 0.717842
786.789 3.42719 0.724213
786.789 3.49066 0.72767
786.789 3.55413 0.728196
786.789 3.61759 0.72579
786.789 3.68106 0.720461
786.789 3.74452 0.712231
786.789 3.80799 0.701134
786.789 3.87146 0.687213
786.789 3.93492 0.670524
786.789 3.99839 0.651137
786.789 4.06186 0.629127
786.789 4.12532 0.604584
786.789 4.18879 0.577606
786.789 4.25226 0.548302
786.789 4.31572 0.516791
786.789 4.37919 0.483199
786.789 4.44266 0.447661
786.789 4.50612 0.410321
786.789 4.56959 0.371328
786.789 4.63306 0.33084
786.789 4.69652 0.28902
786.789 4.75999 0.246036
786.789 4.82346 0.202062
786.789 4.88692 0.157274
786.789 4.95039 0.111852
786.789 5.01385 0.0659803
786.789 5.07732 0.0198429
786.789 5.14079 -0.0263746
786.789 5.20425 -0.0724859
786.789 5.26772 -0.118305
786.789 5.33119 -0.163648
786.789 5.39465 -0.208332
786.789 5.45812 -0.252177
786.789 5.52159 -0.295006
786.789 5.58505 -0.336649
786.789 5.64852 -0.376935
786.789 5.71199 -0.415703
786.789 5.77545 -0.452798
786.789 5.83892 -0.488069
786.789 5.90239 -0.521376
786.789 5.96585 -0.552583
786.789 6.02932 -0.581563
786.789 6.09279 -0.608203
786.789 6.15625 -0.632394
786.789 6.21972 -0.654038
786.789 6.28319 -0.673049
787.79 0 0.394013
787.79 0.0634665 0.391492
787.79 0.126933 0.387394
787.79 0.1904 0.381737
787.79 0.253866 0.374543
787.79 0.317333 0.36584
787.79 0.380799 0.355664
787.79 0.444266 0.344056
787.79 0.507732 0.331062
787.79 0.571199 0.316736
787.79 0.634665 0.301134
787.79 0.698132 0.284319
787.79 0.761598 0.26636
787.79 0.825065 0.247328
787.79 0.888531 0.2273
787.79 0.951998 0.206357
787.79 1.01546 0.184583
787.79 1.07893 0.162066
787.79 1.1424 0.138897
787.79 1.20586 0.115167
787.79 1.26933 0.0909749
787.79 1.3328 0.0664154
787.79 1.39626 0.0415893
787.79 1.45973 0.0165949
787.79 1.5232 -0.00846597
787.79 1.58666 -0.0334926
787.79 1.65013 -0.0583846
787.79 1.7136 -0.0830415
787.79 1.77706 -0.107364
787.79 1.84053 -0.131254
787.79 1.904 -0.154615
787.79 1.96746 -0.177354
787.79 2.03093 -0.199379
787.79 2.0944 -0.220601
787.79 2.15786 -0.240935
787.79 2.22133 -0.260298
787.79 2.28479 -0.278614
787.79 2.34826 -0.295808
787.79 2.41173 -0.31181
787.79 2.47519 -0.326557
787.79 2.53866 -0.339989
787.79 2.60213 -0.352052
787.79 2.66559 -0.362697
787.79 2.72906 -0.371882
787.79 2.79253 -0.37957
787.79 2.85599 -0.385729
787.79 2.91946 -0.390335
787.79 2.98293 -0.393369
787.79 3.04639 -0.394819
787.79 3.10986 -0.39468
787.79 3.17333 -0.392951
787.79 3.23679 -0.38964
787.79 3.30026 -0.38476
787.79 3.36373 -0.37833
787.79 3.42719 -0.370377
787.79 3.49066 -0.360933
787.79 3.55413 -0.350036
787.79 3.61759 -0.337729
787.79 3.68106 -0.324062
787.79 3.74452 -0.30909
787.79 3.80799 -0.292874
787.79 3.87146 -0.275479
787.79 3.93492 -0.256973
787.79 3.99839 -0.237434
787.79 4.06186 -0.216938
787.79 4.12532 -0.195569
787.79 4.18879 -0.173412
787.79 4.25226 -0.150557
787.79 4.31572 -0.127096
787.79 4.37919 -0.103123
787.79 4.44266 -0.078735
787.79 4.50612 -0.0540293
787.79 4.56959 -0.0291067
787.79 4.63306 -0.00406657
787.79 4.69652 0.0209896
787.79 4.75999 0.0459613
787.79 4.82346 0.0707484
787.79 4.88692 0.0952503
787.79 4.95039 0.119369
787.79 5.01385 0.143006
787.79 5.07732 0.166068
787.79 5.14079 0.188462
787.79 5.20425 0.210096
787.79 5.26772 0.230884
787.79 5.33119 0.250743
787.79 5.39465 0.269592
787.79 5.45812 0.287355
787.79 5.52159 0.303962
787.79 5.58505 0.319344
787.79 5.64852 0.333441
787.79 5.71199 0.346195
787.79 5.77545 0.357554
787.79 5.83892 0.367475
787.79 5.90239 0.375915
787.79 5.96585 0.382842
787.79 6.02932 0.388227
787.79 6.09279 0.392049
787.79 6.15625 0.394292
787.79 6.21972 0.394948
787.79 6.28319 0.394014
788.791 0 0.320156
788.791 0.0634665 0.326834
788.791 0.126933 0.332195
788.791 0.1904 0.33622
788.791 0.253866 0.33889
788.791 0.317333 0.340196
788.791 0.380799 0.340131
788.791 0.444266 0.338697
788.791 0.507732 0.3359
788.791 0.571199 0.331749
788.791 0.634665 0.326264
788.791 0.698132 0.319464
788.791 0.761598 0.311378
788.791 0.825065 0.302038
788.791 0.888531 0.291482
788.791 0.951998 0.279752
788.791 1.01546 0.266895
788.791 1.07893 0.252964
788.791 1.1424 0.238015
788.791 1.20586 0.222107
788.791 1.26933 0.205304
788.791 1.3328 0.187675
788.791 1.39626 0.169291
788.791 1.45973 0.150224
788.791 1.5232 0.130553
788.791 1.58666 0.110356
788.791 1.65013 0.0897145
788.791 1.7136 0.068712
788.791 1.77706 0.0474326
788.791 1.84053 0.0259625
788.791 1.904 0.00438767
788.791 1.96746 -0.0172049
788.791 2.03093 -0.0387284
788.791 2.0944 -0.0600956
788.791 2.15786 -0.0812205
788.791 2.22133 -0.102019
788.791 2.28479 -0.122406
788.791 2.34826 -0.142301
788.791 2.41173 -0.161623
788.791 2.47519 -0.180293
788.791 2.53866 -0.198238
788.791 2.60213 -0.215385
788.791 2.66559 -0.231664
788.791 2.72906 -0.24701
788.791 2.79253 -0.261362
788.791 2.85599 -0.274662
788.791 2.91946 -0.286855
788.791 2.98293 -0.297893
788.791 3.04639 -0.307732
788.791 3.10986 -0.316332
788.791 3.17333 -0.323658
788.791 3.23679 -0.329681
788.791 3.30026 -0.334376
788.791 3.36373 -0.337725
788.791 3.42719 -0.339713
788.791 3.49066 -0.340335
788.791 3.55413 -0.339585
788.791 3.61759 -0.337469
788.791 3.68106 -0.333992
788.791 3.74452 -0.329172
788.791 3.80799 -0.323026
788.791 3.87146 -0.31558
788.791 3.93492 -0.306862
788.791 3.99839 -0.296909
788.791 4.06186 -0.285761
788.791 4.12532 -0.273461
788.791 4.18879 -0.260061
788.791 4.25226 -0.245613
788.791 4.31572 -0.230177
788.791 4.37919 -0.213813
788.791 4.44266 -0.196589
788.791 4.50612 -0.178573
788.791 4.56959 -0.159838
788.791 4.63306 -0.140459
788.791 4.69652 -0.120515
788.791 4.75999 -0.100086
788.791 4.82346 -0.0792531
788.791 4.88692 -0.0581015
788.791 4.95039 -0.0367159
788.791 5.01385 -0.0151826
788.791 5.07732 0.00641175
788.791 5.14079 0.0279807
788.791 5.20425 0.0494366
788.791 5.26772 0.0706936
788.791 5.33119 0.0916661
788.791 5.39465 0.112269
788.791 5.45812 0.13242
788.791 5.52159 0.152038
788.791 5.58505 0.171044
788.791 5.64852 0.189361
788.791 5.71199 0.206915
788.791 5.77545 0.223637
788.791 5.83892 0.239458
788.791 5.90239 0.254314
788.791 5.96585 0.268147
788.791 6.02932 0.2809
788.791 6.09279 0.292521
788.791 6.15625 0.302965
788.791 6.21972 0.312189
788.791 6.28319 0.320156
789.792 0 -0.188664
789.792 0.0634665 -0.211479
789.792 0.126933 -0.233442
789.792 0.1904 -0.254465
789.792 0.253866 -0.274463
789.792 0.317333 -0.293357
789.792 0.380799 -0.311068
789.792 0.444266 -0.327528
789.792 0.507732 -0.342668
789.792 0.571199 -0.356429
789.792 0.634665 -0.368755
789.792 0.698132 -0.379595
789.792 0.761598 -0.388907
789.792 0.825065 -0.396654
789.792 0.888531 -0.402803
789.792 0.951998 -0.407329
789.792 1.01546 -0.410217
789.792 1.07893 -0.411452
789.792 1.1424 -0.41103
789.792 1.20586 -0.408953
789.792 1.26933 -0.405229
789.792 1.3328 -0.399874
789.792 1.39626 -0.392909
789.792 1.45973 -0.384361
789.792 1.5232 -0.374267
789.792 1.58666 -0.362664
789.792 1.65013 -0.349602
789.792 1.7136 -0.335131
789.792 1.77706 -0.319312
789.792 1.84053 -0.302206
789.792 1.904 -0.283884
789.792 1.96746 -0.264419
789.792 2.03093 -0.243889
789.792 2.0944 -0.222377
789.792 2.15786 -0.199968
789.792 2.22133 -0.176756
789.792 2.28479 -0.152831
789.792 2.34826 -0.128292
789.792 2.41173 -0.103235
789.792 2.47519 -0.0777627
789.792 2.53866 -0.0519775
789.792 2.60213 -0.0259828
789.792 2.66559 0.000116603
789.792 2.72906 0.0262153
789.792 2.79253 0.0522085
789.792 2.85599 0.0779915
789.792 2.91946 0.103461
789.792 2.98293 0.128513
789.792 3.04639 0.153048
789.792 3.10986 0.176966
789.792 3.17333 0.200172
789.792 3.23679 0.222573
789.792 3.30026 0.244076
789.792 3.36373 0.264597
789.792 3.42719 0.284053
789.792 3.49066 0.302365
789.792 3.55413 0.319459
789.792 3.61759 0.335267
789.792 3.68106 0.349725
789.792 3.74452 0.362774
789.792 3.80799 0.374363
789.792 3.87146 0.384444
789.792 3.93492 0.392978
789.792 3.99839 0.39993
789.792 4.06186 0.40527
789.792 4.12532 0.408979
789.792 4.18879 0.411041
789.792 4.25226 0.411448
789.792 4.31572 0.410198
789.792 4.37919 0.407297
789.792 4.44266 0.402754
789.792 4.50612 0.396591
789.792 4.56959 0.388832
789.792 4.63306 0.379505
789.792 4.69652 0.368651
789.792 4.75999 0.356313
789.792 4.82346 0.34254
789.792 4.88692 0.327387
789.792 4.95039 0.310916
789.792 5.01385 0.293193
789.792 5.07732 0.27429
789.792 5.14079 0.254282
789.792 5.20425 0.23325
789.792 5.26772 0.211279
789.792 5.33119 0.188457
789.792 5.39465 0.164877
789.792 5.45812 0.140632
789.792 5.52159 0.115822
789.792 5.58505 0.0905446
789.792 5.64852 0.0649029
789.792 5.71199 0.0389997
789.792 5.77545 0.0129397
789.792 5.83892 -0.0131725
789.792 5.90239 -0.0392317
789.792 5.96585 -0.0651328
789.792 6.02932 -0.0907719
789.792 6.09279 -0.116045
789.792 6.15625 -0.140851
789.792 6.21972 -0.16509
789.792 6.28319 -0.188665
790.793 0 -0.245497
790.793 0.0634665 -0.251608
790.793 0.126933 -0.256706
790.793 0.1904 -0.26077
790.793 0.253866 -0.263784
790.793 0.317333 -0.265736
790.793 0.380799 -0.266617
790.793 0.444266 -0.266426
790.793 0.507732 -0.265161
790.793 0.571199 -0.262829
790.793 0.634665 -0.259438
790.793 0.698132 -0.255003
790.793 0.761598 -0.249541
790.793 0.825065 -0.243074
790.793 0.888531 -0.235629
790.793 0.951998 -0.227234
790.793 1.01546 -0.217925
790.793 1.07893 -0.207738
790.793 1.1424 -0.196715
790.793 1.20586 -0.184899
790.793 1.26933 -0.172339
790.793 1.3328 -0.159085
790.793 1.39626 -0.145191
790.793 1.45973 -0.130712
790.793 1.5232 -0.115706
790.793 1.58666 -0.100235
790.793 1.65013 -0.0843595
790.793 1.7136 -0.0681449
790.793 1.77706 -0.0516557
790.793 1.84053 -0.0349586
790.793 1.904 -0.0181207
790.793 1.96746 -0.00120995
790.793 2.03093 0.0157058
790.793 2.0944 0.0325583
790.793 2.15786 0.0492798
790.793 2.22133 0.0658025
790.793 2.28479 0.0820606
790.793 2.34826 0.0979883
790.793 2.41173 0.113521
790.793 2.47519 0.128597
790.793 2.53866 0.143155
790.793 2.60213 0.157137
790.793 2.66559 0.170486
790.793 2.72906 0.183148
790.793 2.79253 0.195073
790.793 2.85599 0.206213
790.793 2.91946 0.216521
790.793 2.98293 0.225959
790.793 3.04639 0.234486
790.793 3.10986 0.242069
790.793 3.17333 0.248678
790.793 3.23679 0.254285
790.793 3.30026 0.258868
790.793 3.36373 0.262409
790.793 3.42719 0.264893
790.793 3.49066 0.266311
790.793 3.55413 0.266656
790.793 3.61759 0.265927
790.793 3.68106 0.264128
790.793 3.74452 0.261266
790.793 3.80799 0.257351
790.793 3.87146 0.252399
790.793 3.93492 0.246432
790.793 3.99839 0.239472
790.793 4.06186 0.231548
790.793 4.12532 0.222692
790.793 4.18879 0.212938
790.793 4.25226 0.202328
790.793 4.31572 0.190903
790.793 4.37919 0.178709
790.793 4.44266 0.165796
790.793 4.50612 0.152215
790.793 4.56959 0.138021
790.793 4.63306 0.123271
790.793 4.69652 0.108025
790.793 4.75999 0.0923436
790.793 4.82346 0.0762906
790.793 4.88692 0.0599304
790.793 4.95039 0.043329
790.793 5.01385 0.026553
790.793 5.07732 0.00967018
790.793 5.14079 -0.00725164
790.793 5.20425 -0.0241443
790.793 5.26772 -0.0409395
790.793 5.33119 -0.05757
790.793 5.39465 -0.0739689
790.793 5.45812 -0.0900696
790.793 5.52159 -0.105808
790.793 5.58505 -0.12112
790.793 5.64852 -0.135944
790.793 5.71199 -0.150221
790.793 5.77545 -0.163894
790.793 5.83892 -0.176906
790.793 5.90239 -0.189206
790.793 5.96585 -0.200744
790.793 6.02932 -0.211473
790.793 6.09279 -0.221352
790.793 6.15625 -0.230339
790.793 6.21972 -0.238398
790.793 6.28319 -0.245497
791.794 0 -0.012989
791.794 0.0634665 -0.0161848
791.794 0.126933 -0.019315
791.794 0.1904 -0.0223676
791.794 0.253866 -0.0253303
791.794 0.317333 -0.0281908
791.794 0.380799 -0.030938
791.794 0.444266 -0.0335605
791.794 0.507732 -0.0360477
791.794 0.571199 -0.0383902
791.794 0.634665 -0.0405776
791.794 0.698132 -0.0426019
791.794 0.761598 -0.0444545
791.794 0.825065 -0.0461281
791.794 0.888531 -0.0476162
791.794 0.951998 -0.0489124
791.794 1.01546 -0.0500115
791.794 1.07893 -0.0509095
791.794 1.1424 -0.0516024
791.794 1.20586 -0.0520875
791.794 1.26933 -0.0523628
791.794 1.3328 -0.0524275
791.794 1.39626 -0.0522808
791.794 1.45973 -0.0519238
791.794 1.5232 -0.0513576
791.794 1.58666 -0.0505845
791.794 1.65013 -0.0496079
791.794 1.7136 -0.0484314
791.794 1.77706 -0.04706
791.794 1.84053 -0.0454991
791.794 1.904 -0.0437548
791.794 1.96746 -0.0418346
791.794 2.03093 -0.0397459
791.794 2.0944 -0.0374971
791.794 2.15786 -0.0350971
791.794 2.22133 -0.0325559
791.794 2.28479 -0.0298837
791.794 2.34826 -0.0270912
791.794 2.41173 -0.0241897
791.794 2.47519 -0.0211907
791.794 2.53866 -0.0181062
791.794 2.60213 -0.0149489
791.794 2.66559 -0.0117315
791.794 2.72906 -0.00846667
791.794 2.79253 -0.00516803
791.794 2.85599 -0.00184822
791.794 2.91946 0.00147878
791.794 2.98293 0.00479996
791.794 3.04639 0.00810172
791.794 3.10986 0.0113707
791.794 3.17333 0.014594
791.794 3.23679 0.0177588
791.794 3.30026 0.0208517
791.794 3.36373 0.0238611
791.794 3.42719 0.0267741
791.794 3.49066 0.0295793
791.794 3.55413 0.0322654
791.794 3.61759 0.0348217
791.794 3.68106 0.0372376
791.794 3.74452 0.0395037
791.794 3.80799 0.0416108
791.794 3.87146 0.0435502
791.794 3.93492 0.0453141
791.794 3.99839 0.0468959
791.794 4.06186 0.0482887
791.794 4.12532 0.0494869
791.794 4.18879 0.050486
791.794 4.25226 0.0512818
791.794 4.31572 0.051871
791.794 4.37919 0.0522514
791.794 4.44266 0.0524215
791.794 4.50612 0.0523806
791.794 4.56959 0.0521285
791.794 4.63306 0.0516666
791.794 4.69652 0.0509967
791.794 4.75999 0.0501214
791.794 4.82346 0.0490443
791.794 4.88692 0.0477699
791.794 4.95039 0.0463029
791.794 5.01385 0.0446496
791.794 5.07732 0.0428163
791.794 5.14079 0.0408109
791.794 5.20425 0.0386408
791.794 5.26772 0.0363154
791.794 5.33119 0.0338437
791.794 5.39465 0.0312356
791.794 5.45812 0.028502
791.794 5.52159 0.0256535
791.794 5.58505 0.0227016
791.794 5.64852 0.0196584
791.794 5.71199 0.0165357
791.794 5.77545 0.0133468
791.794 5.83892 0.010104
791.794 5.90239 0.0068209
791.794 5.96585 0.00350985
791.794 6.02932 0.000184897
791.794 6.09279 -0.00314099
791.794 6.15625 -0.00645407
791.794 6.21972 -0.00974119
791.794 6.28319 -0.0129891
792.795 0 0.096343
792.795 0.0634665 0.118415
792.795 0.126933 0.140011
792.795 0.1904 0.161043
792.795 0.253866 0.181426
792.795 0.317333 0.201078
792.795 0.380799 0.219922
792.795 0.444266 0.237879
792.795 0.507732 0.254879
792.795 0.571199 0.270852
792.795 0.634665 0.285735
792.795 0.698132 0.299467
792.795 0.761598 0.311994
792.795 0.825065 0.323264
792.795 0.888531 0.333232
792.795 0.951998 0.341858
792.795 1.01546 0.349108
792.795 1.07893 0.354953
792.795 1.1424 0.359368
792.795 1.20586 0.362336
792.795 1.26933 0.363845
792.795 1.3328 0.363889
792.795 1.39626 0.362467
792.795 1.45973 0.359587
792.795 1.5232 0.355258
792.795 1.58666 0.349498
792.795 1.65013 0.342332
792.795 1.7136 0.333787
792.795 1.77706 0.323898
792.795 1.84053 0.312704
792.795 1.904 0.300252
792.795 1.96746 0.28659
792.795 2.03093 0.271775
792.795 2.0944 0.255865
792.795 2.15786 0.238925
792.795 2.22133 0.221023
792.795 2.28479 0.202231
792.795 2.34826 0.182624
792.795 2.41173 0.162282
792.795 2.47519 0.141287
792.795 2.53866 0.119723
792.795 2.60213 0.0976764
792.795 2.66559 0.0752371
792.795 2.72906 0.0524947
792.795 2.79253 0.0295407
792.795 2.85599 0.00646783
792.795 2.91946 -0.0166311
792.795 2.98293 -0.0396631
792.795 3.04639 -0.0625352
792.795 3.10986 -0.0851557
792.795 3.17333 -0.107433
792.795 3.23679 -0.129278
792.795 3.30026 -0.150602
792.795 3.36373 -0.17132
792.795 3.42719 -0.191349
792.795 3.49066 -0.210606
792.795 3.55413 -0.229016
792.795 3.61759 -0.246503
792.795 3.68106 -0.262998
792.795 3.74452 -0.278434
792.795 3.80799 -0.292748
792.795 3.87146 -0.305884
792.795 3.93492 -0.317788
792.795 3.99839 -0.328413
792.795 4.06186 -0.337715
792.795 4.12532 -0.345657
792.795 4.18879 -0.352208
792.795 4.25226 -0.35734
792.795 4.31572 -0.361034
792.795 4.37919 -0.363273
792.795 4.44266 -0.36405
792.795 4.50612 -0.363361
792.795 4.56959 -0.361209
792.795 4.63306 -0.357602
792.795 4.69652 -0.352556
792.795 4.75999 -0.346089
792.795 4.82346 -0.33823
792.795 4.88692 -0.329008
792.795 4.95039 -0.318461
792.795 5.01385 -0.306632
792.795 5.07732 -0.293569
792.795 5.14079 -0.279323
792.795 5.20425 -0.263953
792.795 5.26772 -0.247519
792.795 5.33119 -0.23009
792.795 5.39465 -0.211733
792.795 5.45812 -0.192524
792.795 5.52159 -0.17254
792.795 5.58505 -0.151861
792.795 5.64852 -0.130571
792.795 5.71199 -0.108755
792.795 5.77545 -0.0865006
792.795 5.83892 -0.0638981
792.795 5.90239 -0.0410382
792.795 5.96585 -0.0180133
792.795 6.02932 0.00508423
792.795 6.09279 0.0281612
792.795 6.15625 0.051125
792.795 6.21972 0.0738827
792.795 6.28319 0.096343
793.796 0 0.0314232
793.796 0.0634665 0.0368116
793.796 0.126933 0.0420521
793.796 0.1904 0.0471231
793.796 0.253866 0.0520045
793.796 0.317333 0.0566764
793.796 0.380799 0.06112
793.796 0.444266 0.0653176
793.796 0.507732 0.0692522
793.796 0.571199 0.0729079
793.796 0.634665 0.07627
793.796 0.698132 0.079325
793.796 0.761598 0.0820606
793.796 0.825065 0.0844657
793.796 0.888531 0.0865308
793.796 0.951998 0.0882474
793.796 1.01546 0.0896087
793.796 1.07893 0.0906091
793.796 1.1424 0.0912448
793.796 1.20586 0.0915131
793.796 1.26933 0.0914128
793.796 1.3328 0.0909443
793.796 1.39626 0.0901098
793.796 1.45973 0.0889123
793.796 1.5232 0.0873568
793.796 1.58666 0.0854497
793.796 1.65013 0.0831985
793.796 1.7136 0.0806123
793.796 1.77706 0.0777013
793.796 1.84053 0.0744776
793.796 1.904 0.070954
793.796 1.96746 0.0671447
793.796 2.03093 0.0630649
793.796 2.0944 0.0587313
793.796 2.15786 0.054161
793.796 2.22133 0.0493728
793.796 2.28479 0.0443858
793.796 2.34826 0.03922
793.796 2.41173 0.0338964
793.796 2.47519 0.0284361
793.796 2.53866 0.0228616
793.796 2.60213 0.0171948
793.796 2.66559 0.0114588
793.796 2.72906 0.00567661
793.796 2.79253 -0.000128412
793.796 2.85599 -0.00593271
793.796 2.91946 -0.0117134
793.796 2.98293 -0.0174467
793.796 3.04639 -0.0231099
793.796 3.10986 -0.02868
793.796 3.17333 -0.0341346
793.796 3.23679 -0.0394518
793.796 3.30026 -0.04461
793.796 3.36373 -0.0495888
793.796 3.42719 -0.0543678
793.796 3.49066 -0.0589278
793.796 3.55413 -0.0632507
793.796 3.61759 -0.0673188
793.796 3.68106 -0.0711158
793.796 3.74452 -0.0746264
793.796 3.80799 -0.0778367
793.796 3.87146 -0.0807334
793.796 3.93492 -0.0833051
793.796 3.99839 -0.0855414
793.796 4.06186 -0.0874332
793.796 4.12532 -0.0889728
793.796 4.18879 -0.0901543
793.796 4.25226 -0.0909728
793.796 4.31572 -0.0914249
793.796 4.37919 -0.091509
793.796 4.44266 -0.0912244
793.796 4.50612 -0.0905726
793.796 4.56959 -0.0895562
793.796 4.63306 -0.0881791
793.796 4.69652 -0.0864469
793.796 4.75999 -0.0843667
793.796 4.82346 -0.0819466
793.796 4.88692 -0.0791967
793.796 4.95039 -0.0761278
793.796 5.01385 -0.0727522
793.796 5.07732 -0.069084
793.796 5.14079 -0.0651374
793.796 5.20425 -0.0609287
793.796 5.26772 -0.0564743
793.796 5.33119 -0.051793
793.796 5.39465 -0.0469029
793.796 5.45812 -0.0418239
793.796 5.52159 -0.0365766
793.796 5.58505 -0.0311819
793.796 5.64852 -0.0256618
793.796 5.71199 -0.0200382
793.796 5.77545 -0.014334
793.796 5.83892 -0.00857196
793.796 5.90239 -0.00277554
793.796 5.96585 0.00303212
793.796 6.02932 0.00882753
793.796 6.09279 0.0145874
793.796 6.15625 0.0202887
793.796 6.21972 0.0259079
793.796 6.28319 0.0314232
794.797 0 -0.417795
794.797 0.0634665 -0.414346
794.797 0.126933 -0.409228
794.797 0.1904 -0.402462
794.797 0.253866 -0.394076
794.797 0.317333 -0.384103
794.797 0.380799 -0.372584
794.797 0.444266 -0.359564
794.797 0.507732 -0.345096
794.797 0.571199 -0.32924
794.797 0.634665 -0.312056
794.797 0.698132 -0.293617
794.797 0.761598 -0.273995
794.797 0.825065 -0.25327
794.797 0.888531 -0.231525
794.797 0.951998 -0.208848
794.797 1.01546 -0.185329
794.797 1.07893 -0.161065
794.797 1.1424 -0.136152
794.797 1.20586 -0.110691
794.797 1.26933 -0.0847839
794.797 1.3328 -0.0585355
794.797 1.39626 -0.0320514
794.797 1.45973 -0.00543835
794.797 1.5232 0.0211966
794.797 1.58666 0.0477462
794.797 1.65013 0.0741036
794.797 1.7136 0.100163
794.797 1.77706 0.125818
794.797 1.84053 0.150967
794.797 1.904 0.175508
794.797 1.96746 0.199343
794.797 2.03093 0.222375
794.797 2.0944 0.244511
794.797 2.15786 0.265663
794.797 2.22133 0.285745
794.797 2.28479 0.304676
794.797 2.34826 0.322381
794.797 2.41173 0.338787
794.797 2.47519 0.35383
794.797 2.53866 0.367447
794.797 2.60213 0.379585
794.797 2.66559 0.390195
794.797 2.72906 0.399233
794.797 2.79253 0.406664
794.797 2.85599 0.412457
794.797 2.91946 0.41659
794.797 2.98293 0.419045
794.797 3.04639 0.419812
794.797 3.10986 0.41889
794.797 3.17333 0.41628
794.797 3.23679 0.411995
794.797 3.30026 0.40605
794.797 3.36373 0.39847
794.797 3.42719 0.389286
794.797 3.49066 0.378534
794.797 3.55413 0.366259
794.797 3.61759 0.352508
794.797 3.68106 0.337338
794.797 3.74452 0.320809
794.797 3.80799 0.302989
794.797 3.87146 0.283949
794.797 3.93492 0.263765
794.797 3.99839 0.242519
794.797 4.06186 0.220297
794.797 4.12532 0.197188
794.797 4.18879 0.173284
794.797 4.25226 0.148683
794.797 4.31572 0.123484
794.797 4.37919 0.0977864
794.797 4.44266 0.0716959
794.797 4.50612 0.0453164
794.797 4.56959 0.0187544
794.797 4.63306 -0.00788304
794.797 4.69652 -0.0344888
794.797 4.75999 -0.0609556
794.797 4.82346 -0.0871771
794.797 4.88692 -0.113047
794.797 4.95039 -0.138463
794.797 5.01385 -0.16332
794.797 5.07732 -0.18752
794.797 5.14079 -0.210965
794.797 5.20425 -0.233561
794.797 5.26772 -0.255216
794.797 5.33119 -0.275843
794.797 5.39465 -0.295359
794.797 5.45812 -0.313686
794.797 5.52159 -0.330751
794.797 5.58505 -0.346483
794.797 5.64852 -0.36082
794.797 5.71199 -0.373704
794.797 5.77545 -0.385084
794.797 5.83892 -0.394913
794.797 5.90239 -0.403152
794.797 5.96585 -0.409767
794.797 6.02932 -0.414732
794.797 6.09279 -0.418028
794.797 6.15625 -0.41964
794.797 6.21972 -0.419562
794.797 6.28319 -0.417795
795.798 0 0.14103
795.798 0.0634665 0.150212
795.798 0.126933 0.15879
795.798 0.1904 0.166728
795.798 0.253866 0.173994
795.798 0.317333 0.18056
795.798 0.380799 0.186399
795.798 0.444266 0.191487
795.798 0.507732 0.195805
795.798 0.571199 0.199334
795.798 0.634665 0.20206
795.798 0.698132 0.203972
795.798 0.761598 0.205064
795.798 0.825065 0.205329
795.798 0.888531 0.204768
795.798 0.951998 0.203382
795.798 1.01546 0.201178
795.798 1.07893 0.198163
795.798 1.1424 0.19435
795.798 1.20586 0.189755
795.798 1.26933 0.184396
795.798 1.3328 0.178294
795.798 1.39626 0.171474
795.798 1.45973 0.163963
795.798 1.5232 0.155793
795.798 1.58666 0.146995
795.798 1.65013 0.137605
795.798 1.7136 0.127662
795.798 1.77706 0.117204
795.798 1.84053 0.106274
795.798 1.904 0.0949165
795.798 1.96746 0.0831767
795.798 2.03093 0.0711019
795.798 2.0944 0.0587409
795.798 2.15786 0.0461431
795.798 2.22133 0.0333598
795.798 2.28479 0.0204418
795.798 2.34826 0.00744185
795.798 2.41173 -0.00558836
795.798 2.47519 -0.0185958
795.798 2.53866 -0.0315286
795.798 2.60213 -0.0443344
795.798 2.66559 -0.0569615
795.798 2.72906 -0.0693593
795.798 2.79253 -0.0814779
795.798 2.85599 -0.0932684
795.798 2.91946 -0.104683
795.798 2.98293 -0.115677
795.798 3.04639 -0.126204
795.798 3.10986 -0.136224
795.798 3.17333 -0.145694
795.798 3.23679 -0.154578
795.798 3.30026 -0.162841
795.798 3.36373 -0.170446
795.798 3.42719 -0.177367
795.798 3.49066 -0.183572
795.798 3.55413 -0.189038
795.798 3.61759 -0.193744
795.798 3.68106 -0.197669
795.798 3.74452 -0.200798
795.798 3.80799 -0.203119
795.798 3.87146 -0.204621
795.798 3.93492 -0.2053
795.798 3.99839 -0.205152
795.798 4.06186 -0.204178
795.798 4.12532 -0.202382
795.798 4.18879 -0.199771
795.798 4.25226 -0.196355
795.798 4.31572 -0.192149
795.798 4.37919 -0.187169
795.798 4.44266 -0.181436
795.798 4.50612 -0.174972
795.798 4.56959 -0.167803
795.798 4.63306 -0.159959
795.798 4.69652 -0.15147
795.798 4.75999 -0.142372
795.798 4.82346 -0.132701
795.798 4.88692 -0.122494
795.798 4.95039 -0.111795
795.798 5.01385 -0.100646
795.798 5.07732 -0.0890914
795.798 5.14079 -0.0771781
795.798 5.20425 -0.064954
795.798 5.26772 -0.0524681
795.798 5.33119 -0.0397714
795.798 5.39465 -0.0269142
795.798 5.45812 -0.0139488
795.798 5.52159 -0.000927208
795.798 5.58505 0.0120982
795.798 5.64852 0.0250748
795.798 5.71199 0.0379506
795.798 5.77545 0.0506733
795.798 5.83892 0.0631922
795.798 5.90239 0.0754566
795.798 5.96585 0.0874171
795.798 6.02932 0.0990255
795.798 6.09279 0.110235
795.798 6.15625 0.121001
795.798 6.21972 0.13128
795.798 6.28319 0.14103
796.799 0 0.288571
796.799 0.0634665 0.280973
796.799 0.126933 0.272243
796.799 0.1904 0.262417
796.799 0.253866 0.251534
796.799 0.317333 0.239639
796.799 0.380799 0.226778
796.799 0.444266 0.213005
796.799 0.507732 0.198374
796.799 0.571199 0.182944
796.799 0.634665 0.166777
796.799 0.698132 0.149938
796.799 0.761598 0.132496
796.799 0.825065 0.114521
796.799 0.888531 0.0960841
796.799 0.951998 0.0772604
796.799 1.01546 0.0581258
796.799 1.07893 0.038757
796.799 1.1424 0.0192323
796.799 1.20586 -0.000370019
796.799 1.26933 -0.0199708
796.799 1.3328 -0.0394911
796.799 1.39626 -0.0588524
796.799 1.45973 -0.0779768
796.799 1.5232 -0.096787
796.799 1.58666 -0.115208
796.799 1.65013 -0.133165
796.799 1.7136 -0.150585
796.799 1.77706 -0.167399
796.799 1.84053 -0.18354
796.799 1.904 -0.19894
796.799 1.96746 -0.21354
796.799 2.03093 -0.227281
796.799 2.0944 -0.240106
796.799 2.15786 -0.251964
796.799 2.22133 -0.262808
796.799 2.28479 -0.272593
796.799 2.34826 -0.28128
796.799 2.41173 -0.288835
796.799 2.47519 -0.295228
796.799 2.53866 -0.300431
796.799 2.60213 -0.304424
796.799 2.66559 -0.307192
796.799 2.72906 -0.308723
796.799 2.79253 -0.309011
796.799 2.85599 -0.308054
796.799 2.91946 -0.305857
796.799 2.98293 -0.302428
796.799 3.04639 -0.297782
796.799 3.10986 -0.291936
796.799 3.17333 -0.284916
796.799 3.23679 -0.276747
796.799 3.30026 -0.267465
796.799 3.36373 -0.257105
796.799 3.42719 -0.24571
796.799 3.49066 -0.233326
796.799 3.55413 -0.220002
796.799 3.61759 -0.205793
796.799 3.68106 -0.190755
796.799 3.74452 -0.174948
796.799 3.80799 -0.158437
796.799 3.87146 -0.141289
796.799 3.93492 -0.123571
796.799 3.99839 -0.105356
796.799 4.06186 -0.086716
796.799 4.12532 -0.0677272
796.799 4.18879 -0.0484658
796.799 4.25226 -0.0290092
796.799 4.31572 -0.0094358
796.799 4.37919 0.0101756
796.799 4.44266 0.0297458
796.799 4.50612 0.0491965
796.799 4.56959 0.068449
796.799 4.63306 0.0874261
796.799 4.69652 0.106051
796.799 4.75999 0.124249
796.799 4.82346 0.141946
796.799 4.88692 0.159072
796.799 4.95039 0.175558
796.799 5.01385 0.191336
796.799 5.07732 0.206344
796.799 5.14079 0.220522
796.799 5.20425 0.233811
796.799 5.26772 0.246159
796.799 5.33119 0.257515
796.799 5.39465 0.267835
796.799 5.45812 0.277076
796.799 5.52159 0.285202
796.799 5.58505 0.292179
796.799 5.64852 0.297979
796.799 5.71199 0.30258
796.799 5.77545 0.305962
796.799 5.83892 0.308113
796.799 5.90239 0.309022
796.799 5.96585 0.308688
796.799 6.02932 0.30711
796.799 6.09279 0.304296
796.799 6.15625 0.300257
796.799 6.21972 0.295008
796.799 6.28319 0.288571
797.8 0 -0.029326
797.8 0.0634665 -0.0401531
797.8 0.126933 -0.0508188
797.8 0.1904 -0.0612796
797.8 0.253866 -0.0714939
797.8 0.317333 -0.0814199
797.8 0.380799 -0.0910183
797.8 0.444266 -0.10025
797.8 0.507732 -0.109079
797.8 0.571199 -0.117468
797.8 0.634665 -0.125384
797.8 0.698132 -0.132795
797.8 0.761598 -0.139671
797.8 0.825065 -0.145985
797.8 0.888531 -0.151711
797.8 0.951998 -0.156827
797.8 1.01546 -0.161311
797.8 1.07893 -0.165145
797.8 1.1424 -0.168314
797.8 1.20586 -0.170806
797.8 1.26933 -0.172609
797.8 1.3328 -0.173719
797.8 1.39626 -0.174127
797.8 1.45973 -0.173836
797.8 1.5232 -0.172843
797.8 1.58666 -0.171156
797.8 1.65013 -0.168779
797.8 1.7136 -0.165722
797.8 1.77706 -0.161998
797.8 1.84053 -0.157622
797.8 1.904 -0.152611
797.8 1.96746 -0.146986
797.8 2.03093 -0.140768
797.8 2.0944 -0.133984
797.8 2.15786 -0.126661
797.8 2.22133 -0.118827
797.8 2.28479 -0.110514
797.8 2.34826 -0.101757
797.8 2.41173 -0.0925905
797.8 2.47519 -0.0830508
797.8 2.53866 -0.0731763
797.8 2.60213 -0.0630078
797.8 2.66559 -0.0525853
797.8 2.72906 -0.041951
797.8 2.79253 -0.0311479
797.8 2.85599 -0.0202193
797.8 2.91946 -0.00920917
797.8 2.98293 0.00183781
797.8 3.04639 0.0128776
797.8 3.10986 0.0238654
797.8 3.17333 0.0347572
797.8 3.23679 0.0455089
797.8 3.30026 0.0560774
797.8 3.36373 0.0664202
797.8 3.42719 0.0764953
797.8 3.49066 0.0862627
797.8 3.55413 0.0956826
797.8 3.61759 0.104717
797.8 3.68106 0.11333
797.8 3.74452 0.121487
797.8 3.80799 0.129154
797.8 3.87146 0.136302
797.8 3.93492 0.1429
797.8 3.99839 0.148923
797.8 4.06186 0.154347
797.8 4.12532 0.159149
797.8 4.18879 0.16331
797.8 4.25226 0.166813
797.8 4.31572 0.169645
797.8 4.37919 0.171794
797.8 4.44266 0.173251
797.8 4.50612 0.174011
797.8 4.56959 0.174069
797.8 4.63306 0.173427
797.8 4.69652 0.172087
797.8 4.75999 0.170053
797.8 4.82346 0.167335
797.8 4.88692 0.163943
797.8 4.95039 0.159891
797.8 5.01385 0.155194
797.8 5.07732 0.149874
797.8 5.14079 0.14395
797.8 5.20425 0.137445
797.8 5.26772 0.130388
797.8 5.33119 0.122805
797.8 5.39465 0.114728
797.8 5.45812 0.10619
797.8 5.52159 0.097223
797.8 5.58505 0.0878649
797.8 5.64852 0.0781529
797.8 5.71199 0.0681263
797.8 5.77545 0.0578256
797.8 5.83892 0.047292
797.8 5.90239 0.0365679
797.8 5.96585 0.0256965
797.8 6.02932 0.0147217
797.8 6.09279 0.00368754
797.8 6.15625 -0.00736144
797.8 6.21972 -0.0183807
797.8 6.28319 -0.0293261
798.801 0 -0.237632
798.801 0.0634665 -0.240543
798.801 0.126933 -0.242486
798.801 0.1904 -0.243452
798.801 0.253866 -0.243438
798.801 0.317333 -0.242444
798.801 0.380799 -0.240473
798.801 0.444266 -0.237534
798.801 0.507732 -0.233639
798.801 0.571199 -0.228803
798.801 0.634665 -0.223046
798.801 0.698132 -0.216391
798.801 0.761598 -0.208864
798.801 0.825065 -0.200496
798.801 0.888531 -0.191321
798.801 0.951998 -0.181375
798.801 1.01546 -0.1707
798.801 1.07893 -0.159336
798.801 1.1424 -0.147332
798.801 1.20586 -0.134734
798.801 1.26933 -0.121593
798.801 1.3328 -0.107963
798.801 1.39626 -0.093898
798.801 1.45973 -0.079455
798.801 1.5232 -0.0646922
798.801 1.58666 -0.0496688
798.801 1.65013 -0.0344454
798.801 1.7136 -0.019083
798.801 1.77706 -0.00364428
798.801 1.84053 0.0118093
798.801 1.904 0.0272154
798.801 1.96746 0.0425119
798.801 2.03093 0.0576372
798.801 2.0944 0.0725305
798.801 2.15786 0.0871317
798.801 2.22133 0.101382
798.801 2.28479 0.115224
798.801 2.34826 0.128602
798.801 2.41173 0.141462
798.801 2.47519 0.153753
798.801 2.53866 0.165425
798.801 2.60213 0.17643
798.801 2.66559 0.186725
798.801 2.72906 0.196268
798.801 2.79253 0.205021
798.801 2.85599 0.212949
798.801 2.91946 0.220018
798.801 2.98293 0.226202
798.801 3.04639 0.231475
798.801 3.10986 0.235816
798.801 3.17333 0.239207
798.801 3.23679 0.241636
798.801 3.30026 0.243091
798.801 3.36373 0.243567
798.801 3.42719 0.243063
798.801 3.49066 0.24158
798.801 3.55413 0.239124
798.801 3.61759 0.235706
798.801 3.68106 0.231338
798.801 3.74452 0.226039
798.801 3.80799 0.219829
798.801 3.87146 0.212734
798.801 3.93492 0.204783
798.801 3.99839 0.196007
798.801 4.06186 0.186442
798.801 4.12532 0.176126
798.801 4.18879 0.165101
798.801 4.25226 0.153411
798.801 4.31572 0.141104
798.801 4.37919 0.128228
798.801 4.44266 0.114836
798.801 4.50612 0.100981
798.801 4.56959 0.0867201
798.801 4.63306 0.0721098
798.801 4.69652 0.0572093
798.801 4.75999 0.0420784
798.801 4.82346 0.0267778
798.801 4.88692 0.0113694
798.801 4.95039 -0.00408465
798.801 5.01385 -0.0195223
798.801 5.07732 -0.0348814
798.801 5.14079 -0.0500997
798.801 5.20425 -0.0651167
798.801 5.26772 -0.0798713
798.801 5.33119 -0.0943043
798.801 5.39465 -0.108358
798.801 5.45812 -0.121974
798.801 5.52159 -0.1351
798.801 5.58505 -0.147682
798.801 5.64852 -0.159669
798.801 5.71199 -0.171014
798.801 5.77545 -0.181669
798.801 5.83892 -0.191593
798.801 5.90239 -0.200746
798.801 5.96585 -0.20909
798.801 6.02932 -0.216592
798.801 6.09279 -0.223223
798.801 6.15625 -0.228954
798.801 6.21972 -0.233764
798.801 6.28319 -0.237632
799.802 0 -0.0349701
799.802 0.0634665 -0.0461144
799.802 0.126933 -0.0570735
799.802 0.1904 -0.0678021
799.802 0.253866 -0.078258
799.802 0.317333 -0.0883988
799.802 0.380799 -0.0981837
799.802 0.444266 -0.107573
799.802 0.507732 -0.116529
799.802 0.571199 -0.125017
799.802 0.634665 -0.133
799.802 0.698132 -0.140448
799.802 0.761598 -0.147331
799.802 0.825065 -0.15362
799.802 0.888531 -0.159291
799.802 0.951998 -0.16432
799.802 1.01546 -0.168688
799.802 1.07893 -0.172377
799.802 1.1424 -0.175371
799.802 1.20586 -0.177659
799.802 1.26933 -0.179232
799.802 1.3328 -0.180083
799.802 1.39626 -0.180209
799.802 1.45973 -0.179609
799.802 1.5232 -0.178287
799.802 1.58666 -0.176246
799.802 1.65013 -0.173495
799.802 1.7136 -0.170046
799.802 1.77706 -0.165913
799.802 1.84053 -0.161111
799.802 1.904 -0.15566
799.802 1.96746 -0.149583
799.802 2.03093 -0.142904
799.802 2.0944 -0.135648
799.802 2.15786 -0.127847
799.802 2.22133 -0.119531
799.802 2.28479 -0.110734
799.802 2.34826 -0.10149
799.802 2.41173 -0.0918384
799.802 2.47519 -0.0818165
799.802 2.53866 -0.0714652
799.802 2.60213 -0.0608262
799.802 2.66559 -0.0499423
799.802 2.72906 -0.0388574
799.802 2.79253 -0.0276159
799.802 2.85599 -0.0162631
799.802 2.91946 -0.00484511
799.802 2.98293 0.00659263
799.802 3.04639 0.0180037
799.802 3.10986 0.0293421
799.802 3.17333 0.0405629
799.802 3.23679 0.05162
799.802 3.30026 0.0624692
799.802 3.36373 0.0730669
799.802 3.42719 0.0833703
799.802 3.49066 0.0933381
799.802 3.55413 0.10293
799.802 3.61759 0.112108
799.802 3.68106 0.120834
799.802 3.74452 0.129073
799.802 3.80799 0.136793
799.802 3.87146 0.143962
799.802 3.93492 0.150551
799.802 3.99839 0.156534
799.802 4.06186 0.161887
799.802 4.12532 0.166588
799.802 4.18879 0.170618
799.802 4.25226 0.173961
799.802 4.31572 0.176604
799.802 4.37919 0.178536
799.802 4.44266 0.179748
799.802 4.50612 0.180237
799.802 4.56959 0.18
799.802 4.63306 0.179038
799.802 4.69652 0.177356
799.802 4.75999 0.174959
799.802 4.82346 0.171858
799.802 4.88692 0.168064
799.802 4.95039 0.163594
799.802 5.01385 0.158466
799.802 5.07732 0.152699
799.802 5.14079 0.146317
799.802 5.20425 0.139346
799.802 5.26772 0.131814
799.802 5.33119 0.123751
799.802 5.39465 0.11519
799.802 5.45812 0.106165
799.802 5.52159 0.0967128
799.802 5.58505 0.0868711
799.802 5.64852 0.0766794
799.802 5.71199 0.0661789
799.802 5.77545 0.0554123
799.802 5.83892 0.0444223
799.802 5.90239 0.0332535
799.802 5.96585 0.0219507
799.802 6.02932 0.0105597
799.802 6.09279 -0.000874113
799.802 6.15625 -0.0123044
799.802 6.21972 -0.0236849
799.802 6.28319 -0.0349701
800.803 0 -0.560345
800.803 0.0634665 -0.54496
800.803 0.126933 -0.52738
800.803 0.1904 -0.507677
800.803 0.253866 -0.48593
800.803 0.317333 -0.462226
800.803 0.380799 -0.43666
800.803 0.444266 -0.409337
800.803 0.507732 -0.380365
800.803 0.571199 -0.349861
800.803 0.634665 -0.317949
800.803 0.698132 -0.284757
800.803 0.761598 -0.250417
800.803 0.825065 -0.21507
800.803 0.888531 -0.178857
800.803 0.951998 -0.141923
800.803 1.01546 -0.104418
800.803 1.07893 -0.0664923
800.803 1.1424 -0.0282989
800.803 1.20586 0.0100084
800.803 1.26933 0.0482754
800.803 1.3328 0.0863478
800.803 1.39626 0.124073
800.803 1.45973 0.161298
800.803 1.5232 0.197874
800.803 1.58666 0.233653
800.803 1.65013 0.268491
800.803 1.7136 0.302248
800.803 1.77706 0.334788
800.803 1.84053 0.36598
800.803 1.904 0.395698
800.803 1.96746 0.423823
800.803 2.03093 0.450242
800.803 2.0944 0.474848
800.803 2.15786 0.497541
800.803 2.22133 0.518231
800.803 2.28479 0.536834
800.803 2.34826 0.553275
800.803 2.41173 0.567489
800.803 2.47519 0.579417
800.803 2.53866 0.589013
800.803 2.60213 0.596236
800.803 2.66559 0.60106
800.803 2.72906 0.603462
800.803 2.79253 0.603435
800.803 2.85599 0.600978
800.803 2.91946 0.596101
800.803 2.98293 0.588824
800.803 3.04639 0.579176
800.803 3.10986 0.567195
800.803 3.17333 0.552931
800.803 3.23679 0.53644
800.803 3.30026 0.517789
800.803 3.36373 0.497054
800.803 3.42719 0.474316
800.803 3.49066 0.449669
800.803 3.55413 0.423211
800.803 3.61759 0.39505
800.803 3.68106 0.365297
800.803 3.74452 0.334074
800.803 3.80799 0.301505
800.803 3.87146 0.267722
800.803 3.93492 0.232861
800.803 3.99839 0.197062
800.803 4.06186 0.160471
800.803 4.12532 0.123232
800.803 4.18879 0.085498
800.803 4.25226 0.0474194
800.803 4.31572 0.00914977
800.803 4.37919 -0.0291567
800.803 4.44266 -0.0673454
800.803 4.50612 -0.105263
800.803 4.56959 -0.142757
800.803 4.63306 -0.179676
800.803 4.69652 -0.215872
800.803 4.75999 -0.251199
800.803 4.82346 -0.285513
800.803 4.88692 -0.318679
800.803 4.95039 -0.350561
800.803 5.01385 -0.381031
800.803 5.07732 -0.409967
800.803 5.14079 -0.437253
800.803 5.20425 -0.462778
800.803 5.26772 -0.486438
800.803 5.33119 -0.508142
800.803 5.39465 -0.527798
800.803 5.45812 -0.545329
800.803 5.52159 -0.560664
800.803 5.58505 -0.573742
800.803 5.64852 -0.58451
800.803 5.71199 -0.592924
800.803 5.77545 -0.59895
800.803 5.83892 -0.602565
800.803 5.90239 -0.603753
800.803 5.96585 -0.60251
800.803 6.02932 -0.598841
800.803 6.09279 -0.592761
800.803 6.15625 -0.584294
800.803 6.21972 -0.573475
800.803 6.28319 -0.560345
801.804 0 0.352759
801.804 0.0634665 0.356058
801.804 0.126933 0.357923
801.804 0.1904 0.358346
801.804 0.253866 0.357327
801.804 0.317333 0.354869
801.804 0.380799 0.350982
801.804 0.444266 0.345682
801.804 0.507732 0.33899
801.804 0.571199 0.330932
801.804 0.634665 0.321543
801.804 0.698132 0.310859
801.804 0.761598 0.298923
801.804 0.825065 0.285783
801.804 0.888531 0.271492
801.804 0.951998 0.256108
801.804 1.01546 0.239693
801.804 1.07893 0.222313
801.804 1.1424 0.204037
801.804 1.20586 0.184941
801.804 1.26933 0.165099
801.804 1.3328 0.144593
801.804 1.39626 0.123504
801.804 1.45973 0.101918
801.804 1.5232 0.0799217
801.804 1.58666 0.0576035
801.804 1.65013 0.0350534
801.804 1.7136 0.0123623
801.804 1.77706 -0.0103789
801.804 1.84053 -0.0330781
801.804 1.904 -0.0556442
801.804 1.96746 -0.0779862
801.804 2.03093 -0.100014
801.804 2.0944 -0.121639
801.804 2.15786 -0.142775
801.804 2.22133 -0.163335
801.804 2.28479 -0.183238
801.804 2.34826 -0.202403
801.804 2.41173 -0.220753
801.804 2.47519 -0.238214
801.804 2.53866 -0.254716
801.804 2.60213 -0.270193
801.804 2.66559 -0.284581
801.804 2.72906 -0.297823
801.804 2.79253 -0.309866
801.804 2.85599 -0.320662
801.804 2.91946 -0.330166
801.804 2.98293 -0.338341
801.804 3.04639 -0.345153
801.804 3.10986 -0.350576
801.804 3.17333 -0.354587
801.804 3.23679 -0.35717
801.804 3.30026 -0.358315
801.804 3.36373 -0.358017
801.804 3.42719 -0.356277
801.804 3.49066 -0.353104
801.804 3.55413 -0.348507
801.804 3.61759 -0.342508
801.804 3.68106 -0.33513
801.804 3.74452 -0.326402
801.804 3.80799 -0.31636
801.804 3.87146 -0.305044
801.804 3.93492 -0.292499
801.804 3.99839 -0.278778
801.804 4.06186 -0.263933
801.804 4.12532 -0.248026
801.804 4.18879 -0.23112
801.804 4.25226 -0.213283
801.804 4.31572 -0.194587
801.804 4.37919 -0.175108
801.804 4.44266 -0.154924
801.804 4.50612 -0.134116
801.804 4.56959 -0.112768
801.804 4.63306 -0.0909658
801.804 4.69652 -0.0687973
801.804 4.75999 -0.0463521
801.804 4.82346 -0.0237196
801.804 4.88692 -0.000992226
801.804 4.95039 0.0217395
801.804 5.01385 0.0443834
801.804 5.07732 0.0668489
801.804 5.14079 0.089045
801.804 5.20425 0.110883
801.804 5.26772 0.132274
801.804 5.33119 0.153132
801.804 5.39465 0.173374
801.804 5.45812 0.192918
801.804 5.52159 0.211685
801.804 5.58505 0.229599
801.804 5.64852 0.246589
801.804 5.71199 0.262586
801.804 5.77545 0.277526
801.804 5.83892 0.291349
801.804 5.90239 0.303998
801.804 5.96585 0.315423
801.804 6.02932 0.325578
801.804 6.09279 0.334422
801.804 6.15625 0.341919
801.804 6.21972 0.34804
801.804 6.28319 0.352759
802.805 0 0.0529084
802.805 0.0634665 0.0395291
802.805 0.126933 0.0259905
802.805 0.1904 0.0123474
802.805 0.253866 -0.0013454
802.805 0.317333 -0.0150329
802.805 0.380799 -0.0286599
802.805 0.444266 -0.0421714
802.805 0.507732 -0.0555133
802.805 0.571199 -0.0686312
802.805 0.634665 -0.081473
802.805 0.698132 -0.0939869
802.805 0.761598 -0.106122
802.805 0.825065 -0.11783
802.805 0.888531 -0.129064
802.805 0.951998 -0.139778
802.805 1.01546 -0.149928
802.805 1.07893 -0.159476
802.805 1.1424 -0.168381
802.805 1.20586 -0.176608
802.805 1.26933 -0.184124
802.805 1.3328 -0.190899
802.805 1.39626 -0.196904
802.805 1.45973 -0.202117
802.805 1.5232 -0.206516
802.805 1.58666 -0.210084
802.805 1.65013 -0.212806
802.805 1.7136 -0.214671
802.805 1.77706 -0.215671
802.805 1.84053 -0.215803
802.805 1.904 -0.215066
802.805 1.96746 -0.213463
802.805 2.03093 -0.211001
802.805 2.0944 -0.207689
802.805 2.15786 -0.20354
802.805 2.22133 -0.198572
802.805 2.28479 -0.192804
802.805 2.34826 -0.18626
802.805 2.41173 -0.178966
802.805 2.47519 -0.170952
802.805 2.53866 -0.162249
802.805 2.60213 -0.152892
802.805 2.66559 -0.14292
802.805 2.72906 -0.132373
802.805 2.79253 -0.121293
802.805 2.85599 -0.109724
802.805 2.91946 -0.0977131
802.805 2.98293 -0.0853089
802.805 3.04639 -0.0725613
802.805 3.10986 -0.0595215
802.805 3.17333 -0.0462419
802.805 3.23679 -0.0327763
802.805 3.30026 -0.0191786
802.805 3.36373 -0.00550377
802.805 3.42719 0.00819331
802.805 3.49066 0.0218575
802.805 3.55413 0.0354335
802.805 3.61759 0.0488668
802.805 3.68106 0.0621034
802.805 3.74452 0.0750899
802.805 3.80799 0.0877742
802.805 3.87146 0.100105
802.805 3.93492 0.112032
802.805 3.99839 0.123509
802.805 4.06186 0.134488
802.805 4.12532 0.144926
802.805 4.18879 0.15478
802.805 4.25226 0.164011
802.805 4.31572 0.172581
802.805 4.37919 0.180457
802.805 4.44266 0.187606
802.805 4.50612 0.193999
802.805 4.56959 0.199611
802.805 4.63306 0.20442
802.805 4.69652 0.208406
802.805 4.75999 0.211552
802.805 4.82346 0.213846
802.805 4.88692 0.215279
802.805 4.95039 0.215846
802.805 5.01385 0.215543
802.805 5.07732 0.214373
802.805 5.14079 0.212339
802.805 5.20425 0.20945
802.805 5.26772 0.205718
802.805 5.33119 0.201157
802.805 5.39465 0.195787
802.805 5.45812 0.189628
802.805 5.52159 0.182705
802.805 5.58505 0.175047
802.805 5.64852 0.166684
802.805 5.71199 0.15765
802.805 5.77545 0.147981
802.805 5.83892 0.137716
802.805 5.90239 0.126897
802.805 5.96585 0.115566
802.805 6.02932 0.103771
802.805 6.09279 0.091557
802.805 6.15625 0.0789747
802.805 6.21972 0.0660746
802.805 6.28319 0.0529083
803.806 0 -0.156741
803.806 0.0634665 -0.134411
803.806 0.126933 -0.111539
803.806 0.1904 -0.0882184
803.806 0.253866 -0.0645427
803.806 0.317333 -0.0406068
803.806 0.380799 -0.0165072
803.806 0.444266 0.00765855
803.806 0.507732 0.0317935
803.806 0.571199 0.0558004
803.806 0.634665 0.0795827
803.806 0.698132 0.103045
803.806 0.761598 0.126091
803.806 0.825065 0.148631
803.806 0.888531 0.170571
803.806 0.951998 0.191825
803.806 1.01546 0.212307
803.806 1.07893 0.231933
803.806 1.1424 0.250626
803.806 1.20586 0.268309
803.806 1.26933 0.284912
803.806 1.3328 0.300368
803.806 1.39626 0.314615
803.806 1.45973 0.327594
803.806 1.5232 0.339255
803.806 1.58666 0.349549
803.806 1.65013 0.358435
803.806 1.7136 0.365879
803.806 1.77706 0.37185
803.806 1.84053 0.376323
803.806 1.904 0.37928
803.806 1.96746 0.38071
803.806 2.03093 0.380608
803.806 2.0944 0.378973
803.806 2.15786 0.375812
803.806 2.22133 0.371137
803.806 2.28479 0.364969
803.806 2.34826 0.35733
803.806 2.41173 0.348253
803.806 2.47519 0.337774
803.806 2.53866 0.325933
803.806 2.60213 0.312782
803.806 2.66559 0.29837
803.806 2.72906 0.282757
803.806 2.79253 0.266005
803.806 2.85599 0.248183
803.806 2.91946 0.229361
803.806 2.98293 0.209616
803.806 3.04639 0.189026
803.806 3.10986 0.167675
803.806 3.17333 0.145649
803.806 3.23679 0.123037
803.806 3.30026 0.0999291
803.806 3.36373 0.0764189
803.806 3.42719 0.0526011
803.806 3.49066 0.0285714
803.806 3.55413 0.00442665
803.806 3.61759 -0.019736
803.806 3.68106 -0.043819
803.806 3.74452 -0.0677256
803.806 3.80799 -0.0913596
803.806 3.87146 -0.114626
803.806 3.93492 -0.13743
803.806 3.99839 -0.159681
803.806 4.06186 -0.18129
803.806 4.12532 -0.202168
803.806 4.18879 -0.222232
803.806 4.25226 -0.241401
803.806 4.31572 -0.259598
803.806 4.37919 -0.27675
803.806 4.44266 -0.292787
803.806 4.50612 -0.307646
803.806 4.56959 -0.321266
803.806 4.63306 -0.333592
803.806 4.69652 -0.344575
803.806 4.75999 -0.354171
803.806 4.82346 -0.362339
803.806 4.88692 -0.36905
803.806 4.95039 -0.374274
803.806 5.01385 -0.377992
803.806 5.07732 -0.380187
803.806 5.14079 -0.380851
803.806 5.20425 -0.379982
803.806 5.26772 -0.377583
803.806 5.33119 -0.373662
803.806 5.39465 -0.368239
803.806 5.45812 -0.361331
803.806 5.52159 -0.352969
803.806 5.58505 -0.343186
803.806 5.64852 -0.332021
803.806 5.71199 -0.319518
803.806 5.77545 -0.30573
803.806 5.83892 -0.29071
803.806 5.90239 -0.274519
803.806 5.96585 -0.257224
803.806 6.02932 -0.238892
803.806 6.09279 -0.219599
803.806 6.15625 -0.199421
803.806 6.21972 -0.17844
803.806 6.28319 -0.156741
804.807 0 0.138806
804.807 0.0634665 0.15397
804.807 0.126933 0.168515
804.807 0.1904 0.182381
804.807 0.253866 0.195512
804.807 0.317333 0.207856
804.807 0.380799 0.219364
804.807 0.444266 0.229988
804.807 0.507732 0.239686
804.807 0.571199 0.248418
804.807 0.634665 0.256151
804.807 0.698132 0.262852
804.807 0.761598 0.268495
804.807 0.825065 0.273057
804.807 0.888531 0.276518
804.807 0.951998 0.278867
804.807 1.01546 0.280092
804.807 1.07893 0.28019
804.807 1.1424 0.27916
804.807 1.20586 0.277006
804.807 1.26933 0.273736
804.807 1.3328 0.269364
804.807 1.39626 0.263907
804.807 1.45973 0.257388
804.807 1.5232 0.249832
804.807 1.58666 0.24127
804.807 1.65013 0.231737
804.807 1.7136 0.22127
804.807 1.77706 0.209913
804.807 1.84053 0.19771
804.807 1.904 0.184712
804.807 1.96746 0.170969
804.807 2.03093 0.156538
804.807 2.0944 0.141477
804.807 2.15786 0.125846
804.807 2.22133 0.109708
804.807 2.28479 0.093129
804.807 2.34826 0.0761744
804.807 2.41173 0.0589133
804.807 2.47519 0.0414151
804.807 2.53866 0.0237499
804.807 2.60213 0.00598915
804.807 2.66559 -0.011796
804.807 2.72906 -0.0295331
804.807 2.79253 -0.0471517
804.807 2.85599 -0.0645803
804.807 2.91946 -0.081749
804.807 2.98293 -0.0985882
804.807 3.04639 -0.115031
804.807 3.10986 -0.13101
804.807 3.17333 -0.146462
804.807 3.23679 -0.161324
804.807 3.30026 -0.175536
804.807 3.36373 -0.189041
804.807 3.42719 -0.201786
804.807 3.49066 -0.213718
804.807 3.55413 -0.224789
804.807 3.61759 -0.234955
804.807 3.68106 -0.244175
804.807 3.74452 -0.252412
804.807 3.80799 -0.259632
804.807 3.87146 -0.265807
804.807 3.93492 -0.270912
804.807 3.99839 -0.274926
804.807 4.06186 -0.277833
804.807 4.12532 -0.279621
804.807 4.18879 -0.280283
804.807 4.25226 -0.279816
804.807 4.31572 -0.278223
804.807 4.37919 -0.27551
804.807 4.44266 -0.271687
804.807 4.50612 -0.26677
804.807 4.56959 -0.260779
804.807 4.63306 -0.253737
804.807 4.69652 -0.245675
804.807 4.75999 -0.236622
804.807 4.82346 -0.226618
804.807 4.88692 -0.2157
804.807 4.95039 -0.203914
804.807 5.01385 -0.191307
804.807 5.07732 -0.17793
804.807 5.14079 -0.163836
804.807 5.20425 -0.149083
804.807 5.26772 -0.133729
804.807 5.33119 -0.117836
804.807 5.39465 -0.10147
804.807 5.45812 -0.0846945
804.807 5.52159 -0.0675779
804.807 5.58505 -0.0501896
804.807 5.64852 -0.0325988
804.807 5.71199 -0.0148769
804.807 5.77545 0.00290471
804.807 5.83892 0.0206748
804.807 5.90239 0.0383618
804.807 5.96585 0.0558942
804.807 6.02932 0.0732014
804.807 6.09279 0.0902139
804.807 6.15625 0.106863
804.807 6.21972 0.123082
804.807 6.28319 0.138806
805.808 0 -0.264822
805.808 0.0634665 -0.28054
805.808 0.126933 -0.295129
805.808 0.1904 -0.308529
805.808 0.253866 -0.320686
805.808 0.317333 -0.331553
805.808 0.380799 -0.341084
805.808 0.444266 -0.349242
805.808 0.507732 -0.355993
805.808 0.571199 -0.361311
805.808 0.634665 -0.365175
805.808 0.698132 -0.367568
805.808 0.761598 -0.36848
805.808 0.825065 -0.367909
805.808 0.888531 -0.365857
805.808 0.951998 -0.362332
805.808 1.01546 -0.357347
805.808 1.07893 -0.350924
805.808 1.1424 -0.343087
805.808 1.20586 -0.333869
805.808 1.26933 -0.323306
805.808 1.3328 -0.311442
805.808 1.39626 -0.298324
805.808 1.45973 -0.284004
805.808 1.5232 -0.268541
805.808 1.58666 -0.251997
805.808 1.65013 -0.234438
805.808 1.7136 -0.215934
805.808 1.77706 -0.196562
805.808 1.84053 -0.176398
805.808 1.904 -0.155523
805.808 1.96746 -0.134023
805.808 2.03093 -0.111982
805.808 2.0944 -0.0894912
805.808 2.15786 -0.0666397
805.808 2.22133 -0.0435198
805.808 2.28479 -0.0202246
805.808 2.34826 0.003152
805.808 2.41173 0.0265158
805.808 2.47519 0.049773
805.808 2.53866 0.0728298
805.808 2.60213 0.0955931
805.808 2.66559 0.117972
805.808 2.72906 0.139875
805.808 2.79253 0.161215
805.808 2.85599 0.181906
805.808 2.91946 0.201865
805.808 2.98293 0.221011
805.808 3.04639 0.239267
805.808 3.10986 0.256559
805.808 3.17333 0.272818
805.808 3.23679 0.287979
805.808 3.30026 0.301981
805.808 3.36373 0.314766
805.808 3.42719 0.326284
805.808 3.49066 0.336488
805.808 3.55413 0.345336
805.808 3.61759 0.352795
805.808 3.68106 0.358833
805.808 3.74452 0.363426
805.808 3.80799 0.366555
805.808 3.87146 0.368209
805.808 3.93492 0.36838
805.808 3.99839 0.367068
805.808 4.06186 0.364277
805.808 4.12532 0.360021
805.808 4.18879 0.354314
805.808 4.25226 0.34718
805.808 4.31572 0.338648
805.808 4.37919 0.328753
805.808 4.44266 0.317534
805.808 4.50612 0.305037
805.808 4.56959 0.291311
805.808 4.63306 0.276412
805.808 4.69652 0.2604
805.808 4.75999 0.24334
805.808 4.82346 0.2253
805.808 4.88692 0.206352
805.808 4.95039 0.186574
805.808 5.01385 0.166044
805.808 5.07732 0.144846
805.808 5.14079 0.123065
805.808 5.20425 0.100788
805.808 5.26772 0.0781048
805.808 5.33119 0.0551075
805.808 5.39465 0.0318881
805.808 5.45812 0.00854073
805.808 5.52159 -0.0148414
805.808 5.58505 -0.0381636
805.808 5.64852 -0.0613322
805.808 5.71199 -0.0842538
805.808 5.77545 -0.106836
805.808 5.83892 -0.128988
805.808 5.90239 -0.150621
805.808 5.96585 -0.171648
805.808 6.02932 -0.191983
805.808 6.09279 -0.211545
805.808 6.15625 -0.230255
805.808 6.21972 -0.248038
805.808 6.28319 -0.264822
806.809 0 -0.0181631
806.809 0.0634665 -0.00592152
806.809 0.126933 0.0063438
806.809 0.1904 0.0185836
806.809 0.253866 0.0307486
806.809 0.317333 0.0427898
806.809 0.380799 0.0546586
806.809 0.444266 0.0663074
806.809 0.507732 0.0776893
806.809 0.571199 0.0887582
806.809 0.634665 0.0994699
806.809 0.698132 0.109781
806.809 0.761598 0.11965
806.809 0.825065 0.129037
806.809 0.888531 0.137905
806.809 0.951998 0.146217
806.809 1.01546 0.153941
806.809 1.07893 0.161044
806.809 1.1424 0.167499
806.809 1.20586 0.17328
806.809 1.26933 0.178363
806.809 1.3328 0.182728
806.809 1.39626 0.186357
806.809 1.45973 0.189236
806.809 1.5232 0.191352
806.809 1.58666 0.192699
806.809 1.65013 0.193269
806.809 1.7136 0.193061
806.809 1.77706 0.192076
806.809 1.84053 0.190317
806.809 1.904 0.187792
806.809 1.96746 0.18451
806.809 2.03093 0.180486
806.809 2.0944 0.175735
806.809 2.15786 0.170276
806.809 2.22133 0.164132
806.809 2.28479 0.157327
806.809 2.34826 0.149888
806.809 2.41173 0.141846
806.809 2.47519 0.133232
806.809 2.53866 0.124082
806.809 2.60213 0.114433
806.809 2.66559 0.104323
806.809 2.72906 0.0937925
806.809 2.79253 0.0828844
806.809 2.85599 0.0716425
806.809 2.91946 0.0601121
806.809 2.98293 0.04834
806.809 3.04639 0.0363728
806.809 3.10986 0.0242595
806.809 3.17333 0.0120484
806.809 3.23679 -0.000211276
806.809 3.30026 -0.01247
806.809 3.36373 -0.0246784
806.809 3.42719 -0.0367878
806.809 3.49066 -0.0487488
806.809 3.55413 -0.0605135
806.809 3.61759 -0.0720346
806.809 3.68106 -0.0832657
806.809 3.74452 -0.0941614
806.809 3.80799 -0.104678
806.809 3.87146 -0.114773
806.809 3.93492 -0.124406
806.809 3.99839 -0.133538
806.809 4.06186 -0.142132
806.809 4.12532 -0.150154
806.809 4.18879 -0.157572
806.809 4.25226 -0.164355
806.809 4.31572 -0.170476
806.809 4.37919 -0.17591
806.809 4.44266 -0.180637
806.809 4.50612 -0.184636
806.809 4.56959 -0.187891
806.809 4.63306 -0.19039
806.809 4.69652 -0.192122
806.809 4.75999 -0.193081
806.809 4.82346 -0.193262
806.809 4.88692 -0.192665
806.809 4.95039 -0.191292
806.809 5.01385 -0.189149
806.809 5.07732 -0.186245
806.809 5.14079 -0.18259
806.809 5.20425 -0.1782
806.809 5.26772 -0.173093
806.809 5.33119 -0.167288
806.809 5.39465 -0.16081
806.809 5.45812 -0.153685
806.809 5.52159 -0.14594
806.809 5.58505 -0.137608
806.809 5.64852 -0.128722
806.809 5.71199 -0.119318
806.809 5.77545 -0.109433
806.809 5.83892 -0.0991071
806.809 5.90239 -0.0883827
806.809 5.96585 -0.0773024
806.809 6.02932 -0.0659104
806.809 6.09279 -0.0542532
806.809 6.15625 -0.0423778
806.809 6.21972 -0.0303314
806.809 6.28319 -0.0181632
807.81 0 0.0834228
807.81 0.0634665 0.0943984
807.81 0.126933 0.104994
807.81 0.1904 0.115167
807.81 0.253866 0.124876
807.81 0.317333 0.134082
807.81 0.380799 0.142748
807.81 0.444266 0.15084
807.81 0.507732 0.158324
807.81 0.571199 0.165171
807.81 0.634665 0.171352
807.81 0.698132 0.176844
807.81 0.761598 0.181623
807.81 0.825065 0.185672
807.81 0.888531 0.188972
807.81 0.951998 0.191511
807.81 1.01546 0.19328
807.81 1.07893 0.19427
807.81 1.1424 0.194478
807.81 1.20586 0.193903
807.81 1.26933 0.192547
807.81 1.3328 0.190416
807.81 1.39626 0.187517
807.81 1.45973 0.183865
807.81 1.5232 0.179471
807.81 1.58666 0.174355
807.81 1.65013 0.168537
807.81 1.7136 0.16204
807.81 1.77706 0.15489
807.81 1.84053 0.147118
807.81 1.904 0.138752
807.81 1.96746 0.129828
807.81 2.03093 0.120381
807.81 2.0944 0.11045
807.81 2.15786 0.100074
807.81 2.22133 0.0892942
807.81 2.28479 0.0781553
807.81 2.34826 0.0667019
807.81 2.41173 0.0549797
807.81 2.47519 0.0430361
807.81 2.53866 0.0309193
807.81 2.60213 0.018678
807.81 2.66559 0.00636143
807.81 2.72906 -0.00598048
807.81 2.79253 -0.0182986
807.81 2.85599 -0.0305429
807.81 2.91946 -0.0426643
807.81 2.98293 -0.0546139
807.81 3.04639 -0.0663437
807.81 3.10986 -0.0778062
807.81 3.17333 -0.0889555
807.81 3.23679 -0.0997464
807.81 3.30026 -0.110136
807.81 3.36373 -0.120082
807.81 3.42719 -0.129544
807.81 3.49066 -0.138485
807.81 3.55413 -0.146868
807.81 3.61759 -0.15466
807.81 3.68106 -0.161829
807.81 3.74452 -0.168346
807.81 3.80799 -0.174185
807.81 3.87146 -0.179324
807.81 3.93492 -0.18374
807.81 3.99839 -0.187416
807.81 4.06186 -0.190337
807.81 4.12532 -0.192493
807.81 4.18879 -0.193873
807.81 4.25226 -0.194472
807.81 4.31572 -0.194288
807.81 4.37919 -0.193322
807.81 4.44266 -0.191578
807.81 4.50612 -0.189062
807.81 4.56959 -0.185785
807.81 4.63306 -0.181759
807.81 4.69652 -0.177002
807.81 4.75999 -0.171532
807.81 4.82346 -0.165372
807.81 4.88692 -0.158545
807.81 4.95039 -0.15108
807.81 5.01385 -0.143007
807.81 5.07732 -0.134358
807.81 5.14079 -0.125168
807.81 5.20425 -0.115474
807.81 5.26772 -0.105314
807.81 5.33119 -0.0947315
807.81 5.39465 -0.0837667
807.81 5.45812 -0.0724651
807.81 5.52159 -0.0608713
807.81 5.58505 -0.0490327
807.81 5.64852 -0.0369965
807.81 5.71199 -0.0248112
807.81 5.77545 -0.0125262
807.81 5.83892 -0.000190508
807.81 5.90239 0.0121457
807.81 5.96585 0.0244331
807.81 6.02932 0.0366222
807.81 6.09279 0.0486636
807.81 6.15625 0.0605092
807.81 6.21972 0.0721112
807.81 6.28319 0.0834227
808.811 0 0.424328
808.811 0.0634665 0.417617
808.811 0.126933 0.409224
808.811 0.1904 0.399182
808.811 0.253866 0.387534
808.811 0.317333 0.374325
808.811 0.380799 0.359609
808.811 0.444266 0.343445
808.811 0.507732 0.325897
808.811 0.571199 0.307038
808.811 0.634665 0.286942
808.811 0.698132 0.265691
808.811 0.761598 0.24337
808.811 0.825065 0.220069
808.811 0.888531 0.195882
808.811 0.951998 0.170906
808.811 1.01546 0.145242
808.811 1.07893 0.118993
808.811 1.1424 0.0922651
808.811 1.20586 0.0651656
808.811 1.26933 0.0378036
808.811 1.3328 0.0102895
808.811 1.39626 -0.017266
808.811 1.45973 -0.0447523
808.811 1.5232 -0.0720582
808.811 1.58666 -0.0990741
808.811 1.65013 -0.125691
808.811 1.7136 -0.151801
808.811 1.77706 -0.177301
808.811 1.84053 -0.202086
808.811 1.904 -0.226058
808.811 1.96746 -0.249119
808.811 2.03093 -0.271178
808.811 2.0944 -0.292144
808.811 2.15786 -0.311935
808.811 2.22133 -0.330469
808.811 2.28479 -0.347672
808.811 2.34826 -0.363475
808.811 2.41173 -0.377815
808.811 2.47519 -0.390634
808.811 2.53866 -0.40188
808.811 2.60213 -0.411507
808.811 2.66559 -0.419477
808.811 2.72906 -0.425758
808.811 2.79253 -0.430325
808.811 2.85599 -0.433159
808.811 2.91946 -0.434249
808.811 2.98293 -0.43359
808.811 3.04639 -0.431186
808.811 3.10986 -0.427045
808.811 3.17333 -0.421185
808.811 3.23679 -0.413628
808.811 3.30026 -0.404407
808.811 3.36373 -0.393557
808.811 3.42719 -0.381122
808.811 3.49066 -0.367152
808.811 3.55413 -0.351704
808.811 3.61759 -0.33484
808.811 3.68106 -0.316627
808.811 3.74452 -0.29714
808.811 3.80799 -0.276456
808.811 3.87146 -0.254659
808.811 3.93492 -0.231836
808.811 3.99839 -0.20808
808.811 4.06186 -0.183486
808.811 4.12532 -0.158154
808.811 4.18879 -0.132184
808.811 4.25226 -0.105682
808.811 4.31572 -0.0787549
808.811 4.37919 -0.0515105
808.811 4.44266 -0.0240587
808.811 4.50612 0.0034901
808.811 4.56959 0.0310248
808.811 4.63306 0.0584346
808.811 4.69652 0.0856092
808.811 4.75999 0.112439
808.811 4.82346 0.138816
808.811 4.88692 0.164634
808.811 4.95039 0.189789
808.811 5.01385 0.21418
808.811 5.07732 0.237708
808.811 5.14079 0.26028
808.811 5.20425 0.281803
808.811 5.26772 0.302192
808.811 5.33119 0.321364
808.811 5.39465 0.339241
808.811 5.45812 0.355753
808.811 5.52159 0.370832
808.811 5.58505 0.384418
808.811 5.64852 0.396456
808.811 5.71199 0.406898
808.811 5.77545 0.415701
808.811 5.83892 0.42283
808.811 5.90239 0.428257
808.811 5.96585 0.43196
808.811 6.02932 0.433923
808.811 6.09279 0.434138
808.811 6.15625 0.432606
808.811 6.21972 0.429332
808.811 6.28319 0.424328
809.812 0 -0.0914781
809.812 0.0634665 -0.0784099
809.812 0.126933 -0.0650258
809.812 0.1904 -0.05138
809.812 0.253866 -0.037527
809.812 0.317333 -0.0235233
809.812 0.380799 -0.00942475
809.812 0.444266 0.00471176
809.812 0.507732 0.0188296
809.812 0.571199 0.0328713
809.812 0.634665 0.0467807
809.812 0.698132 0.0605015
809.812 0.761598 0.0739789
809.812 0.825065 0.0871584
809.812 0.888531 0.099987
809.812 0.951998 0.112413
809.812 1.01546 0.124387
809.812 1.07893 0.135859
809.812 1.1424 0.146784
809.812 1.20586 0.157119
809.812 1.26933 0.16682
809.812 1.3328 0.17585
809.812 1.39626 0.184172
809.812 1.45973 0.191753
809.812 1.5232 0.198561
809.812 1.58666 0.204569
809.812 1.65013 0.209754
809.812 1.7136 0.214094
809.812 1.77706 0.217572
809.812 1.84053 0.220175
809.812 1.904 0.22189
809.812 1.96746 0.222712
809.812 2.03093 0.222638
809.812 2.0944 0.221666
809.812 2.15786 0.219803
809.812 2.22133 0.217054
809.812 2.28479 0.213431
809.812 2.34826 0.208949
809.812 2.41173 0.203625
809.812 2.47519 0.197482
809.812 2.53866 0.190543
809.812 2.60213 0.182837
809.812 2.66559 0.174395
809.812 2.72906 0.16525
809.812 2.79253 0.15544
809.812 2.85599 0.145005
809.812 2.91946 0.133985
809.812 2.98293 0.122426
809.812 3.04639 0.110374
809.812 3.10986 0.0978774
809.812 3.17333 0.0849867
809.812 3.23679 0.0717541
809.812 3.30026 0.0582322
809.812 3.36373 0.044476
809.812 3.42719 0.0305407
809.812 3.49066 0.0164823
809.812 3.55413 0.00235775
809.812 3.61759 -0.0117769
809.812 3.68106 -0.0258633
809.812 3.74452 -0.039846
809.812 3.80799 -0.0536682
809.812 3.87146 -0.0672743
809.812 3.93492 -0.0806096
809.812 3.99839 -0.0936201
809.812 4.06186 -0.106254
809.812 4.12532 -0.11846
809.812 4.18879 -0.130188
809.812 4.25226 -0.141393
809.812 4.31572 -0.152028
809.812 4.37919 -0.162051
809.812 4.44266 -0.171422
809.812 4.50612 -0.180102
809.812 4.56959 -0.188057
809.812 4.63306 -0.195255
809.812 4.69652 -0.201667
809.812 4.75999 -0.207266
809.812 4.82346 -0.212031
809.812 4.88692 -0.215942
809.812 4.95039 -0.218984
809.812 5.01385 -0.221144
809.812 5.07732 -0.222413
809.812 5.14079 -0.222787
809.812 5.20425 -0.222264
809.812 5.26772 -0.220846
809.812 5.33119 -0.218538
809.812 5.39465 -0.215351
809.812 5.45812 -0.211296
809.812 5.52159 -0.206391
809.812 5.58505 -0.200654
809.812 5.64852 -0.19411
809.812 5.71199 -0.186784
809.812 5.77545 -0.178706
809.812 5.83892 -0.169908
809.812 5.90239 -0.160426
809.812 5.96585 -0.150298
809.812 6.02932 -0.139565
809.812 6.09279 -0.12827
809.812 6.15625 -0.116459
809.812 6.21972 -0.104178
809.812 6.28319 -0.091478
810.813 0 -0.381954
810.813 0.0634665 -0.353826
810.813 0.126933 -0.324272
810.813 0.1904 -0.293412
810.813 0.253866 -0.261371
810.813 0.317333 -0.228278
810.813 0.380799 -0.194265
810.813 0.444266 -0.159471
810.813 0.507732 -0.124034
810.813 0.571199 -0.0880978
810.813 0.634665 -0.0518066
810.813 0.698132 -0.0153067
810.813 0.761598 0.0212545
810.813 0.825065 0.0577303
810.813 0.888531 0.0939736
810.813 0.951998 0.129838
810.813 1.01546 0.16518
810.813 1.07893 0.199858
810.813 1.1424 0.23373
810.813 1.20586 0.266661
810.813 1.26933 0.298518
810.813 1.3328 0.329173
810.813 1.39626 0.358503
810.813 1.45973 0.38639
810.813 1.5232 0.41272
810.813 1.58666 0.437388
810.813 1.65013 0.460296
810.813 1.7136 0.481349
810.813 1.77706 0.500465
810.813 1.84053 0.517565
810.813 1.904 0.532582
810.813 1.96746 0.545453
810.813 2.03093 0.556129
810.813 2.0944 0.564566
810.813 2.15786 0.570729
810.813 2.22133 0.574593
810.813 2.28479 0.576145
810.813 2.34826 0.575375
810.813 2.41173 0.57229
810.813 2.47519 0.5669
810.813 2.53866 0.559227
810.813 2.60213 0.549303
810.813 2.66559 0.537166
810.813 2.72906 0.522866
810.813 2.79253 0.506462
810.813 2.85599 0.488017
810.813 2.91946 0.467608
810.813 2.98293 0.445316
810.813 3.04639 0.421231
810.813 3.10986 0.395449
810.813 3.17333 0.368075
810.813 3.23679 0.339219
810.813 3.30026 0.308998
810.813 3.36373 0.277532
810.813 3.42719 0.244948
810.813 3.49066 0.211378
810.813 3.55413 0.176957
810.813 3.61759 0.141824
810.813 3.68106 0.106119
810.813 3.74452 0.0699875
810.813 3.80799 0.0335736
810.813 3.87146 -0.00297528
810.813 3.93492 -0.0395123
810.813 3.99839 -0.0758901
810.813 4.06186 -0.111962
810.813 4.12532 -0.147584
810.813 4.18879 -0.182611
810.813 4.25226 -0.216903
810.813 4.31572 -0.250321
810.813 4.37919 -0.282732
810.813 4.44266 -0.314004
810.813 4.50612 -0.344012
810.813 4.56959 -0.372634
810.813 4.63306 -0.399756
810.813 4.69652 -0.425269
810.813 4.75999 -0.449068
810.813 4.82346 -0.47106
810.813 4.88692 -0.491155
810.813 4.95039 -0.509272
810.813 5.01385 -0.525338
810.813 5.07732 -0.539289
810.813 5.14079 -0.551069
810.813 5.20425 -0.56063
810.813 5.26772 -0.567933
810.813 5.33119 -0.572949
810.813 5.39465 -0.575659
810.813 5.45812 -0.57605
810.813 5.52159 -0.574121
810.813 5.58505 -0.569882
810.813 5.64852 -0.563347
810.813 5.71199 -0.554544
810.813 5.77545 -0.543507
810.813 5.83892 -0.530283
810.813 5.90239 -0.514923
810.813 5.96585 -0.49749
810.813 6.02932 -0.478054
810.813 6.09279 -0.456692
810.813 6.15625 -0.433491
810.813 6.21972 -0.408546
810.813 6.28319 -0.381954
811.814 0 0.165954
811.814 0.0634665 0.186092
811.814 0.126933 0.20548
811.814 0.1904 0.224041
811.814 0.253866 0.241699
811.814 0.317333 0.258384
811.814 0.380799 0.274029
811.814 0.444266 0.288571
811.814 0.507732 0.30195
811.814 0.571199 0.314114
811.814 0.634665 0.325012
811.814 0.698132 0.334602
811.814 0.761598 0.342845
811.814 0.825065 0.349707
811.814 0.888531 0.355162
811.814 0.951998 0.359186
811.814 1.01546 0.361763
811.814 1.07893 0.362885
811.814 1.1424 0.362544
811.814 1.20586 0.360744
811.814 1.26933 0.357491
811.814 1.3328 0.352799
811.814 1.39626 0.346686
811.814 1.45973 0.339178
811.814 1.5232 0.330303
811.814 1.58666 0.320099
811.814 1.65013 0.308605
811.814 1.7136 0.295869
811.814 1.77706 0.281942
811.814 1.84053 0.266879
811.814 1.904 0.250742
811.814 1.96746 0.233595
811.814 2.03093 0.215507
811.814 2.0944 0.196552
811.814 2.15786 0.176805
811.814 2.22133 0.156346
811.814 2.28479 0.135258
811.814 2.34826 0.113625
811.814 2.41173 0.0915347
811.814 2.47519 0.0690756
811.814 2.53866 0.0463387
811.814 2.60213 0.0234147
811.814 2.66559 0.000396781
811.814 2.72906 -0.0226229
811.814 2.79253 -0.0455514
811.814 2.85599 -0.0682966
811.814 2.91946 -0.0907666
811.814 2.98293 -0.112871
811.814 3.04639 -0.134522
811.814 3.10986 -0.15563
811.814 3.17333 -0.176112
811.814 3.23679 -0.195884
811.814 3.30026 -0.214868
811.814 3.36373 -0.232987
811.814 3.42719 -0.250168
811.814 3.49066 -0.266341
811.814 3.55413 -0.281442
811.814 3.61759 -0.295409
811.814 3.68106 -0.308187
811.814 3.74452 -0.319724
811.814 3.80799 -0.329973
811.814 3.87146 -0.338895
811.814 3.93492 -0.34645
811.814 3.99839 -0.352612
811.814 4.06186 -0.357354
811.814 4.12532 -0.360656
811.814 4.18879 -0.362506
811.814 4.25226 -0.362897
811.814 4.31572 -0.361826
811.814 4.37919 -0.359299
811.814 4.44266 -0.355325
811.814 4.50612 -0.349919
811.814 4.56959 -0.343105
811.814 4.63306 -0.334909
811.814 4.69652 -0.325365
811.814 4.75999 -0.31451
811.814 4.82346 -0.302389
811.814 4.88692 -0.289051
811.814 4.95039 -0.274549
811.814 5.01385 -0.258941
811.814 5.07732 -0.24229
811.814 5.14079 -0.224664
811.814 5.20425 -0.206133
811.814 5.26772 -0.186773
811.814 5.33119 -0.16666
811.814 5.39465 -0.145875
811.814 5.45812 -0.124504
811.814 5.52159 -0.102632
811.814 5.58505 -0.0803457
811.814 5.64852 -0.0577362
811.814 5.71199 -0.0348945
811.814 5.77545 -0.0119117
811.814 5.83892 0.0111187
811.814 5.90239 0.0341044
811.814 5.96585 0.0569526
811.814 6.02932 0.0795717
811.814 6.09279 0.10187
811.814 6.15625 0.123759
811.814 6.21972 0.145149
811.814 6.28319 0.165954
812.815 0 -0.029566
812.815 0.0634665 0.00246308
812.815 0.126933 0.034482
812.815 0.1904 0.0663625
812.815 0.253866 0.0979756
812.815 0.317333 0.129194
812.815 0.380799 0.159892
812.815 0.444266 0.189947
812.815 0.507732 0.219236
812.815 0.571199 0.247643
812.815 0.634665 0.275053
812.815 0.698132 0.301356
812.815 0.761598 0.326444
812.815 0.825065 0.350218
812.815 0.888531 0.372582
812.815 0.951998 0.393446
812.815 1.01546 0.412726
812.815 1.07893 0.430343
812.815 1.1424 0.446228
812.815 1.20586 0.460316
812.815 1.26933 0.472551
812.815 1.3328 0.482882
812.815 1.39626 0.491269
812.815 1.45973 0.497678
812.815 1.5232 0.502083
812.815 1.58666 0.504467
812.815 1.65013 0.504819
812.815 1.7136 0.503138
812.815 1.77706 0.499431
812.815 1.84053 0.493714
812.815 1.904 0.486008
812.815 1.96746 0.476346
812.815 2.03093 0.464765
812.815 2.0944 0.451313
812.815 2.15786 0.436043
812.815 2.22133 0.419018
812.815 2.28479 0.400306
812.815 2.34826 0.379981
812.815 2.41173 0.358127
812.815 2.47519 0.33483
812.815 2.53866 0.310186
812.815 2.60213 0.284292
812.815 2.66559 0.257253
812.815 2.72906 0.229179
812.815 2.79253 0.200182
812.815 2.85599 0.170379
812.815 2.91946 0.13989
812.815 2.98293 0.108837
812.815 3.04639 0.0773461
812.815 3.10986 0.0455439
812.815 3.17333 0.0135584
812.815 3.23679 -0.0184818
812.815 3.30026 -0.0504474
812.815 3.36373 -0.0822104
812.815 3.42719 -0.113642
812.815 3.49066 -0.144616
812.815 3.55413 -0.175008
812.815 3.61759 -0.204695
812.815 3.68106 -0.233558
812.815 3.74452 -0.26148
812.815 3.80799 -0.288349
812.815 3.87146 -0.314057
812.815 3.93492 -0.338501
812.815 3.99839 -0.361582
812.815 4.06186 -0.383207
812.815 4.12532 -0.403288
812.815 4.18879 -0.421746
812.815 4.25226 -0.438506
812.815 4.31572 -0.4535
812.815 4.37919 -0.466668
812.815 4.44266 -0.477957
812.815 4.50612 -0.487321
812.815 4.56959 -0.494723
812.815 4.63306 -0.500133
812.815 4.69652 -0.503528
812.815 4.75999 -0.504897
812.815 4.82346 -0.504233
812.815 4.88692 -0.501537
812.815 4.95039 -0.496823
812.815 5.01385 -0.490108
812.815 5.07732 -0.481419
812.815 5.14079 -0.470792
812.815 5.20425 -0.45827
812.815 5.26772 -0.443901
812.815 5.33119 -0.427746
812.815 5.39465 -0.409868
812.815 5.45812 -0.39034
812.815 5.52159 -0.36924
812.815 5.58505 -0.346653
812.815 5.64852 -0.322671
812.815 5.71199 -0.297389
812.815 5.77545 -0.270909
812.815 5.83892 -0.243339
812.815 5.90239 -0.214789
812.815 5.96585 -0.185374
812.815 6.02932 -0.155212
812.815 6.09279 -0.124426
812.815 6.15625 -0.0931383
812.815 6.21972 -0.0614761
812.815 6.28319 -0.0295659
813.816 0 0.194301
813.816 0.0634665 0.192899
813.816 0.126933 0.19072
813.816 0.1904 0.187774
813.816 0.253866 0.184071
813.816 0.317333 0.179628
813.816 0.380799 0.17446
813.816 0.444266 0.168591
813.816 0.507732 0.162042
813.816 0.571199 0.154842
813.816 0.634665 0.147017
813.816 0.698132 0.138601
813.816 0.761598 0.129627
813.816 0.825065 0.12013
813.816 0.888531 0.11015
813.816 0.951998 0.0997263
813.816 1.01546 0.088901
813.816 1.07893 0.0777179
813.816 1.1424 0.0662216
813.816 1.20586 0.0544589
813.816 1.26933 0.0424767
813.816 1.3328 0.0303236
813.816 1.39626 0.0180483
813.816 1.45973 0.00570054
813.816 1.5232 -0.00667041
813.816 1.58666 -0.0190144
813.816 1.65013 -0.031282
813.816 1.7136 -0.0434234
813.816 1.77706 -0.0553899
813.816 1.84053 -0.067134
813.816 1.904 -0.0786068
813.816 1.96746 -0.0897637
813.816 2.03093 -0.100559
813.816 2.0944 -0.110949
813.816 2.15786 -0.120893
813.816 2.22133 -0.13035
813.816 2.28479 -0.139282
813.816 2.34826 -0.147652
813.816 2.41173 -0.155429
813.816 2.47519 -0.16258
813.816 2.53866 -0.169076
813.816 2.60213 -0.174891
813.816 2.66559 -0.180002
813.816 2.72906 -0.184389
813.816 2.79253 -0.188033
813.816 2.85599 -0.190919
813.816 2.91946 -0.193037
813.816 2.98293 -0.194378
813.816 3.04639 -0.194936
813.816 3.10986 -0.194709
813.816 3.17333 -0.193697
813.816 3.23679 -0.191906
813.816 3.30026 -0.189343
813.816 3.36373 -0.186017
813.816 3.42719 -0.181941
813.816 3.49066 -0.177133
813.816 3.55413 -0.171612
813.816 3.61759 -0.1654
813.816 3.68106 -0.158522
813.816 3.74452 -0.151005
813.816 3.80799 -0.142881
813.816 3.87146 -0.134181
813.816 3.93492 -0.124941
813.816 3.99839 -0.115198
813.816 4.06186 -0.104991
813.816 4.12532 -0.0943611
813.816 4.18879 -0.0833512
813.816 4.25226 -0.072006
813.816 4.31572 -0.0603705
813.816 4.37919 -0.0484922
813.816 4.44266 -0.0364185
813.816 4.50612 -0.0241982
813.816 4.56959 -0.0118804
813.816 4.63306 0.000485162
813.816 4.69652 0.0128489
813.816 4.75999 0.0251606
813.816 4.82346 0.0373713
813.816 4.88692 0.0494317
813.816 4.95039 0.0612924
813.816 5.01385 0.0729066
813.816 5.07732 0.0842278
813.816 5.14079 0.0952095
813.816 5.20425 0.105807
813.816 5.26772 0.11598
813.816 5.33119 0.125685
813.816 5.39465 0.134884
813.816 5.45812 0.14354
813.816 5.52159 0.151618
813.816 5.58505 0.159085
813.816 5.64852 0.165912
813.816 5.71199 0.17207
813.816 5.77545 0.177536
813.816 5.83892 0.182287
813.816 5.90239 0.186305
813.816 5.96585 0.189571
813.816 6.02932 0.192075
813.816 6.09279 0.193805
813.816 6.15625 0.194754
813.816 6.21972 0.19492
813.816 6.28319 0.194301
814.817 0 -0.451327
814.817 0.0634665 -0.457262
814.817 0.126933 -0.461356
814.817 0.1904 -0.463593
814.817 0.253866 -0.463962
814.817 0.317333 -0.462464
814.817 0.380799 -0.459103
814.817 0.444266 -0.453894
814.817 0.507732 -0.446856
814.817 0.571199 -0.43802
814.817 0.634665 -0.42742
814.817 0.698132 -0.415099
814.817 0.761598 -0.401106
814.817 0.825065 -0.385498
814.817 0.888531 -0.368338
814.817 0.951998 -0.349695
814.817 1.01546 -0.329644
814.817 1.07893 -0.308265
814.817 1.1424 -0.285645
814.817 1.20586 -0.261875
814.817 1.26933 -0.237051
814.817 1.3328 -0.211271
814.817 1.39626 -0.184641
814.817 1.45973 -0.157268
814.817 1.5232 -0.129262
814.817 1.58666 -0.100734
814.817 1.65013 -0.0718017
814.817 1.7136 -0.0425799
814.817 1.77706 -0.0131865
814.817 1.84053 0.0162598
814.817 1.904 0.0456406
814.817 1.96746 0.0748377
814.817 2.03093 0.103734
814.817 2.0944 0.132212
814.817 2.15786 0.160157
814.817 2.22133 0.187458
814.817 2.28479 0.214004
814.817 2.34826 0.239688
814.817 2.41173 0.264408
814.817 2.47519 0.288062
814.817 2.53866 0.310557
814.817 2.60213 0.331801
814.817 2.66559 0.351709
814.817 2.72906 0.3702
814.817 2.79253 0.387201
814.817 2.85599 0.402644
814.817 2.91946 0.416464
814.817 2.98293 0.428608
814.817 3.04639 0.439026
814.817 3.10986 0.447676
814.817 3.17333 0.454523
814.817 3.23679 0.459541
814.817 3.30026 0.462707
814.817 3.36373 0.464011
814.817 3.42719 0.463446
814.817 3.49066 0.461015
814.817 3.55413 0.456728
814.817 3.61759 0.450602
814.817 3.68106 0.442661
814.817 3.74452 0.432938
814.817 3.80799 0.421472
814.817 3.87146 0.408308
814.817 3.93492 0.3935
814.817 3.99839 0.377108
814.817 4.06186 0.359197
814.817 4.12532 0.339841
814.817 4.18879 0.319115
814.817 4.25226 0.297105
814.817 4.31572 0.273898
814.817 4.37919 0.249588
814.817 4.44266 0.224274
814.817 4.50612 0.198056
814.817 4.56959 0.171041
814.817 4.63306 0.143337
814.817 4.69652 0.115056
814.817 4.75999 0.0863115
814.817 4.82346 0.0572197
814.817 4.88692 0.0278973
814.817 4.95039 -0.00153729
814.817 5.01385 -0.0309657
814.817 5.07732 -0.0602696
814.817 5.14079 -0.0893307
814.817 5.20425 -0.118032
814.817 5.26772 -0.146258
814.817 5.33119 -0.173895
814.817 5.39465 -0.200832
814.817 5.45812 -0.226961
814.817 5.52159 -0.252175
814.817 5.58505 -0.276374
814.817 5.64852 -0.29946
814.817 5.71199 -0.32134
814.817 5.77545 -0.341927
814.817 5.83892 -0.361136
814.817 5.90239 -0.378891
814.817 5.96585 -0.395121
814.817 6.02932 -0.40976
814.817 6.09279 -0.422749
814.817 6.15625 -0.434035
814.817 6.21972 -0.443574
814.817 6.28319 -0.451327
815.818 0 -0.166911
815.818 0.0634665 -0.169045
815.818 0.126933 -0.170497
815.818 0.1904 -0.171263
815.818 0.253866 -0.171339
815.818 0.317333 -0.170726
815.818 0.380799 -0.169425
815.818 0.444266 -0.167441
815.818 0.507732 -0.164784
815.818 0.571199 -0.161463
815.818 0.634665 -0.157492
815.818 0.698132 -0.152886
815.818 0.761598 -0.147665
815.818 0.825065 -0.141849
815.818 0.888531 -0.135463
815.818 0.951998 -0.128531
815.818 1.01546 -0.121081
815.818 1.07893 -0.113144
815.818 1.1424 -0.104751
815.818 1.20586 -0.0959361
815.818 1.26933 -0.0867349
815.818 1.3328 -0.077185
815.818 1.39626 -0.0673237
815.818 1.45973 -0.0571916
815.818 1.5232 -0.0468293
815.818 1.58666 -0.0362782
815.818 1.65013 -0.0255812
815.818 1.7136 -0.0147809
815.818 1.77706 -0.00392147
815.818 1.84053 0.00695393
815.818 1.904 0.0178013
815.818 1.96746 0.0285769
815.818 2.03093 0.0392376
815.818 2.0944 0.0497402
815.818 2.15786 0.0600426
815.818 2.22133 0.070103
815.818 2.28479 0.0798813
815.818 2.34826 0.089338
815.818 2.41173 0.0984348
815.818 2.47519 0.107135
815.818 2.53866 0.115405
815.818 2.60213 0.123209
815.818 2.66559 0.130517
815.818 2.72906 0.1373
815.818 2.79253 0.14353
815.818 2.85599 0.149182
815.818 2.91946 0.154233
815.818 2.98293 0.158664
815.818 3.04639 0.162455
815.818 3.10986 0.165592
815.818 3.17333 0.168063
815.818 3.23679 0.169856
815.818 3.30026 0.170966
815.818 3.36373 0.171387
815.818 3.42719 0.171119
815.818 3.49066 0.170161
815.818 3.55413 0.168518
815.818 3.61759 0.166196
815.818 3.68106 0.163205
815.818 3.74452 0.159557
815.818 3.80799 0.155267
815.818 3.87146 0.150351
815.818 3.93492 0.14483
815.818 3.99839 0.138726
815.818 4.06186 0.132063
815.818 4.12532 0.124869
815.818 4.18879 0.117171
815.818 4.25226 0.109002
815.818 4.31572 0.100394
815.818 4.37919 0.0913816
815.818 4.44266 0.0820012
815.818 4.50612 0.0722906
815.818 4.56959 0.0622891
815.818 4.63306 0.0520367
815.818 4.69652 0.0415747
815.818 4.75999 0.0309454
815.818 4.82346 0.0201912
815.818 4.88692 0.00935618
815.818 4.95039 -0.00151688
815.818 5.01385 -0.0123836
815.818 5.07732 -0.0232008
815.818 5.14079 -0.0339245
815.818 5.20425 -0.0445114
815.818 5.26772 -0.0549191
815.818 5.33119 -0.0651056
815.818 5.39465 -0.07503
815.818 5.45812 -0.0846523
815.818 5.52159 -0.0939338
815.818 5.58505 -0.102837
815.818 5.64852 -0.111326
815.818 5.71199 -0.119367
815.818 5.77545 -0.126927
815.818 5.83892 -0.133976
815.818 5.90239 -0.140486
815.818 5.96585 -0.14643
815.818 6.02932 -0.151784
815.818 6.09279 -0.156527
815.818 6.15625 -0.16064
815.818 6.21972 -0.164106
815.818 6.28319 -0.166911
816.819 0 0.0697958
816.819 0.0634665 0.057056
816.819 0.126933 0.0440863
816.819 0.1904 0.030939
816.819 0.253866 0.0176672
816.819 0.317333 0.00432427
816.819 0.380799 -0.00903603
816.819 0.444266 -0.0223601
816.819 0.507732 -0.0355939
816.819 0.571199 -0.0486847
816.819 0.634665 -0.0615792
816.819 0.698132 -0.0742256
816.819 0.761598 -0.0865734
816.819 0.825065 -0.0985726
816.819 0.888531 -0.110175
816.819 0.951998 -0.121333
816.819 1.01546 -0.132003
816.819 1.07893 -0.142142
816.819 1.1424 -0.151708
816.819 1.20586 -0.160663
816.819 1.26933 -0.168972
816.819 1.3328 -0.1766
816.819 1.39626 -0.183516
816.819 1.45973 -0.189694
816.819 1.5232 -0.195108
816.819 1.58666 -0.199736
816.819 1.65013 -0.203561
816.819 1.7136 -0.206565
816.819 1.77706 -0.208738
816.819 1.84053 -0.21007
816.819 1.904 -0.210556
816.819 1.96746 -0.210195
816.819 2.03093 -0.208987
816.819 2.0944 -0.206938
816.819 2.15786 -0.204055
816.819 2.22133 -0.20035
816.819 2.28479 -0.195839
816.819 2.34826 -0.19054
816.819 2.41173 -0.184473
816.819 2.47519 -0.177663
816.819 2.53866 -0.170138
816.819 2.60213 -0.161928
816.819 2.66559 -0.153066
816.819 2.72906 -0.143587
816.819 2.79253 -0.13353
816.819 2.85599 -0.122936
816.819 2.91946 -0.111847
816.819 2.98293 -0.100307
816.819 3.04639 -0.0883633
816.819 3.10986 -0.0760636
816.819 3.17333 -0.0634577
816.819 3.23679 -0.0505966
816.819 3.30026 -0.0375315
816.819 3.36373 -0.0243154
816.819 3.42719 -0.0110014
816.819 3.49066 0.00235705
816.819 3.55413 0.015706
816.819 3.61759 0.0289915
816.819 3.68106 0.0421604
816.819 3.74452 0.0551596
816.819 3.80799 0.0679364
816.819 3.87146 0.0804401
816.819 3.93492 0.0926197
816.819 3.99839 0.104426
816.819 4.06186 0.115812
816.819 4.12532 0.126732
816.819 4.18879 0.137142
816.819 4.25226 0.146999
816.819 4.31572 0.156264
816.819 4.37919 0.1649
816.819 4.44266 0.172873
816.819 4.50612 0.180149
816.819 4.56959 0.186699
816.819 4.63306 0.192498
816.819 4.69652 0.197522
816.819 4.75999 0.20175
816.819 4.82346 0.205166
816.819 4.88692 0.207756
816.819 4.95039 0.20951
816.819 5.01385 0.210419
816.819 5.07732 0.210482
816.819 5.14079 0.209697
816.819 5.20425 0.208067
816.819 5.26772 0.2056
816.819 5.33119 0.202304
816.819 5.39465 0.198195
816.819 5.45812 0.193287
816.819 5.52159 0.187601
816.819 5.58505 0.181159
816.819 5.64852 0.173988
816.819 5.71199 0.166117
816.819 5.77545 0.157576
816.819 5.83892 0.148401
816.819 5.90239 0.138629
816.819 5.96585 0.128298
816.819 6.02932 0.11745
816.819 6.09279 0.10613
816.819 6.15625 0.0943824
816.819 6.21972 0.0822546
816.819 6.28319 0.0697958
817.82 0 0.359666
817.82 0.0634665 0.383517
817.82 0.126933 0.405823
817.82 0.1904 0.426495
817.82 0.253866 0.44545
817.82 0.317333 0.462611
817.82 0.380799 0.477909
817.82 0.444266 0.491283
817.82 0.507732 0.502679
817.82 0.571199 0.51205
817.82 0.634665 0.51936
817.82 0.698132 0.524578
817.82 0.761598 0.527685
817.82 0.825065 0.528665
817.82 0.888531 0.527518
817.82 0.951998 0.524247
817.82 1.01546 0.518864
817.82 1.07893 0.511393
817.82 1.1424 0.501861
817.82 1.20586 0.49031
817.82 1.26933 0.476784
817.82 1.3328 0.461338
817.82 1.39626 0.444034
817.82 1.45973 0.424942
817.82 1.5232 0.40414
817.82 1.58666 0.38171
817.82 1.65013 0.357743
817.82 1.7136 0.332335
817.82 1.77706 0.30559
817.82 1.84053 0.277614
817.82 1.904 0.248519
817.82 1.96746 0.218425
817.82 2.03093 0.18745
817.82 2.0944 0.155722
817.82 2.15786 0.123365
817.82 2.22133 0.0905125
817.82 2.28479 0.0572952
817.82 2.34826 0.0238472
817.82 2.41173 -0.00969684
817.82 2.47519 -0.0432018
817.82 2.53866 -0.0765329
817.82 2.60213 -0.109556
817.82 2.66559 -0.142138
817.82 2.72906 -0.174147
817.82 2.79253 -0.205455
817.82 2.85599 -0.235936
817.82 2.91946 -0.265467
817.82 2.98293 -0.293929
817.82 3.04639 -0.321207
817.82 3.10986 -0.347192
817.82 3.17333 -0.371779
817.82 3.23679 -0.394869
817.82 3.30026 -0.416369
817.82 3.36373 -0.436192
817.82 3.42719 -0.454259
817.82 3.49066 -0.470496
817.82 3.55413 -0.484841
817.82 3.61759 -0.497231
817.82 3.68106 -0.50762
817.82 3.74452 -0.515965
817.82 3.80799 -0.522232
817.82 3.87146 -0.526396
817.82 3.93492 -0.528441
817.82 3.99839 -0.528358
817.82 4.06186 -0.526148
817.82 4.12532 -0.521818
817.82 4.18879 -0.515388
817.82 4.25226 -0.506882
817.82 4.31572 -0.496335
817.82 4.37919 -0.483791
817.82 4.44266 -0.469297
817.82 4.50612 -0.452914
817.82 4.56959 -0.434707
817.82 4.63306 -0.41475
817.82 4.69652 -0.393123
817.82 4.75999 -0.369913
817.82 4.82346 -0.345213
817.82 4.88692 -0.319124
817.82 4.95039 -0.291749
817.82 5.01385 -0.263199
817.82 5.07732 -0.23359
817.82 5.14079 -0.20304
817.82 5.20425 -0.171672
817.82 5.26772 -0.139613
817.82 5.33119 -0.106993
817.82 5.39465 -0.0739408
817.82 5.45812 -0.0405917
817.82 5.52159 -0.00707873
817.82 5.58505 0.0264626
817.82 5.64852 0.0598975
817.82 5.71199 0.0930912
817.82 5.77545 0.12591
817.82 5.83892 0.158222
817.82 5.90239 0.189896
817.82 5.96585 0.220807
817.82 6.02932 0.250828
817.82 6.09279 0.279839
817.82 6.15625 0.307723
817.82 6.21972 0.334368
817.82 6.28319 0.359666
818.821 0 -0.138313
818.821 0.0634665 -0.138104
818.821 0.126933 -0.13734
818.821 0.1904 -0.136022
818.821 0.253866 -0.134157
818.821 0.317333 -0.131751
818.821 0.380799 -0.128815
818.821 0.444266 -0.12536
818.821 0.507732 -0.1214
818.821 0.571199 -0.116952
818.821 0.634665 -0.112032
818.821 0.698132 -0.106662
818.821 0.761598 -0.100862
818.821 0.825065 -0.0946556
818.821 0.888531 -0.0880682
818.821 0.951998 -0.0811264
818.821 1.01546 -0.0738577
818.821 1.07893 -0.066292
818.821 1.1424 -0.0584588
818.821 1.20586 -0.0503906
818.821 1.26933 -0.0421194
818.821 1.3328 -0.0336786
818.821 1.39626 -0.0251021
818.821 1.45973 -0.0164246
818.821 1.5232 -0.00768105
818.821 1.58666 0.00109353
818.821 1.65013 0.00986367
818.821 1.7136 0.0185941
818.821 1.77706 0.0272498
818.821 1.84053 0.0357955
818.821 1.904 0.0441973
818.821 1.96746 0.052421
818.821 2.03093 0.0604337
818.821 2.0944 0.0682031
818.821 2.15786 0.0756977
818.821 2.22133 0.0828876
818.821 2.28479 0.0897437
818.821 2.34826 0.0962384
818.821 2.41173 0.102346
818.821 2.47519 0.108041
818.821 2.53866 0.113301
818.821 2.60213 0.118105
818.821 2.66559 0.122433
818.821 2.72906 0.126268
818.821 2.79253 0.129595
818.821 2.85599 0.1324
818.821 2.91946 0.134672
818.821 2.98293 0.136402
818.821 3.04639 0.137582
818.821 3.10986 0.138208
818.821 3.17333 0.138278
818.821 3.23679 0.137791
818.821 3.30026 0.13675
818.821 3.36373 0.135157
818.821 3.42719 0.13302
818.821 3.49066 0.130348
818.821 3.55413 0.127151
818.821 3.61759 0.123442
818.821 3.68106 0.119236
818.821 3.74452 0.11455
818.821 3.80799 0.109402
818.821 3.87146 0.103814
818.821 3.93492 0.0978078
818.821 3.99839 0.0914079
818.821 4.06186 0.0846398
818.821 4.12532 0.0775309
818.821 4.18879 0.0701101
818.821 4.25226 0.0624066
818.821 4.31572 0.0544521
818.821 4.37919 0.0462782
818.821 4.44266 0.037918
818.821 4.50612 0.0294052
818.821 4.56959 0.0207738
818.821 4.63306 0.0120588
818.821 4.69652 0.00329533
818.821 4.75999 -0.00548139
818.821 4.82346 -0.0142361
818.821 4.88692 -0.0229336
818.821 4.95039 -0.0315386
818.821 5.01385 -0.0400165
818.821 5.07732 -0.0483335
818.821 5.14079 -0.0564558
818.821 5.20425 -0.0643508
818.821 5.26772 -0.0719867
818.821 5.33119 -0.0793327
818.821 5.39465 -0.0863592
818.821 5.45812 -0.0930379
818.821 5.52159 -0.099342
818.821 5.58505 -0.105246
818.821 5.64852 -0.110727
818.821 5.71199 -0.115761
818.821 5.77545 -0.12033
818.821 5.83892 -0.124413
818.821 5.90239 -0.127996
818.821 5.96585 -0.131064
818.821 6.02932 -0.133603
818.821 6.09279 -0.135605
818.821 6.15625 -0.137061
818.821 6.21972 -0.137965
818.821 6.28319 -0.138313
819.822 0 0.151658
819.822 0.0634665 0.153891
819.822 0.126933 0.155504
819.822 0.1904 0.156491
819.822 0.253866 0.156848
819.822 0.317333 0.156574
819.822 0.380799 0.155669
819.822 0.444266 0.154137
819.822 0.507732 0.151985
819.822 0.571199 0.14922
819.822 0.634665 0.145854
819.822 0.698132 0.141902
819.822 0.761598 0.137378
819.822 0.825065 0.1323
819.822 0.888531 0.126691
819.822 0.951998 0.12057
819.822 1.01546 0.113965
819.822 1.07893 0.1069
819.822 1.1424 0.0994053
819.822 1.20586 0.0915101
819.822 1.26933 0.0832463
819.822 1.3328 0.0746476
819.822 1.39626 0.0657479
819.822 1.45973 0.0565838
819.822 1.5232 0.0471919
819.822 1.58666 0.0376097
819.822 1.65013 0.0278762
819.822 1.7136 0.0180304
819.822 1.77706 0.00811207
819.822 1.84053 -0.00183918
819.822 1.904 -0.0117827
819.822 1.96746 -0.021679
819.822 2.03093 -0.0314878
819.822 2.0944 -0.0411699
819.822 2.15786 -0.0506862
819.822 2.22133 -0.0599985
819.822 2.28479 -0.0690691
819.822 2.34826 -0.0778616
819.822 2.41173 -0.0863407
819.822 2.47519 -0.0944721
819.822 2.53866 -0.102223
819.822 2.60213 -0.109562
819.822 2.66559 -0.116461
819.822 2.72906 -0.12289
819.822 2.79253 -0.128824
819.822 2.85599 -0.13424
819.822 2.91946 -0.139115
819.822 2.98293 -0.14343
819.822 3.04639 -0.147167
819.822 3.10986 -0.150312
819.822 3.17333 -0.152852
819.822 3.23679 -0.154776
819.822 3.30026 -0.156076
819.822 3.36373 -0.156749
819.822 3.42719 -0.15679
819.822 3.49066 -0.1562
819.822 3.55413 -0.154981
819.822 3.61759 -0.153138
819.822 3.68106 -0.150678
819.822 3.74452 -0.147612
819.822 3.80799 -0.143951
819.822 3.87146 -0.13971
819.822 3.93492 -0.134907
819.822 3.99839 -0.12956
819.822 4.06186 -0.123692
819.822 4.12532 -0.117327
819.822 4.18879 -0.110488
819.822 4.25226 -0.103205
819.822 4.31572 -0.0955058
819.822 4.37919 -0.0874223
819.822 4.44266 -0.0789867
819.822 4.50612 -0.0702332
819.822 4.56959 -0.0611968
819.822 4.63306 -0.0519139
819.822 4.69652 -0.0424221
819.822 4.75999 -0.0327594
819.822 4.82346 -0.0229649
819.822 4.88692 -0.0130778
819.822 4.95039 -0.00313812
819.822 5.01385 0.00681443
819.822 5.07732 0.0167392
819.822 5.14079 0.0265967
819.822 5.20425 0.0363471
819.822 5.26772 0.0459512
819.822 5.33119 0.0553703
819.822 5.39465 0.0645663
819.822 5.45812 0.0735024
819.822 5.52159 0.0821425
819.822 5.58505 0.0904518
819.822 5.64852 0.0983969
819.822 5.71199 0.105946
819.822 5.77545 0.113068
819.822 5.83892 0.119735
819.822 5.90239 0.12592
819.822 5.96585 0.131598
819.822 6.02932 0.136746
819.822 6.09279 0.141344
819.822 6.15625 0.145372
819.822 6.21972 0.148814
819.822 6.28319 0.151658
820.823 0 0.386929
820.823 0.0634665 0.387025
820.823 0.126933 0.385563
820.823 0.1904 0.382548
820.823 0.253866 0.377992
820.823 0.317333 0.371914
820.823 0.380799 0.364339
820.823 0.444266 0.355297
820.823 0.507732 0.344824
820.823 0.571199 0.332963
820.823 0.634665 0.319761
820.823 0.698132 0.305271
820.823 0.761598 0.289552
820.823 0.825065 0.272667
820.823 0.888531 0.254685
820.823 0.951998 0.235676
820.823 1.01546 0.215719
820.823 1.07893 0.194893
820.823 1.1424 0.173283
820.823 1.20586 0.150974
820.823 1.26933 0.128058
820.823 1.3328 0.104626
820.823 1.39626 0.0807727
820.823 1.45973 0.0565943
820.823 1.5232 0.0321879
820.823 1.58666 0.00765188
820.823 1.65013 -0.0169148
820.823 1.7136 -0.0414136
820.823 1.77706 -0.0657455
820.823 1.84053 -0.0898129
820.823 1.904 -0.113518
820.823 1.96746 -0.136766
820.823 2.03093 -0.159464
820.823 2.0944 -0.18152
820.823 2.15786 -0.202845
820.823 2.22133 -0.223353
820.823 2.28479 -0.242961
820.823 2.34826 -0.261591
820.823 2.41173 -0.279168
820.823 2.47519 -0.295621
820.823 2.53866 -0.310883
820.823 2.60213 -0.324894
820.823 2.66559 -0.337597
820.823 2.72906 -0.34894
820.823 2.79253 -0.358877
820.823 2.85599 -0.367371
820.823 2.91946 -0.374384
820.823 2.98293 -0.37989
820.823 3.04639 -0.383866
820.823 3.10986 -0.386297
820.823 3.17333 -0.387172
820.823 3.23679 -0.386489
820.823 3.30026 -0.384249
820.823 3.36373 -0.380461
820.823 3.42719 -0.375142
820.823 3.49066 -0.368312
820.823 3.55413 -0.359999
820.823 3.61759 -0.350237
820.823 3.68106 -0.339064
820.823 3.74452 -0.326526
820.823 3.80799 -0.312673
820.823 3.87146 -0.297562
820.823 3.93492 -0.281251
820.823 3.99839 -0.263809
820.823 4.06186 -0.245304
820.823 4.12532 -0.225811
820.823 4.18879 -0.205409
820.823 4.25226 -0.184181
820.823 4.31572 -0.16221
820.823 4.37919 -0.139586
820.823 4.44266 -0.116401
820.823 4.50612 -0.0927462
820.823 4.56959 -0.0687182
820.823 4.63306 -0.0444135
820.823 4.69652 -0.01993
820.823 4.75999 0.00463367
820.823 4.82346 0.0291789
820.823 4.88692 0.0536064
820.823 4.95039 0.077818
820.823 5.01385 0.101717
820.823 5.07732 0.125205
820.823 5.14079 0.14819
820.823 5.20425 0.170578
820.823 5.26772 0.192279
820.823 5.33119 0.213206
820.823 5.39465 0.233275
820.823 5.45812 0.252403
820.823 5.52159 0.270516
820.823 5.58505 0.287539
820.823 5.64852 0.303405
820.823 5.71199 0.318049
820.823 5.77545 0.331412
820.823 5.83892 0.343441
820.823 5.90239 0.354087
820.823 5.96585 0.363307
820.823 6.02932 0.371064
820.823 6.09279 0.377327
820.823 6.15625 0.38207
820.823 6.21972 0.385276
820.823 6.28319 0.38693
821.824 0 -0.0559059
821.824 0.0634665 -0.0520181
821.824 0.126933 -0.0479211
821.824 0.1904 -0.0436311
821.824 0.253866 -0.0391653
821.824 0.317333 -0.0345419
821.824 0.380799 -0.0297794
821.824 0.444266 -0.024897
821.824 0.507732 -0.0199143
821.824 0.571199 -0.0148515
821.824 0.634665 -0.00972875
821.824 0.698132 -0.00456699
821.824 0.761598 0.00061323
821.824 0.825065 0.00579099
821.824 0.888531 0.0109454
821.824 0.951998 0.0160558
821.824 1.01546 0.0211015
821.824 1.07893 0.0260622
821.824 1.1424 0.0309181
821.824 1.20586 0.0356493
821.824 1.26933 0.0402371
821.824 1.3328 0.0446629
821.824 1.39626 0.0489087
821.824 1.45973 0.0529576
821.824 1.5232 0.0567931
821.824 1.58666 0.0604003
821.824 1.65013 0.0637645
821.824 1.7136 0.0668711
821.824 1.77706 0.0697091
821.824 1.84053 0.0722662
821.824 1.904 0.0745323
821.824 1.96746 0.0764982
821.824 2.03093 0.0781562
821.824 2.0944 0.0794995
821.824 2.15786 0.0805225
821.824 2.22133 0.0812216
821.824 2.28479 0.0815933
821.824 2.34826 0.0816366
821.824 2.41173 0.0813514
821.824 2.47519 0.0807382
821.824 2.53866 0.0798002
821.824 2.60213 0.0785409
821.824 2.66559 0.076965
821.824 2.72906 0.0750797
821.824 2.79253 0.0728916
821.824 2.85599 0.0704103
821.824 2.91946 0.0676453
821.824 2.98293 0.0646079
821.824 3.04639 0.0613105
821.824 3.10986 0.0577662
821.824 3.17333 0.0539891
821.824 3.23679 0.0499947
821.824 3.30026 0.0457991
821.824 3.36373 0.041419
821.824 3.42719 0.0368722
821.824 3.49066 0.0321769
821.824 3.55413 0.027352
821.824 3.61759 0.022417
821.824 3.68106 0.0173917
821.824 3.74452 0.0122964
821.824 3.80799 0.00715145
821.824 3.87146 0.00197795
821.824 3.93492 -0.00320371
821.824 3.99839 -0.00837246
821.824 4.06186 -0.0135074
821.824 4.12532 -0.018588
821.824 4.18879 -0.0235938
821.824 4.25226 -0.0285044
821.824 4.31572 -0.0333003
821.824 4.37919 -0.0379623
821.824 4.44266 -0.0424713
821.824 4.50612 -0.0468094
821.824 4.56959 -0.0509588
821.824 4.63306 -0.0549033
821.824 4.69652 -0.0586265
821.824 4.75999 -0.0621136
821.824 4.82346 -0.0653507
821.824 4.88692 -0.0683246
821.824 4.95039 -0.0710234
821.824 5.01385 -0.0734361
821.824 5.07732 -0.0755533
821.824 5.14079 -0.0773665
821.824 5.20425 -0.0788675
821.824 5.26772 -0.0800514
821.824 5.33119 -0.0809128
821.824 5.39465 -0.0814485
821.824 5.45812 -0.0816562
821.824 5.52159 -0.0815353
821.824 5.58505 -0.0810857
821.824 5.64852 -0.0803096
821.824 5.71199 -0.0792104
821.824 5.77545 -0.0777922
821.824 5.83892 -0.0760606
821.824 5.90239 -0.0740228
821.824 5.96585 -0.071687
821.824 6.02932 -0.0690624
821.824 6.09279 -0.0661599
821.824 6.15625 -0.0629909
821.824 6.21972 -0.0595683
821.824 6.28319 -0.0559059
822.825 0 -0.330256
822.825 0.0634665 -0.335753
822.825 0.126933 -0.339899
822.825 0.1904 -0.342677
822.825 0.253866 -0.344074
822.825 0.317333 -0.344085
822.825 0.380799 -0.342712
822.825 0.444266 -0.339958
822.825 0.507732 -0.335836
822.825 0.571199 -0.330361
822.825 0.634665 -0.323556
822.825 0.698132 -0.315448
822.825 0.761598 -0.306069
822.825 0.825065 -0.295459
822.825 0.888531 -0.283659
822.825 0.951998 -0.270716
822.825 1.01546 -0.256683
822.825 1.07893 -0.241617
822.825 1.1424 -0.225578
822.825 1.20586 -0.208631
822.825 1.26933 -0.190843
822.825 1.3328 -0.172287
822.825 1.39626 -0.153038
822.825 1.45973 -0.133172
822.825 1.5232 -0.11277
822.825 1.58666 -0.0919136
822.825 1.65013 -0.0706872
822.825 1.7136 -0.0491764
822.825 1.77706 -0.0274674
822.825 1.84053 -0.00564779
822.825 1.904 0.0161945
822.825 1.96746 0.0379715
822.825 2.03093 0.0595958
822.825 2.0944 0.0809801
822.825 2.15786 0.102038
822.825 2.22133 0.122685
822.825 2.28479 0.142839
822.825 2.34826 0.162417
822.825 2.41173 0.181341
822.825 2.47519 0.199535
822.825 2.53866 0.216925
822.825 2.60213 0.233442
822.825 2.66559 0.249019
822.825 2.72906 0.263593
822.825 2.79253 0.277106
822.825 2.85599 0.289504
822.825 2.91946 0.300735
822.825 2.98293 0.310755
822.825 3.04639 0.319524
822.825 3.10986 0.327007
822.825 3.17333 0.333173
822.825 3.23679 0.337997
822.825 3.30026 0.34146
822.825 3.36373 0.343548
822.825 3.42719 0.344253
822.825 3.49066 0.343572
822.825 3.55413 0.341507
822.825 3.61759 0.338067
822.825 3.68106 0.333266
822.825 3.74452 0.327123
822.825 3.80799 0.319663
822.825 3.87146 0.310915
822.825 3.93492 0.300915
822.825 3.99839 0.289705
822.825 4.06186 0.277327
822.825 4.12532 0.263833
822.825 4.18879 0.249276
822.825 4.25226 0.233715
822.825 4.31572 0.217214
822.825 4.37919 0.199838
822.825 4.44266 0.181657
822.825 4.50612 0.162745
822.825 4.56959 0.143177
822.825 4.63306 0.123033
822.825 4.69652 0.102393
822.825 4.75999 0.0813415
822.825 4.82346 0.0599621
822.825 4.88692 0.0383412
822.825 4.95039 0.0165659
822.825 5.01385 -0.00527599
822.825 5.07732 -0.0270966
822.825 5.14079 -0.0488082
822.825 5.20425 -0.0703234
822.825 5.26772 -0.0915552
822.825 5.33119 -0.112418
822.825 5.39465 -0.132829
822.825 5.45812 -0.152705
822.825 5.52159 -0.171965
822.825 5.58505 -0.190534
822.825 5.64852 -0.208335
822.825 5.71199 -0.225297
822.825 5.77545 -0.241352
822.825 5.83892 -0.256436
822.825 5.90239 -0.270486
822.825 5.96585 -0.283448
822.825 6.02932 -0.295268
822.825 6.09279 -0.305899
822.825 6.15625 -0.315298
822.825 6.21972 -0.323428
822.825 6.28319 -0.330256
823.826 0 0.119348
823.826 0.0634665 0.101442
823.826 0.126933 0.0831275
823.826 0.1904 0.0644783
823.826 0.253866 0.0455695
823.826 0.317333 0.0264773
823.826 0.380799 0.00727837
823.826 0.444266 -0.0119499
823.826 0.507732 -0.0311299
823.826 0.571199 -0.0501846
823.826 0.634665 -0.0690372
823.826 0.698132 -0.087612
823.826 0.761598 -0.105834
823.826 0.825065 -0.12363
823.826 0.888531 -0.140927
823.826 0.951998 -0.157658
823.826 1.01546 -0.173753
823.826 1.07893 -0.189149
823.826 1.1424 -0.203784
823.826 1.20586 -0.217597
823.826 1.26933 -0.230535
823.826 1.3328 -0.242544
823.826 1.39626 -0.253577
823.826 1.45973 -0.263589
823.826 1.5232 -0.272539
823.826 1.58666 -0.280392
823.826 1.65013 -0.287115
823.826 1.7136 -0.292683
823.826 1.77706 -0.297072
823.826 1.84053 -0.300265
823.826 1.904 -0.302249
823.826 1.96746 -0.303016
823.826 2.03093 -0.302562
823.826 2.0944 -0.30089
823.826 2.15786 -0.298008
823.826 2.22133 -0.293924
823.826 2.28479 -0.288657
823.826 2.34826 -0.282228
823.826 2.41173 -0.274663
823.826 2.47519 -0.265991
823.826 2.53866 -0.256249
823.826 2.60213 -0.245475
823.826 2.66559 -0.233712
823.826 2.72906 -0.221008
823.826 2.79253 -0.207414
823.826 2.85599 -0.192985
823.826 2.91946 -0.177779
823.826 2.98293 -0.161857
823.826 3.04639 -0.145284
823.826 3.10986 -0.128125
823.826 3.17333 -0.11045
823.826 3.23679 -0.0923312
823.826 3.30026 -0.0738402
823.826 3.36373 -0.0550518
823.826 3.42719 -0.0360416
823.826 3.49066 -0.0168863
823.826 3.55413 0.00233694
823.826 3.61759 0.0215507
823.826 3.68106 0.0406778
823.826 3.74452 0.059641
823.826 3.80799 0.0783639
823.826 3.87146 0.0967716
823.826 3.93492 0.114789
823.826 3.99839 0.132345
823.826 4.06186 0.149368
823.826 4.12532 0.165789
823.826 4.18879 0.181543
823.826 4.25226 0.196565
823.826 4.31572 0.210797
823.826 4.37919 0.224179
823.826 4.44266 0.236659
823.826 4.50612 0.248186
823.826 4.56959 0.258713
823.826 4.63306 0.268199
823.826 4.69652 0.276605
823.826 4.75999 0.283896
823.826 4.82346 0.290045
823.826 4.88692 0.295026
823.826 4.95039 0.298819
823.826 5.01385 0.301409
823.826 5.07732 0.302785
823.826 5.14079 0.302942
823.826 5.20425 0.301879
823.826 5.26772 0.2996
823.826 5.33119 0.296115
823.826 5.39465 0.291438
823.826 5.45812 0.285587
823.826 5.52159 0.278586
823.826 5.58505 0.270464
823.826 5.64852 0.261252
823.826 5.71199 0.250988
823.826 5.77545 0.239714
823.826 5.83892 0.227474
823.826 5.90239 0.214319
823.826 5.96585 0.200301
823.826 6.02932 0.185476
823.826 6.09279 0.169904
823.826 6.15625 0.153648
823.826 6.21972 0.136773
823.826 6.28319 0.119348
824.827 0 -0.247164
824.827 0.0634665 -0.250627
824.827 0.126933 -0.25308
824.827 0.1904 -0.254515
824.827 0.253866 -0.254925
824.827 0.317333 -0.254308
824.827 0.380799 -0.252667
824.827 0.444266 -0.250009
824.827 0.507732 -0.246344
824.827 0.571199 -0.241688
824.827 0.634665 -0.236058
824.827 0.698132 -0.229477
824.827 0.761598 -0.221973
824.827 0.825065 -0.213574
824.827 0.888531 -0.204316
824.827 0.951998 -0.194235
824.827 1.01546 -0.183372
824.827 1.07893 -0.17177
824.827 1.1424 -0.159477
824.827 1.20586 -0.146542
824.827 1.26933 -0.133016
824.827 1.3328 -0.118955
824.827 1.39626 -0.104415
824.827 1.45973 -0.0894547
824.827 1.5232 -0.0741341
824.827 1.58666 -0.0585148
824.827 1.65013 -0.0426601
824.827 1.7136 -0.0266335
824.827 1.77706 -0.0104997
824.827 1.84053 0.00567631
824.827 1.904 0.0218295
824.827 1.96746 0.0378949
824.827 2.03093 0.0538077
824.827 2.0944 0.0695037
824.827 2.15786 0.0849198
824.827 2.22133 0.099994
824.827 2.28479 0.114666
824.827 2.34826 0.128876
824.827 2.41173 0.142567
824.827 2.47519 0.155684
824.827 2.53866 0.168173
824.827 2.60213 0.179986
824.827 2.66559 0.191074
824.827 2.72906 0.201393
824.827 2.79253 0.210901
824.827 2.85599 0.219559
824.827 2.91946 0.227334
824.827 2.98293 0.234193
824.827 3.04639 0.240109
824.827 3.10986 0.245058
824.827 3.17333 0.249021
824.827 3.23679 0.25198
824.827 3.30026 0.253926
824.827 3.36373 0.254848
824.827 3.42719 0.254745
824.827 3.49066 0.253615
824.827 3.55413 0.251465
824.827 3.61759 0.248302
824.827 3.68106 0.244139
824.827 3.74452 0.238993
824.827 3.80799 0.232884
824.827 3.87146 0.225838
824.827 3.93492 0.217883
824.827 3.99839 0.20905
824.827 4.06186 0.199376
824.827 4.12532 0.188898
824.827 4.18879 0.17766
824.827 4.25226 0.165707
824.827 4.31572 0.153086
824.827 4.37919 0.139849
824.827 4.44266 0.126049
824.827 4.50612 0.111741
824.827 4.56959 0.0969838
824.827 4.63306 0.0818358
824.827 4.69652 0.0663576
824.827 4.75999 0.050613
824.827 4.82346 0.0346642
824.827 4.88692 0.0185761
824.827 4.95039 0.0024129
824.827 5.01385 -0.0137598
824.827 5.07732 -0.0298773
824.827 5.14079 -0.0458743
824.827 5.20425 -0.0616866
824.827 5.26772 -0.0772507
824.827 5.33119 -0.0925036
824.827 5.39465 -0.107384
824.827 5.45812 -0.121832
824.827 5.52159 -0.135789
824.827 5.58505 -0.1492
824.827 5.64852 -0.16201
824.827 5.71199 -0.174168
824.827 5.77545 -0.185624
824.827 5.83892 -0.196333
824.827 5.90239 -0.206251
824.827 5.96585 -0.215339
824.827 6.02932 -0.223559
824.827 6.09279 -0.23088
824.827 6.15625 -0.23727
824.827 6.21972 -0.242706
824.827 6.28319 -0.247164
825.828 0 -0.213461
825.828 0.0634665 -0.210959
825.828 0.126933 -0.207607
825.828 0.1904 -0.20342
825.828 0.253866 -0.198413
825.828 0.317333 -0.192607
825.828 0.380799 -0.186026
825.828 0.444266 -0.178696
825.828 0.507732 -0.170646
825.828 0.571199 -0.161909
825.828 0.634665 -0.15252
825.828 0.698132 -0.142517
825.828 0.761598 -0.13194
825.828 0.825065 -0.120831
825.828 0.888531 -0.109237
825.828 0.951998 -0.0972021
825.828 1.01546 -0.084776
825.828 1.07893 -0.0720086
825.828 1.1424 -0.0589512
825.828 1.20586 -0.0456565
825.828 1.26933 -0.0321778
825.828 1.3328 -0.0185697
825.828 1.39626 -0.00488683
825.828 1.45973 0.00881575
825.828 1.5232 0.0224829
825.828 1.58666 0.0360594
825.828 1.65013 0.0494909
825.828 1.7136 0.062723
825.828 1.77706 0.0757027
825.828 1.84053 0.0883771
825.828 1.904 0.100696
825.828 1.96746 0.112609
825.828 2.03093 0.124069
825.828 2.0944 0.13503
825.828 2.15786 0.145446
825.828 2.22133 0.155277
825.828 2.28479 0.164483
825.828 2.34826 0.173026
825.828 2.41173 0.180873
825.828 2.47519 0.187992
825.828 2.53866 0.194353
825.828 2.60213 0.199932
825.828 2.66559 0.204705
825.828 2.72906 0.208655
825.828 2.79253 0.211764
825.828 2.85599 0.214021
825.828 2.91946 0.215416
825.828 2.98293 0.215943
825.828 3.04639 0.215601
825.828 3.10986 0.214391
825.828 3.17333 0.212317
825.828 3.23679 0.209389
825.828 3.30026 0.205617
825.828 3.36373 0.201018
825.828 3.42719 0.195609
825.828 3.49066 0.189412
825.828 3.55413 0.182453
825.828 3.61759 0.174759
825.828 3.68106 0.166361
825.828 3.74452 0.157293
825.828 3.80799 0.147593
825.828 3.87146 0.137297
825.828 3.93492 0.126449
825.828 3.99839 0.115092
825.828 4.06186 0.103271
825.828 4.12532 0.0910348
825.828 4.18879 0.0784318
825.828 4.25226 0.0655129
825.828 4.31572 0.0523301
825.828 4.37919 0.0389367
825.828 4.44266 0.0253866
825.828 4.50612 0.0117342
825.828 4.56959 -0.00196542
825.828 4.63306 -0.0156572
825.828 4.69652 -0.029286
825.828 4.75999 -0.0427966
825.828 4.82346 -0.0561352
825.828 4.88692 -0.0692477
825.828 4.95039 -0.0820812
825.828 5.01385 -0.0945843
825.828 5.07732 -0.106706
825.828 5.14079 -0.118399
825.828 5.20425 -0.129615
825.828 5.26772 -0.140309
825.828 5.33119 -0.150437
825.828 5.39465 -0.159961
825.828 5.45812 -0.16884
825.828 5.52159 -0.177039
825.828 5.58505 -0.184525
825.828 5.64852 -0.191269
825.828 5.71199 -0.197242
825.828 5.77545 -0.202421
825.828 5.83892 -0.206784
825.828 5.90239 -0.210315
825.828 5.96585 -0.213
825.828 6.02932 -0.214827
825.828 6.09279 -0.215788
825.828 6.15625 -0.215881
825.828 6.21972 -0.215104
825.828 6.28319 -0.213461
826.829 0 -0.0222448
826.829 0.0634665 -0.022723
826.829 0.126933 -0.0231096
826.829 0.1904 -0.023403
826.829 0.253866 -0.0236023
826.829 0.317333 -0.0237067
826.829 0.380799 -0.0237156
826.829 0.444266 -0.0236287
826.829 0.507732 -0.0234469
826.829 0.571199 -0.0231707
826.829 0.634665 -0.0228012
826.829 0.698132 -0.0223399
826.829 0.761598 -0.0217884
826.829 0.825065 -0.0211493
826.829 0.888531 -0.0204253
826.829 0.951998 -0.0196187
826.829 1.01546 -0.0187332
826.829 1.07893 -0.0177724
826.829 1.1424 -0.0167401
826.829 1.20586 -0.0156402
826.829 1.26933 -0.0144773
826.829 1.3328 -0.0132562
826.829 1.39626 -0.0119816
826.829 1.45973 -0.0106589
826.829 1.5232 -0.00929331
826.829 1.58666 -0.00788999
826.829 1.65013 -0.00645532
826.829 1.7136 -0.00499442
826.829 1.77706 -0.00351352
826.829 1.84053 -0.0020183
826.829 1.904 -0.000515056
826.829 1.96746 0.000990265
826.829 2.03093 0.00249149
826.829 2.0944 0.00398294
826.829 2.15786 0.00545809
826.829 2.22133 0.0069113
826.829 2.28479 0.00833692
826.829 2.34826 0.00972887
826.829 2.41173 0.0110814
826.829 2.47519 0.0123895
826.829 2.53866 0.0136478
826.829 2.60213 0.0148509
826.829 2.66559 0.0159944
826.829 2.72906 0.0170735
826.829 2.79253 0.0180837
826.829 2.85599 0.0190213
826.829 2.91946 0.0198821
826.829 2.98293 0.0206628
826.829 3.04639 0.0213604
826.829 3.10986 0.021972
826.829 3.17333 0.0224953
826.829 3.23679 0.0229278
826.829 3.30026 0.0232681
826.829 3.36373 0.0235146
826.829 3.42719 0.0236664
826.829 3.49066 0.0237231
826.829 3.55413 0.0236842
826.829 3.61759 0.0235497
826.829 3.68106 0.0233206
826.829 3.74452 0.0229974
826.829 3.80799 0.0225816
826.829 3.87146 0.0220753
826.829 3.93492 0.0214797
826.829 3.99839 0.0207978
826.829 4.06186 0.020032
826.829 4.12532 0.0191856
826.829 4.18879 0.018262
826.829 4.25226 0.0172647
826.829 4.31572 0.0161982
826.829 4.37919 0.0150663
826.829 4.44266 0.0138736
826.829 4.50612 0.0126252
826.829 4.56959 0.011326
826.829 4.63306 0.00998118
826.829 4.69652 0.00859594
826.829 4.75999 0.00717634
826.829 4.82346 0.0057278
826.829 4.88692 0.00425619
826.829 4.95039 0.0027673
826.829 5.01385 0.00126747
826.829 5.07732 -0.000237684
826.829 5.14079 -0.00174174
826.829 5.20425 -0.00323881
826.829 5.26772 -0.0047228
826.829 5.33119 -0.0061878
826.829 5.39465 -0.0076279
826.829 5.45812 -0.0090373
826.829 5.52159 -0.0104104
826.829 5.58505 -0.0117412
826.829 5.64852 -0.0130252
826.829 5.71199 -0.0142565
826.829 5.77545 -0.0154304
826.829 5.83892 -0.0165423
826.829 5.90239 -0.0175876
826.829 5.96585 -0.0185618
826.829 6.02932 -0.0194614
826.829 6.09279 -0.0202826
826.829 6.15625 -0.0210222
826.829 6.21972 -0.0216772
826.829 6.28319 -0.0222448
827.83 0 -0.0716369
827.83 0.0634665 -0.0560924
827.83 0.126933 -0.0403217
827.83 0.1904 -0.024389
827.83 0.253866 -0.00835797
827.83 0.317333 0.00770676
827.83 0.380799 0.0237402
827.83 0.444266 0.0396782
827.83 0.507732 0.0554564
827.83 0.571199 0.0710117
827.83 0.634665 0.0862804
827.83 0.698132 0.101202
827.83 0.761598 0.115716
827.83 0.825065 0.129764
827.83 0.888531 0.14329
827.83 0.951998 0.156238
827.83 1.01546 0.168558
827.83 1.07893 0.180199
827.83 1.1424 0.191114
827.83 1.20586 0.201259
827.83 1.26933 0.210594
827.83 1.3328 0.219082
827.83 1.39626 0.226687
827.83 1.45973 0.23338
827.83 1.5232 0.239132
827.83 1.58666 0.243922
827.83 1.65013 0.247729
827.83 1.7136 0.250539
827.83 1.77706 0.25234
827.83 1.84053 0.253125
827.83 1.904 0.252891
827.83 1.96746 0.251639
827.83 2.03093 0.249373
827.83 2.0944 0.246103
827.83 2.15786 0.241842
827.83 2.22133 0.236607
827.83 2.28479 0.23042
827.83 2.34826 0.223305
827.83 2.41173 0.21529
827.83 2.47519 0.206409
827.83 2.53866 0.196696
827.83 2.60213 0.186192
827.83 2.66559 0.174938
827.83 2.72906 0.162979
827.83 2.79253 0.150364
827.83 2.85599 0.137144
827.83 2.91946 0.123371
827.83 2.98293 0.109102
827.83 3.04639 0.0943935
827.83 3.10986 0.079305
827.83 3.17333 0.0638966
827.83 3.23679 0.0482313
827.83 3.30026 0.0323716
827.83 3.36373 0.0163821
827.83 3.42719 0.000326005
827.83 3.49066 -0.0157311
827.83 3.55413 -0.0317253
827.83 3.61759 -0.0475914
827.83 3.68106 -0.0632659
827.83 3.74452 -0.0786856
827.83 3.80799 -0.0937882
827.83 3.87146 -0.108514
827.83 3.93492 -0.122802
827.83 3.99839 -0.136596
827.83 4.06186 -0.14984
827.83 4.12532 -0.16248
827.83 4.18879 -0.174466
827.83 4.25226 -0.18575
827.83 4.31572 -0.196286
827.83 4.37919 -0.206031
827.83 4.44266 -0.214946
827.83 4.50612 -0.222997
827.83 4.56959 -0.230149
827.83 4.63306 -0.236375
827.83 4.69652 -0.241649
827.83 4.75999 -0.245949
827.83 4.82346 -0.24926
827.83 4.88692 -0.251566
827.83 4.95039 -0.25286
827.83 5.01385 -0.253135
827.83 5.07732 -0.252392
827.83 5.14079 -0.250632
827.83 5.20425 -0.247863
827.83 5.26772 -0.244096
827.83 5.33119 -0.239345
827.83 5.39465 -0.233631
827.83 5.45812 -0.226977
827.83 5.52159 -0.219408
827.83 5.58505 -0.210956
827.83 5.64852 -0.201654
827.83 5.71199 -0.191541
827.83 5.77545 -0.180656
827.83 5.83892 -0.169044
827.83 5.90239 -0.156751
827.83 5.96585 -0.143827
827.83 6.02932 -0.130324
827.83 6.09279 -0.116295
827.83 6.15625 -0.101799
827.83 6.21972 -0.0868929
827.83 6.28319 -0.0716368
828.831 0 -0.299177
828.831 0.0634665 -0.359844
828.831 0.126933 -0.419061
828.831 0.1904 -0.476592
828.831 0.253866 -0.532203
828.831 0.317333 -0.585672
828.831 0.380799 -0.636782
828.831 0.444266 -0.685328
828.831 0.507732 -0.731114
828.831 0.571199 -0.773957
828.831 0.634665 -0.813683
828.831 0.698132 -0.850132
828.831 0.761598 -0.883158
828.831 0.825065 -0.912629
828.831 0.888531 -0.938424
828.831 0.951998 -0.960441
828.831 1.01546 -0.97859
828.831 1.07893 -0.9928
828.831 1.1424 -1.00301
828.831 1.20586 -1.00918
828.831 1.26933 -1.01129
828.831 1.3328 -1.00933
828.831 1.39626 -1.0033
828.831 1.45973 -0.993234
828.831 1.5232 -0.979167
828.831 1.58666 -0.961158
828.831 1.65013 -0.939278
828.831 1.7136 -0.913616
828.831 1.77706 -0.884275
828.831 1.84053 -0.851374
828.831 1.904 -0.815045
828.831 1.96746 -0.775433
828.831 2.03093 -0.732699
828.831 2.0944 -0.687015
828.831 2.15786 -0.638564
828.831 2.22133 -0.587542
828.831 2.28479 -0.534155
828.831 2.34826 -0.478616
828.831 2.41173 -0.421151
828.831 2.47519 -0.361989
828.831 2.53866 -0.30137
828.831 2.60213 -0.239537
828.831 2.66559 -0.17674
828.831 2.72906 -0.113231
828.831 2.79253 -0.0492661
828.831 2.85599 0.0148969
828.831 2.91946 0.0790002
828.831 2.98293 0.142785
828.831 3.04639 0.205996
828.831 3.10986 0.268376
828.831 3.17333 0.329676
828.831 3.23679 0.389648
828.831 3.30026 0.448052
828.831 3.36373 0.504651
828.831 3.42719 0.559219
828.831 3.49066 0.611535
828.831 3.55413 0.661388
828.831 3.61759 0.708578
828.831 3.68106 0.752915
828.831 3.74452 0.794219
828.831 3.80799 0.832327
828.831 3.87146 0.867082
828.831 3.93492 0.898346
828.831 3.99839 0.925993
828.831 4.06186 0.949911
828.831 4.12532 0.970004
828.831 4.18879 0.986192
828.831 4.25226 0.998408
828.831 4.31572 1.0066
828.831 4.37919 1.01075
828.831 4.44266 1.01082
828.831 4.50612 1.00682
828.831 4.56959 0.99877
828.831 4.63306 0.986698
828.831 4.69652 0.970652
828.831 4.75999 0.950697
828.831 4.82346 0.926914
828.831 4.88692 0.899398
828.831 4.95039 0.868262
828.831 5.01385 0.833629
828.831 5.07732 0.795639
828.831 5.14079 0.754446
828.831 5.20425 0.710215
828.831 5.26772 0.663123
828.831 5.33119 0.613362
828.831 5.39465 0.561131
828.831 5.45812 0.506641
828.831 5.52159 0.45011
828.831 5.58505 0.391767
828.831 5.64852 0.331847
828.831 5.71199 0.27059
828.831 5.77545 0.208243
828.831 5.83892 0.145058
828.831 5.90239 0.0812895
828.831 5.96585 0.0171932
828.831 6.02932 -0.0469723
828.831 6.09279 -0.110949
828.831 6.15625 -0.174478
828.831 6.21972 -0.237305
828.831 6.28319 -0.299177
829.832 0 -0.172089
829.832 0.0634665 -0.171765
829.832 0.126933 -0.170751
829.832 0.1904 -0.169048
829.832 0.253866 -0.166665
829.832 0.317333 -0.163611
829.832 0.380799 -0.159899
829.832 0.444266 -0.155541
829.832 0.507732 -0.150559
829.832 0.571199 -0.144969
829.832 0.634665 -0.138796
829.832 0.698132 -0.132065
829.832 0.761598 -0.124801
829.832 0.825065 -0.117035
829.832 0.888531 -0.108797
829.832 0.951998 -0.100122
829.832 1.01546 -0.091043
829.832 1.07893 -0.0815977
829.832 1.1424 -0.071824
829.832 1.20586 -0.0617608
829.832 1.26933 -0.0514491
829.832 1.3328 -0.0409302
829.832 1.39626 -0.0302462
829.832 1.45973 -0.019441
829.832 1.5232 -0.00855736
829.832 1.58666 0.00236097
829.832 1.65013 0.0132698
829.832 1.7136 0.0241252
829.832 1.77706 0.0348837
829.832 1.84053 0.0455008
829.832 1.904 0.0559354
829.832 1.96746 0.0661448
829.832 2.03093 0.0760874
829.832 2.0944 0.0857248
829.832 2.15786 0.0950154
829.832 2.22133 0.103925
829.832 2.28479 0.112415
829.832 2.34826 0.120452
829.832 2.41173 0.128006
829.832 2.47519 0.135042
829.832 2.53866 0.141536
829.832 2.60213 0.147459
829.832 2.66559 0.152789
829.832 2.72906 0.157504
829.832 2.79253 0.161584
829.832 2.85599 0.165013
829.832 2.91946 0.167779
829.832 2.98293 0.169868
829.832 3.04639 0.171274
829.832 3.10986 0.17199
829.832 3.17333 0.172013
829.832 3.23679 0.171344
829.832 3.30026 0.169985
829.832 3.36373 0.167941
829.832 3.42719 0.165221
829.832 3.49066 0.161836
829.832 3.55413 0.1578
829.832 3.61759 0.153127
829.832 3.68106 0.147838
829.832 3.74452 0.141954
829.832 3.80799 0.135499
829.832 3.87146 0.128497
829.832 3.93492 0.120979
829.832 3.99839 0.112973
829.832 4.06186 0.104512
829.832 4.12532 0.0956305
829.832 4.18879 0.0863639
829.832 4.25226 0.0767493
829.832 4.31572 0.0668261
829.832 4.37919 0.0566335
829.832 4.44266 0.046213
829.832 4.50612 0.035606
829.832 4.56959 0.0248563
829.832 4.63306 0.0140059
829.832 4.69652 0.00309954
829.832 4.75999 -0.00781988
829.832 4.82346 -0.0187071
829.832 4.88692 -0.0295191
829.832 4.95039 -0.0402127
829.832 5.01385 -0.0507439
829.832 5.07732 -0.061071
829.832 5.14079 -0.071152
829.832 5.20425 -0.0809467
829.832 5.26772 -0.0904156
829.832 5.33119 -0.0995203
829.832 5.39465 -0.108224
829.832 5.45812 -0.116492
829.832 5.52159 -0.124291
829.832 5.58505 -0.13159
829.832 5.64852 -0.138359
829.832 5.71199 -0.14457
829.832 5.77545 -0.1502
829.832 5.83892 -0.155224
829.832 5.90239 -0.159624
829.832 5.96585 -0.163381
829.832 6.02932 -0.16648
829.832 6.09279 -0.168908
829.832 6.15625 -0.170657
829.832 6.21972 -0.171719
829.832 6.28319 -0.172089
830.833 0 0.349646
830.833 0.0634665 0.375846
830.833 0.126933 0.400532
830.833 0.1904 0.423606
830.833 0.253866 0.444974
830.833 0.317333 0.464549
830.833 0.380799 0.482254
830.833 0.444266 0.498017
830.833 0.507732 0.511776
830.833 0.571199 0.523474
830.833 0.634665 0.533063
830.833 0.698132 0.540506
830.833 0.761598 0.545773
830.833 0.825065 0.548841
830.833 0.888531 0.5497
830.833 0.951998 0.548346
830.833 1.01546 0.544783
830.833 1.07893 0.539028
830.833 1.1424 0.5311
830.833 1.20586 0.521036
830.833 1.26933 0.508872
830.833 1.3328 0.49466
830.833 1.39626 0.478456
830.833 1.45973 0.460326
830.833 1.5232 0.440341
830.833 1.58666 0.418584
830.833 1.65013 0.395142
830.833 1.7136 0.370108
830.833 1.77706 0.343583
830.833 1.84053 0.315676
830.833 1.904 0.286498
830.833 1.96746 0.256165
830.833 2.03093 0.224801
830.833 2.0944 0.192532
830.833 2.15786 0.159487
830.833 2.22133 0.125801
830.833 2.28479 0.091608
830.833 2.34826 0.0570458
830.833 2.41173 0.0222545
830.833 2.47519 -0.0126269
830.833 2.53866 -0.0474576
830.833 2.60213 -0.0820967
830.833 2.66559 -0.116406
830.833 2.72906 -0.150246
830.833 2.79253 -0.18348
830.833 2.85599 -0.215977
830.833 2.91946 -0.247603
830.833 2.98293 -0.278233
830.833 3.04639 -0.307742
830.833 3.10986 -0.336012
830.833 3.17333 -0.362929
830.833 3.23679 -0.388384
830.833 3.30026 -0.412276
830.833 3.36373 -0.434508
830.833 3.42719 -0.45499
830.833 3.49066 -0.47364
830.833 3.55413 -0.490384
830.833 3.61759 -0.505151
830.833 3.68106 -0.517885
830.833 3.74452 -0.528534
830.833 3.80799 -0.537055
830.833 3.87146 -0.543413
830.833 3.93492 -0.547583
830.833 3.99839 -0.549547
830.833 4.06186 -0.5493
830.833 4.12532 -0.546839
830.833 4.18879 -0.542179
830.833 4.25226 -0.535333
830.833 4.31572 -0.526333
830.833 4.37919 -0.515214
830.833 4.44266 -0.502019
830.833 4.50612 -0.486804
830.833 4.56959 -0.469628
830.833 4.63306 -0.450561
830.833 4.69652 -0.42968
830.833 4.75999 -0.407068
830.833 4.82346 -0.382817
830.833 4.88692 -0.357025
830.833 4.95039 -0.329796
830.833 5.01385 -0.301238
830.833 5.07732 -0.271468
830.833 5.14079 -0.240604
830.833 5.20425 -0.208772
830.833 5.26772 -0.176097
830.833 5.33119 -0.142716
830.833 5.39465 -0.108759
830.833 5.45812 -0.0743644
830.833 5.52159 -0.0396698
830.833 5.58505 -0.00481639
830.833 5.64852 0.0300573
830.833 5.71199 0.0648097
830.833 5.77545 0.0993011
830.833 5.83892 0.133393
830.833 5.90239 0.166947
830.833 5.96585 0.199829
830.833 6.02932 0.231907
830.833 6.09279 0.26305
830.833 6.15625 0.293135
830.833 6.21972 0.322039
830.833 6.28319 0.349646
831.833 0 0.561775
831.833 0.0634665 0.56062
831.833 0.126933 0.557207
831.833 0.1904 0.551551
831.833 0.253866 0.543674
831.833 0.317333 0.533608
831.833 0.380799 0.521394
831.833 0.444266 0.507079
831.833 0.507732 0.490722
831.833 0.571199 0.472391
831.833 0.634665 0.452156
831.833 0.698132 0.430101
831.833 0.761598 0.406315
831.833 0.825065 0.380892
831.833 0.888531 0.353935
831.833 0.951998 0.325554
831.833 1.01546 0.295861
831.833 1.07893 0.264977
831.833 1.1424 0.233026
831.833 1.20586 0.200137
831.833 1.26933 0.166441
831.833 1.3328 0.132076
831.833 1.39626 0.0971791
831.833 1.45973 0.0618906
831.833 1.5232 0.0263529
831.833 1.58666 -0.00929092
831.833 1.65013 -0.0448973
831.833 1.7136 -0.0803229
831.833 1.77706 -0.115425
831.833 1.84053 -0.150062
831.833 1.904 -0.184096
831.833 1.96746 -0.217387
831.833 2.03093 -0.249804
831.833 2.0944 -0.281214
831.833 2.15786 -0.311493
831.833 2.22133 -0.340517
831.833 2.28479 -0.36817
831.833 2.34826 -0.39434
831.833 2.41173 -0.418923
831.833 2.47519 -0.441819
831.833 2.53866 -0.462935
831.833 2.60213 -0.482187
831.833 2.66559 -0.499498
831.833 2.72906 -0.514798
831.833 2.79253 -0.528025
831.833 2.85599 -0.539125
831.833 2.91946 -0.548055
831.833 2.98293 -0.554778
831.833 3.04639 -0.559267
831.833 3.10986 -0.561504
831.833 3.17333 -0.56148
831.833 3.23679 -0.559195
831.833 3.30026 -0.554659
831.833 3.36373 -0.547888
831.833 3.42719 -0.538912
831.833 3.49066 -0.527767
831.833 3.55413 -0.514495
831.833 3.61759 -0.499151
831.833 3.68106 -0.481799
831.833 3.74452 -0.462506
831.833 3.80799 -0.441351
831.833 3.87146 -0.418419
831.833 3.93492 -0.393801
831.833 3.99839 -0.367599
831.833 4.06186 -0.339915
831.833 4.12532 -0.310864
831.833 4.18879 -0.28056
831.833 4.25226 -0.249127
831.833 4.31572 -0.21669
831.833 4.37919 -0.183381
831.833 4.44266 -0.149334
831.833 4.50612 -0.114686
831.833 4.56959 -0.079575
831.833 4.63306 -0.0441442
831.833 4.69652 -0.00853528
831.833 4.75999 0.0271076
831.833 4.82346 0.0626415
831.833 4.88692 0.0979232
831.833 4.95039 0.132811
831.833 5.01385 0.167163
831.833 5.07732 0.200843
831.833 5.14079 0.233713
831.833 5.20425 0.265643
831.833 5.26772 0.296503
831.833 5.33119 0.326169
831.833 5.39465 0.354522
831.833 5.45812 0.381447
831.833 5.52159 0.406836
831.833 5.58505 0.430587
831.833 5.64852 0.452604
831.833 5.71199 0.472799
831.833 5.77545 0.49109
831.833 5.83892 0.507404
831.833 5.90239 0.521674
831.833 5.96585 0.533844
831.833 6.02932 0.543864
831.833 6.09279 0.551694
831.833 6.15625 0.557303
831.833 6.21972 0.560668
831.833 6.28319 0.561775
832.835 0 0.323124
832.835 0.0634665 0.322762
832.835 0.126933 0.3211
832.835 0.1904 0.318145
832.835 0.253866 0.313909
832.835 0.317333 0.308409
832.835 0.380799 0.301667
832.835 0.444266 0.29371
832.835 0.507732 0.284571
832.835 0.571199 0.274286
832.835 0.634665 0.262896
832.835 0.698132 0.250448
832.835 0.761598 0.236992
832.835 0.825065 0.222581
832.835 0.888531 0.207273
832.835 0.951998 0.191132
832.835 1.01546 0.17422
832.835 1.07893 0.156607
832.835 1.1424 0.138364
832.835 1.20586 0.119563
832.835 1.26933 0.100281
832.835 1.3328 0.080595
832.835 1.39626 0.0605845
832.835 1.45973 0.0403301
832.835 1.5232 0.0199132
832.835 1.58666 -0.000583694
832.835 1.65013 -0.0210784
832.835 1.7136 -0.0414881
832.835 1.77706 -0.0617307
832.835 1.84053 -0.0817251
832.835 1.904 -0.10139
832.835 1.96746 -0.120647
832.835 2.03093 -0.139418
832.835 2.0944 -0.157627
832.835 2.15786 -0.175202
832.835 2.22133 -0.192072
832.835 2.28479 -0.208168
832.835 2.34826 -0.223426
832.835 2.41173 -0.237783
832.835 2.47519 -0.251184
832.835 2.53866 -0.263574
832.835 2.60213 -0.274902
832.835 2.66559 -0.285123
832.835 2.72906 -0.294195
832.835 2.79253 -0.302084
832.835 2.85599 -0.308756
832.835 2.91946 -0.314184
832.835 2.98293 -0.318348
832.835 3.04639 -0.321229
832.835 3.10986 -0.322818
832.835 3.17333 -0.323106
832.835 3.23679 -0.322093
832.835 3.30026 -0.319784
832.835 3.36373 -0.316186
832.835 3.42719 -0.311316
832.835 3.49066 -0.305191
832.835 3.55413 -0.297839
832.835 3.61759 -0.289286
832.835 3.68106 -0.279569
832.835 3.74452 -0.268727
832.835 3.80799 -0.256802
832.835 3.87146 -0.243843
832.835 3.93492 -0.229902
832.835 3.99839 -0.215035
832.835 4.06186 -0.199303
832.835 4.12532 -0.182768
832.835 4.18879 -0.165497
832.835 4.25226 -0.14756
832.835 4.31572 -0.129028
832.835 4.37919 -0.109977
832.835 4.44266 -0.0904835
832.835 4.50612 -0.0706254
832.835 4.56959 -0.0504827
832.835 4.63306 -0.0301369
832.835 4.69652 -0.00966978
832.835 4.75999 0.0108364
832.835 4.82346 0.031299
832.835 4.88692 0.0516355
832.835 4.95039 0.0717643
832.835 5.01385 0.0916036
832.835 5.07732 0.111074
832.835 5.14079 0.130098
832.835 5.20425 0.148597
832.835 5.26772 0.166499
832.835 5.33119 0.18373
832.835 5.39465 0.20022
832.835 5.45812 0.215905
832.835 5.52159 0.230721
832.835 5.58505 0.244607
832.835 5.64852 0.257509
832.835 5.71199 0.269374
832.835 5.77545 0.280153
832.835 5.83892 0.289805
832.835 5.90239 0.29829
832.835 5.96585 0.305573
832.835 6.02932 0.311627
832.835 6.09279 0.316425
832.835 6.15625 0.31995
832.835 6.21972 0.322186
832.835 6.28319 0.323125
833.836 0 0.173108
833.836 0.0634665 0.175074
833.836 0.126933 0.176334
833.836 0.1904 0.176884
833.836 0.253866 0.176722
833.836 0.317333 0.175848
833.836 0.380799 0.174266
833.836 0.444266 0.171983
833.836 0.507732 0.169007
833.836 0.571199 0.16535
833.836 0.634665 0.161028
833.836 0.698132 0.156057
833.836 0.761598 0.150458
833.836 0.825065 0.144253
833.836 0.888531 0.137467
833.836 0.951998 0.130128
833.836 1.01546 0.122265
833.836 1.07893 0.113909
833.836 1.1424 0.105095
833.836 1.20586 0.0958571
833.836 1.26933 0.0862335
833.836 1.3328 0.0762629
833.836 1.39626 0.0659851
833.836 1.45973 0.0554415
833.836 1.5232 0.0446747
833.836 1.58666 0.0337283
833.836 1.65013 0.0226457
833.836 1.7136 0.0114721
833.836 1.77706 0.000252106
833.836 1.84053 -0.0109685
833.836 1.904 -0.0221453
833.836 1.96746 -0.0332329
833.836 2.03093 -0.0441867
833.836 2.0944 -0.0549624
833.836 2.15786 -0.0655169
833.836 2.22133 -0.0758075
833.836 2.28479 -0.0857928
833.836 2.34826 -0.0954328
833.836 2.41173 -0.104688
833.836 2.47519 -0.113523
833.836 2.53866 -0.1219
833.836 2.60213 -0.129786
833.836 2.66559 -0.137149
833.836 2.72906 -0.143961
833.836 2.79253 -0.150192
833.836 2.85599 -0.155819
833.836 2.91946 -0.160819
833.836 2.98293 -0.16517
833.836 3.04639 -0.168857
833.836 3.10986 -0.171864
833.836 3.17333 -0.174179
833.836 3.23679 -0.175792
833.836 3.30026 -0.176698
833.836 3.36373 -0.176892
833.836 3.42719 -0.176374
833.836 3.49066 -0.175146
833.836 3.55413 -0.173212
833.836 3.61759 -0.170581
833.836 3.68106 -0.167263
833.836 3.74452 -0.163271
833.836 3.80799 -0.158623
833.836 3.87146 -0.153335
833.836 3.93492 -0.14743
833.836 3.99839 -0.140931
833.836 4.06186 -0.133865
833.836 4.12532 -0.12626
833.836 4.18879 -0.118146
833.836 4.25226 -0.109557
833.836 4.31572 -0.100526
833.836 4.37919 -0.0910912
833.836 4.44266 -0.0812892
833.836 4.50612 -0.0711598
833.836 4.56959 -0.0607439
833.836 4.63306 -0.0500833
833.836 4.69652 -0.0392212
833.836 4.75999 -0.0282011
833.836 4.82346 -0.0170673
833.836 4.88692 -0.00586522
833.836 4.95039 0.00536102
833.836 5.01385 0.0165654
833.836 5.07732 0.027703
833.836 5.14079 0.0387294
833.836 5.20425 0.0495993
833.836 5.26772 0.06027
833.836 5.33119 0.0706976
833.836 5.39465 0.080841
833.836 5.45812 0.0906585
833.836 5.52159 0.100111
833.836 5.58505 0.109161
833.836 5.64852 0.11777
833.836 5.71199 0.125906
833.836 5.77545 0.133535
833.836 5.83892 0.140626
833.836 5.90239 0.147151
833.836 5.96585 0.153083
833.836 6.02932 0.158398
833.836 6.09279 0.163077
833.836 6.15625 0.167098
833.836 6.21972 0.170446
833.836 6.28319 0.173108
834.836 0 0.0361855
834.836 0.0634665 0.0408848
834.836 0.126933 0.0454196
834.836 0.1904 0.0497716
834.836 0.253866 0.0539232
834.836 0.317333 0.0578577
834.836 0.380799 0.0615591
834.836 0.444266 0.0650128
834.836 0.507732 0.0682045
834.836 0.571199 0.0711217
834.836 0.634665 0.0737526
834.836 0.698132 0.0760863
834.836 0.761598 0.0781138
834.836 0.825065 0.0798266
834.836 0.888531 0.0812181
834.836 0.951998 0.0822825
834.836 1.01546 0.0830156
834.836 1.07893 0.0834144
834.836 1.1424 0.0834774
834.836 1.20586 0.0832042
834.836 1.26933 0.082596
834.836 1.3328 0.0816552
834.836 1.39626 0.0803855
834.836 1.45973 0.0787923
834.836 1.5232 0.0768818
834.836 1.58666 0.0746617
834.836 1.65013 0.0721409
834.836 1.7136 0.0693295
834.836 1.77706 0.0662392
834.836 1.84053 0.062882
834.836 1.904 0.0592716
834.836 1.96746 0.0554226
834.836 2.03093 0.0513506
834.836 2.0944 0.0470716
834.836 2.15786 0.042603
834.836 2.22133 0.037963
834.836 2.28479 0.0331702
834.836 2.34826 0.0282437
834.836 2.41173 0.0232034
834.836 2.47519 0.0180698
834.836 2.53866 0.0128635
834.836 2.60213 0.00760535
834.836 2.66559 0.0023166
834.836 2.72906 -0.00298169
834.836 2.79253 -0.00826775
834.836 2.85599 -0.0135206
834.836 2.91946 -0.018719
834.836 2.98293 -0.0238421
834.836 3.04639 -0.028869
834.836 3.10986 -0.0337797
834.836 3.17333 -0.0385545
834.836 3.23679 -0.0431741
834.836 3.30026 -0.0476197
834.836 3.36373 -0.0518735
834.836 3.42719 -0.0559186
834.836 3.49066 -0.0597385
834.836 3.55413 -0.0633179
834.836 3.61759 -0.0666422
834.836 3.68106 -0.0696982
834.836 3.74452 -0.0724736
834.836 3.80799 -0.0749571
834.836 3.87146 -0.0771388
834.836 3.93492 -0.07901
834.836 3.99839 -0.0805629
834.836 4.06186 -0.0817915
834.836 4.12532 -0.0826907
834.836 4.18879 -0.083257
834.836 4.25226 -0.0834879
834.836 4.31572 -0.0833827
834.836 4.37919 -0.0829418
834.836 4.44266 -0.082167
834.836 4.50612 -0.0810612
834.836 4.56959 -0.079629
834.836 4.63306 -0.0778762
834.836 4.69652 -0.0758099
834.836 4.75999 -0.0734382
834.836 4.82346 -0.0707708
834.836 4.88692 -0.0678186
834.836 4.95039 -0.0645931
834.836 5.01385 -0.0611077
834.836 5.07732 -0.0573761
834.836 5.14079 -0.0534134
834.836 5.20425 -0.0492357
834.836 5.26772 -0.0448599
834.836 5.33119 -0.0403034
834.836 5.39465 -0.0355845
834.836 5.45812 -0.0307223
834.836 5.52159 -0.0257366
834.836 5.58505 -0.0206471
834.836 5.64852 -0.0154744
834.836 5.71199 -0.0102396
834.836 5.77545 -0.00496335
834.836 5.83892 0.000332684
834.836 5.90239 0.0056276
834.836 5.96585 0.0108996
834.836 6.02932 0.016128
834.836 6.09279 0.0212911
834.836 6.15625 0.0263687
834.836 6.21972 0.0313401
834.836 6.28319 0.0361854
835.837 0 -0.0350517
835.837 0.0634665 -0.0412374
835.837 0.126933 -0.0472571
835.837 0.1904 -0.0530865
835.837 0.253866 -0.0587022
835.837 0.317333 -0.0640813
835.837 0.380799 -0.0692025
835.837 0.444266 -0.0740451
835.837 0.507732 -0.0785894
835.837 0.571199 -0.0828174
835.837 0.634665 -0.086712
835.837 0.698132 -0.0902572
835.837 0.761598 -0.093439
835.837 0.825065 -0.0962447
835.837 0.888531 -0.0986627
835.837 0.951998 -0.100684
835.837 1.01546 -0.102299
835.837 1.07893 -0.103502
835.837 1.1424 -0.104289
835.837 1.20586 -0.104656
835.837 1.26933 -0.104601
835.837 1.3328 -0.104125
835.837 1.39626 -0.10323
835.837 1.45973 -0.10192
835.837 1.5232 -0.100198
835.837 1.58666 -0.0980736
835.837 1.65013 -0.0955542
835.837 1.7136 -0.0926498
835.837 1.77706 -0.0893724
835.837 1.84053 -0.0857352
835.837 1.904 -0.0817527
835.837 1.96746 -0.077441
835.837 2.03093 -0.0728175
835.837 2.0944 -0.0679009
835.837 2.15786 -0.0627107
835.837 2.22133 -0.0572681
835.837 2.28479 -0.0515948
835.837 2.34826 -0.0457139
835.837 2.41173 -0.0396488
835.837 2.47519 -0.033424
835.837 2.53866 -0.0270647
835.837 2.60213 -0.0205965
835.837 2.66559 -0.0140452
835.837 2.72906 -0.0074375
835.837 2.79253 -0.000799855
835.837 2.85599 0.00584122
835.837 2.91946 0.0124586
835.837 2.98293 0.0190258
835.837 3.04639 0.0255165
835.837 3.10986 0.0319044
835.837 3.17333 0.0381639
835.837 3.23679 0.0442695
835.837 3.30026 0.0501971
835.837 3.36373 0.0559224
835.837 3.42719 0.0614225
835.837 3.49066 0.0666756
835.837 3.55413 0.0716599
835.837 3.61759 0.0763558
835.837 3.68106 0.0807441
835.837 3.74452 0.0848074
835.837 3.80799 0.0885291
835.837 3.87146 0.0918946
835.837 3.93492 0.0948896
835.837 3.99839 0.0975028
835.837 4.06186 0.0997235
835.837 4.12532 0.101542
835.837 4.18879 0.102953
835.837 4.25226 0.103948
835.837 4.31572 0.104525
835.837 4.37919 0.104681
835.837 4.44266 0.104416
835.837 4.50612 0.10373
835.837 4.56959 0.102627
835.837 4.63306 0.10111
835.837 4.69652 0.0991859
835.837 4.75999 0.0968627
835.837 4.82346 0.0941495
835.837 4.88692 0.091057
835.837 4.95039 0.0875979
835.837 5.01385 0.0837861
835.837 5.07732 0.0796371
835.837 5.14079 0.0751672
835.837 5.20425 0.0703947
835.837 5.26772 0.0653386
835.837 5.33119 0.0600196
835.837 5.39465 0.0544589
835.837 5.45812 0.0486789
835.837 5.52159 0.0427029
835.837 5.58505 0.0365548
835.837 5.64852 0.0302597
835.837 5.71199 0.0238426
835.837 5.77545 0.0173296
835.837 5.83892 0.0107469
835.837 5.90239 0.00412065
835.837 5.96585 -0.00252187
835.837 6.02932 -0.0091545
835.837 6.09279 -0.0157501
835.837 6.15625 -0.0222825
835.837 6.21972 -0.0287249
835.837 6.28319 -0.0350517
836.838 0 0.24827
836.838 0.0634665 0.241622
836.838 0.126933 0.234001
836.838 0.1904 0.225437
836.838 0.253866 0.215966
836.838 0.317333 0.205626
836.838 0.380799 0.194457
836.838 0.444266 0.182505
836.838 0.507732 0.169819
836.838 0.571199 0.156448
836.838 0.634665 0.142448
836.838 0.698132 0.127874
836.838 0.761598 0.112785
836.838 0.825065 0.0972421
836.838 0.888531 0.0813076
836.838 0.951998 0.0650455
836.838 1.01546 0.0485217
836.838 1.07893 0.0318024
836.838 1.1424 0.0149551
836.838 1.20586 -0.00195239
836.838 1.26933 -0.0188521
836.838 1.3328 -0.0356758
836.838 1.39626 -0.0523559
836.838 1.45973 -0.0688252
836.838 1.5232 -0.0850174
836.838 1.58666 -0.100867
836.838 1.65013 -0.116311
836.838 1.7136 -0.131286
836.838 1.77706 -0.145733
836.838 1.84053 -0.159593
836.838 1.904 -0.17281
836.838 1.96746 -0.185331
836.838 2.03093 -0.197106
836.838 2.0944 -0.208088
836.838 2.15786 -0.218232
836.838 2.22133 -0.227496
836.838 2.28479 -0.235845
836.838 2.34826 -0.243244
836.838 2.41173 -0.249664
836.838 2.47519 -0.255078
836.838 2.53866 -0.259466
836.838 2.60213 -0.262808
836.838 2.66559 -0.265092
836.838 2.72906 -0.266309
836.838 2.79253 -0.266453
836.838 2.85599 -0.265525
836.838 2.91946 -0.263527
836.838 2.98293 -0.260468
836.838 3.04639 -0.256361
836.838 3.10986 -0.251221
836.838 3.17333 -0.245069
836.838 3.23679 -0.237931
836.838 3.30026 -0.229835
836.838 3.36373 -0.220813
836.838 3.42719 -0.210902
836.838 3.49066 -0.200142
836.838 3.55413 -0.188576
836.838 3.61759 -0.176251
836.838 3.68106 -0.163216
836.838 3.74452 -0.149523
836.838 3.80799 -0.135229
836.838 3.87146 -0.12039
836.838 3.93492 -0.105067
836.838 3.99839 -0.0893197
836.838 4.06186 -0.0732133
836.838 4.12532 -0.0568122
836.838 4.18879 -0.0401822
836.838 4.25226 -0.0233905
836.838 4.31572 -0.00650461
836.838 4.37919 0.0104075
836.838 4.44266 0.0272776
836.838 4.50612 0.0440381
836.838 4.56959 0.060621
836.838 4.63306 0.07696
836.838 4.69652 0.0929891
836.838 4.75999 0.108644
836.838 4.82346 0.123861
836.838 4.88692 0.138579
836.838 4.95039 0.15274
836.838 5.01385 0.166285
836.838 5.07732 0.179161
836.838 5.14079 0.191315
836.838 5.20425 0.202699
836.838 5.26772 0.213267
836.838 5.33119 0.222976
836.838 5.39465 0.231787
836.838 5.45812 0.239665
836.838 5.52159 0.246578
836.838 5.58505 0.252498
836.838 5.64852 0.257401
836.838 5.71199 0.261268
836.838 5.77545 0.264083
836.838 5.83892 0.265834
836.838 5.90239 0.266515
836.838 5.96585 0.266123
836.838 6.02932 0.264659
836.838 6.09279 0.26213
836.838 6.15625 0.258545
836.838 6.21972 0.253919
836.838 6.28319 0.24827
837.839 0 0.18119
837.839 0.0634665 0.174331
837.839 0.126933 0.166771
837.839 0.1904 0.158538
837.839 0.253866 0.149668
837.839 0.317333 0.140195
837.839 0.380799 0.130157
837.839 0.444266 0.119595
837.839 0.507732 0.108552
837.839 0.571199 0.097071
837.839 0.634665 0.0851997
837.839 0.698132 0.0729852
837.839 0.761598 0.0604768
837.839 0.825065 0.047725
837.839 0.888531 0.0347809
837.839 0.951998 0.0216969
837.839 1.01546 0.00852548
837.839 1.07893 -0.00468024
837.839 1.1424 -0.0178673
837.839 1.20586 -0.0309823
837.839 1.26933 -0.0439722
837.839 1.3328 -0.0567856
837.839 1.39626 -0.0693701
837.839 1.45973 -0.0816752
837.839 1.5232 -0.0936515
837.839 1.58666 -0.105251
837.839 1.65013 -0.116426
837.839 1.7136 -0.127133
837.839 1.77706 -0.137327
837.839 1.84053 -0.146969
837.839 1.904 -0.156019
837.839 1.96746 -0.164441
837.839 2.03093 -0.1722
837.839 2.0944 -0.179266
837.839 2.15786 -0.185611
837.839 2.22133 -0.191207
837.839 2.28479 -0.196034
837.839 2.34826 -0.200072
837.839 2.41173 -0.203304
837.839 2.47519 -0.205718
837.839 2.53866 -0.207302
837.839 2.60213 -0.208053
837.839 2.66559 -0.207965
837.839 2.72906 -0.20704
837.839 2.79253 -0.205282
837.839 2.85599 -0.202697
837.839 2.91946 -0.199295
837.839 2.98293 -0.195092
837.839 3.04639 -0.190102
837.839 3.10986 -0.184347
837.839 3.17333 -0.17785
837.839 3.23679 -0.170637
837.839 3.30026 -0.162736
837.839 3.36373 -0.154181
837.839 3.42719 -0.145004
837.839 3.49066 -0.135244
837.839 3.55413 -0.124939
837.839 3.61759 -0.114131
837.839 3.68106 -0.102863
837.839 3.74452 -0.0911812
837.839 3.80799 -0.0791323
837.839 3.87146 -0.0667647
837.839 3.93492 -0.0541282
837.839 3.99839 -0.0412737
837.839 4.06186 -0.0282532
837.839 4.12532 -0.0151187
837.839 4.18879 -0.00192343
837.839 4.25226 0.0112795
837.839 4.31572 0.0244371
837.839 4.37919 0.0374963
837.839 4.44266 0.0504043
837.839 4.50612 0.0631096
837.839 4.56959 0.0755607
837.839 4.63306 0.0877075
837.839 4.69652 0.0995012
837.839 4.75999 0.110894
837.839 4.82346 0.121841
837.839 4.88692 0.132297
837.839 4.95039 0.14222
837.839 5.01385 0.15157
837.839 5.07732 0.16031
837.839 5.14079 0.168405
837.839 5.20425 0.175822
837.839 5.26772 0.18253
837.839 5.33119 0.188504
837.839 5.39465 0.193718
837.839 5.45812 0.198153
837.839 5.52159 0.20179
837.839 5.58505 0.204614
837.839 5.64852 0.206614
837.839 5.71199 0.207782
837.839 5.77545 0.208114
837.839 5.83892 0.207607
837.839 5.90239 0.206265
837.839 5.96585 0.204092
837.839 6.02932 0.201097
837.839 6.09279 0.197293
837.839 6.15625 0.192694
837.839 6.21972 0.187319
837.839 6.28319 0.18119
838.84 0 0.154625
838.84 0.0634665 0.155632
838.84 0.126933 0.156013
838.84 0.1904 0.155766
838.84 0.253866 0.154891
838.84 0.317333 0.153393
838.84 0.380799 0.151276
838.84 0.444266 0.148551
838.84 0.507732 0.145228
838.84 0.571199 0.14132
838.84 0.634665 0.136843
838.84 0.698132 0.131814
838.84 0.761598 0.126255
838.84 0.825065 0.120188
838.84 0.888531 0.113637
838.84 0.951998 0.106628
838.84 1.01546 0.0991896
838.84 1.07893 0.0913522
838.84 1.1424 0.0831465
838.84 1.20586 0.0746062
838.84 1.26933 0.0657655
838.84 1.3328 0.05666
838.84 1.39626 0.0473263
838.84 1.45973 0.0378021
838.84 1.5232 0.0281258
838.84 1.58666 0.018336
838.84 1.65013 0.00847255
838.84 1.7136 -0.00142517
838.84 1.77706 -0.0113169
838.84 1.84053 -0.0211635
838.84 1.904 -0.0309245
838.84 1.96746 -0.0405611
838.84 2.03093 -0.0500342
838.84 2.0944 -0.0593063
838.84 2.15786 -0.0683391
838.84 2.22133 -0.0770969
838.84 2.28479 -0.0855443
838.84 2.34826 -0.0936472
838.84 2.41173 -0.101373
838.84 2.47519 -0.108691
838.84 2.53866 -0.115571
838.84 2.60213 -0.121985
838.84 2.66559 -0.127909
838.84 2.72906 -0.133317
838.84 2.79253 -0.138189
838.84 2.85599 -0.142504
838.84 2.91946 -0.146245
838.84 2.98293 -0.149397
838.84 3.04639 -0.151948
838.84 3.10986 -0.153887
838.84 3.17333 -0.155207
838.84 3.23679 -0.155901
838.84 3.30026 -0.155968
838.84 3.36373 -0.155406
838.84 3.42719 -0.154219
838.84 3.49066 -0.152411
838.84 3.55413 -0.149989
838.84 3.61759 -0.146964
838.84 3.68106 -0.143346
838.84 3.74452 -0.139151
838.84 3.80799 -0.134396
838.84 3.87146 -0.1291
838.84 3.93492 -0.123284
838.84 3.99839 -0.116971
838.84 4.06186 -0.110188
838.84 4.12532 -0.102961
838.84 4.18879 -0.0953189
838.84 4.25226 -0.0872932
838.84 4.31572 -0.0789162
838.84 4.37919 -0.0702213
838.84 4.44266 -0.0612437
838.84 4.50612 -0.0520194
838.84 4.56959 -0.0425858
838.84 4.63306 -0.0329805
838.84 4.69652 -0.0232428
838.84 4.75999 -0.0134111
838.84 4.82346 -0.00352542
838.84 4.88692 0.00637439
838.84 4.95039 0.0162484
838.84 5.01385 0.0260571
838.84 5.07732 0.0357607
838.84 5.14079 0.0453203
838.84 5.20425 0.0546978
838.84 5.26772 0.0638548
838.84 5.33119 0.0727545
838.84 5.39465 0.0813615
838.84 5.45812 0.0896407
838.84 5.52159 0.0975593
838.84 5.58505 0.105085
838.84 5.64852 0.112187
838.84 5.71199 0.118838
838.84 5.77545 0.12501
838.84 5.83892 0.130679
838.84 5.90239 0.135821
838.84 5.96585 0.140417
838.84 6.02932 0.144447
838.84 6.09279 0.147896
838.84 6.15625 0.150749
838.84 6.21972 0.152995
838.84 6.28319 0.154625
839.841 0 -0.142226
839.841 0.0634665 -0.146224
839.841 0.126933 -0.149634
839.841 0.1904 -0.15244
839.841 0.253866 -0.154633
839.841 0.317333 -0.156204
839.841 0.380799 -0.157145
839.841 0.444266 -0.157453
839.841 0.507732 -0.157128
839.841 0.571199 -0.15617
839.841 0.634665 -0.154583
839.841 0.698132 -0.152374
839.841 0.761598 -0.149551
839.841 0.825065 -0.146126
839.841 0.888531 -0.142112
839.841 0.951998 -0.137526
839.841 1.01546 -0.132387
839.841 1.07893 -0.126714
839.841 1.1424 -0.120531
839.841 1.20586 -0.113863
839.841 1.26933 -0.106736
839.841 1.3328 -0.0991796
839.841 1.39626 -0.0912238
839.841 1.45973 -0.0829007
839.841 1.5232 -0.0742436
839.841 1.58666 -0.0652878
839.841 1.65013 -0.0560688
839.841 1.7136 -0.0466243
839.841 1.77706 -0.0369921
839.841 1.84053 -0.0272108
839.841 1.904 -0.0173199
839.841 1.96746 -0.00735924
839.841 2.03093 0.00263092
839.841 2.0944 0.0126106
839.841 2.15786 0.0225395
839.841 2.22133 0.0323775
839.841 2.28479 0.0420852
839.841 2.34826 0.0516235
839.841 2.41173 0.0609539
839.841 2.47519 0.0700389
839.841 2.53866 0.0788418
839.841 2.60213 0.0873272
839.841 2.66559 0.0954611
839.841 2.72906 0.10321
839.841 2.79253 0.110544
839.841 2.85599 0.117433
839.841 2.91946 0.123849
839.841 2.98293 0.129766
839.841 3.04639 0.135161
839.841 3.10986 0.140011
839.841 3.17333 0.144298
839.841 3.23679 0.148003
839.841 3.30026 0.151113
839.841 3.36373 0.153614
839.841 3.42719 0.155497
839.841 3.49066 0.156753
839.841 3.55413 0.157378
839.841 3.61759 0.15737
839.841 3.68106 0.156728
839.841 3.74452 0.155455
839.841 3.80799 0.153556
839.841 3.87146 0.151038
839.841 3.93492 0.147912
839.841 3.99839 0.144191
839.841 4.06186 0.13989
839.841 4.12532 0.135024
839.841 4.18879 0.129616
839.841 4.25226 0.123685
839.841 4.31572 0.117256
839.841 4.37919 0.110355
839.841 4.44266 0.10301
839.841 4.50612 0.0952496
839.841 4.56959 0.0871062
839.841 4.63306 0.0786118
839.841 4.69652 0.0698008
839.841 4.75999 0.0607091
839.841 4.82346 0.0513725
839.841 4.88692 0.0418293
839.841 4.95039 0.0321175
839.841 5.01385 0.0222766
839.841 5.07732 0.0123457
839.841 5.14079 0.00236534
839.841 5.20425 -0.00762462
839.841 5.26772 -0.0175839
839.841 5.33119 -0.0274724
839.841 5.39465 -0.0372502
839.841 5.45812 -0.0468779
839.841 5.52159 -0.0563171
839.841 5.58505 -0.0655293
839.841 5.64852 -0.0744778
839.841 5.71199 -0.0831264
839.841 5.77545 -0.0914401
839.841 5.83892 -0.0993858
839.841 5.90239 -0.106931
839.841 5.96585 -0.114046
839.841 6.02932 -0.120702
839.841 6.09279 -0.126872
839.841 6.15625 -0.13253
839.841 6.21972 -0.137655
839.841 6.28319 -0.142226
840.842 0 -0.0470637
840.842 0.0634665 -0.050492
840.842 0.126933 -0.0537168
840.842 0.1904 -0.0567254
840.842 0.253866 -0.0595056
840.842 0.317333 -0.0620461
840.842 0.380799 -0.0643369
840.842 0.444266 -0.0663686
840.842 0.507732 -0.068133
840.842 0.571199 -0.0696231
840.842 0.634665 -0.0708328
840.842 0.698132 -0.0717574
840.842 0.761598 -0.0723928
840.842 0.825065 -0.072737
840.842 0.888531 -0.0727882
840.842 0.951998 -0.0725463
840.842 1.01546 -0.0720123
840.842 1.07893 -0.0711882
840.842 1.1424 -0.0700777
840.842 1.20586 -0.0686848
840.842 1.26933 -0.0670153
840.842 1.3328 -0.0650762
840.842 1.39626 -0.0628749
840.842 1.45973 -0.0604204
840.842 1.5232 -0.0577228
840.842 1.58666 -0.0547926
840.842 1.65013 -0.0516418
840.842 1.7136 -0.048283
840.842 1.77706 -0.0447299
840.842 1.84053 -0.0409965
840.842 1.904 -0.0370982
840.842 1.96746 -0.0330504
840.842 2.03093 -0.0288697
840.842 2.0944 -0.0245726
840.842 2.15786 -0.0201766
840.842 2.22133 -0.0156993
840.842 2.28479 -0.0111588
840.842 2.34826 -0.00657353
840.842 2.41173 -0.00196168
840.842 2.47519 0.00265812
840.842 2.53866 0.00726726
840.842 2.60213 0.011847
840.842 2.66559 0.0163792
840.842 2.72906 0.0208454
840.842 2.79253 0.0252275
840.842 2.85599 0.0295082
840.842 2.91946 0.0336699
840.842 2.98293 0.0376961
840.842 3.04639 0.0415705
840.842 3.10986 0.0452776
840.842 3.17333 0.0488023
840.842 3.23679 0.0521306
840.842 3.30026 0.0552489
840.842 3.36373 0.0581448
840.842 3.42719 0.0608064
840.842 3.49066 0.0632233
840.842 3.55413 0.0653856
840.842 3.61759 0.0672847
840.842 3.68106 0.0689126
840.842 3.74452 0.0702633
840.842 3.80799 0.071331
840.842 3.87146 0.0721114
840.842 3.93492 0.0726016
840.842 3.99839 0.0727991
840.842 4.06186 0.0727039
840.842 4.12532 0.0723156
840.842 4.18879 0.0716364
840.842 4.25226 0.0706685
840.842 4.31572 0.0694161
840.842 4.37919 0.0678843
840.842 4.44266 0.0660791
840.842 4.50612 0.0640077
840.842 4.56959 0.0616787
840.842 4.63306 0.0591013
840.842 4.69652 0.056286
840.842 4.75999 0.0532439
840.842 4.82346 0.0499876
840.842 4.88692 0.0465299
840.842 4.95039 0.0428848
840.842 5.01385 0.039067
840.842 5.07732 0.035092
840.842 5.14079 0.0309757
840.842 5.20425 0.0267346
840.842 5.26772 0.0223859
840.842 5.33119 0.0179469
840.842 5.39465 0.0134359
840.842 5.45812 0.00887065
840.842 5.52159 0.00426975
840.842 5.58505 -0.000348452
840.842 5.64852 -0.00496514
840.842 5.71199 -0.00956203
840.842 5.77545 -0.0141203
840.842 5.83892 -0.0186216
840.842 5.90239 -0.023048
840.842 5.96585 -0.0273816
840.842 6.02932 -0.0316049
840.842 6.09279 -0.035701
840.842 6.15625 -0.0396533
840.842 6.21972 -0.043446
840.842 6.28319 -0.0470637
841.843 0 0.13066
841.843 0.0634665 0.121701
841.843 0.126933 0.112252
841.843 0.1904 0.102351
841.843 0.253866 0.0920372
841.843 0.317333 0.0813533
841.843 0.380799 0.0703418
841.843 0.444266 0.0590471
841.843 0.507732 0.0475146
841.843 0.571199 0.0357909
841.843 0.634665 0.023923
841.843 0.698132 0.0119586
841.843 0.761598 -5.3777e-05
841.843 0.825065 -0.0120658
841.843 0.888531 -0.0240296
841.843 0.951998 -0.0358964
841.843 1.01546 -0.0476188
841.843 1.07893 -0.0591494
841.843 1.1424 -0.0704418
841.843 1.20586 -0.0814504
841.843 1.26933 -0.0921311
841.843 1.3328 -0.102441
841.843 1.39626 -0.112338
841.843 1.45973 -0.121783
841.843 1.5232 -0.130738
841.843 1.58666 -0.139166
841.843 1.65013 -0.147034
841.843 1.7136 -0.154309
841.843 1.77706 -0.160964
841.843 1.84053 -0.16697
841.843 1.904 -0.172304
841.843 1.96746 -0.176944
841.843 2.03093 -0.180872
841.843 2.0944 -0.184071
841.843 2.15786 -0.186529
841.843 2.22133 -0.188236
841.843 2.28479 -0.189185
841.843 2.34826 -0.189372
841.843 2.41173 -0.188797
841.843 2.47519 -0.187461
841.843 2.53866 -0.185371
841.843 2.60213 -0.182534
841.843 2.66559 -0.178963
841.843 2.72906 -0.17467
841.843 2.79253 -0.169675
841.843 2.85599 -0.163996
841.843 2.91946 -0.157657
841.843 2.98293 -0.150682
841.843 3.04639 -0.143101
841.843 3.10986 -0.134944
841.843 3.17333 -0.126244
841.843 3.23679 -0.117035
841.843 3.30026 -0.107355
841.843 3.36373 -0.0972428
841.843 3.42719 -0.0867389
841.843 3.49066 -0.0758859
841.843 3.55413 -0.0647269
841.843 3.61759 -0.0533077
841.843 3.68106 -0.0416737
841.843 3.74452 -0.029872
841.843 3.80799 -0.0179497
841.843 3.87146 -0.00595546
841.843 3.93492 0.00606283
841.843 3.99839 0.0180568
841.843 4.06186 0.0299781
841.843 4.12532 0.0417786
841.843 4.18879 0.0534108
841.843 4.25226 0.0648281
841.843 4.31572 0.0759844
841.843 4.37919 0.0868345
841.843 4.44266 0.097335
841.843 4.50612 0.107444
841.843 4.56959 0.11712
841.843 4.63306 0.126324
841.843 4.69652 0.13502
841.843 4.75999 0.143172
841.843 4.82346 0.150747
841.843 4.88692 0.157716
841.843 4.95039 0.164049
841.843 5.01385 0.169722
841.843 5.07732 0.174712
841.843 5.14079 0.178998
841.843 5.20425 0.182563
841.843 5.26772 0.185393
841.843 5.33119 0.187477
841.843 5.39465 0.188805
841.843 5.45812 0.189374
841.843 5.52159 0.18918
841.843 5.58505 0.188224
841.843 5.64852 0.18651
841.843 5.71199 0.184045
841.843 5.77545 0.18084
841.843 5.83892 0.176906
841.843 5.90239 0.172259
841.843 5.96585 0.166919
841.843 6.02932 0.160907
841.843 6.09279 0.154247
841.843 6.15625 0.146966
841.843 6.21972 0.139093
841.843 6.28319 0.13066
842.844 0 -0.194283
842.844 0.0634665 -0.181455
842.844 0.126933 -0.167897
842.844 0.1904 -0.153663
842.844 0.253866 -0.138809
842.844 0.317333 -0.123397
842.844 0.380799 -0.107488
842.844 0.444266 -0.0911463
842.844 0.507732 -0.0744375
842.844 0.571199 -0.0574289
842.844 0.634665 -0.040189
842.844 0.698132 -0.0227874
842.844 0.761598 -0.005294
842.844 0.825065 0.0122208
842.844 0.888531 0.0296863
842.844 0.951998 0.0470323
842.844 1.01546 0.0641889
842.844 1.07893 0.0810869
842.844 1.1424 0.0976585
842.844 1.20586 0.113837
842.844 1.26933 0.129557
842.844 1.3328 0.144756
842.844 1.39626 0.159371
842.844 1.45973 0.173344
842.844 1.5232 0.18662
842.844 1.58666 0.199144
842.844 1.65013 0.210867
842.844 1.7136 0.22174
842.844 1.77706 0.231721
842.844 1.84053 0.240768
842.844 1.904 0.248846
842.844 1.96746 0.255922
842.844 2.03093 0.261967
842.844 2.0944 0.266958
842.844 2.15786 0.270873
842.844 2.22133 0.273698
842.844 2.28479 0.275421
842.844 2.34826 0.276035
842.844 2.41173 0.275537
842.844 2.47519 0.27393
842.844 2.53866 0.271219
842.844 2.60213 0.267417
842.844 2.66559 0.262538
842.844 2.72906 0.256601
842.844 2.79253 0.249632
842.844 2.85599 0.241658
842.844 2.91946 0.232709
842.844 2.98293 0.222825
842.844 3.04639 0.212043
842.844 3.10986 0.200406
842.844 3.17333 0.187964
842.844 3.23679 0.174764
842.844 3.30026 0.160861
842.844 3.36373 0.14631
842.844 3.42719 0.131169
842.844 3.49066 0.115501
842.844 3.55413 0.0993673
842.844 3.61759 0.0828335
842.844 3.68106 0.0659664
842.844 3.74452 0.0488336
842.844 3.80799 0.031504
842.844 3.87146 0.0140478
842.844 3.93492 -0.00346508
842.844 3.99839 -0.0209641
842.844 4.06186 -0.0383786
842.844 4.12532 -0.0556385
842.844 4.18879 -0.0726747
842.844 4.25226 -0.0894179
842.844 4.31572 -0.105801
842.844 4.37919 -0.121758
842.844 4.44266 -0.137225
842.844 4.50612 -0.15214
842.844 4.56959 -0.166442
842.844 4.63306 -0.180073
842.844 4.69652 -0.192979
842.844 4.75999 -0.205109
842.844 4.82346 -0.216413
842.844 4.88692 -0.226845
842.844 4.95039 -0.236363
842.844 5.01385 -0.24493
842.844 5.07732 -0.252511
842.844 5.14079 -0.259075
842.844 5.20425 -0.264595
842.844 5.26772 -0.269051
842.844 5.33119 -0.272423
842.844 5.39465 -0.274698
842.844 5.45812 -0.275867
842.844 5.52159 -0.275925
842.844 5.58505 -0.274872
842.844 5.64852 -0.272712
842.844 5.71199 -0.269454
842.844 5.77545 -0.265111
842.844 5.83892 -0.2597
842.844 5.90239 -0.253244
842.844 5.96585 -0.245768
842.844 6.02932 -0.237303
842.844 6.09279 -0.227882
842.844 6.15625 -0.217543
842.844 6.21972 -0.206329
842.844 6.28319 -0.194283
843.845 0 0.442327
843.845 0.0634665 0.427637
843.845 0.126933 0.411225
843.845 0.1904 0.393158
843.845 0.253866 0.373507
843.845 0.317333 0.352352
843.845 0.380799 0.329779
843.845 0.444266 0.305878
843.845 0.507732 0.280745
843.845 0.571199 0.254481
843.845 0.634665 0.227193
843.845 0.698132 0.19899
843.845 0.761598 0.169986
843.845 0.825065 0.140297
843.845 0.888531 0.110044
843.845 0.951998 0.0793468
843.845 1.01546 0.0483306
843.845 1.07893 0.0171196
843.845 1.1424 -0.0141601
843.845 1.20586 -0.045383
843.845 1.26933 -0.076423
843.845 1.3328 -0.107155
843.845 1.39626 -0.137456
843.845 1.45973 -0.167204
843.845 1.5232 -0.196278
843.845 1.58666 -0.224562
843.845 1.65013 -0.251941
843.845 1.7136 -0.278306
843.845 1.77706 -0.303551
843.845 1.84053 -0.327572
843.845 1.904 -0.350276
843.845 1.96746 -0.371568
843.845 2.03093 -0.391365
843.845 2.0944 -0.409585
843.845 2.15786 -0.426157
843.845 2.22133 -0.441012
843.845 2.28479 -0.454092
843.845 2.34826 -0.465342
843.845 2.41173 -0.47472
843.845 2.47519 -0.482186
843.845 2.53866 -0.48771
843.845 2.60213 -0.49127
843.845 2.66559 -0.492853
843.845 2.72906 -0.492451
843.845 2.79253 -0.490065
843.845 2.85599 -0.485706
843.845 2.91946 -0.479392
843.845 2.98293 -0.471147
843.845 3.04639 -0.461005
843.845 3.10986 -0.449007
843.845 3.17333 -0.435201
843.845 3.23679 -0.419643
843.845 3.30026 -0.402395
843.845 3.36373 -0.383526
843.845 3.42719 -0.363113
843.845 3.49066 -0.341238
843.845 3.55413 -0.317989
843.845 3.61759 -0.293459
843.845 3.68106 -0.267748
843.845 3.74452 -0.240959
843.845 3.80799 -0.213199
843.845 3.87146 -0.184581
843.845 3.93492 -0.15522
843.845 3.99839 -0.125233
843.845 4.06186 -0.0947429
843.845 4.12532 -0.0638708
843.845 4.18879 -0.0327415
843.845 4.25226 -0.00148034
843.845 4.31572 0.0297867
843.845 4.37919 0.0609338
843.845 4.44266 0.0918353
843.845 4.50612 0.122367
843.845 4.56959 0.152407
843.845 4.63306 0.181832
843.845 4.69652 0.210526
843.845 4.75999 0.238371
843.845 4.82346 0.265257
843.845 4.88692 0.291075
843.845 4.95039 0.315721
843.845 5.01385 0.339095
843.845 5.07732 0.361104
843.845 5.14079 0.381658
843.845 5.20425 0.400677
843.845 5.26772 0.418082
843.845 5.33119 0.433803
843.845 5.39465 0.447777
843.845 5.45812 0.459949
843.845 5.52159 0.470268
843.845 5.58505 0.478694
843.845 5.64852 0.485192
843.845 5.71199 0.489737
843.845 5.77545 0.492309
843.845 5.83892 0.4929
843.845 5.90239 0.491505
843.845 5.96585 0.488131
843.845 6.02932 0.482792
843.845 6.09279 0.475509
843.845 6.15625 0.466311
843.845 6.21972 0.455235
843.845 6.28319 0.442327
844.846 0 -0.0742386
844.846 0.0634665 -0.0734642
844.846 0.126933 -0.0723942
844.846 0.1904 -0.0710324
844.846 0.253866 -0.0693847
844.846 0.317333 -0.0674574
844.846 0.380799 -0.0652589
844.846 0.444266 -0.0627975
844.846 0.507732 -0.0600828
844.846 0.571199 -0.0571267
844.846 0.634665 -0.0539404
844.846 0.698132 -0.0505368
844.846 0.761598 -0.04693
844.846 0.825065 -0.0431339
844.846 0.888531 -0.0391643
844.846 0.951998 -0.0350368
844.846 1.01546 -0.0307684
844.846 1.07893 -0.026376
844.846 1.1424 -0.0218776
844.846 1.20586 -0.017291
844.846 1.26933 -0.0126343
844.846 1.3328 -0.00792732
844.846 1.39626 -0.0031883
844.846 1.45973 0.00156376
844.846 1.5232 0.00630911
844.846 1.58666 0.0110295
844.846 1.65013 0.0157052
844.846 1.7136 0.0203177
844.846 1.77706 0.0248486
844.846 1.84053 0.0292792
844.846 1.904 0.033592
844.846 1.96746 0.0377696
844.846 2.03093 0.0417949
844.846 2.0944 0.045652
844.846 2.15786 0.0493254
844.846 2.22133 0.0528
844.846 2.28479 0.0560622
844.846 2.34826 0.0590985
844.846 2.41173 0.0618969
844.846 2.47519 0.064446
844.846 2.53866 0.0667356
844.846 2.60213 0.0687568
844.846 2.66559 0.0705007
844.846 2.72906 0.071961
844.846 2.79253 0.0731314
844.846 2.85599 0.0740073
844.846 2.91946 0.0745851
844.846 2.98293 0.0748625
844.846 3.04639 0.0748391
844.846 3.10986 0.0745139
844.846 3.17333 0.0738885
844.846 3.23679 0.072966
844.846 3.30026 0.0717497
844.846 3.36373 0.0702435
844.846 3.42719 0.0684556
844.846 3.49066 0.0663915
844.846 3.55413 0.0640602
844.846 3.61759 0.0614711
844.846 3.68106 0.0586346
844.846 3.74452 0.0555614
844.846 3.80799 0.0522649
844.846 3.87146 0.0487579
844.846 3.93492 0.0450544
844.846 3.99839 0.0411698
844.846 4.06186 0.0371192
844.846 4.12532 0.0329194
844.846 4.18879 0.0285868
844.846 4.25226 0.024139
844.846 4.31572 0.0195941
844.846 4.37919 0.0149703
844.846 4.44266 0.0102863
844.846 4.50612 0.00556057
844.846 4.56959 0.000812638
844.846 4.63306 -0.00393847
844.846 4.69652 -0.00867345
844.846 4.75999 -0.013374
844.846 4.82346 -0.0180205
844.846 4.88692 -0.0225946
844.846 4.95039 -0.0270774
844.846 5.01385 -0.0314515
844.846 5.07732 -0.0356987
844.846 5.14079 -0.0398022
844.846 5.20425 -0.0437455
844.846 5.26772 -0.0475127
844.846 5.33119 -0.0510885
844.846 5.39465 -0.0544585
844.846 5.45812 -0.0576093
844.846 5.52159 -0.0605282
844.846 5.58505 -0.0632033
844.846 5.64852 -0.065624
844.846 5.71199 -0.0677804
844.846 5.77545 -0.0696638
844.846 5.83892 -0.0712667
844.846 5.90239 -0.0725826
844.846 5.96585 -0.0736061
844.846 6.02932 -0.0743335
844.846 6.09279 -0.0747617
844.846 6.15625 -0.0748886
844.846 6.21972 -0.0747141
844.846 6.28319 -0.0742387
845.847 0 0.1829
845.847 0.0634665 0.193181
845.847 0.126933 0.202685
845.847 0.1904 0.211373
845.847 0.253866 0.219209
845.847 0.317333 0.226163
845.847 0.380799 0.232206
845.847 0.444266 0.237314
845.847 0.507732 0.241467
845.847 0.571199 0.244647
845.847 0.634665 0.246842
845.847 0.698132 0.248043
845.847 0.761598 0.248246
845.847 0.825065 0.247448
845.847 0.888531 0.245655
845.847 0.951998 0.242872
845.847 1.01546 0.239111
845.847 1.07893 0.234388
845.847 1.1424 0.228721
845.847 1.20586 0.222132
845.847 1.26933 0.214649
845.847 1.3328 0.206302
845.847 1.39626 0.197125
845.847 1.45973 0.187153
845.847 1.5232 0.176428
845.847 1.58666 0.164992
845.847 1.65013 0.152892
845.847 1.7136 0.140177
845.847 1.77706 0.126897
845.847 1.84053 0.113106
845.847 1.904 0.0988597
845.847 1.96746 0.0842151
845.847 2.03093 0.0692314
845.847 2.0944 0.0539691
845.847 2.15786 0.0384894
845.847 2.22133 0.0228548
845.847 2.28479 0.00712813
845.847 2.34826 -0.00862734
845.847 2.41173 -0.0243479
845.847 2.47519 -0.0399706
845.847 2.53866 -0.0554322
845.847 2.60213 -0.0706707
845.847 2.66559 -0.0856246
845.847 2.72906 -0.100234
845.847 2.79253 -0.114439
845.847 2.85599 -0.128184
845.847 2.91946 -0.141412
845.847 2.98293 -0.154072
845.847 3.04639 -0.16611
845.847 3.10986 -0.17748
845.847 3.17333 -0.188135
845.847 3.23679 -0.198033
845.847 3.30026 -0.207133
845.847 3.36373 -0.215399
845.847 3.42719 -0.222798
845.847 3.49066 -0.2293
845.847 3.55413 -0.234878
845.847 3.61759 -0.239511
845.847 3.68106 -0.243179
845.847 3.74452 -0.245868
845.847 3.80799 -0.247567
845.847 3.87146 -0.248269
845.847 3.93492 -0.247972
845.847 3.99839 -0.246676
845.847 4.06186 -0.244386
845.847 4.12532 -0.241113
845.847 4.18879 -0.236869
845.847 4.25226 -0.231671
845.847 4.31572 -0.22554
845.847 4.37919 -0.218501
845.847 4.44266 -0.210582
845.847 4.50612 -0.201815
845.847 4.56959 -0.192236
845.847 4.63306 -0.181882
845.847 4.69652 -0.170796
845.847 4.75999 -0.159022
845.847 4.82346 -0.146609
845.847 4.88692 -0.133604
845.847 4.95039 -0.120062
845.847 5.01385 -0.106036
845.847 5.07732 -0.0915833
845.847 5.14079 -0.0767618
845.847 5.20425 -0.0616312
845.847 5.26772 -0.0462525
845.847 5.33119 -0.0306876
845.847 5.39465 -0.014999
845.847 5.45812 0.000749826
845.847 5.52159 0.0164958
845.847 5.58505 0.0321753
845.847 5.64852 0.0477254
845.847 5.71199 0.0630831
845.847 5.77545 0.0781868
845.847 5.83892 0.0929758
845.847 5.90239 0.10739
845.847 5.96585 0.121373
845.847 6.02932 0.134866
845.847 6.09279 0.147816
845.847 6.15625 0.160172
845.847 6.21972 0.171882
845.847 6.28319 0.1829
846.848 0 0.202791
846.848 0.0634665 0.216866
846.848 0.126933 0.230067
846.848 0.1904 0.242342
846.848 0.253866 0.253641
846.848 0.317333 0.263919
846.848 0.380799 0.273134
846.848 0.444266 0.28125
846.848 0.507732 0.288233
846.848 0.571199 0.294055
846.848 0.634665 0.298693
846.848 0.698132 0.302128
846.848 0.761598 0.304347
846.848 0.825065 0.30534
846.848 0.888531 0.305104
846.848 0.951998 0.303639
846.848 1.01546 0.300952
846.848 1.07893 0.297053
846.848 1.1424 0.291957
846.848 1.20586 0.285686
846.848 1.26933 0.278265
846.848 1.3328 0.269723
846.848 1.39626 0.260095
846.848 1.45973 0.24942
846.848 1.5232 0.237741
846.848 1.58666 0.225104
846.848 1.65013 0.211561
846.848 1.7136 0.197166
846.848 1.77706 0.181977
846.848 1.84053 0.166055
846.848 1.904 0.149465
846.848 1.96746 0.132272
846.848 2.03093 0.114547
846.848 2.0944 0.0963613
846.848 2.15786 0.0777871
846.848 2.22133 0.0588998
846.848 2.28479 0.0397753
846.848 2.34826 0.0204907
846.848 2.41173 0.00112349
846.848 2.47519 -0.0182481
846.848 2.53866 -0.0375464
846.848 2.60213 -0.0566935
846.848 2.66559 -0.0756123
846.848 2.72906 -0.0942264
846.848 2.79253 -0.112461
846.848 2.85599 -0.130243
846.848 2.91946 -0.147501
846.848 2.98293 -0.164165
846.848 3.04639 -0.180167
846.848 3.10986 -0.195445
846.848 3.17333 -0.209935
846.848 3.23679 -0.223579
846.848 3.30026 -0.236324
846.848 3.36373 -0.248117
846.848 3.42719 -0.258911
846.848 3.49066 -0.268662
846.848 3.55413 -0.277332
846.848 3.61759 -0.284885
846.848 3.68106 -0.29129
846.848 3.74452 -0.296523
846.848 3.80799 -0.300562
846.848 3.87146 -0.30339
846.848 3.93492 -0.304997
846.848 3.99839 -0.305376
846.848 4.06186 -0.304525
846.848 4.12532 -0.302448
846.848 4.18879 -0.299153
846.848 4.25226 -0.294653
846.848 4.31572 -0.288967
846.848 4.37919 -0.282118
846.848 4.44266 -0.274132
846.848 4.50612 -0.265043
846.848 4.56959 -0.254886
846.848 4.63306 -0.243703
846.848 4.69652 -0.231539
846.848 4.75999 -0.218442
846.848 4.82346 -0.204466
846.848 4.88692 -0.189667
846.848 4.95039 -0.174103
846.848 5.01385 -0.157839
846.848 5.07732 -0.140939
846.848 5.14079 -0.123472
846.848 5.20425 -0.105507
846.848 5.26772 -0.0871181
846.848 5.33119 -0.0683779
846.848 5.39465 -0.0493623
846.848 5.45812 -0.0301483
846.848 5.52159 -0.0108126
846.848 5.58505 0.00856661
846.848 5.64852 0.0279113
846.848 5.71199 0.0471437
846.848 5.77545 0.0661861
846.848 5.83892 0.0849621
846.848 5.90239 0.103396
846.848 5.96585 0.121414
846.848 6.02932 0.138942
846.848 6.09279 0.155911
846.848 6.15625 0.172253
846.848 6.21972 0.1879
846.848 6.28319 0.202792
847.849 0 -0.167406
847.849 0.0634665 -0.143341
847.849 0.126933 -0.1187
847.849 0.1904 -0.09358
847.849 0.253866 -0.0680835
847.849 0.317333 -0.0423129
847.849 0.380799 -0.0163717
847.849 0.444266 0.00963528
847.849 0.507732 0.0356035
847.849 0.571199 0.0614283
847.849 0.634665 0.0870058
847.849 0.698132 0.112233
847.849 0.761598 0.137008
847.849 0.825065 0.161232
847.849 0.888531 0.184806
847.849 0.951998 0.207636
847.849 1.01546 0.22963
847.849 1.07893 0.2507
847.849 1.1424 0.27076
847.849 1.20586 0.28973
847.849 1.26933 0.307532
847.849 1.3328 0.324097
847.849 1.39626 0.339357
847.849 1.45973 0.35325
847.849 1.5232 0.365721
847.849 1.58666 0.376719
847.849 1.65013 0.386201
847.849 1.7136 0.394127
847.849 1.77706 0.400466
847.849 1.84053 0.405193
847.849 1.904 0.408288
847.849 1.96746 0.409739
847.849 2.03093 0.40954
847.849 2.0944 0.407692
847.849 2.15786 0.404203
847.849 2.22133 0.399086
847.849 2.28479 0.392361
847.849 2.34826 0.384057
847.849 2.41173 0.374207
847.849 2.47519 0.36285
847.849 2.53866 0.350032
847.849 2.60213 0.335804
847.849 2.66559 0.320224
847.849 2.72906 0.303354
847.849 2.79253 0.285264
847.849 2.85599 0.266024
847.849 2.91946 0.245713
847.849 2.98293 0.224413
847.849 3.04639 0.20221
847.849 3.10986 0.179192
847.849 3.17333 0.155452
847.849 3.23679 0.131087
847.849 3.30026 0.106193
847.849 3.36373 0.0808724
847.849 3.42719 0.055226
847.849 3.49066 0.0293571
847.849 3.55413 0.00336983
847.849 3.61759 -0.0226308
847.849 3.68106 -0.0485404
847.849 3.74452 -0.0742544
847.849 3.80799 -0.0996696
847.849 3.87146 -0.124683
847.849 3.93492 -0.149195
847.849 3.99839 -0.173106
847.849 4.06186 -0.19632
847.849 4.12532 -0.218743
847.849 4.18879 -0.240286
847.849 4.25226 -0.260861
847.849 4.31572 -0.280386
847.849 4.37919 -0.298781
847.849 4.44266 -0.315974
847.849 4.50612 -0.331894
847.849 4.56959 -0.346478
847.849 4.63306 -0.359667
847.849 4.69652 -0.371407
847.849 4.75999 -0.381652
847.849 4.82346 -0.39036
847.849 4.88692 -0.397497
847.849 4.95039 -0.403032
847.849 5.01385 -0.406945
847.849 5.07732 -0.409219
847.849 5.14079 -0.409846
847.849 5.20425 -0.408822
847.849 5.26772 -0.406152
847.849 5.33119 -0.401846
847.849 5.39465 -0.395923
847.849 5.45812 -0.388405
847.849 5.52159 -0.379323
847.849 5.58505 -0.368714
847.849 5.64852 -0.35662
847.849 5.71199 -0.34309
847.849 5.77545 -0.328179
847.849 5.83892 -0.311946
847.849 5.90239 -0.294458
847.849 5.96585 -0.275783
847.849 6.02932 -0.255998
847.849 6.09279 -0.235182
847.849 6.15625 -0.213419
847.849 6.21972 -0.190797
847.849 6.28319 -0.167406
848.85 0 0.114197
848.85 0.0634665 0.113815
848.85 0.126933 0.112975
848.85 0.1904 0.11168
848.85 0.253866 0.109934
848.85 0.317333 0.107746
848.85 0.380799 0.105125
848.85 0.444266 0.10208
848.85 0.507732 0.0986238
848.85 0.571199 0.0947707
848.85 0.634665 0.090536
848.85 0.698132 0.0859367
848.85 0.761598 0.0809913
848.85 0.825065 0.0757198
848.85 0.888531 0.0701435
848.85 0.951998 0.0642848
848.85 1.01546 0.0581671
848.85 1.07893 0.0518152
848.85 1.1424 0.0452547
848.85 1.20586 0.0385119
848.85 1.26933 0.0316142
848.85 1.3328 0.0245891
848.85 1.39626 0.0174651
848.85 1.45973 0.0102706
848.85 1.5232 0.00303479
848.85 1.58666 -0.00421327
848.85 1.65013 -0.0114444
848.85 1.7136 -0.0186292
848.85 1.77706 -0.0257392
848.85 1.84053 -0.0327451
848.85 1.904 -0.0396199
848.85 1.96746 -0.0463348
848.85 2.03093 -0.0528631
848.85 2.0944 -0.0591788
848.85 2.15786 -0.0652559
848.85 2.22133 -0.0710704
848.85 2.28479 -0.0765985
848.85 2.34826 -0.0818184
848.85 2.41173 -0.0867089
848.85 2.47519 -0.0912499
848.85 2.53866 -0.0954238
848.85 2.60213 -0.0992137
848.85 2.66559 -0.102603
848.85 2.72906 -0.10558
848.85 2.79253 -0.108132
848.85 2.85599 -0.110248
848.85 2.91946 -0.111921
848.85 2.98293 -0.113143
848.85 3.04639 -0.113909
848.85 3.10986 -0.114216
848.85 3.17333 -0.114064
848.85 3.23679 -0.113452
848.85 3.30026 -0.112384
848.85 3.36373 -0.110863
848.85 3.42719 -0.108895
848.85 3.49066 -0.106489
848.85 3.55413 -0.103654
848.85 3.61759 -0.100402
848.85 3.68106 -0.0967459
848.85 3.74452 -0.0927
848.85 3.80799 -0.0882807
848.85 3.87146 -0.083506
848.85 3.93492 -0.0783951
848.85 3.99839 -0.0729684
848.85 4.06186 -0.067248
848.85 4.12532 -0.0612567
848.85 4.18879 -0.0550189
848.85 4.25226 -0.0485594
848.85 4.31572 -0.0419046
848.85 4.37919 -0.0350807
848.85 4.44266 -0.0281159
848.85 4.50612 -0.0210378
848.85 4.56959 -0.0138747
848.85 4.63306 -0.00665612
848.85 4.69652 0.000589525
848.85 4.75999 0.00783272
848.85 4.82346 0.0150443
848.85 4.88692 0.0221957
848.85 4.95039 0.0292572
848.85 5.01385 0.0362009
848.85 5.07732 0.0429991
848.85 5.14079 0.0496241
848.85 5.20425 0.0560496
848.85 5.26772 0.0622486
848.85 5.33119 0.0681973
848.85 5.39465 0.0738715
848.85 5.45812 0.079248
848.85 5.52159 0.084306
848.85 5.58505 0.089024
848.85 5.64852 0.0933838
848.85 5.71199 0.097368
848.85 5.77545 0.100959
848.85 5.83892 0.104144
848.85 5.90239 0.10691
848.85 5.96585 0.109245
848.85 6.02932 0.111141
848.85 6.09279 0.112588
848.85 6.15625 0.113583
848.85 6.21972 0.11412
848.85 6.28319 0.114197
849.851 0 -0.301547
849.851 0.0634665 -0.28284
849.851 0.126933 -0.262994
849.851 0.1904 -0.242089
849.851 0.253866 -0.220209
849.851 0.317333 -0.197442
849.851 0.380799 -0.173881
849.851 0.444266 -0.149619
849.851 0.507732 -0.124755
849.851 0.571199 -0.0993886
849.851 0.634665 -0.0736219
849.851 0.698132 -0.0475587
849.851 0.761598 -0.021304
849.851 0.825065 0.00503639
849.851 0.888531 0.0313565
849.851 0.951998 0.0575505
849.851 1.01546 0.0835126
849.851 1.07893 0.109139
849.851 1.1424 0.134325
849.851 1.20586 0.15897
849.851 1.26933 0.182976
849.851 1.3328 0.206244
849.851 1.39626 0.228683
849.851 1.45973 0.2502
849.851 1.5232 0.27071
849.851 1.58666 0.29013
849.851 1.65013 0.308381
849.851 1.7136 0.325391
849.851 1.77706 0.341091
849.851 1.84053 0.355417
849.851 1.904 0.368312
849.851 1.96746 0.379724
849.851 2.03093 0.389607
849.851 2.0944 0.397921
849.851 2.15786 0.404633
849.851 2.22133 0.409716
849.851 2.28479 0.413148
849.851 2.34826 0.414917
849.851 2.41173 0.415016
849.851 2.47519 0.413443
849.851 2.53866 0.410206
849.851 2.60213 0.405316
849.851 2.66559 0.398795
849.851 2.72906 0.390668
849.851 2.79253 0.380968
849.851 2.85599 0.369733
849.851 2.91946 0.35701
849.851 2.98293 0.34285
849.851 3.04639 0.327309
849.851 3.10986 0.31045
849.851 3.17333 0.29234
849.851 3.23679 0.273054
849.851 3.30026 0.252669
849.851 3.36373 0.231265
849.851 3.42719 0.208931
849.851 3.49066 0.185755
849.851 3.55413 0.161832
849.851 3.61759 0.137256
849.851 3.68106 0.112128
849.851 3.74452 0.0865489
849.851 3.80799 0.0606208
849.851 3.87146 0.0344488
849.851 3.93492 0.00813798
849.851 3.99839 -0.0182057
849.851 4.06186 -0.0444759
849.851 4.12532 -0.0705671
849.851 4.18879 -0.0963743
849.851 4.25226 -0.121793
849.851 4.31572 -0.146722
849.851 4.37919 -0.171059
849.851 4.44266 -0.194708
849.851 4.50612 -0.217573
849.851 4.56959 -0.239562
849.851 4.63306 -0.260586
849.851 4.69652 -0.280561
849.851 4.75999 -0.299406
849.851 4.82346 -0.317046
849.851 4.88692 -0.333409
849.851 4.95039 -0.348429
849.851 5.01385 -0.362047
849.851 5.07732 -0.374206
849.851 5.14079 -0.384859
849.851 5.20425 -0.393962
849.851 5.26772 -0.401479
849.851 5.33119 -0.407379
849.851 5.39465 -0.411639
849.851 5.45812 -0.414241
849.851 5.52159 -0.415176
849.851 5.58505 -0.414438
849.851 5.64852 -0.412032
849.851 5.71199 -0.407966
849.851 5.77545 -0.402258
849.851 5.83892 -0.39493
849.851 5.90239 -0.386012
849.851 5.96585 -0.37554
849.851 6.02932 -0.363555
849.851 6.09279 -0.350106
849.851 6.15625 -0.335248
849.851 6.21972 -0.31904
849.851 6.28319 -0.301547
850.852 0 -0.0850435
850.852 0.0634665 -0.0841168
850.852 0.126933 -0.0828512
850.852 0.1904 -0.0812524
850.852 0.253866 -0.0793262
850.852 0.317333 -0.0770805
850.852 0.380799 -0.0745246
850.852 0.444266 -0.0716684
850.852 0.507732 -0.0685239
850.852 0.571199 -0.0651034
850.852 0.634665 -0.0614206
850.852 0.698132 -0.0574906
850.852 0.761598 -0.0533291
850.852 0.825065 -0.0489527
850.852 0.888531 -0.0443794
850.852 0.951998 -0.0396274
850.852 1.01546 -0.0347157
850.852 1.07893 -0.0296643
850.852 1.1424 -0.0244934
850.852 1.20586 -0.0192239
850.852 1.26933 -0.013877
850.852 1.3328 -0.00847422
850.852 1.39626 -0.00303729
850.852 1.45973 0.00241194
850.852 1.5232 0.0078512
850.852 1.58666 0.013259
850.852 1.65013 0.0186135
850.852 1.7136 0.0238929
850.852 1.77706 0.0290763
850.852 1.84053 0.0341425
850.852 1.904 0.0390712
850.852 1.96746 0.0438426
850.852 2.03093 0.0484373
850.852 2.0944 0.0528373
850.852 2.15786 0.0570243
850.852 2.22133 0.0609817
850.852 2.28479 0.0646936
850.852 2.34826 0.068145
850.852 2.41173 0.0713219
850.852 2.47519 0.0742118
850.852 2.53866 0.0768027
850.852 2.60213 0.0790843
850.852 2.66559 0.0810476
850.852 2.72906 0.0826846
850.852 2.79253 0.0839886
850.852 2.85599 0.0849544
850.852 2.91946 0.085578
850.852 2.98293 0.0858572
850.852 3.04639 0.0857905
850.852 3.10986 0.0853786
850.852 3.17333 0.0846227
850.852 3.23679 0.0835261
850.852 3.30026 0.0820932
850.852 3.36373 0.0803298
850.852 3.42719 0.0782428
850.852 3.49066 0.0758408
850.852 3.55413 0.0731333
850.852 3.61759 0.0701315
850.852 3.68106 0.0668473
850.852 3.74452 0.0632939
850.852 3.80799 0.0594856
850.852 3.87146 0.0554377
850.852 3.93492 0.0511668
850.852 3.99839 0.0466896
850.852 4.06186 0.0420246
850.852 4.12532 0.0371902
850.852 4.18879 0.0322063
850.852 4.25226 0.0270924
850.852 4.31572 0.0218696
850.852 4.37919 0.0165588
850.852 4.44266 0.0111812
850.852 4.50612 0.00575872
850.852 4.56959 0.000312934
850.852 4.63306 -0.00513419
850.852 4.69652 -0.0105605
850.852 4.75999 -0.0159443
850.852 4.82346 -0.021264
850.852 4.88692 -0.0264979
850.852 4.95039 -0.0316253
850.852 5.01385 -0.0366253
850.852 5.07732 -0.0414777
850.852 5.14079 -0.0461632
850.852 5.20425 -0.0506629
850.852 5.26772 -0.0549585
850.852 5.33119 -0.0590328
850.852 5.39465 -0.0628693
850.852 5.45812 -0.0664528
850.852 5.52159 -0.0697685
850.852 5.58505 -0.0728034
850.852 5.64852 -0.0755452
850.852 5.71199 -0.0779828
850.852 5.77545 -0.0801064
850.852 5.83892 -0.0819075
850.852 5.90239 -0.0833785
850.852 5.96585 -0.084514
850.852 6.02932 -0.0853091
850.852 6.09279 -0.0857607
850.852 6.15625 -0.0858671
850.852 6.21972 -0.0856276
850.852 6.28319 -0.0850434
851.853 0 0.0769999
851.853 0.0634665 0.0781134
851.853 0.126933 0.0789124
851.853 0.1904 0.0793936
851.853 0.253866 0.0795553
851.853 0.317333 0.0793964
851.853 0.380799 0.0789179
851.853 0.444266 0.0781218
851.853 0.507732 0.077011
851.853 0.571199 0.0755901
851.853 0.634665 0.0738648
851.853 0.698132 0.071842
851.853 0.761598 0.06953
851.853 0.825065 0.0669381
851.853 0.888531 0.0640766
851.853 0.951998 0.0609571
851.853 1.01546 0.0575921
851.853 1.07893 0.0539952
851.853 1.1424 0.0501809
851.853 1.20586 0.0461646
851.853 1.26933 0.0419624
851.853 1.3328 0.0375911
851.853 1.39626 0.0330686
851.853 1.45973 0.0284129
851.853 1.5232 0.0236427
851.853 1.58666 0.0187774
851.853 1.65013 0.0138365
851.853 1.7136 0.00883972
851.853 1.77706 0.00380743
851.853 1.84053 -0.00124006
851.853 1.904 -0.00628271
851.853 1.96746 -0.0113
851.853 2.03093 -0.0162719
851.853 2.0944 -0.021178
851.853 2.15786 -0.0259991
851.853 2.22133 -0.0307154
851.853 2.28479 -0.035308
851.853 2.34826 -0.0397585
851.853 2.41173 -0.0440489
851.853 2.47519 -0.0481618
851.853 2.53866 -0.052081
851.853 2.60213 -0.0557903
851.853 2.66559 -0.0592748
851.853 2.72906 -0.062521
851.853 2.79253 -0.0655151
851.853 2.85599 -0.0682456
851.853 2.91946 -0.0707013
851.853 2.98293 -0.0728723
851.853 3.04639 -0.0747499
851.853 3.10986 -0.0763265
851.853 3.17333 -0.0775957
851.853 3.23679 -0.0785526
851.853 3.30026 -0.0791928
851.853 3.36373 -0.0795146
851.853 3.42719 -0.0795159
851.853 3.49066 -0.0791971
851.853 3.55413 -0.0785594
851.853 3.61759 -0.0776055
851.853 3.68106 -0.0763389
851.853 3.74452 -0.0747651
851.853 3.80799 -0.0728901
851.853 3.87146 -0.0707217
851.853 3.93492 -0.0682684
851.853 3.99839 -0.0655403
851.853 4.06186 -0.0625483
851.853 4.12532 -0.0593044
851.853 4.18879 -0.0558218
851.853 4.25226 -0.0521143
851.853 4.31572 -0.048197
851.853 4.37919 -0.0440856
851.853 4.44266 -0.0397968
851.853 4.50612 -0.0353476
851.853 4.56959 -0.0307562
851.853 4.63306 -0.0260409
851.853 4.69652 -0.0212207
851.853 4.75999 -0.0163152
851.853 4.82346 -0.0113438
851.853 4.88692 -0.00632684
851.853 4.95039 -0.00128427
851.853 5.01385 0.00376323
851.853 5.07732 0.00879578
851.853 5.14079 0.0137928
851.853 5.20425 0.0187343
851.853 5.26772 0.0236005
851.853 5.33119 0.0283716
851.853 5.39465 0.0330282
851.853 5.45812 0.0375521
851.853 5.52159 0.0419247
851.853 5.58505 0.0461285
851.853 5.64852 0.0501465
851.853 5.71199 0.0539627
851.853 5.77545 0.0575616
851.853 5.83892 0.0609287
851.853 5.90239 0.0640503
851.853 5.96585 0.0669142
851.853 6.02932 0.0695086
851.853 6.09279 0.0718232
851.853 6.15625 0.0738484
851.853 6.21972 0.0755763
851.853 6.28319 0.0769998
852.854 0 0.00686248
852.854 0.0634665 0.026626
852.854 0.126933 0.0462826
852.854 0.1904 0.0657525
852.854 0.253866 0.0849579
852.854 0.317333 0.103821
852.854 0.380799 0.122266
852.854 0.444266 0.140219
852.854 0.507732 0.157607
852.854 0.571199 0.174361
852.854 0.634665 0.190413
852.854 0.698132 0.205697
852.854 0.761598 0.220154
852.854 0.825065 0.233724
852.854 0.888531 0.246353
852.854 0.951998 0.25799
852.854 1.01546 0.268588
852.854 1.07893 0.278104
852.854 1.1424 0.286501
852.854 1.20586 0.293744
852.854 1.26933 0.299805
852.854 1.3328 0.304658
852.854 1.39626 0.308284
852.854 1.45973 0.310669
852.854 1.5232 0.311803
852.854 1.58666 0.311682
852.854 1.65013 0.310305
852.854 1.7136 0.307679
852.854 1.77706 0.303814
852.854 1.84053 0.298726
852.854 1.904 0.292435
852.854 1.96746 0.284966
852.854 2.03093 0.27635
852.854 2.0944 0.266621
852.854 2.15786 0.255819
852.854 2.22133 0.243986
852.854 2.28479 0.231171
852.854 2.34826 0.217425
852.854 2.41173 0.202804
852.854 2.47519 0.187366
852.854 2.53866 0.171174
852.854 2.60213 0.154292
852.854 2.66559 0.136789
852.854 2.72906 0.118735
852.854 2.79253 0.100203
852.854 2.85599 0.0812681
852.854 2.91946 0.0620056
852.854 2.98293 0.0424933
852.854 3.04639 0.02281
852.854 3.10986 0.00303469
852.854 3.17333 -0.0167528
852.854 3.23679 -0.0364727
852.854 3.30026 -0.0560457
852.854 3.36373 -0.075393
852.854 3.42719 -0.0944371
852.854 3.49066 -0.113101
852.854 3.55413 -0.131309
852.854 3.61759 -0.148989
852.854 3.68106 -0.166068
852.854 3.74452 -0.182479
852.854 3.80799 -0.198155
852.854 3.87146 -0.213033
852.854 3.93492 -0.227053
852.854 3.99839 -0.240159
852.854 4.06186 -0.252298
852.854 4.12532 -0.263421
852.854 4.18879 -0.273484
852.854 4.25226 -0.282445
852.854 4.31572 -0.290269
852.854 4.37919 -0.296924
852.854 4.44266 -0.302383
852.854 4.50612 -0.306625
852.854 4.56959 -0.309632
852.854 4.63306 -0.311393
852.854 4.69652 -0.311899
852.854 4.75999 -0.31115
852.854 4.82346 -0.309148
852.854 4.88692 -0.305901
852.854 4.95039 -0.301422
852.854 5.01385 -0.295729
852.854 5.07732 -0.288846
852.854 5.14079 -0.2808
852.854 5.20425 -0.271622
852.854 5.26772 -0.261352
852.854 5.33119 -0.250028
852.854 5.39465 -0.237698
852.854 5.45812 -0.224411
852.854 5.52159 -0.210221
852.854 5.58505 -0.195183
852.854 5.64852 -0.17936
852.854 5.71199 -0.162815
852.854 5.77545 -0.145614
852.854 5.83892 -0.127827
852.854 5.90239 -0.109525
852.854 5.96585 -0.0907815
852.854 6.02932 -0.0716729
852.854 6.09279 -0.0522758
852.854 6.15625 -0.0326679
852.854 6.21972 -0.0129288
852.854 6.28319 0.00686258
853.855 0 -0.499657
853.855 0.0634665 -0.497557
853.855 0.126933 -0.493453
853.855 0.1904 -0.487362
853.855 0.253866 -0.479308
853.855 0.317333 -0.469325
853.855 0.380799 -0.457452
853.855 0.444266 -0.443737
853.855 0.507732 -0.428235
853.855 0.571199 -0.411009
853.855 0.634665 -0.392128
853.855 0.698132 -0.371667
853.855 0.761598 -0.34971
853.855 0.825065 -0.326346
853.855 0.888531 -0.301667
853.855 0.951998 -0.275773
853.855 1.01546 -0.248769
853.855 1.07893 -0.220763
853.855 1.1424 -0.191868
853.855 1.20586 -0.162201
853.855 1.26933 -0.13188
853.855 1.3328 -0.101029
853.855 1.39626 -0.0697702
853.855 1.45973 -0.038231
853.855 1.5232 -0.0065376
853.855 1.58666 0.0251819
853.855 1.65013 0.0568
853.855 1.7136 0.0881894
853.855 1.77706 0.119224
853.855 1.84053 0.149778
853.855 1.904 0.179729
853.855 1.96746 0.208957
853.855 2.03093 0.237343
853.855 2.0944 0.264773
853.855 2.15786 0.291137
853.855 2.22133 0.316329
853.855 2.28479 0.340247
853.855 2.34826 0.362796
853.855 2.41173 0.383883
853.855 2.47519 0.403424
853.855 2.53866 0.421342
853.855 2.60213 0.437562
853.855 2.66559 0.452021
853.855 2.72906 0.464659
853.855 2.79253 0.475426
853.855 2.85599 0.484279
853.855 2.91946 0.491182
853.855 2.98293 0.496108
853.855 3.04639 0.499035
853.855 3.10986 0.499953
853.855 3.17333 0.498858
853.855 3.23679 0.495755
853.855 3.30026 0.490655
853.855 3.36373 0.483579
853.855 3.42719 0.474556
853.855 3.49066 0.463622
853.855 3.55413 0.450822
853.855 3.61759 0.436206
853.855 3.68106 0.419833
853.855 3.74452 0.40177
853.855 3.80799 0.38209
853.855 3.87146 0.360871
853.855 3.93492 0.338198
853.855 3.99839 0.314164
853.855 4.06186 0.288865
853.855 4.12532 0.262403
853.855 4.18879 0.234884
853.855 4.25226 0.206419
853.855 4.31572 0.177124
853.855 4.37919 0.147114
853.855 4.44266 0.116513
853.855 4.50612 0.0854426
853.855 4.56959 0.0540279
853.855 4.63306 0.0223957
853.855 4.69652 -0.00932667
853.855 4.75999 -0.0410115
853.855 4.82346 -0.0725313
853.855 4.88692 -0.103759
853.855 4.95039 -0.134569
853.855 5.01385 -0.164837
853.855 5.07732 -0.194441
853.855 5.14079 -0.223262
853.855 5.20425 -0.251184
853.855 5.26772 -0.278096
853.855 5.33119 -0.303887
853.855 5.39465 -0.328454
853.855 5.45812 -0.351698
853.855 5.52159 -0.373527
853.855 5.58505 -0.393852
853.855 5.64852 -0.41259
853.855 5.71199 -0.429668
853.855 5.77545 -0.445015
853.855 5.83892 -0.45857
853.855 5.90239 -0.470279
853.855 5.96585 -0.480094
853.855 6.02932 -0.487976
853.855 6.09279 -0.493894
853.855 6.15625 -0.497822
853.855 6.21972 -0.499746
853.855 6.28319 -0.499657
854.856 0 0.0318276
854.856 0.0634665 0.0389398
854.856 0.126933 0.0458949
854.856 0.1904 0.0526658
854.856 0.253866 0.0592249
854.856 0.317333 0.0655447
854.856 0.380799 0.0716007
854.856 0.444266 0.0773688
854.856 0.507732 0.0828252
854.856 0.571199 0.0879477
854.856 0.634665 0.0927168
854.856 0.698132 0.0971123
854.856 0.761598 0.101117
854.856 0.825065 0.104714
854.856 0.888531 0.107889
854.856 0.951998 0.11063
854.856 1.01546 0.112926
854.856 1.07893 0.114767
854.856 1.1424 0.116145
854.856 1.20586 0.117057
854.856 1.26933 0.117497
854.856 1.3328 0.117463
854.856 1.39626 0.116957
854.856 1.45973 0.11598
854.856 1.5232 0.114535
854.856 1.58666 0.11263
854.856 1.65013 0.110271
854.856 1.7136 0.107468
854.856 1.77706 0.104232
854.856 1.84053 0.100577
854.856 1.904 0.0965161
854.856 1.96746 0.0920671
854.856 2.03093 0.0872473
854.856 2.0944 0.0820761
854.856 2.15786 0.0765746
854.856 2.22133 0.0707646
854.856 2.28479 0.0646697
854.856 2.34826 0.0583145
854.856 2.41173 0.0517242
854.856 2.47519 0.0449261
854.856 2.53866 0.0379467
854.856 2.60213 0.0308145
854.856 2.66559 0.0235584
854.856 2.72906 0.0162073
854.856 2.79253 0.00879113
854.856 2.85599 0.00133944
854.856 2.91946 -0.00611744
854.856 2.98293 -0.01355
854.856 3.04639 -0.0209278
854.856 3.10986 -0.0282214
854.856 3.17333 -0.0354016
854.856 3.23679 -0.0424387
854.856 3.30026 -0.0493054
854.856 3.36373 -0.0559731
854.856 3.42719 -0.062416
854.856 3.49066 -0.0686074
854.856 3.55413 -0.0745225
854.856 3.61759 -0.0801371
854.856 3.68106 -0.0854294
854.856 3.74452 -0.0903778
854.856 3.80799 -0.0949622
854.856 3.87146 -0.0991644
854.856 3.93492 -0.102967
854.856 3.99839 -0.106355
854.856 4.06186 -0.109315
854.856 4.12532 -0.111834
854.856 4.18879 -0.113903
854.856 4.25226 -0.115514
854.856 4.31572 -0.11666
854.856 4.37919 -0.117336
854.856 4.44266 -0.117539
854.856 4.50612 -0.117269
854.856 4.56959 -0.116527
854.856 4.63306 -0.115316
854.856 4.69652 -0.11364
854.856 4.75999 -0.111506
854.856 4.82346 -0.108924
854.856 4.88692 -0.105903
854.856 4.95039 -0.102456
854.856 5.01385 -0.098596
854.856 5.07732 -0.0943391
854.856 5.14079 -0.0897024
854.856 5.20425 -0.0847043
854.856 5.26772 -0.0793654
854.856 5.33119 -0.0737067
854.856 5.39465 -0.0677512
854.856 5.45812 -0.0615231
854.856 5.52159 -0.0550472
854.856 5.58505 -0.0483496
854.856 5.64852 -0.0414572
854.856 5.71199 -0.034398
854.856 5.77545 -0.0272002
854.856 5.83892 -0.0198932
854.856 5.90239 -0.0125054
854.856 5.96585 -0.00506786
854.856 6.02932 0.00239026
854.856 6.09279 0.00983878
854.856 6.15625 0.0172475
854.856 6.21972 0.024587
854.856 6.28319 0.0318275
855.857 0 -0.270702
855.857 0.0634665 -0.290424
855.857 0.126933 -0.308977
855.857 0.1904 -0.326285
855.857 0.253866 -0.34228
855.857 0.317333 -0.356896
855.857 0.380799 -0.370076
855.857 0.444266 -0.381765
855.857 0.507732 -0.391917
855.857 0.571199 -0.400491
855.857 0.634665 -0.407452
855.857 0.698132 -0.412772
855.857 0.761598 -0.416431
855.857 0.825065 -0.418413
855.857 0.888531 -0.418709
855.857 0.951998 -0.417321
855.857 1.01546 -0.414251
855.857 1.07893 -0.409513
855.857 1.1424 -0.403127
855.857 1.20586 -0.395117
855.857 1.26933 -0.385517
855.857 1.3328 -0.374363
855.857 1.39626 -0.361703
855.857 1.45973 -0.347585
855.857 1.5232 -0.332069
855.857 1.58666 -0.315215
855.857 1.65013 -0.297092
855.857 1.7136 -0.277773
855.857 1.77706 -0.257335
855.857 1.84053 -0.235861
855.857 1.904 -0.213438
855.857 1.96746 -0.190155
855.857 2.03093 -0.166106
855.857 2.0944 -0.141388
855.857 2.15786 -0.116101
855.857 2.22133 -0.0903467
855.857 2.28479 -0.0642283
855.857 2.34826 -0.0378514
855.857 2.41173 -0.0113221
855.857 2.47519 0.0152529
855.857 2.53866 0.0417663
855.857 2.60213 0.0681117
855.857 2.66559 0.0941828
855.857 2.72906 0.119874
855.857 2.79253 0.145084
855.857 2.85599 0.169708
855.857 2.91946 0.19365
855.857 2.98293 0.216812
855.857 3.04639 0.239101
855.857 3.10986 0.260427
855.857 3.17333 0.280704
855.857 3.23679 0.299851
855.857 3.30026 0.31779
855.857 3.36373 0.334451
855.857 3.42719 0.349764
855.857 3.49066 0.363669
855.857 3.55413 0.37611
855.857 3.61759 0.387036
855.857 3.68106 0.396403
855.857 3.74452 0.404175
855.857 3.80799 0.410319
855.857 3.87146 0.414811
855.857 3.93492 0.417632
855.857 3.99839 0.418772
855.857 4.06186 0.418225
855.857 4.12532 0.415995
855.857 4.18879 0.41209
855.857 4.25226 0.406525
855.857 4.31572 0.399323
855.857 4.37919 0.390513
855.857 4.44266 0.380131
855.857 4.50612 0.368218
855.857 4.56959 0.354823
855.857 4.63306 0.339998
855.857 4.69652 0.323805
855.857 4.75999 0.306308
855.857 4.82346 0.287577
855.857 4.88692 0.267689
855.857 4.95039 0.246722
855.857 5.01385 0.224762
855.857 5.07732 0.201898
855.857 5.14079 0.17822
855.857 5.20425 0.153824
855.857 5.26772 0.128809
855.857 5.33119 0.103276
855.857 5.39465 0.0773261
855.857 5.45812 0.0510657
855.857 5.52159 0.0245992
855.857 5.58505 -0.00196628
855.857 5.64852 -0.0285239
855.857 5.71199 -0.0549666
855.857 5.77545 -0.081188
855.857 5.83892 -0.107082
855.857 5.90239 -0.132546
855.857 5.96585 -0.157475
855.857 6.02932 -0.181771
855.857 6.09279 -0.205334
855.857 6.15625 -0.228071
855.857 6.21972 -0.249889
855.857 6.28319 -0.270702
856.858 0 0.0609325
856.858 0.0634665 0.0752954
856.858 0.126933 0.0893551
856.858 0.1904 0.103055
856.858 0.253866 0.11634
856.858 0.317333 0.129156
856.858 0.380799 0.141453
856.858 0.444266 0.15318
856.858 0.507732 0.164289
856.858 0.571199 0.174738
856.858 0.634665 0.184483
856.858 0.698132 0.193485
856.858 0.761598 0.201708
856.858 0.825065 0.209119
856.858 0.888531 0.215687
856.858 0.951998 0.221387
856.858 1.01546 0.226196
856.858 1.07893 0.230094
856.858 1.1424 0.233066
856.858 1.20586 0.235099
856.858 1.26933 0.236185
856.858 1.3328 0.23632
856.858 1.39626 0.235504
856.858 1.45973 0.233739
856.858 1.5232 0.231033
856.858 1.58666 0.227397
856.858 1.65013 0.222846
856.858 1.7136 0.217396
856.858 1.77706 0.211072
856.858 1.84053 0.203898
856.858 1.904 0.195902
856.858 1.96746 0.187118
856.858 2.03093 0.17758
856.858 2.0944 0.167328
856.858 2.15786 0.156401
856.858 2.22133 0.144845
856.858 2.28479 0.132705
856.858 2.34826 0.120032
856.858 2.41173 0.106874
856.858 2.47519 0.093287
856.858 2.53866 0.0793237
856.858 2.60213 0.0650412
856.858 2.66559 0.0504967
856.858 2.72906 0.035749
856.858 2.79253 0.0208572
856.858 2.85599 0.00588133
856.858 2.91946 -0.00911801
856.858 2.98293 -0.0240806
856.858 3.04639 -0.0389464
856.858 3.10986 -0.0536555
856.858 3.17333 -0.0681483
856.858 3.23679 -0.0823667
856.858 3.30026 -0.0962533
856.858 3.36373 -0.109753
856.858 3.42719 -0.12281
856.858 3.49066 -0.135373
856.858 3.55413 -0.14739
856.858 3.61759 -0.158815
856.858 3.68106 -0.169599
856.858 3.74452 -0.179701
856.858 3.80799 -0.189079
856.858 3.87146 -0.197696
856.858 3.93492 -0.205517
856.858 3.99839 -0.21251
856.858 4.06186 -0.218647
856.858 4.12532 -0.223905
856.858 4.18879 -0.22826
856.858 4.25226 -0.231697
856.858 4.31572 -0.2342
856.858 4.37919 -0.23576
856.858 4.44266 -0.236372
856.858 4.50612 -0.236031
856.858 4.56959 -0.23474
856.858 4.63306 -0.232503
856.858 4.69652 -0.229331
856.858 4.75999 -0.225235
856.858 4.82346 -0.220232
856.858 4.88692 -0.214342
856.858 4.95039 -0.207589
856.858 5.01385 -0.200001
856.858 5.07732 -0.191607
856.858 5.14079 -0.182441
856.858 5.20425 -0.172541
856.858 5.26772 -0.161946
856.858 5.33119 -0.150699
856.858 5.39465 -0.138845
856.858 5.45812 -0.126432
856.858 5.52159 -0.11351
856.858 5.58505 -0.100131
856.858 5.64852 -0.0863489
856.858 5.71199 -0.0722189
856.858 5.77545 -0.0577981
856.858 5.83892 -0.0431445
856.858 5.90239 -0.0283172
856.858 5.96585 -0.013376
856.858 6.02932 0.0016191
856.858 6.09279 0.0166076
856.858 6.15625 0.0315294
856.858 6.21972 0.0463243
856.858 6.28319 0.0609324
857.859 0 -0.0210613
857.859 0.0634665 -0.0195372
857.859 0.126933 -0.0179341
857.859 0.1904 -0.0162589
857.859 0.253866 -0.0145183
857.859 0.317333 -0.0127191
857.859 0.380799 -0.0108688
857.859 0.444266 -0.00897459
857.859 0.507732 -0.00704441
857.859 0.571199 -0.00508573
857.859 0.634665 -0.00310671
857.859 0.698132 -0.00111496
857.859 0.761598 0.000881175
857.859 0.825065 0.00287385
857.859 0.888531 0.00485469
857.859 0.951998 0.00681607
857.859 1.01546 0.00875004
857.859 1.07893 0.0106489
857.859 1.1424 0.0125048
857.859 1.20586 0.0143102
857.859 1.26933 0.0160581
857.859 1.3328 0.0177413
857.859 1.39626 0.0193532
857.859 1.45973 0.020887
857.859 1.5232 0.0223368
857.859 1.58666 0.0236966
857.859 1.65013 0.0249611
857.859 1.7136 0.026125
857.859 1.77706 0.0271836
857.859 1.84053 0.0281329
857.859 1.904 0.0289688
857.859 1.96746 0.0296881
857.859 2.03093 0.0302878
857.859 2.0944 0.0307658
857.859 2.15786 0.0311196
857.859 2.22133 0.0313483
857.859 2.28479 0.0314505
857.859 2.34826 0.0314265
857.859 2.41173 0.0312757
857.859 2.47519 0.030999
857.859 2.53866 0.0305973
857.859 2.60213 0.0300727
857.859 2.66559 0.0294269
857.859 2.72906 0.0286625
857.859 2.79253 0.0277827
857.859 2.85599 0.0267911
857.859 2.91946 0.0256918
857.859 2.98293 0.0244886
857.859 3.04639 0.0231872
857.859 3.10986 0.0217922
857.859 3.17333 0.0203094
857.859 3.23679 0.018745
857.859 3.30026 0.0171052
857.859 3.36373 0.015396
857.859 3.42719 0.0136255
857.859 3.49066 0.0117998
857.859 3.55413 0.00992662
857.859 3.61759 0.00801332
857.859 3.68106 0.00606814
857.859 3.74452 0.00409826
857.859 3.80799 0.00211208
857.859 3.87146 0.000116786
857.859 3.93492 -0.00187808
857.859 3.99839 -0.00386603
857.859 4.06186 -0.00583835
857.859 4.12532 -0.00778692
857.859 4.18879 -0.00970439
857.859 4.25226 -0.0115826
857.859 4.31572 -0.0134143
857.859 4.37919 -0.015192
857.859 4.44266 -0.0169082
857.859 4.50612 -0.0185566
857.859 4.56959 -0.0201303
857.859 4.63306 -0.0216228
857.859 4.69652 -0.0230283
857.859 4.75999 -0.0243411
857.859 4.82346 -0.0255558
857.859 4.88692 -0.0266676
857.859 4.95039 -0.0276722
857.859 5.01385 -0.0285652
857.859 5.07732 -0.0293433
857.859 5.14079 -0.0300031
857.859 5.20425 -0.0305421
857.859 5.26772 -0.0309583
857.859 5.33119 -0.0312497
857.859 5.39465 -0.0314151
857.859 5.45812 -0.0314545
857.859 5.52159 -0.0313668
857.859 5.58505 -0.0311528
857.859 5.64852 -0.0308136
857.859 5.71199 -0.0303502
857.859 5.77545 -0.0297646
857.859 5.83892 -0.0290593
857.859 5.90239 -0.0282365
857.859 5.96585 -0.0273006
857.859 6.02932 -0.0262548
857.859 6.09279 -0.0251025
857.859 6.15625 -0.0238498
857.859 6.21972 -0.022501
857.859 6.28319 -0.0210614
858.86 0 -0.0392945
858.86 0.0634665 -0.0595588
858.86 0.126933 -0.0795832
858.86 0.1904 -0.099287
858.86 0.253866 -0.118591
858.86 0.317333 -0.137418
858.86 0.380799 -0.155691
858.86 0.444266 -0.173337
858.86 0.507732 -0.190286
858.86 0.571199 -0.206468
858.86 0.634665 -0.221819
858.86 0.698132 -0.236276
858.86 0.761598 -0.249782
858.86 0.825065 -0.262283
858.86 0.888531 -0.273727
858.86 0.951998 -0.284069
858.86 1.01546 -0.293267
858.86 1.07893 -0.301285
858.86 1.1424 -0.308089
858.86 1.20586 -0.313652
858.86 1.26933 -0.317953
858.86 1.3328 -0.320974
858.86 1.39626 -0.322701
858.86 1.45973 -0.32313
858.86 1.5232 -0.322258
858.86 1.58666 -0.320087
858.86 1.65013 -0.316628
858.86 1.7136 -0.311894
858.86 1.77706 -0.305904
858.86 1.84053 -0.298682
858.86 1.904 -0.290258
858.86 1.96746 -0.280665
858.86 2.03093 -0.269942
858.86 2.0944 -0.258131
858.86 2.15786 -0.245282
858.86 2.22133 -0.231444
858.86 2.28479 -0.216675
858.86 2.34826 -0.201033
858.86 2.41173 -0.184582
858.86 2.47519 -0.167387
858.86 2.53866 -0.149519
858.86 2.60213 -0.131049
858.86 2.66559 -0.11205
858.86 2.72906 -0.0926008
858.86 2.79253 -0.0727784
858.86 2.85599 -0.052663
858.86 2.91946 -0.0323356
858.86 2.98293 -0.0118783
858.86 3.04639 0.00862722
858.86 3.10986 0.029098
858.86 3.17333 0.0494516
858.86 3.23679 0.0696059
858.86 3.30026 0.08948
858.86 3.36373 0.108994
858.86 3.42719 0.128069
858.86 3.49066 0.146628
858.86 3.55413 0.164597
858.86 3.61759 0.181903
858.86 3.68106 0.198477
858.86 3.74452 0.214251
858.86 3.80799 0.229163
858.86 3.87146 0.243152
858.86 3.93492 0.256162
858.86 3.99839 0.26814
858.86 4.06186 0.279039
858.86 4.12532 0.288814
858.86 4.18879 0.297426
858.86 4.25226 0.30484
858.86 4.31572 0.311027
858.86 4.37919 0.315962
858.86 4.44266 0.319624
858.86 4.50612 0.322
858.86 4.56959 0.323078
858.86 4.63306 0.322856
858.86 4.69652 0.321334
858.86 4.75999 0.318518
858.86 4.82346 0.314419
858.86 4.88692 0.309054
858.86 4.95039 0.302446
858.86 5.01385 0.294618
858.86 5.07732 0.285605
858.86 5.14079 0.275441
858.86 5.20425 0.264169
858.86 5.26772 0.251833
858.86 5.33119 0.238483
858.86 5.39465 0.224173
858.86 5.45812 0.208959
858.86 5.52159 0.192905
858.86 5.58505 0.176074
858.86 5.64852 0.158533
858.86 5.71199 0.140354
858.86 5.77545 0.12161
858.86 5.83892 0.102377
858.86 5.90239 0.0827312
858.86 5.96585 0.0627526
858.86 6.02932 0.0425208
858.86 6.09279 0.0221182
858.86 6.15625 0.0016262
858.86 6.21972 -0.0188724
858.86 6.28319 -0.0392947
859.861 0 -0.0697627
859.861 0.0634665 -0.090995
859.861 0.126933 -0.111861
859.861 0.1904 -0.132276
859.861 0.253866 -0.152159
859.861 0.317333 -0.171429
859.861 0.380799 -0.190009
859.861 0.444266 -0.207824
859.861 0.507732 -0.224802
859.861 0.571199 -0.240875
859.861 0.634665 -0.255978
859.861 0.698132 -0.27005
859.861 0.761598 -0.283035
859.861 0.825065 -0.29488
859.861 0.888531 -0.305537
859.861 0.951998 -0.314964
859.861 1.01546 -0.323124
859.861 1.07893 -0.329982
859.861 1.1424 -0.335511
859.861 1.20586 -0.339689
859.861 1.26933 -0.3425
859.861 1.3328 -0.343931
859.861 1.39626 -0.343978
859.861 1.45973 -0.342639
859.861 1.5232 -0.33992
859.861 1.58666 -0.335834
859.861 1.65013 -0.330394
859.861 1.7136 -0.323624
859.861 1.77706 -0.315552
859.861 1.84053 -0.306209
859.861 1.904 -0.295632
859.861 1.96746 -0.283865
859.861 2.03093 -0.270955
859.861 2.0944 -0.256954
859.861 2.15786 -0.241919
859.861 2.22133 -0.225909
859.861 2.28479 -0.20899
859.861 2.34826 -0.191229
859.861 2.41173 -0.172698
859.861 2.47519 -0.153472
859.861 2.53866 -0.133627
859.861 2.60213 -0.113245
859.861 2.66559 -0.092407
859.861 2.72906 -0.0711967
859.861 2.79253 -0.0496995
859.861 2.85599 -0.0280023
859.861 2.91946 -0.00619218
859.861 2.98293 0.0156427
859.861 3.04639 0.0374145
859.861 3.10986 0.0590358
859.861 3.17333 0.0804194
859.861 3.23679 0.101479
859.861 3.30026 0.12213
859.861 3.36373 0.142289
859.861 3.42719 0.161876
859.861 3.49066 0.18081
859.861 3.55413 0.199017
859.861 3.61759 0.216422
859.861 3.68106 0.232956
859.861 3.74452 0.248551
859.861 3.80799 0.263146
859.861 3.87146 0.276682
859.861 3.93492 0.289103
859.861 3.99839 0.30036
859.861 4.06186 0.310407
859.861 4.12532 0.319205
859.861 4.18879 0.326717
859.861 4.25226 0.332914
859.861 4.31572 0.33777
859.861 4.37919 0.341266
859.861 4.44266 0.343388
859.861 4.50612 0.344127
859.861 4.56959 0.343481
859.861 4.63306 0.341452
859.861 4.69652 0.338047
859.861 4.75999 0.333282
859.861 4.82346 0.327174
859.861 4.88692 0.319749
859.861 4.95039 0.311037
859.861 5.01385 0.301072
859.861 5.07732 0.289895
859.861 5.14079 0.27755
859.861 5.20425 0.264088
859.861 5.26772 0.249562
859.861 5.33119 0.234032
859.861 5.39465 0.217559
859.861 5.45812 0.20021
859.861 5.52159 0.182055
859.861 5.58505 0.163167
859.861 5.64852 0.143622
859.861 5.71199 0.123499
859.861 5.77545 0.102878
859.861 5.83892 0.081843
859.861 5.90239 0.0604785
859.861 5.96585 0.0388704
859.861 6.02932 0.0171059
859.861 6.09279 -0.00472755
859.861 6.15625 -0.026542
859.861 6.21972 -0.0482495
859.861 6.28319 -0.0697627
860.862 0 -0.175804
860.862 0.0634665 -0.188018
860.862 0.126933 -0.199475
860.862 0.1904 -0.210129
860.862 0.253866 -0.219936
860.862 0.317333 -0.228858
860.862 0.380799 -0.236858
860.862 0.444266 -0.243905
860.862 0.507732 -0.24997
860.862 0.571199 -0.255028
860.862 0.634665 -0.259059
860.862 0.698132 -0.262046
860.862 0.761598 -0.263979
860.862 0.825065 -0.264849
860.862 0.888531 -0.264652
860.862 0.951998 -0.26339
860.862 1.01546 -0.261067
860.862 1.07893 -0.257693
860.862 1.1424 -0.253281
860.862 1.20586 -0.24785
860.862 1.26933 -0.24142
860.862 1.3328 -0.234018
860.862 1.39626 -0.225674
860.862 1.45973 -0.216421
860.862 1.5232 -0.206297
860.862 1.58666 -0.195342
860.862 1.65013 -0.183601
860.862 1.7136 -0.17112
860.862 1.77706 -0.15795
860.862 1.84053 -0.144144
860.862 1.904 -0.129758
860.862 1.96746 -0.114849
860.862 2.03093 -0.0994782
860.862 2.0944 -0.0837063
860.862 2.15786 -0.0675974
860.862 2.22133 -0.0512165
860.862 2.28479 -0.0346293
860.862 2.34826 -0.0179027
860.862 2.41173 -0.00110377
860.862 2.47519 0.0156994
860.862 2.53866 0.0324395
860.862 2.60213 0.0490488
860.862 2.66559 0.0654607
860.862 2.72906 0.0816089
860.862 2.79253 0.0974286
860.862 2.85599 0.112856
860.862 2.91946 0.127829
860.862 2.98293 0.142287
860.862 3.04639 0.156172
860.862 3.10986 0.169429
860.862 3.17333 0.182003
860.862 3.23679 0.193844
860.862 3.30026 0.204905
860.862 3.36373 0.215141
860.862 3.42719 0.22451
860.862 3.49066 0.232975
860.862 3.55413 0.240503
860.862 3.61759 0.247062
860.862 3.68106 0.252626
860.862 3.74452 0.257173
860.862 3.80799 0.260684
860.862 3.87146 0.263145
860.862 3.93492 0.264547
860.862 3.99839 0.264884
860.862 4.06186 0.264154
860.862 4.12532 0.262361
860.862 4.18879 0.259511
860.862 4.25226 0.255616
860.862 4.31572 0.250692
860.862 4.37919 0.244758
860.862 4.44266 0.237839
860.862 4.50612 0.229962
860.862 4.56959 0.221159
860.862 4.63306 0.211466
860.862 4.69652 0.200921
860.862 4.75999 0.189567
860.862 4.82346 0.17745
860.862 4.88692 0.164618
860.862 4.95039 0.151123
860.862 5.01385 0.13702
860.862 5.07732 0.122365
860.862 5.14079 0.107218
860.862 5.20425 0.0916383
860.862 5.26772 0.07569
860.862 5.33119 0.0594369
860.862 5.39465 0.0429444
860.862 5.45812 0.0262791
860.862 5.52159 0.00950803
860.862 5.58505 -0.00730143
860.862 5.64852 -0.0240815
860.862 5.71199 -0.0407646
860.862 5.77545 -0.0572837
860.862 5.83892 -0.0735719
860.862 5.90239 -0.0895639
860.862 5.96585 -0.105195
860.862 6.02932 -0.120403
860.862 6.09279 -0.135126
860.862 6.15625 -0.149305
860.862 6.21972 -0.162883
860.862 6.28319 -0.175804
861.863 0 0.05486
861.863 0.0634665 0.0345601
861.863 0.126933 0.0141211
861.863 0.1904 -0.00637478
861.863 0.253866 -0.0268449
861.863 0.317333 -0.0472071
861.863 0.380799 -0.0673791
861.863 0.444266 -0.0872796
861.863 0.507732 -0.106829
861.863 0.571199 -0.125948
861.863 0.634665 -0.14456
861.863 0.698132 -0.16259
861.863 0.761598 -0.179965
861.863 0.825065 -0.196615
861.863 0.888531 -0.212474
861.863 0.951998 -0.227478
861.863 1.01546 -0.241565
861.863 1.07893 -0.25468
861.863 1.1424 -0.266769
861.863 1.20586 -0.277783
861.863 1.26933 -0.28768
861.863 1.3328 -0.296418
861.863 1.39626 -0.303962
861.863 1.45973 -0.310282
861.863 1.5232 -0.315353
861.863 1.58666 -0.319155
861.863 1.65013 -0.321671
861.863 1.7136 -0.322891
861.863 1.77706 -0.322812
861.863 1.84053 -0.321433
861.863 1.904 -0.31876
861.863 1.96746 -0.314803
861.863 2.03093 -0.309578
861.863 2.0944 -0.303107
861.863 2.15786 -0.295415
861.863 2.22133 -0.286534
861.863 2.28479 -0.276499
861.863 2.34826 -0.265351
861.863 2.41173 -0.253134
861.863 2.47519 -0.239898
861.863 2.53866 -0.225696
861.863 2.60213 -0.210585
861.863 2.66559 -0.194626
861.863 2.72906 -0.177883
861.863 2.79253 -0.160425
861.863 2.85599 -0.14232
861.863 2.91946 -0.123642
861.863 2.98293 -0.104466
861.863 3.04639 -0.0848701
861.863 3.10986 -0.0649319
861.863 3.17333 -0.0447325
861.863 3.23679 -0.0243528
861.863 3.30026 -0.0038751
861.863 3.36373 0.0166181
861.863 3.42719 0.0370447
861.863 3.49066 0.0573219
861.863 3.55413 0.0773684
861.863 3.61759 0.0971031
861.863 3.68106 0.116447
861.863 3.74452 0.135322
861.863 3.80799 0.153652
861.863 3.87146 0.171364
861.863 3.93492 0.188385
861.863 3.99839 0.204648
861.863 4.06186 0.220087
861.863 4.12532 0.234639
861.863 4.18879 0.248247
861.863 4.25226 0.260855
861.863 4.31572 0.272413
861.863 4.37919 0.282874
861.863 4.44266 0.292196
861.863 4.50612 0.300341
861.863 4.56959 0.307277
861.863 4.63306 0.312975
861.863 4.69652 0.317414
861.863 4.75999 0.320574
861.863 4.82346 0.322444
861.863 4.88692 0.323014
861.863 4.95039 0.322285
861.863 5.01385 0.320258
861.863 5.07732 0.316941
861.863 5.14079 0.312348
861.863 5.20425 0.306497
861.863 5.26772 0.299412
861.863 5.33119 0.291121
861.863 5.39465 0.281659
861.863 5.45812 0.271062
861.863 5.52159 0.259373
861.863 5.58505 0.24664
861.863 5.64852 0.232914
861.863 5.71199 0.21825
861.863 5.77545 0.202708
861.863 5.83892 0.186349
861.863 5.90239 0.169239
861.863 5.96585 0.151449
861.863 6.02932 0.133048
861.863 6.09279 0.114112
861.863 6.15625 0.094716
861.863 6.21972 0.0749388
861.863 6.28319 0.0548599
862.864 0 -0.447088
862.864 0.0634665 -0.447659
862.864 0.126933 -0.446427
862.864 0.1904 -0.443398
862.864 0.253866 -0.438583
862.864 0.317333 -0.432002
862.864 0.380799 -0.423682
862.864 0.444266 -0.413656
862.864 0.507732 -0.401964
862.864 0.571199 -0.388654
862.864 0.634665 -0.373779
862.864 0.698132 -0.357399
862.864 0.761598 -0.339579
862.864 0.825065 -0.320392
862.864 0.888531 -0.299915
862.864 0.951998 -0.27823
862.864 1.01546 -0.255425
862.864 1.07893 -0.231592
862.864 1.1424 -0.206826
862.864 1.20586 -0.181227
862.864 1.26933 -0.154898
862.864 1.3328 -0.127946
862.864 1.39626 -0.100479
862.864 1.45973 -0.0726065
862.864 1.5232 -0.0444421
862.864 1.58666 -0.0160986
862.864 1.65013 0.0123094
862.864 1.7136 0.0406682
862.864 1.77706 0.0688632
862.864 1.84053 0.0967806
862.864 1.904 0.124308
862.864 1.96746 0.151336
862.864 2.03093 0.177754
862.864 2.0944 0.203456
862.864 2.15786 0.228339
862.864 2.22133 0.252303
862.864 2.28479 0.27525
862.864 2.34826 0.29709
862.864 2.41173 0.317733
862.864 2.47519 0.337096
862.864 2.53866 0.355103
862.864 2.60213 0.371679
862.864 2.66559 0.386759
862.864 2.72906 0.400281
862.864 2.79253 0.412192
862.864 2.85599 0.422442
862.864 2.91946 0.430992
862.864 2.98293 0.437807
862.864 3.04639 0.442858
862.864 3.10986 0.446126
862.864 3.17333 0.447598
862.864 3.23679 0.447268
862.864 3.30026 0.445137
862.864 3.36373 0.441212
862.864 3.42719 0.435512
862.864 3.49066 0.428058
862.864 3.55413 0.41888
862.864 3.61759 0.408016
862.864 3.68106 0.395508
862.864 3.74452 0.381409
862.864 3.80799 0.365773
862.864 3.87146 0.348664
862.864 3.93492 0.330152
862.864 3.99839 0.31031
862.864 4.06186 0.289218
862.864 4.12532 0.266962
862.864 4.18879 0.243631
862.864 4.25226 0.219319
862.864 4.31572 0.194124
862.864 4.37919 0.168147
862.864 4.44266 0.141494
862.864 4.50612 0.11427
862.864 4.56959 0.0865863
862.864 4.63306 0.0585538
862.864 4.69652 0.0302857
862.864 4.75999 0.00189546
862.864 4.82346 -0.0265022
862.864 4.88692 -0.0547933
862.864 4.95039 -0.0828638
862.864 5.01385 -0.1106
862.864 5.07732 -0.137892
862.864 5.14079 -0.164628
862.864 5.20425 -0.190701
862.864 5.26772 -0.216006
862.864 5.33119 -0.240442
862.864 5.39465 -0.263909
862.864 5.45812 -0.286314
862.864 5.52159 -0.307566
862.864 5.58505 -0.327579
862.864 5.64852 -0.346273
862.864 5.71199 -0.363573
862.864 5.77545 -0.37941
862.864 5.83892 -0.393718
862.864 5.90239 -0.406441
862.864 5.96585 -0.417527
862.864 6.02932 -0.426932
862.864 6.09279 -0.434619
862.864 6.15625 -0.440554
862.864 6.21972 -0.444716
862.864 6.28319 -0.447088
863.865 0 0.297001
863.865 0.0634665 0.281857
863.865 0.126933 0.265579
863.865 0.1904 0.248231
863.865 0.253866 0.229884
863.865 0.317333 0.21061
863.865 0.380799 0.190489
863.865 0.444266 0.169601
863.865 0.507732 0.14803
863.865 0.571199 0.125863
863.865 0.634665 0.103189
863.865 0.698132 0.0800998
863.865 0.761598 0.0566877
863.865 0.825065 0.0330476
863.865 0.888531 0.00927419
863.865 0.951998 -0.0145363
863.865 1.01546 -0.0382885
863.865 1.07893 -0.0618866
863.865 1.1424 -0.0852351
863.865 1.20586 -0.108241
863.865 1.26933 -0.13081
863.865 1.3328 -0.152853
863.865 1.39626 -0.174281
863.865 1.45973 -0.195006
863.865 1.5232 -0.214947
863.865 1.58666 -0.234022
863.865 1.65013 -0.252155
863.865 1.7136 -0.269272
863.865 1.77706 -0.285305
863.865 1.84053 -0.300189
863.865 1.904 -0.313865
863.865 1.96746 -0.326276
863.865 2.03093 -0.337374
863.865 2.0944 -0.347113
863.865 2.15786 -0.355455
863.865 2.22133 -0.362365
863.865 2.28479 -0.367816
863.865 2.34826 -0.371787
863.865 2.41173 -0.37426
863.865 2.47519 -0.375226
863.865 2.53866 -0.374681
863.865 2.60213 -0.372628
863.865 2.66559 -0.369074
863.865 2.72906 -0.364034
863.865 2.79253 -0.357528
863.865 2.85599 -0.349582
863.865 2.91946 -0.340229
863.865 2.98293 -0.329506
863.865 3.04639 -0.317456
863.865 3.10986 -0.304128
863.865 3.17333 -0.289575
863.865 3.23679 -0.273856
863.865 3.30026 -0.257034
863.865 3.36373 -0.239178
863.865 3.42719 -0.220358
863.865 3.49066 -0.200651
863.865 3.55413 -0.180136
863.865 3.61759 -0.158896
863.865 3.68106 -0.137015
863.865 3.74452 -0.114584
863.865 3.80799 -0.0916906
863.865 3.87146 -0.0684281
863.865 3.93492 -0.0448903
863.865 3.99839 -0.0211715
863.865 4.06186 0.00263236
863.865 4.12532 0.0264258
863.865 4.18879 0.0501128
863.865 4.25226 0.073598
863.865 4.31572 0.0967867
863.865 4.37919 0.119586
863.865 4.44266 0.141903
863.865 4.50612 0.163649
863.865 4.56959 0.184736
863.865 4.63306 0.20508
863.865 4.69652 0.224597
863.865 4.75999 0.243211
863.865 4.82346 0.260845
863.865 4.88692 0.277428
863.865 4.95039 0.292895
863.865 5.01385 0.307182
863.865 5.07732 0.320232
863.865 5.14079 0.331992
863.865 5.20425 0.342416
863.865 5.26772 0.351461
863.865 5.33119 0.359091
863.865 5.39465 0.365275
863.865 5.45812 0.369988
863.865 5.52159 0.373211
863.865 5.58505 0.374931
863.865 5.64852 0.375142
863.865 5.71199 0.373843
863.865 5.77545 0.371037
863.865 5.83892 0.366738
863.865 5.90239 0.360962
863.865 5.96585 0.353733
863.865 6.02932 0.345079
863.865 6.09279 0.335036
863.865 6.15625 0.323644
863.865 6.21972 0.310948
863.865 6.28319 0.297
864.866 0 0.208048
864.866 0.0634665 0.209265
864.866 0.126933 0.20964
864.866 0.1904 0.20917
864.866 0.253866 0.207858
864.866 0.317333 0.205709
864.866 0.380799 0.202732
864.866 0.444266 0.198938
864.866 0.507732 0.194343
864.866 0.571199 0.188966
864.866 0.634665 0.182828
864.866 0.698132 0.175954
864.866 0.761598 0.168371
864.866 0.825065 0.16011
864.866 0.888531 0.151205
864.866 0.951998 0.14169
864.866 1.01546 0.131606
864.866 1.07893 0.120991
864.866 1.1424 0.109889
864.866 1.20586 0.0983443
864.866 1.26933 0.0864037
864.866 1.3328 0.0741155
864.866 1.39626 0.0615286
864.866 1.45973 0.048694
864.866 1.5232 0.0356633
864.866 1.58666 0.0224891
864.866 1.65013 0.00922438
864.866 1.7136 -0.00407747
864.866 1.77706 -0.0173632
864.866 1.84053 -0.0305788
864.866 1.904 -0.0436713
864.866 1.96746 -0.0565878
864.866 2.03093 -0.0692768
864.866 2.0944 -0.0816865
864.866 2.15786 -0.0937674
864.866 2.22133 -0.105471
864.866 2.28479 -0.116749
864.866 2.34826 -0.127558
864.866 2.41173 -0.137853
864.866 2.47519 -0.147593
864.866 2.53866 -0.156738
864.866 2.60213 -0.165253
864.866 2.66559 -0.173102
864.866 2.72906 -0.180254
864.866 2.79253 -0.18668
864.866 2.85599 -0.192354
864.866 2.91946 -0.197254
864.866 2.98293 -0.20136
864.866 3.04639 -0.204655
864.866 3.10986 -0.207125
864.866 3.17333 -0.208762
864.866 3.23679 -0.209558
864.866 3.30026 -0.20951
864.866 3.36373 -0.208619
864.866 3.42719 -0.206888
864.866 3.49066 -0.204323
864.866 3.55413 -0.200936
864.866 3.61759 -0.19674
864.866 3.68106 -0.191751
864.866 3.74452 -0.185991
864.866 3.80799 -0.179482
864.866 3.87146 -0.172249
864.866 3.93492 -0.164323
864.866 3.99839 -0.155736
864.866 4.06186 -0.146521
864.866 4.12532 -0.136717
864.866 4.18879 -0.126362
864.866 4.25226 -0.115498
864.866 4.31572 -0.104169
864.866 4.37919 -0.0924205
864.866 4.44266 -0.0803001
864.866 4.50612 -0.0678561
864.866 4.56959 -0.0551392
864.866 4.63306 -0.0421999
864.866 4.69652 -0.0290909
864.866 4.75999 -0.0158647
864.866 4.82346 -0.00257453
864.866 4.88692 0.0107258
864.866 4.95039 0.023983
864.866 5.01385 0.0371438
864.866 5.07732 0.050155
864.866 5.14079 0.062964
864.866 5.20425 0.0755197
864.866 5.26772 0.0877712
864.866 5.33119 0.0996694
864.866 5.39465 0.111166
864.866 5.45812 0.122215
864.866 5.52159 0.132772
864.866 5.58505 0.142795
864.866 5.64852 0.152242
864.866 5.71199 0.161076
864.866 5.77545 0.169262
864.866 5.83892 0.176767
864.866 5.90239 0.183559
864.866 5.96585 0.189612
864.866 6.02932 0.194902
864.866 6.09279 0.199407
864.866 6.15625 0.203109
864.866 6.21972 0.205994
864.866 6.28319 0.208049
865.867 0 -0.211708
865.867 0.0634665 -0.222687
865.867 0.126933 -0.23277
865.867 0.1904 -0.241915
865.867 0.253866 -0.250087
865.867 0.317333 -0.257251
865.867 0.380799 -0.263379
865.867 0.444266 -0.268447
865.867 0.507732 -0.272434
865.867 0.571199 -0.275324
865.867 0.634665 -0.277105
865.867 0.698132 -0.277771
865.867 0.761598 -0.277318
865.867 0.825065 -0.275749
865.867 0.888531 -0.273068
865.867 0.951998 -0.269289
865.867 1.01546 -0.264425
865.867 1.07893 -0.258496
865.867 1.1424 -0.251527
865.867 1.20586 -0.243545
865.867 1.26933 -0.234582
865.867 1.3328 -0.224674
865.867 1.39626 -0.213862
865.867 1.45973 -0.202189
865.867 1.5232 -0.189701
865.867 1.58666 -0.17645
865.867 1.65013 -0.162488
865.867 1.7136 -0.147872
865.867 1.77706 -0.13266
865.867 1.84053 -0.116915
865.867 1.904 -0.100698
865.867 1.96746 -0.0840764
865.867 2.03093 -0.0671155
865.867 2.0944 -0.049885
865.867 2.15786 -0.0324533
865.867 2.22133 -0.0148908
865.867 2.28479 0.00273132
865.867 2.34826 0.0203426
865.867 2.41173 0.037872
865.867 2.47519 0.0552488
865.867 2.53866 0.0724031
865.867 2.60213 0.0892662
865.867 2.66559 0.10577
865.867 2.72906 0.121847
865.867 2.79253 0.137434
865.867 2.85599 0.152468
865.867 2.91946 0.166887
865.867 2.98293 0.180635
865.867 3.04639 0.193655
865.867 3.10986 0.205895
865.867 3.17333 0.217307
865.867 3.23679 0.227843
865.867 3.30026 0.237462
865.867 3.36373 0.246125
865.867 3.42719 0.253796
865.867 3.49066 0.260446
865.867 3.55413 0.266047
865.867 3.61759 0.270577
865.867 3.68106 0.274017
865.867 3.74452 0.276354
865.867 3.80799 0.277578
865.867 3.87146 0.277684
865.867 3.93492 0.276673
865.867 3.99839 0.274547
865.867 4.06186 0.271315
865.867 4.12532 0.266991
865.867 4.18879 0.261593
865.867 4.25226 0.25514
865.867 4.31572 0.247661
865.867 4.37919 0.239184
865.867 4.44266 0.229744
865.867 4.50612 0.219379
865.867 4.56959 0.20813
865.867 4.63306 0.196044
865.867 4.69652 0.183168
865.867 4.75999 0.169555
865.867 4.82346 0.155258
865.867 4.88692 0.140337
865.867 4.95039 0.12485
865.867 5.01385 0.108861
865.867 5.07732 0.0924337
865.867 5.14079 0.0756339
865.867 5.20425 0.0585297
865.867 5.26772 0.0411898
865.867 5.33119 0.0236839
865.867 5.39465 0.00608261
865.867 5.45812 -0.0115428
865.867 5.52159 -0.0291219
865.867 5.58505 -0.0465838
865.867 5.64852 -0.0638583
865.867 5.71199 -0.0808754
865.867 5.77545 -0.0975671
865.867 5.83892 -0.113866
865.867 5.90239 -0.129706
865.867 5.96585 -0.145024
865.867 6.02932 -0.159758
865.867 6.09279 -0.173849
865.867 6.15625 -0.187239
865.867 6.21972 -0.199876
865.867 6.28319 -0.211708
866.868 0 -0.0732276
866.868 0.0634665 -0.104026
866.868 0.126933 -0.134405
866.868 0.1904 -0.164243
866.868 0.253866 -0.19342
866.868 0.317333 -0.221818
866.868 0.380799 -0.249323
866.868 0.444266 -0.275823
866.868 0.507732 -0.301213
866.868 0.571199 -0.325391
866.868 0.634665 -0.348258
866.868 0.698132 -0.369723
866.868 0.761598 -0.389698
866.868 0.825065 -0.408105
866.868 0.888531 -0.424868
866.868 0.951998 -0.439921
866.868 1.01546 -0.453202
866.868 1.07893 -0.464659
866.868 1.1424 -0.474244
866.868 1.20586 -0.48192
866.868 1.26933 -0.487656
866.868 1.3328 -0.491427
866.868 1.39626 -0.49322
866.868 1.45973 -0.493027
866.868 1.5232 -0.490848
866.868 1.58666 -0.486693
866.868 1.65013 -0.480578
866.868 1.7136 -0.472529
866.868 1.77706 -0.462576
866.868 1.84053 -0.450761
866.868 1.904 -0.437131
866.868 1.96746 -0.421741
866.868 2.03093 -0.404652
866.868 2.0944 -0.385934
866.868 2.15786 -0.365662
866.868 2.22133 -0.343918
866.868 2.28479 -0.320789
866.868 2.34826 -0.296368
866.868 2.41173 -0.270754
866.868 2.47519 -0.244049
866.868 2.53866 -0.216362
866.868 2.60213 -0.187804
866.868 2.66559 -0.158489
866.868 2.72906 -0.128536
866.868 2.79253 -0.0980657
866.868 2.85599 -0.0672006
866.868 2.91946 -0.0360647
866.868 2.98293 -0.00478363
866.868 3.04639 0.0265167
866.868 3.10986 0.0577103
866.868 3.17333 0.0886715
866.868 3.23679 0.119276
866.868 3.30026 0.149399
866.868 3.36373 0.178922
866.868 3.42719 0.207723
866.868 3.49066 0.235689
866.868 3.55413 0.262705
866.868 3.61759 0.288664
866.868 3.68106 0.31346
866.868 3.74452 0.336994
866.868 3.80799 0.359171
866.868 3.87146 0.379902
866.868 3.93492 0.399103
866.868 3.99839 0.416697
866.868 4.06186 0.432613
866.868 4.12532 0.446787
866.868 4.18879 0.459162
866.868 4.25226 0.469688
866.868 4.31572 0.478323
866.868 4.37919 0.485032
866.868 4.44266 0.489788
866.868 4.50612 0.492571
866.868 4.56959 0.493372
866.868 4.63306 0.492185
866.868 4.69652 0.489017
866.868 4.75999 0.483879
866.868 4.82346 0.476794
866.868 4.88692 0.467788
866.868 4.95039 0.456899
866.868 5.01385 0.44417
866.868 5.07732 0.429652
866.868 5.14079 0.413404
866.868 5.20425 0.395492
866.868 5.26772 0.375987
866.868 5.33119 0.354969
866.868 5.39465 0.332521
866.868 5.45812 0.308734
866.868 5.52159 0.283704
866.868 5.58505 0.257531
866.868 5.64852 0.230321
866.868 5.71199 0.202185
866.868 5.77545 0.173233
866.868 5.83892 0.143585
866.868 5.90239 0.113358
866.868 5.96585 0.0826747
866.868 6.02932 0.0516585
866.868 6.09279 0.0204344
866.868 6.15625 -0.010872
866.868 6.21972 -0.0421348
866.868 6.28319 -0.0732276
867.869 0 0.353269
867.869 0.0634665 0.349013
867.869 0.126933 0.343353
867.869 0.1904 0.33631
867.869 0.253866 0.327912
867.869 0.317333 0.318194
867.869 0.380799 0.307195
867.869 0.444266 0.294959
867.869 0.507732 0.281536
867.869 0.571199 0.266978
867.869 0.634665 0.251346
867.869 0.698132 0.234701
867.869 0.761598 0.217112
867.869 0.825065 0.198648
867.869 0.888531 0.179384
867.869 0.951998 0.159398
867.869 1.01546 0.13877
867.869 1.07893 0.117584
867.869 1.1424 0.0959238
867.869 1.20586 0.0738774
867.869 1.26933 0.0515337
867.869 1.3328 0.0289823
867.869 1.39626 0.00631446
867.869 1.45973 -0.0163791
867.869 1.5232 -0.0390066
867.869 1.58666 -0.061477
867.869 1.65013 -0.0836999
867.869 1.7136 -0.105586
867.869 1.77706 -0.127046
867.869 1.84053 -0.147996
867.869 1.904 -0.168348
867.869 1.96746 -0.188024
867.869 2.03093 -0.206942
867.869 2.0944 -0.225027
867.869 2.15786 -0.242206
867.869 2.22133 -0.258409
867.869 2.28479 -0.273572
867.869 2.34826 -0.287634
867.869 2.41173 -0.300537
867.869 2.47519 -0.31223
867.869 2.53866 -0.322666
867.869 2.60213 -0.331802
867.869 2.66559 -0.339603
867.869 2.72906 -0.346036
867.869 2.79253 -0.351076
867.869 2.85599 -0.354702
867.869 2.91946 -0.3569
867.869 2.98293 -0.35766
867.869 3.04639 -0.356981
867.869 3.10986 -0.354864
867.869 3.17333 -0.351318
867.869 3.23679 -0.346357
867.869 3.30026 -0.340002
867.869 3.36373 -0.332278
867.869 3.42719 -0.323216
867.869 3.49066 -0.312853
867.869 3.55413 -0.301229
867.869 3.61759 -0.288393
867.869 3.68106 -0.274395
867.869 3.74452 -0.259293
867.869 3.80799 -0.243146
867.869 3.87146 -0.22602
867.869 3.93492 -0.207984
867.869 3.99839 -0.189111
867.869 4.06186 -0.169477
867.869 4.12532 -0.149159
867.869 4.18879 -0.128242
867.869 4.25226 -0.106808
867.869 4.31572 -0.0849433
867.869 4.37919 -0.0627371
867.869 4.44266 -0.0402784
867.869 4.50612 -0.0176573
867.869 4.56959 0.00503477
867.869 4.63306 0.0277067
867.869 4.69652 0.0502669
867.869 4.75999 0.0726249
867.869 4.82346 0.0946903
867.869 4.88692 0.116375
867.869 4.95039 0.13759
867.869 5.01385 0.158252
867.869 5.07732 0.178276
867.869 5.14079 0.197583
867.869 5.20425 0.216093
867.869 5.26772 0.233734
867.869 5.33119 0.250434
867.869 5.39465 0.266125
867.869 5.45812 0.280744
867.869 5.52159 0.294234
867.869 5.58505 0.306538
867.869 5.64852 0.317608
867.869 5.71199 0.327399
867.869 5.77545 0.335872
867.869 5.83892 0.342992
867.869 5.90239 0.348732
867.869 5.96585 0.353067
867.869 6.02932 0.35598
867.869 6.09279 0.35746
867.869 6.15625 0.357501
867.869 6.21972 0.356101
867.869 6.28319 0.353269
868.87 0 0.225471
868.87 0.0634665 0.217206
868.87 0.126933 0.208067
868.87 0.1904 0.19809
868.87 0.253866 0.187316
868.87 0.317333 0.175787
868.87 0.380799 0.163551
868.87 0.444266 0.150656
868.87 0.507732 0.137154
868.87 0.571199 0.1231
868.87 0.634665 0.10855
868.87 0.698132 0.0935636
868.87 0.761598 0.0782001
868.87 0.825065 0.0625217
868.87 0.888531 0.0465916
868.87 0.951998 0.0304738
868.87 1.01546 0.0142334
868.87 1.07893 -0.00206441
868.87 1.1424 -0.0183539
868.87 1.20586 -0.0345695
868.87 1.26933 -0.0506457
868.87 1.3328 -0.0665182
868.87 1.39626 -0.082123
868.87 1.45973 -0.0973969
868.87 1.5232 -0.112278
868.87 1.58666 -0.126708
868.87 1.65013 -0.140628
868.87 1.7136 -0.15398
868.87 1.77706 -0.166714
868.87 1.84053 -0.178775
868.87 1.904 -0.190117
868.87 1.96746 -0.200694
868.87 2.03093 -0.210462
868.87 2.0944 -0.219383
868.87 2.15786 -0.227421
868.87 2.22133 -0.234543
868.87 2.28479 -0.24072
868.87 2.34826 -0.245928
868.87 2.41173 -0.250146
868.87 2.47519 -0.253356
868.87 2.53866 -0.255546
868.87 2.60213 -0.256708
868.87 2.66559 -0.256835
868.87 2.72906 -0.255929
868.87 2.79253 -0.253991
868.87 2.85599 -0.251032
868.87 2.91946 -0.247061
868.87 2.98293 -0.242096
868.87 3.04639 -0.236155
868.87 3.10986 -0.229264
868.87 3.17333 -0.22145
868.87 3.23679 -0.212744
868.87 3.30026 -0.203181
868.87 3.36373 -0.1928
868.87 3.42719 -0.181643
868.87 3.49066 -0.169755
868.87 3.55413 -0.157182
868.87 3.61759 -0.143977
868.87 3.68106 -0.130193
868.87 3.74452 -0.115884
868.87 3.80799 -0.101108
868.87 3.87146 -0.0859251
868.87 3.93492 -0.0703965
868.87 3.99839 -0.0545842
868.87 4.06186 -0.0385521
868.87 4.12532 -0.0223648
868.87 4.18879 -0.0060875
868.87 4.25226 0.0102146
868.87 4.31572 0.0264751
868.87 4.37919 0.0426292
868.87 4.44266 0.0586115
868.87 4.50612 0.0743579
868.87 4.56959 0.0898048
868.87 4.63306 0.10489
868.87 4.69652 0.119553
868.87 4.75999 0.133736
868.87 4.82346 0.147378
868.87 4.88692 0.160428
868.87 4.95039 0.172832
868.87 5.01385 0.184539
868.87 5.07732 0.195504
868.87 5.14079 0.205682
868.87 5.20425 0.215031
868.87 5.26772 0.223515
868.87 5.33119 0.231098
868.87 5.39465 0.237751
868.87 5.45812 0.243447
868.87 5.52159 0.248161
868.87 5.58505 0.251877
868.87 5.64852 0.254579
868.87 5.71199 0.256256
868.87 5.77545 0.256901
868.87 5.83892 0.256511
868.87 5.90239 0.255089
868.87 5.96585 0.252639
868.87 6.02932 0.249172
868.87 6.09279 0.244702
868.87 6.15625 0.239246
868.87 6.21972 0.232827
868.87 6.28319 0.225471
869.871 0 -0.30664
869.871 0.0634665 -0.328516
869.871 0.126933 -0.349069
869.871 0.1904 -0.368218
869.871 0.253866 -0.385882
869.871 0.317333 -0.401994
869.871 0.380799 -0.416487
869.871 0.444266 -0.429303
869.871 0.507732 -0.440389
869.871 0.571199 -0.449703
869.871 0.634665 -0.457207
869.871 0.698132 -0.462867
869.871 0.761598 -0.466667
869.871 0.825065 -0.468587
869.871 0.888531 -0.468618
869.871 0.951998 -0.466763
869.871 1.01546 -0.46303
869.871 1.07893 -0.45743
869.871 1.1424 -0.44999
869.871 1.20586 -0.440738
869.871 1.26933 -0.429711
869.871 1.3328 -0.416953
869.871 1.39626 -0.402516
869.871 1.45973 -0.386459
869.871 1.5232 -0.368845
869.871 1.58666 -0.349748
869.871 1.65013 -0.329241
869.871 1.7136 -0.307408
869.871 1.77706 -0.284337
869.871 1.84053 -0.260122
869.871 1.904 -0.23486
869.871 1.96746 -0.208651
869.871 2.03093 -0.181602
869.871 2.0944 -0.153822
869.871 2.15786 -0.125423
869.871 2.22133 -0.096519
869.871 2.28479 -0.0672261
869.871 2.34826 -0.0376625
869.871 2.41173 -0.00794712
869.871 2.47519 0.0218001
869.871 2.53866 0.0514597
869.871 2.60213 0.0809119
869.871 2.66559 0.110039
869.871 2.72906 0.138722
869.871 2.79253 0.166847
869.871 2.85599 0.1943
869.871 2.91946 0.22097
869.871 2.98293 0.246751
869.871 3.04639 0.271538
869.871 3.10986 0.295232
869.871 3.17333 0.317737
869.871 3.23679 0.338963
869.871 3.30026 0.358824
869.871 3.36373 0.37724
869.871 3.42719 0.394136
869.871 3.49066 0.409446
869.871 3.55413 0.423108
869.871 3.61759 0.435065
869.871 3.68106 0.445271
869.871 3.74452 0.453683
869.871 3.80799 0.460269
869.871 3.87146 0.465001
869.871 3.93492 0.467862
869.871 3.99839 0.468838
869.871 4.06186 0.467927
869.871 4.12532 0.46513
869.871 4.18879 0.460462
869.871 4.25226 0.453939
869.871 4.31572 0.445588
869.871 4.37919 0.435443
869.871 4.44266 0.423545
869.871 4.50612 0.409941
869.871 4.56959 0.394686
869.871 4.63306 0.377843
869.871 4.69652 0.359477
869.871 4.75999 0.339665
869.871 4.82346 0.318485
869.871 4.88692 0.296022
869.871 4.95039 0.272367
869.871 5.01385 0.247615
869.871 5.07732 0.221867
869.871 5.14079 0.195225
869.871 5.20425 0.167797
869.871 5.26772 0.139693
869.871 5.33119 0.111027
869.871 5.39465 0.0819136
869.871 5.45812 0.0524708
869.871 5.52159 0.0228164
869.871 5.58505 -0.00692998
869.871 5.64852 -0.0366482
869.871 5.71199 -0.0662192
869.871 5.77545 -0.0955234
869.871 5.83892 -0.124443
869.871 5.90239 -0.152861
869.871 5.96585 -0.180664
869.871 6.02932 -0.20774
869.871 6.09279 -0.233979
869.871 6.15625 -0.259276
869.871 6.21972 -0.283528
869.871 6.28319 -0.306639
870.872 0 -0.00897045
870.872 0.0634665 -0.0101377
870.872 0.126933 -0.0112641
870.872 0.1904 -0.0123456
870.872 0.253866 -0.0133768
870.872 0.317333 -0.0143544
870.872 0.380799 -0.0152742
870.872 0.444266 -0.0161324
870.872 0.507732 -0.0169255
870.872 0.571199 -0.0176503
870.872 0.634665 -0.0183048
870.872 0.698132 -0.0188853
870.872 0.761598 -0.0193894
870.872 0.825065 -0.0198158
870.872 0.888531 -0.0201621
870.872 0.951998 -0.0204275
870.872 1.01546 -0.0206102
870.872 1.07893 -0.0207103
870.872 1.1424 -0.0207269
870.872 1.20586 -0.0206601
870.872 1.26933 -0.0205101
870.872 1.3328 -0.0202775
870.872 1.39626 -0.0199634
870.872 1.45973 -0.0195686
870.872 1.5232 -0.0190952
870.872 1.58666 -0.0185447
870.872 1.65013 -0.0179199
870.872 1.7136 -0.0172225
870.872 1.77706 -0.0164561
870.872 1.84053 -0.0156233
870.872 1.904 -0.0147276
870.872 1.96746 -0.0137726
870.872 2.03093 -0.0127621
870.872 2.0944 -0.0117004
870.872 2.15786 -0.0105914
870.872 2.22133 -0.00943957
870.872 2.28479 -0.00825038
870.872 2.34826 -0.00702746
870.872 2.41173 -0.00577633
870.872 2.47519 -0.00450216
870.872 2.53866 -0.00320957
870.872 2.60213 -0.00190377
870.872 2.66559 -0.000590791
870.872 2.72906 0.000724725
870.872 2.79253 0.0020372
870.872 2.85599 0.00334166
870.872 2.91946 0.00463219
870.872 2.98293 0.00590469
870.872 3.04639 0.00715319
870.872 3.10986 0.00837257
870.872 3.17333 0.00955884
870.872 3.23679 0.0107065
870.872 3.30026 0.0118106
870.872 3.36373 0.0128676
870.872 3.42719 0.0138726
870.872 3.49066 0.0148213
870.872 3.55413 0.0157113
870.872 3.61759 0.0165372
870.872 3.68106 0.0172969
870.872 3.74452 0.0179869
870.872 3.80799 0.0186044
870.872 3.87146 0.0191468
870.872 3.93492 0.0196127
870.872 3.99839 0.0199986
870.872 4.06186 0.0203049
870.872 4.12532 0.0205291
870.872 4.18879 0.0206707
870.872 4.25226 0.020729
870.872 4.31572 0.020704
870.872 4.37919 0.0205955
870.872 4.44266 0.0204041
870.872 4.50612 0.0201305
870.872 4.56959 0.0197759
870.872 4.63306 0.0193416
870.872 4.69652 0.0188295
870.872 4.75999 0.0182416
870.872 4.82346 0.0175801
870.872 4.88692 0.0168478
870.872 4.95039 0.0160478
870.872 5.01385 0.0151831
870.872 5.07732 0.0142573
870.872 5.14079 0.0132742
870.872 5.20425 0.0122374
870.872 5.26772 0.0111515
870.872 5.33119 0.0100206
870.872 5.39465 0.00884942
870.872 5.45812 0.00764279
870.872 5.52159 0.00640497
870.872 5.58505 0.00514143
870.872 5.64852 0.00385733
870.872 5.71199 0.00255827
870.872 5.77545 0.00124787
870.872 5.83892 -6.71739e-05
870.872 5.90239 -0.00138156
870.872 5.96585 -0.00269068
870.872 6.02932 -0.00398941
870.872 6.09279 -0.00527119
870.872 6.15625 -0.00653243
870.872 6.21972 -0.00776686
870.872 6.28319 -0.00897065
871.873 0 0.0310578
871.873 0.0634665 0.0570888
871.873 0.126933 0.0828895
871.873 0.1904 0.108357
871.873 0.253866 0.133388
871.873 0.317333 0.157882
871.873 0.380799 0.18174
871.873 0.444266 0.204866
871.873 0.507732 0.227167
871.873 0.571199 0.248554
871.873 0.634665 0.26894
871.873 0.698132 0.288242
871.873 0.761598 0.306385
871.873 0.825065 0.323293
871.873 0.888531 0.3389
871.873 0.951998 0.353142
871.873 1.01546 0.365962
871.873 1.07893 0.377309
871.873 1.1424 0.387136
871.873 1.20586 0.395404
871.873 1.26933 0.40208
871.873 1.3328 0.407138
871.873 1.39626 0.410555
871.873 1.45973 0.41232
871.873 1.5232 0.412424
871.873 1.58666 0.410868
871.873 1.65013 0.407657
871.873 1.7136 0.402805
871.873 1.77706 0.39633
871.873 1.84053 0.38826
871.873 1.904 0.378627
871.873 1.96746 0.367469
871.873 2.03093 0.354831
871.873 2.0944 0.340765
871.873 2.15786 0.325326
871.873 2.22133 0.308577
871.873 2.28479 0.290586
871.873 2.34826 0.271425
871.873 2.41173 0.251171
871.873 2.47519 0.229905
871.873 2.53866 0.207714
871.873 2.60213 0.184686
871.873 2.66559 0.160915
871.873 2.72906 0.136496
871.873 2.79253 0.111527
871.873 2.85599 0.0861084
871.873 2.91946 0.0603438
871.873 2.98293 0.0343362
871.873 3.04639 0.00819008
871.873 3.10986 -0.0179888
871.873 3.17333 -0.0440954
871.873 3.23679 -0.0700243
871.873 3.30026 -0.0956713
871.873 3.36373 -0.120933
871.873 3.42719 -0.145708
871.873 3.49066 -0.169896
871.873 3.55413 -0.1934
871.873 3.61759 -0.216125
871.873 3.68106 -0.23798
871.873 3.74452 -0.258877
871.873 3.80799 -0.278731
871.873 3.87146 -0.297463
871.873 3.93492 -0.314997
871.873 3.99839 -0.331263
871.873 4.06186 -0.346195
871.873 4.12532 -0.359733
871.873 4.18879 -0.371823
871.873 4.25226 -0.382415
871.873 4.31572 -0.391467
871.873 4.37919 -0.398943
871.873 4.44266 -0.404812
871.873 4.50612 -0.409052
871.873 4.56959 -0.411645
871.873 4.63306 -0.41258
871.873 4.69652 -0.411853
871.873 4.75999 -0.409469
871.873 4.82346 -0.405435
871.873 4.88692 -0.399769
871.873 4.95039 -0.392493
871.873 5.01385 -0.383637
871.873 5.07732 -0.373236
871.873 5.14079 -0.361332
871.873 5.20425 -0.347973
871.873 5.26772 -0.333213
871.873 5.33119 -0.317111
871.873 5.39465 -0.299732
871.873 5.45812 -0.281147
871.873 5.52159 -0.261429
871.873 5.58505 -0.240659
871.873 5.64852 -0.21892
871.873 5.71199 -0.196299
871.873 5.77545 -0.172888
871.873 5.83892 -0.14878
871.873 5.90239 -0.124074
871.873 5.96585 -0.0988672
871.873 6.02932 -0.0732628
871.873 6.09279 -0.0473638
871.873 6.15625 -0.0212737
871.873 6.21972 0.00490189
871.873 6.28319 0.0310578
872.874 0 -0.0562255
872.874 0.0634665 -0.0638449
872.874 0.126933 -0.0712071
872.874 0.1904 -0.0782826
872.874 0.253866 -0.085043
872.874 0.317333 -0.091461
872.874 0.380799 -0.0975106
872.874 0.444266 -0.103167
872.874 0.507732 -0.108409
872.874 0.571199 -0.113214
872.874 0.634665 -0.117563
872.874 0.698132 -0.121439
872.874 0.761598 -0.124825
872.874 0.825065 -0.12771
872.874 0.888531 -0.13008
872.874 0.951998 -0.131926
872.874 1.01546 -0.133241
872.874 1.07893 -0.134019
872.874 1.1424 -0.134258
872.874 1.20586 -0.133956
872.874 1.26933 -0.133115
872.874 1.3328 -0.131738
872.874 1.39626 -0.12983
872.874 1.45973 -0.127399
872.874 1.5232 -0.124456
872.874 1.58666 -0.121011
872.874 1.65013 -0.117079
872.874 1.7136 -0.112676
872.874 1.77706 -0.107819
872.874 1.84053 -0.102528
872.874 1.904 -0.0968236
872.874 1.96746 -0.09073
872.874 2.03093 -0.0842704
872.874 2.0944 -0.0774719
872.874 2.15786 -0.0703614
872.874 2.22133 -0.0629673
872.874 2.28479 -0.0553199
872.874 2.34826 -0.0474499
872.874 2.41173 -0.0393886
872.874 2.47519 -0.0311688
872.874 2.53866 -0.0228234
872.874 2.60213 -0.0143862
872.874 2.66559 -0.0058911
872.874 2.72906 0.00262779
872.874 2.79253 0.0111361
872.874 2.85599 0.0195995
872.874 2.91946 0.0279842
872.874 2.98293 0.0362559
872.874 3.04639 0.0443818
872.874 3.10986 0.052329
872.874 3.17333 0.0600654
872.874 3.23679 0.0675599
872.874 3.30026 0.0747825
872.874 3.36373 0.081704
872.874 3.42719 0.0882961
872.874 3.49066 0.0945333
872.874 3.55413 0.10039
872.874 3.61759 0.105842
872.874 3.68106 0.110868
872.874 3.74452 0.115447
872.874 3.80799 0.119561
872.874 3.87146 0.123195
872.874 3.93492 0.126332
872.874 3.99839 0.12896
872.874 4.06186 0.131069
872.874 4.12532 0.13265
872.874 4.18879 0.133697
872.874 4.25226 0.134206
872.874 4.31572 0.134174
872.874 4.37919 0.133603
872.874 4.44266 0.132493
872.874 4.50612 0.130849
872.874 4.56959 0.128679
872.874 4.63306 0.125991
872.874 4.69652 0.122795
872.874 4.75999 0.119105
872.874 4.82346 0.114935
872.874 4.88692 0.110303
872.874 4.95039 0.105226
872.874 5.01385 0.0997258
872.874 5.07732 0.0938239
872.874 5.14079 0.0875438
872.874 5.20425 0.0809117
872.874 5.26772 0.0739536
872.874 5.33119 0.066698
872.874 5.39465 0.0591734
872.874 5.45812 0.0514109
872.874 5.52159 0.0434412
872.874 5.58505 0.0352965
872.874 5.64852 0.0270098
872.874 5.71199 0.0186144
872.874 5.77545 0.0101439
872.874 5.83892 0.00163254
872.874 5.90239 -0.00688552
872.874 5.96585 -0.0153756
872.874 6.02932 -0.0238038
872.874 6.09279 -0.0321362
872.874 6.15625 -0.040339
872.874 6.21972 -0.0483797
872.874 6.28319 -0.0562256
873.875 0 -0.0939706
873.875 0.0634665 -0.0716202
873.875 0.126933 -0.048981
873.875 0.1904 -0.0261448
873.875 0.253866 -0.00320353
873.875 0.317333 0.0197509
873.875 0.380799 0.0426258
873.875 0.444266 0.065329
873.875 0.507732 0.087769
873.875 0.571199 0.109856
873.875 0.634665 0.1315
873.875 0.698132 0.152615
873.875 0.761598 0.173115
873.875 0.825065 0.192919
873.875 0.888531 0.211945
873.875 0.951998 0.230118
873.875 1.01546 0.247364
873.875 1.07893 0.263615
873.875 1.1424 0.278804
873.875 1.20586 0.29287
873.875 1.26933 0.305757
873.875 1.3328 0.317413
873.875 1.39626 0.32779
873.875 1.45973 0.336848
873.875 1.5232 0.34455
873.875 1.58666 0.350864
873.875 1.65013 0.355765
873.875 1.7136 0.359234
873.875 1.77706 0.361256
873.875 1.84053 0.361823
873.875 1.904 0.360934
873.875 1.96746 0.358591
873.875 2.03093 0.354804
873.875 2.0944 0.349589
873.875 2.15786 0.342966
873.875 2.22133 0.334962
873.875 2.28479 0.325609
873.875 2.34826 0.314945
873.875 2.41173 0.303013
873.875 2.47519 0.289861
873.875 2.53866 0.275542
873.875 2.60213 0.260113
873.875 2.66559 0.243636
873.875 2.72906 0.226179
873.875 2.79253 0.207811
873.875 2.85599 0.188606
873.875 2.91946 0.168642
873.875 2.98293 0.147999
873.875 3.04639 0.126759
873.875 3.10986 0.10501
873.875 3.17333 0.0828371
873.875 3.23679 0.0603308
873.875 3.30026 0.037582
873.875 3.36373 0.0146817
873.875 3.42719 -0.00827784
873.875 3.49066 -0.0312041
873.875 3.55413 -0.0540045
873.875 3.61759 -0.0765875
873.875 3.68106 -0.0988621
873.875 3.74452 -0.120739
873.875 3.80799 -0.142129
873.875 3.87146 -0.162947
873.875 3.93492 -0.183109
873.875 3.99839 -0.202534
873.875 4.06186 -0.221143
873.875 4.12532 -0.238862
873.875 4.18879 -0.255618
873.875 4.25226 -0.271346
873.875 4.31572 -0.285981
873.875 4.37919 -0.299464
873.875 4.44266 -0.311742
873.875 4.50612 -0.322764
873.875 4.56959 -0.332487
873.875 4.63306 -0.34087
873.875 4.69652 -0.347881
873.875 4.75999 -0.353492
873.875 4.82346 -0.357679
873.875 4.88692 -0.360426
873.875 4.95039 -0.361721
873.875 5.01385 -0.361561
873.875 5.07732 -0.359944
873.875 5.14079 -0.356877
873.875 5.20425 -0.352374
873.875 5.26772 -0.346452
873.875 5.33119 -0.339135
873.875 5.39465 -0.330452
873.875 5.45812 -0.320438
873.875 5.52159 -0.309135
873.875 5.58505 -0.296586
873.875 5.64852 -0.282844
873.875 5.71199 -0.267962
873.875 5.77545 -0.252002
873.875 5.83892 -0.235026
873.875 5.90239 -0.217104
873.875 5.96585 -0.198308
873.875 6.02932 -0.178714
873.875 6.09279 -0.1584
873.875 6.15625 -0.137448
873.875 6.21972 -0.115943
873.875 6.28319 -0.0939705
874.876 0 -0.242194
874.876 0.0634665 -0.236737
874.876 0.126933 -0.230326
874.876 0.1904 -0.222988
874.876 0.253866 -0.214752
874.876 0.317333 -0.205651
874.876 0.380799 -0.195722
874.876 0.444266 -0.185005
874.876 0.507732 -0.173543
874.876 0.571199 -0.161383
874.876 0.634665 -0.148572
874.876 0.698132 -0.135163
874.876 0.761598 -0.12121
874.876 0.825065 -0.106769
874.876 0.888531 -0.0918978
874.876 0.951998 -0.0766569
874.876 1.01546 -0.061107
874.876 1.07893 -0.0453112
874.876 1.1424 -0.029333
874.876 1.20586 -0.0132366
874.876 1.26933 0.00291306
874.876 1.3328 0.0190511
874.876 1.39626 0.0351124
874.876 1.45973 0.0510322
874.876 1.5232 0.0667465
874.876 1.58666 0.0821921
874.876 1.65013 0.0973067
874.876 1.7136 0.11203
874.876 1.77706 0.126301
874.876 1.84053 0.140064
874.876 1.904 0.153264
874.876 1.96746 0.165846
874.876 2.03093 0.17776
874.876 2.0944 0.188958
874.876 2.15786 0.199396
874.876 2.22133 0.209031
874.876 2.28479 0.217823
874.876 2.34826 0.225739
874.876 2.41173 0.232746
874.876 2.47519 0.238816
874.876 2.53866 0.243924
874.876 2.60213 0.24805
874.876 2.66559 0.251177
874.876 2.72906 0.253293
874.876 2.79253 0.254389
874.876 2.85599 0.25446
874.876 2.91946 0.253507
874.876 2.98293 0.251533
874.876 3.04639 0.248546
874.876 3.10986 0.244558
874.876 3.17333 0.239586
874.876 3.23679 0.233649
874.876 3.30026 0.226771
874.876 3.36373 0.21898
874.876 3.42719 0.210307
874.876 3.49066 0.200788
874.876 3.55413 0.190459
874.876 3.61759 0.179364
874.876 3.68106 0.167547
874.876 3.74452 0.155055
874.876 3.80799 0.141939
874.876 3.87146 0.128251
874.876 3.93492 0.114047
874.876 3.99839 0.0993836
874.876 4.06186 0.0843198
874.876 4.12532 0.0689166
874.876 4.18879 0.0532359
874.876 4.25226 0.0373407
874.876 4.31572 0.0212954
874.876 4.37919 0.00516428
874.876 4.44266 -0.0109876
874.876 4.50612 -0.0270952
874.876 4.56959 -0.0430939
874.876 4.63306 -0.0589189
874.876 4.69652 -0.0745068
874.876 4.75999 -0.0897947
874.876 4.82346 -0.104721
874.876 4.88692 -0.119225
874.876 4.95039 -0.13325
874.876 5.01385 -0.146738
874.876 5.07732 -0.159635
874.876 5.14079 -0.171889
874.876 5.20425 -0.183451
874.876 5.26772 -0.194275
874.876 5.33119 -0.204316
874.876 5.39465 -0.213535
874.876 5.45812 -0.221893
874.876 5.52159 -0.229358
874.876 5.58505 -0.2359
874.876 5.64852 -0.241492
874.876 5.71199 -0.246111
874.876 5.77545 -0.249739
874.876 5.83892 -0.252362
874.876 5.90239 -0.253969
874.876 5.96585 -0.254552
874.876 6.02932 -0.254111
874.876 6.09279 -0.252647
874.876 6.15625 -0.250165
874.876 6.21972 -0.246676
874.876 6.28319 -0.242194
875.877 0 -0.181535
875.877 0.0634665 -0.176406
875.877 0.126933 -0.170566
875.877 0.1904 -0.16404
875.877 0.253866 -0.156853
875.877 0.317333 -0.149034
875.877 0.380799 -0.140616
875.877 0.444266 -0.131631
875.877 0.507732 -0.122116
875.877 0.571199 -0.112109
875.877 0.634665 -0.101651
875.877 0.698132 -0.0907837
875.877 0.761598 -0.0795509
875.877 0.825065 -0.0679977
875.877 0.888531 -0.0561704
875.877 0.951998 -0.0441173
875.877 1.01546 -0.0318864
875.877 1.07893 -0.0195273
875.877 1.1424 -0.00708927
875.877 1.20586 0.00537715
875.877 1.26933 0.017822
875.877 1.3328 0.030195
875.877 1.39626 0.0424464
875.877 1.45973 0.0545269
875.877 1.5232 0.0663879
875.877 1.58666 0.0779815
875.877 1.65013 0.0892612
875.877 1.7136 0.100181
875.877 1.77706 0.110698
875.877 1.84053 0.120769
875.877 1.904 0.130354
875.877 1.96746 0.139414
875.877 2.03093 0.147912
875.877 2.0944 0.155815
875.877 2.15786 0.163091
875.877 2.22133 0.16971
875.877 2.28479 0.175645
875.877 2.34826 0.180873
875.877 2.41173 0.185373
875.877 2.47519 0.189127
875.877 2.53866 0.192119
875.877 2.60213 0.194337
875.877 2.66559 0.195773
875.877 2.72906 0.19642
875.877 2.79253 0.196277
875.877 2.85599 0.195343
875.877 2.91946 0.193622
875.877 2.98293 0.191122
875.877 3.04639 0.187853
875.877 3.10986 0.183827
875.877 3.17333 0.179061
875.877 3.23679 0.173573
875.877 3.30026 0.167387
875.877 3.36373 0.160527
875.877 3.42719 0.153021
875.877 3.49066 0.144898
875.877 3.55413 0.136191
875.877 3.61759 0.126937
875.877 3.68106 0.117171
875.877 3.74452 0.106934
875.877 3.80799 0.0962661
875.877 3.87146 0.0852102
875.877 3.93492 0.0738113
875.877 3.99839 0.0621152
875.877 4.06186 0.0501691
875.877 4.12532 0.038021
875.877 4.18879 0.0257198
875.877 4.25226 0.013315
875.877 4.31572 0.000856422
875.877 4.37919 -0.0116054
875.877 4.44266 -0.0240205
875.877 4.50612 -0.036339
875.877 4.56959 -0.048511
875.877 4.63306 -0.0604878
875.877 4.69652 -0.0722211
875.877 4.75999 -0.0836634
875.877 4.82346 -0.094769
875.877 4.88692 -0.105493
875.877 4.95039 -0.115792
875.877 5.01385 -0.125625
875.877 5.07732 -0.134952
875.877 5.14079 -0.143736
875.877 5.20425 -0.15194
875.877 5.26772 -0.159534
875.877 5.33119 -0.166484
875.877 5.39465 -0.172765
875.877 5.45812 -0.178349
875.877 5.52159 -0.183216
875.877 5.58505 -0.187344
875.877 5.64852 -0.190719
875.877 5.71199 -0.193325
875.877 5.77545 -0.195153
875.877 5.83892 -0.196195
875.877 5.90239 -0.196448
875.877 5.96585 -0.195908
875.877 6.02932 -0.194581
875.877 6.09279 -0.192469
875.877 6.15625 -0.189583
875.877 6.21972 -0.185934
875.877 6.28319 -0.181535
876.878 0 -0.377917
876.878 0.0634665 -0.358948
876.878 0.126933 -0.338534
876.878 0.1904 -0.316756
876.878 0.253866 -0.293703
876.878 0.317333 -0.269468
876.878 0.380799 -0.244147
876.878 0.444266 -0.217843
876.878 0.507732 -0.190663
876.878 0.571199 -0.162714
876.878 0.634665 -0.13411
876.878 0.698132 -0.104966
876.878 0.761598 -0.0754
876.878 0.825065 -0.0455299
876.878 0.888531 -0.0154765
876.878 0.951998 0.0146393
876.878 1.01546 0.044696
876.878 1.07893 0.0745729
876.878 1.1424 0.104149
876.878 1.20586 0.133307
876.878 1.26933 0.161927
876.878 1.3328 0.189895
876.878 1.39626 0.217099
876.878 1.45973 0.243428
876.878 1.5232 0.268778
876.878 1.58666 0.293045
876.878 1.65013 0.316132
876.878 1.7136 0.337946
876.878 1.77706 0.358399
876.878 1.84053 0.377409
876.878 1.904 0.3949
876.878 1.96746 0.4108
876.878 2.03093 0.425046
876.878 2.0944 0.437581
876.878 2.15786 0.448354
876.878 2.22133 0.457321
876.878 2.28479 0.464447
876.878 2.34826 0.469703
876.878 2.41173 0.473067
876.878 2.47519 0.474527
876.878 2.53866 0.474076
876.878 2.60213 0.471715
876.878 2.66559 0.467456
876.878 2.72906 0.461314
876.878 2.79253 0.453314
876.878 2.85599 0.443489
876.878 2.91946 0.431879
876.878 2.98293 0.41853
876.878 3.04639 0.403495
876.878 3.10986 0.386835
876.878 3.17333 0.368618
876.878 3.23679 0.348916
876.878 3.30026 0.32781
876.878 3.36373 0.305384
876.878 3.42719 0.281727
876.878 3.49066 0.256937
876.878 3.55413 0.231112
876.878 3.61759 0.204356
876.878 3.68106 0.176777
876.878 3.74452 0.148487
876.878 3.80799 0.119599
876.878 3.87146 0.0902287
876.878 3.93492 0.0604953
876.878 3.99839 0.0305184
876.878 4.06186 0.000418809
876.878 4.12532 -0.0296826
876.878 4.18879 -0.0596645
876.878 4.25226 -0.0894061
876.878 4.31572 -0.118788
876.878 4.37919 -0.147691
876.878 4.44266 -0.175999
876.878 4.50612 -0.203599
876.878 4.56959 -0.23038
876.878 4.63306 -0.256232
876.878 4.69652 -0.281053
876.878 4.75999 -0.304742
876.878 4.82346 -0.327204
876.878 4.88692 -0.348348
876.878 4.95039 -0.36809
876.878 5.01385 -0.386349
876.878 5.07732 -0.403053
876.878 5.14079 -0.418134
876.878 5.20425 -0.431531
876.878 5.26772 -0.443191
876.878 5.33119 -0.453066
876.878 5.39465 -0.461117
876.878 5.45812 -0.467311
876.878 5.52159 -0.471623
876.878 5.58505 -0.474036
876.878 5.64852 -0.47454
876.878 5.71199 -0.473134
876.878 5.77545 -0.469822
876.878 5.83892 -0.464619
876.878 5.90239 -0.457545
876.878 5.96585 -0.448628
876.878 6.02932 -0.437905
876.878 6.09279 -0.425418
876.878 6.15625 -0.411219
876.878 6.21972 -0.395364
876.878 6.28319 -0.377917
877.879 0 -0.147347
877.879 0.0634665 -0.14752
877.879 0.126933 -0.147099
877.879 0.1904 -0.146086
877.879 0.253866 -0.144484
877.879 0.317333 -0.142301
877.879 0.380799 -0.139544
877.879 0.444266 -0.136226
877.879 0.507732 -0.132359
877.879 0.571199 -0.127959
877.879 0.634665 -0.123044
877.879 0.698132 -0.117634
877.879 0.761598 -0.11175
877.879 0.825065 -0.105415
877.879 0.888531 -0.0986569
877.879 0.951998 -0.091501
877.879 1.01546 -0.0839767
877.879 1.07893 -0.0761143
877.879 1.1424 -0.0679454
877.879 1.20586 -0.0595028
877.879 1.26933 -0.0508207
877.879 1.3328 -0.0419339
877.879 1.39626 -0.0328784
877.879 1.45973 -0.0236903
877.879 1.5232 -0.0144069
877.879 1.58666 -0.00506554
877.879 1.65013 0.0042962
877.879 1.7136 0.0136408
877.879 1.77706 0.0229304
877.879 1.84053 0.0321276
877.879 1.904 0.0411954
877.879 1.96746 0.0500975
877.879 2.03093 0.0587977
877.879 2.0944 0.0672614
877.879 2.15786 0.075454
877.879 2.22133 0.0833427
877.879 2.28479 0.0908961
877.879 2.34826 0.0980833
877.879 2.41173 0.104876
877.879 2.47519 0.111246
877.879 2.53866 0.117168
877.879 2.60213 0.122618
877.879 2.66559 0.127574
877.879 2.72906 0.132017
877.879 2.79253 0.135928
877.879 2.85599 0.139292
877.879 2.91946 0.142096
877.879 2.98293 0.144326
877.879 3.04639 0.145976
877.879 3.10986 0.147038
877.879 3.17333 0.147508
877.879 3.23679 0.147384
877.879 3.30026 0.146666
877.879 3.36373 0.145358
877.879 3.42719 0.143465
877.879 3.49066 0.140993
877.879 3.55413 0.137955
877.879 3.61759 0.13436
877.879 3.68106 0.130225
877.879 3.74452 0.125565
877.879 3.80799 0.1204
877.879 3.87146 0.114749
877.879 3.93492 0.108637
877.879 3.99839 0.102088
877.879 4.06186 0.0951269
877.879 4.12532 0.0877831
877.879 4.18879 0.0800859
877.879 4.25226 0.0720661
877.879 4.31572 0.0637561
877.879 4.37919 0.0551895
877.879 4.44266 0.0464008
877.879 4.50612 0.0374251
877.879 4.56959 0.0282985
877.879 4.63306 0.0190582
877.879 4.69652 0.00974115
877.879 4.75999 0.000384772
877.879 4.82346 -0.00897302
877.879 4.88692 -0.0182948
877.879 4.95039 -0.0275429
877.879 5.01385 -0.03668
877.879 5.07732 -0.0456695
877.879 5.14079 -0.0544751
877.879 5.20425 -0.0630614
877.879 5.26772 -0.0713937
877.879 5.33119 -0.0794384
877.879 5.39465 -0.0871634
877.879 5.45812 -0.0945372
877.879 5.52159 -0.101531
877.879 5.58505 -0.108115
877.879 5.64852 -0.114264
877.879 5.71199 -0.119953
877.879 5.77545 -0.125159
877.879 5.83892 -0.129861
877.879 5.90239 -0.13404
877.879 5.96585 -0.13768
877.879 6.02932 -0.140765
877.879 6.09279 -0.143283
877.879 6.15625 -0.145224
877.879 6.21972 -0.146581
877.879 6.28319 -0.147347
878.88 0 -0.201104
878.88 0.0634665 -0.190313
878.88 0.126933 -0.178755
878.88 0.1904 -0.166477
878.88 0.253866 -0.153528
878.88 0.317333 -0.139962
878.88 0.380799 -0.125832
878.88 0.444266 -0.111195
878.88 0.507732 -0.096111
878.88 0.571199 -0.0806396
878.88 0.634665 -0.0648435
878.88 0.698132 -0.0487863
878.88 0.761598 -0.0325326
878.88 0.825065 -0.0161479
878.88 0.888531 0.0003018
878.88 0.951998 0.0167504
878.88 1.01546 0.0331314
878.88 1.07893 0.049379
878.88 1.1424 0.0654277
878.88 1.20586 0.0812131
878.88 1.26933 0.0966713
878.88 1.3328 0.111741
878.88 1.39626 0.12636
878.88 1.45973 0.14047
878.88 1.5232 0.154015
878.88 1.58666 0.166939
878.88 1.65013 0.179191
878.88 1.7136 0.190722
878.88 1.77706 0.201485
878.88 1.84053 0.211437
878.88 1.904 0.220537
878.88 1.96746 0.228749
878.88 2.03093 0.23604
878.88 2.0944 0.24238
878.88 2.15786 0.247745
878.88 2.22133 0.252112
878.88 2.28479 0.255464
878.88 2.34826 0.257787
878.88 2.41173 0.259072
878.88 2.47519 0.259314
878.88 2.53866 0.258512
878.88 2.60213 0.256669
878.88 2.66559 0.253792
878.88 2.72906 0.249894
878.88 2.79253 0.244989
878.88 2.85599 0.239097
878.88 2.91946 0.232243
878.88 2.98293 0.224454
878.88 3.04639 0.215761
878.88 3.10986 0.206199
878.88 3.17333 0.195807
878.88 3.23679 0.184627
878.88 3.30026 0.172703
878.88 3.36373 0.160083
878.88 3.42719 0.146819
878.88 3.49066 0.132964
878.88 3.55413 0.118574
878.88 3.61759 0.103705
878.88 3.68106 0.0884198
878.88 3.74452 0.0727783
878.88 3.80799 0.0568436
878.88 3.87146 0.0406799
878.88 3.93492 0.0243525
878.88 3.99839 0.00792699
878.88 4.06186 -0.00853028
878.88 4.12532 -0.0249533
878.88 4.18879 -0.0412759
878.88 4.25226 -0.0574323
878.88 4.31572 -0.0733573
878.88 4.37919 -0.0889872
878.88 4.44266 -0.104258
878.88 4.50612 -0.11911
878.88 4.56959 -0.133482
878.88 4.63306 -0.147316
878.88 4.69652 -0.160558
878.88 4.75999 -0.173153
878.88 4.82346 -0.18505
878.88 4.88692 -0.196203
878.88 4.95039 -0.206565
878.88 5.01385 -0.216095
878.88 5.07732 -0.224756
878.88 5.14079 -0.232511
878.88 5.20425 -0.239331
878.88 5.26772 -0.245186
878.88 5.33119 -0.250054
878.88 5.39465 -0.253916
878.88 5.45812 -0.256755
878.88 5.52159 -0.25856
878.88 5.58505 -0.259324
878.88 5.64852 -0.259044
878.88 5.71199 -0.25772
878.88 5.77545 -0.255359
878.88 5.83892 -0.251969
878.88 5.90239 -0.247566
878.88 5.96585 -0.242165
878.88 6.02932 -0.235789
878.88 6.09279 -0.228464
878.88 6.15625 -0.220218
878.88 6.21972 -0.211086
878.88 6.28319 -0.201104
879.881 0 -0.000300401
879.881 0.0634665 -0.00881382
879.881 0.126933 -0.0172918
879.881 0.1904 -0.0257001
879.881 0.253866 -0.0340049
879.881 0.317333 -0.0421728
879.881 0.380799 -0.0501709
879.881 0.444266 -0.057967
879.881 0.507732 -0.0655296
879.881 0.571199 -0.0728284
879.881 0.634665 -0.0798339
879.881 0.698132 -0.086518
879.881 0.761598 -0.0928537
879.881 0.825065 -0.0988155
879.881 0.888531 -0.104379
879.881 0.951998 -0.109523
879.881 1.01546 -0.114226
879.881 1.07893 -0.118468
879.881 1.1424 -0.122234
879.881 1.20586 -0.125507
879.881 1.26933 -0.128275
879.881 1.3328 -0.130527
879.881 1.39626 -0.132253
879.881 1.45973 -0.133446
879.881 1.5232 -0.134102
879.881 1.58666 -0.134218
879.881 1.65013 -0.133794
879.881 1.7136 -0.132831
879.881 1.77706 -0.131333
879.881 1.84053 -0.129306
879.881 1.904 -0.126759
879.881 1.96746 -0.123701
879.881 2.03093 -0.120145
879.881 2.0944 -0.116105
879.881 2.15786 -0.111598
879.881 2.22133 -0.106641
879.881 2.28479 -0.101255
879.881 2.34826 -0.0954614
879.881 2.41173 -0.0892834
879.881 2.47519 -0.0827456
879.881 2.53866 -0.0758747
879.881 2.60213 -0.0686982
879.881 2.66559 -0.0612453
879.881 2.72906 -0.0535459
879.881 2.79253 -0.0456305
879.881 2.85599 -0.0375316
879.881 2.91946 -0.0292815
879.881 2.98293 -0.0209136
879.881 3.04639 -0.0124613
879.881 3.10986 -0.00395885
879.881 3.17333 0.00455946
879.881 3.23679 0.0130593
879.881 3.30026 0.0215067
879.881 3.36373 0.0298676
879.881 3.42719 0.038108
879.881 3.49066 0.0461951
879.881 3.55413 0.0540961
879.881 3.61759 0.0617794
879.881 3.68106 0.0692139
879.881 3.74452 0.0763696
879.881 3.80799 0.0832178
879.881 3.87146 0.0897311
879.881 3.93492 0.0958829
879.881 3.99839 0.101649
879.881 4.06186 0.107005
879.881 4.12532 0.111931
879.881 4.18879 0.116406
879.881 4.25226 0.120412
879.881 4.31572 0.123933
879.881 4.37919 0.126955
879.881 4.44266 0.129466
879.881 4.50612 0.131456
879.881 4.56959 0.132916
879.881 4.63306 0.133842
879.881 4.69652 0.134228
879.881 4.75999 0.134074
879.881 4.82346 0.13338
879.881 4.88692 0.132149
879.881 4.95039 0.130385
879.881 5.01385 0.128097
879.881 5.07732 0.125293
879.881 5.14079 0.121984
879.881 5.20425 0.118185
879.881 5.26772 0.113909
879.881 5.33119 0.109174
879.881 5.39465 0.104
879.881 5.45812 0.0984079
879.881 5.52159 0.0924189
879.881 5.58505 0.0860578
879.881 5.64852 0.0793502
879.881 5.71199 0.072323
879.881 5.77545 0.0650047
879.881 5.83892 0.0574244
879.881 5.90239 0.0496133
879.881 5.96585 0.041602
879.881 6.02932 0.0334233
879.881 6.09279 0.0251102
879.881 6.15625 0.0166958
879.881 6.21972 0.0082142
879.881 6.28319 -0.000300363
880.882 0 -0.356068
880.882 0.0634665 -0.338092
880.882 0.126933 -0.318754
880.882 0.1904 -0.298133
880.882 0.253866 -0.276311
880.882 0.317333 -0.253377
880.882 0.380799 -0.229423
880.882 0.444266 -0.204544
880.882 0.507732 -0.178842
880.882 0.571199 -0.15242
880.882 0.634665 -0.125384
880.882 0.698132 -0.0978438
880.882 0.761598 -0.069909
880.882 0.825065 -0.0416928
880.882 0.888531 -0.0133086
880.882 0.951998 0.015129
880.882 1.01546 0.0435059
880.882 1.07893 0.0717074
880.882 1.1424 0.0996202
880.882 1.20586 0.127132
880.882 1.26933 0.154132
880.882 1.3328 0.180511
880.882 1.39626 0.206163
880.882 1.45973 0.230985
880.882 1.5232 0.254877
880.882 1.58666 0.277743
880.882 1.65013 0.299491
880.882 1.7136 0.320032
880.882 1.77706 0.339285
880.882 1.84053 0.357172
880.882 1.904 0.37362
880.882 1.96746 0.388564
880.882 2.03093 0.401943
880.882 2.0944 0.413704
880.882 2.15786 0.423799
880.882 2.22133 0.432188
880.882 2.28479 0.438836
880.882 2.34826 0.443717
880.882 2.41173 0.446812
880.882 2.47519 0.448107
880.882 2.53866 0.447598
880.882 2.60213 0.445287
880.882 2.66559 0.441183
880.882 2.72906 0.435302
880.882 2.79253 0.427668
880.882 2.85599 0.418313
880.882 2.91946 0.407273
880.882 2.98293 0.394592
880.882 3.04639 0.380324
880.882 3.10986 0.364523
880.882 3.17333 0.347255
880.882 3.23679 0.328589
880.882 3.30026 0.308599
880.882 3.36373 0.287367
880.882 3.42719 0.264978
880.882 3.49066 0.241522
880.882 3.55413 0.217093
880.882 3.61759 0.19179
880.882 3.68106 0.165715
880.882 3.74452 0.138972
880.882 3.80799 0.11167
880.882 3.87146 0.0839186
880.882 3.93492 0.055829
880.882 3.99839 0.0275145
880.882 4.06186 -0.000910668
880.882 4.12532 -0.0293322
880.882 4.18879 -0.0576358
880.882 4.25226 -0.0857071
880.882 4.31572 -0.113433
880.882 4.37919 -0.140703
880.882 4.44266 -0.167406
880.882 4.50612 -0.193434
880.882 4.56959 -0.218684
880.882 4.63306 -0.243054
880.882 4.69652 -0.266445
880.882 4.75999 -0.288762
880.882 4.82346 -0.309917
880.882 4.88692 -0.329825
880.882 4.95039 -0.348404
880.882 5.01385 -0.36558
880.882 5.07732 -0.381284
880.882 5.14079 -0.395452
880.882 5.20425 -0.408029
880.882 5.26772 -0.418962
880.882 5.33119 -0.428209
880.882 5.39465 -0.435731
880.882 5.45812 -0.441499
880.882 5.52159 -0.445489
880.882 5.58505 -0.447685
880.882 5.64852 -0.448078
880.882 5.71199 -0.446667
880.882 5.77545 -0.443458
880.882 5.83892 -0.438463
880.882 5.90239 -0.431703
880.882 5.96585 -0.423204
880.882 6.02932 -0.413001
880.882 6.09279 -0.401134
880.882 6.15625 -0.387653
880.882 6.21972 -0.372611
880.882 6.28319 -0.356068
881.883 0 0.130299
881.883 0.0634665 0.127908
881.883 0.126933 0.125001
881.883 0.1904 0.121591
881.883 0.253866 0.117691
881.883 0.317333 0.113318
881.883 0.380799 0.108488
881.883 0.444266 0.103221
881.883 0.507732 0.0975388
881.883 0.571199 0.0914638
881.883 0.634665 0.0850206
881.883 0.698132 0.0782347
881.883 0.761598 0.071134
881.883 0.825065 0.063747
881.883 0.888531 0.0561032
881.883 0.951998 0.0482333
881.883 1.01546 0.0401694
881.883 1.07893 0.0319434
881.883 1.1424 0.0235893
881.883 1.20586 0.01514
881.883 1.26933 0.00662977
881.883 1.3328 -0.00190739
881.883 1.39626 -0.0104365
881.883 1.45973 -0.0189238
881.883 1.5232 -0.027335
881.883 1.58666 -0.0356357
881.883 1.65013 -0.0437934
881.883 1.7136 -0.0517745
881.883 1.77706 -0.0595473
881.883 1.84053 -0.0670803
881.883 1.904 -0.0743431
881.883 1.96746 -0.0813065
881.883 2.03093 -0.0879427
881.883 2.0944 -0.0942245
881.883 2.15786 -0.100127
881.883 2.22133 -0.105626
881.883 2.28479 -0.1107
881.883 2.34826 -0.115329
881.883 2.41173 -0.119493
881.883 2.47519 -0.123175
881.883 2.53866 -0.126362
881.883 2.60213 -0.12904
881.883 2.66559 -0.131199
881.883 2.72906 -0.132828
881.883 2.79253 -0.133924
881.883 2.85599 -0.13448
881.883 2.91946 -0.134494
881.883 2.98293 -0.133967
881.883 3.04639 -0.132901
881.883 3.10986 -0.131299
881.883 3.17333 -0.129168
881.883 3.23679 -0.126518
881.883 3.30026 -0.123358
881.883 3.36373 -0.119701
881.883 3.42719 -0.115563
881.883 3.49066 -0.110959
881.883 3.55413 -0.105908
881.883 3.61759 -0.100431
881.883 3.68106 -0.0945492
881.883 3.74452 -0.0882866
881.883 3.80799 -0.0816688
881.883 3.87146 -0.0747223
881.883 3.93492 -0.0674743
881.883 3.99839 -0.0599554
881.883 4.06186 -0.0521945
881.883 4.12532 -0.0442238
881.883 4.18879 -0.0360746
881.883 4.25226 -0.0277805
881.883 4.31572 -0.0193743
881.883 4.37919 -0.0108904
881.883 4.44266 -0.00236252
881.883 4.50612 0.00617502
881.883 4.56959 0.0146874
881.883 4.63306 0.0231409
881.883 4.69652 0.0315012
881.883 4.75999 0.0397346
881.883 4.82346 0.0478081
881.883 4.88692 0.055689
881.883 4.95039 0.0633456
881.883 5.01385 0.0707471
881.883 5.07732 0.077864
881.883 5.14079 0.0846672
881.883 5.20425 0.0911293
881.883 5.26772 0.0972248
881.883 5.33119 0.102929
881.883 5.39465 0.108218
881.883 5.45812 0.113072
881.883 5.52159 0.11747
881.883 5.58505 0.121395
881.883 5.64852 0.124832
881.883 5.71199 0.127766
881.883 5.77545 0.130185
881.883 5.83892 0.13208
881.883 5.90239 0.133443
881.883 5.96585 0.134269
881.883 6.02932 0.134555
881.883 6.09279 0.134298
881.883 6.15625 0.133501
881.883 6.21972 0.132166
881.883 6.28319 0.130299
882.884 0 0.327846
882.884 0.0634665 0.334755
882.884 0.126933 0.340317
882.884 0.1904 0.344509
882.884 0.253866 0.347313
882.884 0.317333 0.348719
882.884 0.380799 0.348721
882.884 0.444266 0.347319
882.884 0.507732 0.344518
882.884 0.571199 0.34033
882.884 0.634665 0.334771
882.884 0.698132 0.327865
882.884 0.761598 0.319638
882.884 0.825065 0.310124
882.884 0.888531 0.299361
882.884 0.951998 0.287394
882.884 1.01546 0.274268
882.884 1.07893 0.260039
882.884 1.1424 0.244762
882.884 1.20586 0.2285
882.884 1.26933 0.211317
882.884 1.3328 0.193284
882.884 1.39626 0.174473
882.884 1.45973 0.154959
882.884 1.5232 0.134821
882.884 1.58666 0.11414
882.884 1.65013 0.0929992
882.884 1.7136 0.0714842
882.884 1.77706 0.0496813
882.884 1.84053 0.0276784
882.884 1.904 0.00556405
882.884 1.96746 -0.0165727
882.884 2.03093 -0.0386426
882.884 2.0944 -0.060557
882.884 2.15786 -0.0822274
882.884 2.22133 -0.103567
882.884 2.28479 -0.124489
882.884 2.34826 -0.144911
882.884 2.41173 -0.164748
882.884 2.47519 -0.183923
882.884 2.53866 -0.202356
882.884 2.60213 -0.219975
882.884 2.66559 -0.236708
882.884 2.72906 -0.252488
882.884 2.79253 -0.267251
882.884 2.85599 -0.280939
882.884 2.91946 -0.293494
882.884 2.98293 -0.304868
882.884 3.04639 -0.315015
882.884 3.10986 -0.323893
882.884 3.17333 -0.331467
882.884 3.23679 -0.337706
882.884 3.30026 -0.342585
882.884 3.36373 -0.346086
882.884 3.42719 -0.348192
882.884 3.49066 -0.348896
882.884 3.55413 -0.348195
882.884 3.61759 -0.346093
882.884 3.68106 -0.342596
882.884 3.74452 -0.337721
882.884 3.80799 -0.331485
882.884 3.87146 -0.323915
882.884 3.93492 -0.31504
882.884 3.99839 -0.304897
882.884 4.06186 -0.293525
882.884 4.12532 -0.280973
882.884 4.18879 -0.267288
882.884 4.25226 -0.252528
882.884 4.31572 -0.23675
882.884 4.37919 -0.22002
882.884 4.44266 -0.202403
882.884 4.50612 -0.183971
882.884 4.56959 -0.164799
882.884 4.63306 -0.144963
882.884 4.69652 -0.124543
882.884 4.75999 -0.103622
882.884 4.82346 -0.0822831
882.884 4.88692 -0.0606133
882.884 4.95039 -0.0386994
882.884 5.01385 -0.0166298
882.884 5.07732 0.00550708
882.884 5.14079 0.0276216
882.884 5.20425 0.0496248
882.884 5.26772 0.0714283
882.884 5.33119 0.0929442
882.884 5.39465 0.114086
882.884 5.45812 0.134768
882.884 5.52159 0.154907
882.884 5.58505 0.174423
882.884 5.64852 0.193237
882.884 5.71199 0.211272
882.884 5.77545 0.228457
882.884 5.83892 0.244721
882.884 5.90239 0.260001
882.884 5.96585 0.274233
882.884 6.02932 0.287362
882.884 6.09279 0.299332
882.884 6.15625 0.310098
882.884 6.21972 0.319615
882.884 6.28319 0.327846
883.885 0 -0.275828
883.885 0.0634665 -0.274553
883.885 0.126933 -0.272174
883.885 0.1904 -0.268698
883.885 0.253866 -0.26414
883.885 0.317333 -0.258519
883.885 0.380799 -0.251856
883.885 0.444266 -0.24418
883.885 0.507732 -0.23552
883.885 0.571199 -0.225912
883.885 0.634665 -0.215394
883.885 0.698132 -0.204009
883.885 0.761598 -0.191803
883.885 0.825065 -0.178824
883.885 0.888531 -0.165125
883.885 0.951998 -0.150761
883.885 1.01546 -0.13579
883.885 1.07893 -0.120273
883.885 1.1424 -0.104271
883.885 1.20586 -0.0878491
883.885 1.26933 -0.0710736
883.885 1.3328 -0.054012
883.885 1.39626 -0.0367326
883.885 1.45973 -0.0193054
883.885 1.5232 -0.00180058
883.885 1.58666 0.0157115
883.885 1.65013 0.0331604
883.885 1.7136 0.0504757
883.885 1.77706 0.0675878
883.885 1.84053 0.0844277
883.885 1.904 0.100928
883.885 1.96746 0.117021
883.885 2.03093 0.132644
883.885 2.0944 0.147732
883.885 2.15786 0.162225
883.885 2.22133 0.176065
883.885 2.28479 0.189197
883.885 2.34826 0.201566
883.885 2.41173 0.213124
883.885 2.47519 0.223823
883.885 2.53866 0.233621
883.885 2.60213 0.242479
883.885 2.66559 0.25036
883.885 2.72906 0.257233
883.885 2.79253 0.263071
883.885 2.85599 0.267849
883.885 2.91946 0.271548
883.885 2.98293 0.274154
883.885 3.04639 0.275657
883.885 3.10986 0.276049
883.885 3.17333 0.275329
883.885 3.23679 0.273501
883.885 3.30026 0.270572
883.885 3.36373 0.266553
883.885 3.42719 0.261461
883.885 3.49066 0.255316
883.885 3.55413 0.248143
883.885 3.61759 0.239971
883.885 3.68106 0.230832
883.885 3.74452 0.220765
883.885 3.80799 0.209808
883.885 3.87146 0.198006
883.885 3.93492 0.185407
883.885 3.99839 0.172061
883.885 4.06186 0.158023
883.885 4.12532 0.143348
883.885 4.18879 0.128096
883.885 4.25226 0.112328
883.885 4.31572 0.0961081
883.885 4.37919 0.0795011
883.885 4.44266 0.0625741
883.885 4.50612 0.045395
883.885 4.56959 0.0280332
883.885 4.63306 0.0105583
883.885 4.69652 -0.006959
883.885 4.75999 -0.0244483
883.885 4.82346 -0.0418392
883.885 4.88692 -0.0590614
883.885 4.95039 -0.0760461
883.885 5.01385 -0.0927245
883.885 5.07732 -0.109029
883.885 5.14079 -0.124895
883.885 5.20425 -0.140258
883.885 5.26772 -0.155057
883.885 5.33119 -0.16923
883.885 5.39465 -0.182723
883.885 5.45812 -0.19548
883.885 5.52159 -0.207449
883.885 5.58505 -0.218584
883.885 5.64852 -0.228838
883.885 5.71199 -0.23817
883.885 5.77545 -0.246544
883.885 5.83892 -0.253925
883.885 5.90239 -0.260283
883.885 5.96585 -0.265593
883.885 6.02932 -0.269834
883.885 6.09279 -0.272989
883.885 6.15625 -0.275044
883.885 6.21972 -0.275992
883.885 6.28319 -0.275828
884.886 0 -0.152507
884.886 0.0634665 -0.151753
884.886 0.126933 -0.150387
884.886 0.1904 -0.148416
884.886 0.253866 -0.145847
884.886 0.317333 -0.142691
884.886 0.380799 -0.13896
884.886 0.444266 -0.13467
884.886 0.507732 -0.129837
884.886 0.571199 -0.124482
884.886 0.634665 -0.118625
884.886 0.698132 -0.112291
884.886 0.761598 -0.105504
884.886 0.825065 -0.0982933
884.886 0.888531 -0.0906862
884.886 0.951998 -0.082714
884.886 1.01546 -0.0744087
884.886 1.07893 -0.0658038
884.886 1.1424 -0.0569339
884.886 1.20586 -0.0478349
884.886 1.26933 -0.0385432
884.886 1.3328 -0.0290962
884.886 1.39626 -0.0195321
884.886 1.45973 -0.00988935
884.886 1.5232 -0.000206798
884.886 1.58666 0.00947663
884.886 1.65013 0.0191217
884.886 1.7136 0.02869
884.886 1.77706 0.0381427
884.886 1.84053 0.0474418
884.886 1.904 0.0565499
884.886 1.96746 0.0654302
884.886 2.03093 0.0740472
884.886 2.0944 0.0823659
884.886 2.15786 0.0903531
884.886 2.22133 0.0979764
884.886 2.28479 0.105205
884.886 2.34826 0.11201
884.886 2.41173 0.118364
884.886 2.47519 0.124242
884.886 2.53866 0.129619
884.886 2.60213 0.134474
884.886 2.66559 0.138788
884.886 2.72906 0.142543
884.886 2.79253 0.145724
884.886 2.85599 0.148318
884.886 2.91946 0.150315
884.886 2.98293 0.151707
884.886 3.04639 0.152488
884.886 3.10986 0.152655
884.886 3.17333 0.152207
884.886 3.23679 0.151146
884.886 3.30026 0.149477
884.886 3.36373 0.147205
884.886 3.42719 0.144341
884.886 3.49066 0.140896
884.886 3.55413 0.136884
884.886 3.61759 0.13232
884.886 3.68106 0.127223
884.886 3.74452 0.121615
884.886 3.80799 0.115516
884.886 3.87146 0.108953
884.886 3.93492 0.10195
884.886 3.99839 0.0945372
884.886 4.06186 0.0867437
884.886 4.12532 0.0786009
884.886 4.18879 0.0701415
884.886 4.25226 0.0613998
884.886 4.31572 0.0524107
884.886 4.37919 0.0432106
884.886 4.44266 0.0338367
884.886 4.50612 0.0243264
884.886 4.56959 0.0147181
884.886 4.63306 0.00505063
884.886 4.69652 -0.00463719
884.886 4.75999 -0.0143064
884.886 4.82346 -0.0239179
884.886 4.88692 -0.0334333
884.886 4.95039 -0.0428137
884.886 5.01385 -0.0520221
884.886 5.07732 -0.0610209
884.886 5.14079 -0.0697739
884.886 5.20425 -0.078246
884.886 5.26772 -0.086403
884.886 5.33119 -0.0942121
884.886 5.39465 -0.101642
884.886 5.45812 -0.108662
884.886 5.52159 -0.115245
884.886 5.58505 -0.121364
884.886 5.64852 -0.126994
884.886 5.71199 -0.132113
884.886 5.77545 -0.1367
884.886 5.83892 -0.140736
884.886 5.90239 -0.144206
884.886 5.96585 -0.147095
884.886 6.02932 -0.149392
884.886 6.09279 -0.151087
884.886 6.15625 -0.152174
884.886 6.21972 -0.152648
884.886 6.28319 -0.152507
885.887 0 -0.0678015
885.887 0.0634665 -0.0702817
885.887 0.126933 -0.0724791
885.887 0.1904 -0.0743847
885.887 0.253866 -0.0759908
885.887 0.317333 -0.0772907
885.887 0.380799 -0.0782795
885.887 0.444266 -0.0789531
885.887 0.507732 -0.0793087
885.887 0.571199 -0.0793452
885.887 0.634665 -0.079062
885.887 0.698132 -0.0784605
885.887 0.761598 -0.0775429
885.887 0.825065 -0.0763133
885.887 0.888531 -0.0747765
885.887 0.951998 -0.0729383
885.887 1.01546 -0.0708065
885.887 1.07893 -0.0683896
885.887 1.1424 -0.0656974
885.887 1.20586 -0.0627405
885.887 1.26933 -0.0595312
885.887 1.3328 -0.056082
885.887 1.39626 -0.052407
885.887 1.45973 -0.048521
885.887 1.5232 -0.0444396
885.887 1.58666 -0.0401793
885.887 1.65013 -0.035757
885.887 1.7136 -0.0311912
885.887 1.77706 -0.0264994
885.887 1.84053 -0.0217011
885.887 1.904 -0.0168153
885.887 1.96746 -0.0118619
885.887 2.03093 -0.00686072
885.887 2.0944 -0.00183171
885.887 2.15786 0.00320445
885.887 2.22133 0.00822775
885.887 2.28479 0.013218
885.887 2.34826 0.0181551
885.887 2.41173 0.0230188
885.887 2.47519 0.0277901
885.887 2.53866 0.0324493
885.887 2.60213 0.0369781
885.887 2.66559 0.0413576
885.887 2.72906 0.0455708
885.887 2.79253 0.0496006
885.887 2.85599 0.0534305
885.887 2.91946 0.0570455
885.887 2.98293 0.0604305
885.887 3.04639 0.0635723
885.887 3.10986 0.0664581
885.887 3.17333 0.0690764
885.887 3.23679 0.0714164
885.887 3.30026 0.0734689
885.887 3.36373 0.0752255
885.887 3.42719 0.0766792
885.887 3.49066 0.0778242
885.887 3.55413 0.0786559
885.887 3.61759 0.0791708
885.887 3.68106 0.079367
885.887 3.74452 0.0792435
885.887 3.80799 0.0788008
885.887 3.87146 0.0780408
885.887 3.93492 0.076967
885.887 3.99839 0.075583
885.887 4.06186 0.0738945
885.887 4.12532 0.0719087
885.887 4.18879 0.069633
885.887 4.25226 0.0670773
885.887 4.31572 0.0642513
885.887 4.37919 0.0611666
885.887 4.44266 0.0578356
885.887 4.50612 0.0542718
885.887 4.56959 0.0504894
885.887 4.63306 0.0465036
885.887 4.69652 0.0423308
885.887 4.75999 0.0379874
885.887 4.82346 0.033491
885.887 4.88692 0.0288597
885.887 4.95039 0.0241123
885.887 5.01385 0.0192679
885.887 5.07732 0.0143458
885.887 5.14079 0.00936588
885.887 5.20425 0.00434829
885.887 5.26772 -0.000686676
885.887 5.33119 -0.00571912
885.887 5.39465 -0.0107283
885.887 5.45812 -0.0156943
885.887 5.52159 -0.0205975
885.887 5.58505 -0.0254172
885.887 5.64852 -0.0301349
885.887 5.71199 -0.0347311
885.887 5.77545 -0.0391875
885.887 5.83892 -0.0434862
885.887 5.90239 -0.0476097
885.887 5.96585 -0.0515416
885.887 6.02932 -0.0552659
885.887 6.09279 -0.0587677
885.887 6.15625 -0.0620327
885.887 6.21972 -0.0650479
885.887 6.28319 -0.0678014
886.888 0 -0.534051
886.888 0.0634665 -0.517998
886.888 0.126933 -0.499859
886.888 0.1904 -0.479706
886.888 0.253866 -0.457622
886.888 0.317333 -0.433696
886.888 0.380799 -0.408023
886.888 0.444266 -0.380708
886.888 0.507732 -0.351859
886.888 0.571199 -0.321594
886.888 0.634665 -0.290033
886.888 0.698132 -0.257305
886.888 0.761598 -0.223541
886.888 0.825065 -0.188876
886.888 0.888531 -0.153451
886.888 0.951998 -0.117408
886.888 1.01546 -0.0808925
886.888 1.07893 -0.0440511
886.888 1.1424 -0.00703234
886.888 1.20586 0.0300147
886.888 1.26933 0.0669411
886.888 1.3328 0.103598
886.888 1.39626 0.139837
886.888 1.45973 0.175513
886.888 1.5232 0.210484
886.888 1.58666 0.244606
886.888 1.65013 0.277743
886.888 1.7136 0.309761
886.888 1.77706 0.340533
886.888 1.84053 0.369934
886.888 1.904 0.397844
886.888 1.96746 0.424153
886.888 2.03093 0.448754
886.888 2.0944 0.471548
886.888 2.15786 0.492443
886.888 2.22133 0.511355
886.888 2.28479 0.528208
886.888 2.34826 0.542934
886.888 2.41173 0.555475
886.888 2.47519 0.565778
886.888 2.53866 0.573803
886.888 2.60213 0.579518
886.888 2.66559 0.5829
886.888 2.72906 0.583933
886.888 2.79253 0.582616
886.888 2.85599 0.578953
886.888 2.91946 0.572958
886.888 2.98293 0.564657
886.888 3.04639 0.554082
886.888 3.10986 0.541275
886.888 3.17333 0.526289
886.888 3.23679 0.509185
886.888 3.30026 0.490029
886.888 3.36373 0.468901
886.888 3.42719 0.445884
886.888 3.49066 0.421072
886.888 3.55413 0.394564
886.888 3.61759 0.366468
886.888 3.68106 0.336896
886.888 3.74452 0.305968
886.888 3.80799 0.273807
886.888 3.87146 0.240544
886.888 3.93492 0.206312
886.888 3.99839 0.17125
886.888 4.06186 0.135498
886.888 4.12532 0.0992003
886.888 4.18879 0.0625032
886.888 4.25226 0.0255545
886.888 4.31572 -0.0114971
886.888 4.37919 -0.0485025
886.888 4.44266 -0.085312
886.888 4.50612 -0.121779
886.888 4.56959 -0.157755
886.888 4.63306 -0.193095
886.888 4.69652 -0.227659
886.888 4.75999 -0.261306
886.888 4.82346 -0.2939
886.888 4.88692 -0.325311
886.888 4.95039 -0.355413
886.888 5.01385 -0.384083
886.888 5.07732 -0.411206
886.888 5.14079 -0.436674
886.888 5.20425 -0.460383
886.888 5.26772 -0.482238
886.888 5.33119 -0.502152
886.888 5.39465 -0.520044
886.888 5.45812 -0.535841
886.888 5.52159 -0.549482
886.888 5.58505 -0.560909
886.888 5.64852 -0.570078
886.888 5.71199 -0.576952
886.888 5.77545 -0.581502
886.888 5.83892 -0.58371
886.888 5.90239 -0.583569
886.888 5.96585 -0.581077
886.888 6.02932 -0.576246
886.888 6.09279 -0.569094
886.888 6.15625 -0.559651
886.888 6.21972 -0.547954
886.888 6.28319 -0.534051
887.889 0 -0.0436711
887.889 0.0634665 -0.0676728
887.889 0.126933 -0.0914022
887.889 0.1904 -0.114763
887.889 0.253866 -0.137663
887.889 0.317333 -0.160007
887.889 0.380799 -0.181708
887.889 0.444266 -0.202677
887.889 0.507732 -0.22283
887.889 0.571199 -0.242085
887.889 0.634665 -0.260366
887.889 0.698132 -0.277598
887.889 0.761598 -0.293712
887.889 0.825065 -0.308644
887.889 0.888531 -0.322333
887.889 0.951998 -0.334725
887.889 1.01546 -0.345768
887.889 1.07893 -0.355419
887.889 1.1424 -0.363638
887.889 1.20586 -0.370395
887.889 1.26933 -0.375659
887.889 1.3328 -0.37941
887.889 1.39626 -0.381634
887.889 1.45973 -0.382321
887.889 1.5232 -0.381468
887.889 1.58666 -0.37908
887.889 1.65013 -0.375165
887.889 1.7136 -0.36974
887.889 1.77706 -0.362825
887.889 1.84053 -0.35445
887.889 1.904 -0.344647
887.889 1.96746 -0.333457
887.889 2.03093 -0.320924
887.889 2.0944 -0.307099
887.889 2.15786 -0.292037
887.889 2.22133 -0.275799
887.889 2.28479 -0.258451
887.889 2.34826 -0.240062
887.889 2.41173 -0.220706
887.889 2.47519 -0.200462
887.889 2.53866 -0.17941
887.889 2.60213 -0.157636
887.889 2.66559 -0.135228
887.889 2.72906 -0.112274
887.889 2.79253 -0.088869
887.889 2.85599 -0.0651057
887.889 2.91946 -0.0410805
887.889 2.98293 -0.0168896
887.889 3.04639 0.00736908
887.889 3.10986 0.0315981
887.889 3.17333 0.0557
887.889 3.23679 0.0795776
887.889 3.30026 0.103135
887.889 3.36373 0.126277
887.889 3.42719 0.14891
887.889 3.49066 0.170944
887.889 3.55413 0.192289
887.889 3.61759 0.21286
887.889 3.68106 0.232574
887.889 3.74452 0.251352
887.889 3.80799 0.269117
887.889 3.87146 0.285799
887.889 3.93492 0.30133
887.889 3.99839 0.315648
887.889 4.06186 0.328695
887.889 4.12532 0.340418
887.889 4.18879 0.35077
887.889 4.25226 0.35971
887.889 4.31572 0.367201
887.889 4.37919 0.373214
887.889 4.44266 0.377724
887.889 4.50612 0.380714
887.889 4.56959 0.38217
887.889 4.63306 0.382087
887.889 4.69652 0.380466
887.889 4.75999 0.377312
887.889 4.82346 0.37264
887.889 4.88692 0.366467
887.889 4.95039 0.358818
887.889 5.01385 0.349725
887.889 5.07732 0.339223
887.889 5.14079 0.327355
887.889 5.20425 0.314169
887.889 5.26772 0.299719
887.889 5.33119 0.284061
887.889 5.39465 0.267259
887.889 5.45812 0.249382
887.889 5.52159 0.2305
887.889 5.58505 0.21069
887.889 5.64852 0.190032
887.889 5.71199 0.168608
887.889 5.77545 0.146506
887.889 5.83892 0.123813
887.889 5.90239 0.100622
887.889 5.96585 0.077026
887.889 6.02932 0.0531198
887.889 6.09279 0.0289997
887.889 6.15625 0.00476268
887.889 6.21972 -0.0194935
887.889 6.28319 -0.0436712
888.89 0 0.134801
888.89 0.0634665 0.133475
888.89 0.126933 0.131611
888.89 0.1904 0.129218
888.89 0.253866 0.126304
888.89 0.317333 0.122882
888.89 0.380799 0.118964
888.89 0.444266 0.114568
888.89 0.507732 0.10971
888.89 0.571199 0.104411
888.89 0.634665 0.0986909
888.89 0.698132 0.0925736
888.89 0.761598 0.0860837
888.89 0.825065 0.0792469
888.89 0.888531 0.0720913
888.89 0.951998 0.0646453
888.89 1.01546 0.056939
888.89 1.07893 0.0490034
888.89 1.1424 0.0408705
888.89 1.20586 0.0325731
888.89 1.26933 0.0241445
888.89 1.3328 0.0156185
888.89 1.39626 0.00702973
888.89 1.45973 -0.00158727
888.89 1.5232 -0.010198
888.89 1.58666 -0.0187675
888.89 1.65013 -0.0272616
888.89 1.7136 -0.0356457
888.89 1.77706 -0.0438865
888.89 1.84053 -0.0519505
888.89 1.904 -0.0598054
888.89 1.96746 -0.0674194
888.89 2.03093 -0.0747618
888.89 2.0944 -0.0818034
888.89 2.15786 -0.0885155
888.89 2.22133 -0.0948712
888.89 2.28479 -0.100845
888.89 2.34826 -0.106412
888.89 2.41173 -0.111552
888.89 2.47519 -0.116241
888.89 2.53866 -0.120463
888.89 2.60213 -0.1242
888.89 2.66559 -0.127437
888.89 2.72906 -0.13016
888.89 2.79253 -0.13236
888.89 2.85599 -0.134026
888.89 2.91946 -0.135153
888.89 2.98293 -0.135736
888.89 3.04639 -0.135772
888.89 3.10986 -0.135261
888.89 3.17333 -0.134206
888.89 3.23679 -0.13261
888.89 3.30026 -0.13048
888.89 3.36373 -0.127825
888.89 3.42719 -0.124655
888.89 3.49066 -0.120984
888.89 3.55413 -0.116825
888.89 3.61759 -0.112195
888.89 3.68106 -0.107114
888.89 3.74452 -0.101602
888.89 3.80799 -0.0956805
888.89 3.87146 -0.0893739
888.89 3.93492 -0.0827068
888.89 3.99839 -0.0757073
888.89 4.06186 -0.0684027
888.89 4.12532 -0.0608227
888.89 4.18879 -0.052998
888.89 4.25226 -0.0449596
888.89 4.31572 -0.0367402
888.89 4.37919 -0.0283729
888.89 4.44266 -0.0198916
888.89 4.50612 -0.0113298
888.89 4.56959 -0.00272277
888.89 4.63306 0.00589552
888.89 4.69652 0.01449
888.89 4.75999 0.0230261
888.89 4.82346 0.0314695
888.89 4.88692 0.0397861
888.89 4.95039 0.0479426
888.89 5.01385 0.0559061
888.89 5.07732 0.0636444
888.89 5.14079 0.0711266
888.89 5.20425 0.0783221
888.89 5.26772 0.0852023
888.89 5.33119 0.0917395
888.89 5.39465 0.0979073
888.89 5.45812 0.103681
888.89 5.52159 0.109037
888.89 5.58505 0.113954
888.89 5.64852 0.118412
888.89 5.71199 0.122393
888.89 5.77545 0.125882
888.89 5.83892 0.128863
888.89 5.90239 0.131326
888.89 5.96585 0.13326
888.89 6.02932 0.134658
888.89 6.09279 0.135513
888.89 6.15625 0.135822
888.89 6.21972 0.135585
888.89 6.28319 0.134801
889.891 0 -0.393307
889.891 0.0634665 -0.396444
889.891 0.126933 -0.397985
889.891 0.1904 -0.397924
889.891 0.253866 -0.39626
889.891 0.317333 -0.393001
889.891 0.380799 -0.38816
889.891 0.444266 -0.381755
889.891 0.507732 -0.373813
889.891 0.571199 -0.364366
889.891 0.634665 -0.353452
889.891 0.698132 -0.341114
889.891 0.761598 -0.327403
889.891 0.825065 -0.312374
889.891 0.888531 -0.296087
889.891 0.951998 -0.278607
889.891 1.01546 -0.260006
889.891 1.07893 -0.240358
889.891 1.1424 -0.219742
889.891 1.20586 -0.198241
889.891 1.26933 -0.175942
889.891 1.3328 -0.152934
889.891 1.39626 -0.129311
889.891 1.45973 -0.105167
889.891 1.5232 -0.080599
889.891 1.58666 -0.0557069
889.891 1.65013 -0.0305905
889.891 1.7136 -0.00535096
889.891 1.77706 0.0199101
889.891 1.84053 0.0450913
889.891 1.904 0.0700904
889.891 1.96746 0.0948075
889.891 2.03093 0.119143
889.891 2.0944 0.142999
889.891 2.15786 0.166279
889.891 2.22133 0.188889
889.891 2.28479 0.210739
889.891 2.34826 0.23174
889.891 2.41173 0.251808
889.891 2.47519 0.270862
889.891 2.53866 0.288825
889.891 2.60213 0.305625
889.891 2.66559 0.321195
889.891 2.72906 0.335472
889.891 2.79253 0.348397
889.891 2.85599 0.35992
889.891 2.91946 0.369994
889.891 2.98293 0.378577
889.891 3.04639 0.385636
889.891 3.10986 0.391143
889.891 3.17333 0.395074
889.891 3.23679 0.397414
889.891 3.30026 0.398155
889.891 3.36373 0.397292
889.891 3.42719 0.39483
889.891 3.49066 0.390777
889.891 3.55413 0.385151
889.891 3.61759 0.377974
889.891 3.68106 0.369275
889.891 3.74452 0.359089
889.891 3.80799 0.347458
889.891 3.87146 0.334427
889.891 3.93492 0.32005
889.891 3.99839 0.304383
889.891 4.06186 0.287492
889.891 4.12532 0.269442
889.891 4.18879 0.250308
889.891 4.25226 0.230165
889.891 4.31572 0.209096
889.891 4.37919 0.187185
889.891 4.44266 0.164521
889.891 4.50612 0.141193
889.891 4.56959 0.117298
889.891 4.63306 0.0929296
889.891 4.69652 0.0681873
889.891 4.75999 0.0431705
889.891 4.82346 0.0179799
889.891 4.88692 -0.00728338
889.891 4.95039 -0.0325169
889.891 5.01385 -0.0576199
889.891 5.07732 -0.0824907
889.891 5.14079 -0.107029
889.891 5.20425 -0.131137
889.891 5.26772 -0.154717
889.891 5.33119 -0.177673
889.891 5.39465 -0.199915
889.891 5.45812 -0.221351
889.891 5.52159 -0.241895
889.891 5.58505 -0.261466
889.891 5.64852 -0.279984
889.891 5.71199 -0.297375
889.891 5.77545 -0.313569
889.891 5.83892 -0.328499
889.891 5.90239 -0.342107
889.891 5.96585 -0.354337
889.891 6.02932 -0.36514
889.891 6.09279 -0.374474
889.891 6.15625 -0.382299
889.891 6.21972 -0.388586
889.891 6.28319 -0.393307
890.892 0 0.212694
890.892 0.0634665 0.223168
890.892 0.126933 0.232744
890.892 0.1904 0.241384
890.892 0.253866 0.24905
890.892 0.317333 0.255715
890.892 0.380799 0.261349
890.892 0.444266 0.265931
890.892 0.507732 0.269442
890.892 0.571199 0.271868
890.892 0.634665 0.273199
890.892 0.698132 0.273432
890.892 0.761598 0.272562
890.892 0.825065 0.270594
890.892 0.888531 0.267538
890.892 0.951998 0.263404
890.892 1.01546 0.25821
890.892 1.07893 0.251975
890.892 1.1424 0.244726
890.892 1.20586 0.236492
890.892 1.26933 0.227305
890.892 1.3328 0.217204
890.892 1.39626 0.206227
890.892 1.45973 0.19442
890.892 1.5232 0.181831
890.892 1.58666 0.168509
890.892 1.65013 0.154508
890.892 1.7136 0.139886
890.892 1.77706 0.1247
890.892 1.84053 0.109012
890.892 1.904 0.0928848
890.892 1.96746 0.0763837
890.892 2.03093 0.0595753
890.892 2.0944 0.0425269
890.892 2.15786 0.0253072
890.892 2.22133 0.00798575
890.892 2.28479 -0.00936801
890.892 2.34826 -0.026684
890.892 2.41173 -0.0438926
890.892 2.47519 -0.0609242
890.892 2.53866 -0.0777107
890.892 2.60213 -0.0941844
890.892 2.66559 -0.110279
890.892 2.72906 -0.125929
890.892 2.79253 -0.141072
890.892 2.85599 -0.155647
890.892 2.91946 -0.169596
890.892 2.98293 -0.182861
890.892 3.04639 -0.19539
890.892 3.10986 -0.207133
890.892 3.17333 -0.218041
890.892 3.23679 -0.228072
890.892 3.30026 -0.237184
890.892 3.36373 -0.24534
890.892 3.42719 -0.25251
890.892 3.49066 -0.258662
890.892 3.55413 -0.263773
890.892 3.61759 -0.267821
890.892 3.68106 -0.270792
890.892 3.74452 -0.272671
890.892 3.80799 -0.273453
890.892 3.87146 -0.273134
890.892 3.93492 -0.271715
890.892 3.99839 -0.269202
890.892 4.06186 -0.265605
890.892 4.12532 -0.260938
890.892 4.18879 -0.255221
890.892 4.25226 -0.248476
890.892 4.31572 -0.24073
890.892 4.37919 -0.232016
890.892 4.44266 -0.222367
890.892 4.50612 -0.211822
890.892 4.56959 -0.200425
890.892 4.63306 -0.18822
890.892 4.69652 -0.175258
890.892 4.75999 -0.16159
890.892 4.82346 -0.147271
890.892 4.88692 -0.132359
890.892 4.95039 -0.116914
890.892 5.01385 -0.100999
890.892 5.07732 -0.084677
890.892 5.14079 -0.0680136
890.892 5.20425 -0.0510766
890.892 5.26772 -0.0339341
890.892 5.33119 -0.0166548
890.892 5.39465 0.000691453
890.892 5.45812 0.018035
890.892 5.52159 0.035306
890.892 5.58505 0.0524348
890.892 5.64852 0.0693524
890.892 5.71199 0.0859908
890.892 5.77545 0.102283
890.892 5.83892 0.118163
890.892 5.90239 0.133568
890.892 5.96585 0.148434
890.892 6.02932 0.162703
890.892 6.09279 0.176317
890.892 6.15625 0.189221
890.892 6.21972 0.201363
890.892 6.28319 0.212694
891.893 0 0.201643
891.893 0.0634665 0.18676
891.893 0.126933 0.171124
891.893 0.1904 0.1548
891.893 0.253866 0.137852
891.893 0.317333 0.120349
891.893 0.380799 0.102361
891.893 0.444266 0.0839617
891.893 0.507732 0.0652238
891.893 0.571199 0.0462233
891.893 0.634665 0.0270367
891.893 0.698132 0.00774127
891.893 0.761598 -0.0115853
891.893 0.825065 -0.0308654
891.893 0.888531 -0.050021
891.893 0.951998 -0.0689752
891.893 1.01546 -0.0876518
891.893 1.07893 -0.105976
891.893 1.1424 -0.123872
891.893 1.20586 -0.14127
891.893 1.26933 -0.1581
891.893 1.3328 -0.174292
891.893 1.39626 -0.189783
891.893 1.45973 -0.20451
891.893 1.5232 -0.218413
891.893 1.58666 -0.231437
891.893 1.65013 -0.243528
891.893 1.7136 -0.254639
891.893 1.77706 -0.264725
891.893 1.84053 -0.273745
891.893 1.904 -0.281663
891.893 1.96746 -0.288446
891.893 2.03093 -0.294068
891.893 2.0944 -0.298506
891.893 2.15786 -0.301741
891.893 2.22133 -0.303763
891.893 2.28479 -0.30456
891.893 2.34826 -0.304131
891.893 2.41173 -0.302478
891.893 2.47519 -0.299607
891.893 2.53866 -0.295529
891.893 2.60213 -0.290262
891.893 2.66559 -0.283825
891.893 2.72906 -0.276246
891.893 2.79253 -0.267554
891.893 2.85599 -0.257785
891.893 2.91946 -0.246979
891.893 2.98293 -0.235177
891.893 3.04639 -0.222428
891.893 3.10986 -0.208784
891.893 3.17333 -0.194299
891.893 3.23679 -0.179032
891.893 3.30026 -0.163044
891.893 3.36373 -0.1464
891.893 3.42719 -0.129166
891.893 3.49066 -0.111411
891.893 3.55413 -0.0932085
891.893 3.61759 -0.0746302
891.893 3.68106 -0.0557515
891.893 3.74452 -0.0366485
891.893 3.80799 -0.0173977
891.893 3.87146 0.00192294
891.893 3.93492 0.0212361
891.893 3.99839 0.0404635
891.893 4.06186 0.0595282
891.893 4.12532 0.0783532
891.893 4.18879 0.0968625
891.893 4.25226 0.114982
891.893 4.31572 0.132638
891.893 4.37919 0.14976
891.893 4.44266 0.16628
891.893 4.50612 0.182129
891.893 4.56959 0.197246
891.893 4.63306 0.211568
891.893 4.69652 0.225038
891.893 4.75999 0.237602
891.893 4.82346 0.249209
891.893 4.88692 0.259813
891.893 4.95039 0.269371
891.893 5.01385 0.277844
891.893 5.07732 0.285198
891.893 5.14079 0.291404
891.893 5.20425 0.296436
891.893 5.26772 0.300275
891.893 5.33119 0.302905
891.893 5.39465 0.304314
891.893 5.45812 0.304499
891.893 5.52159 0.303458
891.893 5.58505 0.301194
891.893 5.64852 0.297718
891.893 5.71199 0.293044
891.893 5.77545 0.287188
891.893 5.83892 0.280177
891.893 5.90239 0.272037
891.893 5.96585 0.262802
891.893 6.02932 0.252509
891.893 6.09279 0.241199
891.893 6.15625 0.228918
891.893 6.21972 0.215715
891.893 6.28319 0.201643
892.894 0 0.029616
892.894 0.0634665 0.0384734
892.894 0.126933 0.0471759
892.894 0.1904 0.0556882
892.894 0.253866 0.0639767
892.894 0.317333 0.0720073
892.894 0.380799 0.0797479
892.894 0.444266 0.0871675
892.894 0.507732 0.0942362
892.894 0.571199 0.100925
892.894 0.634665 0.107208
892.894 0.698132 0.113059
892.894 0.761598 0.118455
892.894 0.825065 0.123374
892.894 0.888531 0.127796
892.894 0.951998 0.131703
892.894 1.01546 0.13508
892.894 1.07893 0.137913
892.894 1.1424 0.140191
892.894 1.20586 0.141905
892.894 1.26933 0.143047
892.894 1.3328 0.143613
892.894 1.39626 0.1436
892.894 1.45973 0.14301
892.894 1.5232 0.141843
892.894 1.58666 0.140106
892.894 1.65013 0.137804
892.894 1.7136 0.134948
892.894 1.77706 0.131548
892.894 1.84053 0.127618
892.894 1.904 0.123175
892.894 1.96746 0.118235
892.894 2.03093 0.112819
892.894 2.0944 0.10695
892.894 2.15786 0.100649
892.894 2.22133 0.0939433
892.894 2.28479 0.0868591
892.894 2.34826 0.0794253
892.894 2.41173 0.0716716
892.894 2.47519 0.0636295
892.894 2.53866 0.0553309
892.894 2.60213 0.0468096
892.894 2.66559 0.0381
892.894 2.72906 0.0292367
892.894 2.79253 0.0202558
892.894 2.85599 0.0111934
892.894 2.91946 0.0020859
892.894 2.98293 -0.00703001
892.894 3.04639 -0.0161176
892.894 3.10986 -0.0251404
892.894 3.17333 -0.0340619
892.894 3.23679 -0.042846
892.894 3.30026 -0.051458
892.894 3.36373 -0.0598625
892.894 3.42719 -0.068026
892.894 3.49066 -0.0759158
892.894 3.55413 -0.0834997
892.894 3.61759 -0.0907474
892.894 3.68106 -0.0976297
892.894 3.74452 -0.104119
892.894 3.80799 -0.110189
892.894 3.87146 -0.115815
892.894 3.93492 -0.120975
892.894 3.99839 -0.125648
892.894 4.06186 -0.129815
892.894 4.12532 -0.133459
892.894 4.18879 -0.136566
892.894 4.25226 -0.139123
892.894 4.31572 -0.141119
892.894 4.37919 -0.142548
892.894 4.44266 -0.143402
892.894 4.50612 -0.143679
892.894 4.56959 -0.143377
892.894 4.63306 -0.142498
892.894 4.69652 -0.141046
892.894 4.75999 -0.139025
892.894 4.82346 -0.136445
892.894 4.88692 -0.133315
892.894 4.95039 -0.129648
892.894 5.01385 -0.125459
892.894 5.07732 -0.120766
892.894 5.14079 -0.115585
892.894 5.20425 -0.10994
892.894 5.26772 -0.103852
892.894 5.33119 -0.097345
892.894 5.39465 -0.0904466
892.894 5.45812 -0.0831841
892.894 5.52159 -0.0755866
892.894 5.58505 -0.0676846
892.894 5.64852 -0.0595102
892.894 5.71199 -0.051096
892.894 5.77545 -0.0424761
892.894 5.83892 -0.0336853
892.894 5.90239 -0.0247588
892.894 5.96585 -0.0157325
892.894 6.02932 -0.00664299
892.894 6.09279 0.00247331
892.894 6.15625 0.0115797
892.894 6.21972 0.0206394
892.894 6.28319 0.029616
893.895 0 -0.451951
893.895 0.0634665 -0.456052
893.895 0.126933 -0.458317
893.895 0.1904 -0.458737
893.895 0.253866 -0.457309
893.895 0.317333 -0.45404
893.895 0.380799 -0.448942
893.895 0.444266 -0.442037
893.895 0.507732 -0.433353
893.895 0.571199 -0.422923
893.895 0.634665 -0.41079
893.895 0.698132 -0.397003
893.895 0.761598 -0.381617
893.895 0.825065 -0.364695
893.895 0.888531 -0.346304
893.895 0.951998 -0.326519
893.895 1.01546 -0.305419
893.895 1.07893 -0.283089
893.895 1.1424 -0.25962
893.895 1.20586 -0.235104
893.895 1.26933 -0.209643
893.895 1.3328 -0.183337
893.895 1.39626 -0.156293
893.895 1.45973 -0.128619
893.895 1.5232 -0.100428
893.895 1.58666 -0.0718319
893.895 1.65013 -0.042947
893.895 1.7136 -0.013889
893.895 1.77706 0.0152248
893.895 1.84053 0.0442775
893.895 1.904 0.0731517
893.895 1.96746 0.101731
893.895 2.03093 0.129901
893.895 2.0944 0.157549
893.895 2.15786 0.184561
893.895 2.22133 0.21083
893.895 2.28479 0.236251
893.895 2.34826 0.260721
893.895 2.41173 0.28414
893.895 2.47519 0.306415
893.895 2.53866 0.327456
893.895 2.60213 0.347179
893.895 2.66559 0.365504
893.895 2.72906 0.382357
893.895 2.79253 0.397671
893.895 2.85599 0.411383
893.895 2.91946 0.423439
893.895 2.98293 0.43379
893.895 3.04639 0.442394
893.895 3.10986 0.449217
893.895 3.17333 0.45423
893.895 3.23679 0.457415
893.895 3.30026 0.458758
893.895 3.36373 0.458254
893.895 3.42719 0.455904
893.895 3.49066 0.451719
893.895 3.55413 0.445715
893.895 3.61759 0.437916
893.895 3.68106 0.428353
893.895 3.74452 0.417066
893.895 3.80799 0.4041
893.895 3.87146 0.389506
893.895 3.93492 0.373344
893.895 3.99839 0.355679
893.895 4.06186 0.336581
893.895 4.12532 0.316128
893.895 4.18879 0.294402
893.895 4.25226 0.271491
893.895 4.31572 0.247486
893.895 4.37919 0.222485
893.895 4.44266 0.196589
893.895 4.50612 0.1699
893.895 4.56959 0.142528
893.895 4.63306 0.114581
893.895 4.69652 0.0861733
893.895 4.75999 0.0574184
893.895 4.82346 0.0284323
893.895 4.88692 -0.000668309
893.895 4.95039 -0.0297662
893.895 5.01385 -0.0587442
893.895 5.07732 -0.0874856
893.895 5.14079 -0.115875
893.895 5.20425 -0.143797
893.895 5.26772 -0.171141
893.895 5.33119 -0.197796
893.895 5.39465 -0.223654
893.895 5.45812 -0.248611
893.895 5.52159 -0.272567
893.895 5.58505 -0.295426
893.895 5.64852 -0.317095
893.895 5.71199 -0.337488
893.895 5.77545 -0.356521
893.895 5.83892 -0.37412
893.895 5.90239 -0.390211
893.895 5.96585 -0.404731
893.895 6.02932 -0.417622
893.895 6.09279 -0.42883
893.895 6.15625 -0.438313
893.895 6.21972 -0.44603
893.895 6.28319 -0.451951
894.896 0 -0.0437774
894.896 0.0634665 -0.0478968
894.896 0.126933 -0.0518233
894.896 0.1904 -0.0555411
894.896 0.253866 -0.0590352
894.896 0.317333 -0.0622918
894.896 0.380799 -0.0652974
894.896 0.444266 -0.06804
894.896 0.507732 -0.0705089
894.896 0.571199 -0.0726936
894.896 0.634665 -0.0745858
894.896 0.698132 -0.0761775
894.896 0.761598 -0.0774626
894.896 0.825065 -0.0784358
894.896 0.888531 -0.0790931
894.896 0.951998 -0.0794318
894.896 1.01546 -0.0794509
894.896 1.07893 -0.0791499
894.896 1.1424 -0.0785303
894.896 1.20586 -0.0775943
894.896 1.26933 -0.0763461
894.896 1.3328 -0.0747903
894.896 1.39626 -0.0729334
894.896 1.45973 -0.0707828
894.896 1.5232 -0.0683472
894.896 1.58666 -0.0656364
894.896 1.65013 -0.0626614
894.896 1.7136 -0.0594339
894.896 1.77706 -0.0559673
894.896 1.84053 -0.0522751
894.896 1.904 -0.0483725
894.896 1.96746 -0.0442753
894.896 2.03093 -0.0399995
894.896 2.0944 -0.0355629
894.896 2.15786 -0.0309829
894.896 2.22133 -0.0262783
894.896 2.28479 -0.0214679
894.896 2.34826 -0.0165709
894.896 2.41173 -0.0116072
894.896 2.47519 -0.00659685
894.896 2.53866 -0.00155983
894.896 2.60213 0.00348339
894.896 2.66559 0.00851249
894.896 2.72906 0.0135073
894.896 2.79253 0.0184479
894.896 2.85599 0.0233141
894.896 2.91946 0.0280866
894.896 2.98293 0.0327458
894.896 3.04639 0.0372733
894.896 3.10986 0.0416505
894.896 3.17333 0.0458602
894.896 3.23679 0.0498852
894.896 3.30026 0.0537093
894.896 3.36373 0.0573169
894.896 3.42719 0.0606941
894.896 3.49066 0.0638267
894.896 3.55413 0.0667024
894.896 3.61759 0.0693094
894.896 3.68106 0.0716374
894.896 3.74452 0.0736769
894.896 3.80799 0.0754197
894.896 3.87146 0.0768588
894.896 3.93492 0.0779885
894.896 3.99839 0.0788041
894.896 4.06186 0.0793023
894.896 4.12532 0.0794813
894.896 4.18879 0.0793403
894.896 4.25226 0.0788798
894.896 4.31572 0.0781016
894.896 4.37919 0.077009
894.896 4.44266 0.0756063
894.896 4.50612 0.0738991
894.896 4.56959 0.0718943
894.896 4.63306 0.0696001
894.896 4.69652 0.0670256
894.896 4.75999 0.0641811
894.896 4.82346 0.0610784
894.896 4.88692 0.0577296
894.896 4.95039 0.0541485
894.896 5.01385 0.0503492
894.896 5.07732 0.0463472
894.896 5.14079 0.0421586
894.896 5.20425 0.0378003
894.896 5.26772 0.0332898
894.896 5.33119 0.0286449
894.896 5.39465 0.0238851
894.896 5.45812 0.0190291
894.896 5.52159 0.0140962
894.896 5.58505 0.00910663
894.896 5.64852 0.00408041
894.896 5.71199 -0.000962194
894.896 5.77545 -0.00600092
894.896 5.83892 -0.0110155
894.896 5.90239 -0.0159856
894.896 5.96585 -0.0208916
894.896 6.02932 -0.0257134
894.896 6.09279 -0.0304315
894.896 6.15625 -0.0350271
894.896 6.21972 -0.0394818
894.896 6.28319 -0.0437774
895.897 0 -0.0395424
895.897 0.0634665 -0.0369901
895.897 0.126933 -0.034289
895.897 0.1904 -0.0314499
895.897 0.253866 -0.0284839
895.897 0.317333 -0.0254034
895.897 0.380799 -0.0222206
895.897 0.444266 -0.0189482
895.897 0.507732 -0.0155998
895.897 0.571199 -0.0121884
895.897 0.634665 -0.00872784
895.897 0.698132 -0.00523227
895.897 0.761598 -0.00171549
895.897 0.825065 0.00180807
895.897 0.888531 0.00532441
895.897 0.951998 0.00881923
895.897 1.01546 0.0122786
895.897 1.07893 0.0156886
895.897 1.1424 0.0190353
895.897 1.20586 0.0223054
895.897 1.26933 0.0254857
895.897 1.3328 0.0285633
895.897 1.39626 0.0315261
895.897 1.45973 0.0343618
895.897 1.5232 0.0370592
895.897 1.58666 0.0396074
895.897 1.65013 0.0419959
895.897 1.7136 0.0442154
895.897 1.77706 0.046257
895.897 1.84053 0.0481122
895.897 1.904 0.0497737
895.897 1.96746 0.0512348
895.897 2.03093 0.0524895
895.897 2.0944 0.053533
895.897 2.15786 0.0543609
895.897 2.22133 0.0549697
895.897 2.28479 0.0553573
895.897 2.34826 0.0555221
895.897 2.41173 0.0554633
895.897 2.47519 0.0551811
895.897 2.53866 0.0546768
895.897 2.60213 0.0539522
895.897 2.66559 0.0530104
895.897 2.72906 0.0518551
895.897 2.79253 0.0504911
895.897 2.85599 0.0489239
895.897 2.91946 0.0471595
895.897 2.98293 0.0452052
895.897 3.04639 0.043069
895.897 3.10986 0.0407593
895.897 3.17333 0.0382855
895.897 3.23679 0.0356576
895.897 3.30026 0.032886
895.897 3.36373 0.0299821
895.897 3.42719 0.0269573
895.897 3.49066 0.023824
895.897 3.55413 0.020595
895.897 3.61759 0.0172827
895.897 3.68106 0.0139011
895.897 3.74452 0.0104633
895.897 3.80799 0.00698353
895.897 3.87146 0.00347572
895.897 3.93492 -4.63153e-05
895.897 3.99839 -0.00356807
895.897 4.06186 -0.00707543
895.897 4.12532 -0.0105542
895.897 4.18879 -0.0139906
895.897 4.25226 -0.0173707
895.897 4.31572 -0.0206808
895.897 4.37919 -0.0239076
895.897 4.44266 -0.0270382
895.897 4.50612 -0.03006
895.897 4.56959 -0.0329605
895.897 4.63306 -0.0357285
895.897 4.69652 -0.0383525
895.897 4.75999 -0.0408221
895.897 4.82346 -0.0431273
895.897 4.88692 -0.045259
895.897 4.95039 -0.0472084
895.897 5.01385 -0.0489675
895.897 5.07732 -0.0505297
895.897 5.14079 -0.0518883
895.897 5.20425 -0.0530379
895.897 5.26772 -0.0539741
895.897 5.33119 -0.0546928
895.897 5.39465 -0.0551913
895.897 5.45812 -0.0554678
895.897 5.52159 -0.0555206
895.897 5.58505 -0.0553502
895.897 5.64852 -0.0549567
895.897 5.71199 -0.0543419
895.897 5.77545 -0.0535083
895.897 5.83892 -0.0524592
895.897 5.90239 -0.0511991
895.897 5.96585 -0.0497325
895.897 6.02932 -0.0480658
895.897 6.09279 -0.0462056
895.897 6.15625 -0.0441594
895.897 6.21972 -0.0419352
895.897 6.28319 -0.0395424
896.898 0 -0.365765
896.898 0.0634665 -0.364894
896.898 0.126933 -0.362554
896.898 0.1904 -0.358753
896.898 0.253866 -0.353508
896.898 0.317333 -0.346839
896.898 0.380799 -0.338774
896.898 0.444266 -0.329345
896.898 0.507732 -0.318589
896.898 0.571199 -0.306551
896.898 0.634665 -0.293278
896.898 0.698132 -0.278825
896.898 0.761598 -0.263248
896.898 0.825065 -0.246612
896.898 0.888531 -0.228983
896.898 0.951998 -0.210431
896.898 1.01546 -0.191033
896.898 1.07893 -0.170865
896.898 1.1424 -0.150009
896.898 1.20586 -0.128549
896.898 1.26933 -0.106571
896.898 1.3328 -0.0841643
896.898 1.39626 -0.0614188
896.898 1.45973 -0.0384259
896.898 1.5232 -0.0152781
896.898 1.58666 0.007931
896.898 1.65013 0.0311082
896.898 1.7136 0.0541601
896.898 1.77706 0.076994
896.898 1.84053 0.0995181
896.898 1.904 0.121641
896.898 1.96746 0.143274
896.898 2.03093 0.164331
896.898 2.0944 0.184726
896.898 2.15786 0.204377
896.898 2.22133 0.223204
896.898 2.28479 0.241134
896.898 2.34826 0.258091
896.898 2.41173 0.274011
896.898 2.47519 0.288827
896.898 2.53866 0.302479
896.898 2.60213 0.314914
896.898 2.66559 0.32608
896.898 2.72906 0.335934
896.898 2.79253 0.344435
896.898 2.85599 0.351549
896.898 2.91946 0.357247
896.898 2.98293 0.361507
896.898 3.04639 0.364312
896.898 3.10986 0.365649
896.898 3.17333 0.365514
896.898 3.23679 0.363907
896.898 3.30026 0.360835
896.898 3.36373 0.35631
896.898 3.42719 0.35035
896.898 3.49066 0.342979
896.898 3.55413 0.334227
896.898 3.61759 0.32413
896.898 3.68106 0.312728
896.898 3.74452 0.300066
896.898 3.80799 0.286196
896.898 3.87146 0.271173
896.898 3.93492 0.255059
896.898 3.99839 0.237917
896.898 4.06186 0.219818
896.898 4.12532 0.200833
896.898 4.18879 0.18104
896.898 4.25226 0.160517
896.898 4.31572 0.139349
896.898 4.37919 0.117619
896.898 4.44266 0.0954159
896.898 4.50612 0.0728283
896.898 4.56959 0.0499476
896.898 4.63306 0.0268655
896.898 4.69652 0.0036755
896.898 4.75999 -0.0195295
896.898 4.82346 -0.0426558
896.898 4.88692 -0.0656103
896.898 4.95039 -0.0883005
896.898 5.01385 -0.110635
896.898 5.07732 -0.132525
896.898 5.14079 -0.15388
896.898 5.20425 -0.174616
896.898 5.26772 -0.194649
896.898 5.33119 -0.213898
896.898 5.39465 -0.232286
896.898 5.45812 -0.249739
896.898 5.52159 -0.266185
896.898 5.58505 -0.28156
896.898 5.64852 -0.295801
896.898 5.71199 -0.308852
896.898 5.77545 -0.320659
896.898 5.83892 -0.331174
896.898 5.90239 -0.340356
896.898 5.96585 -0.348167
896.898 6.02932 -0.354577
896.898 6.09279 -0.359559
896.898 6.15625 -0.363092
896.898 6.21972 -0.365164
896.898 6.28319 -0.365765
897.899 0 -0.15029
897.899 0.0634665 -0.141198
897.899 0.126933 -0.131536
897.899 0.1904 -0.121345
897.899 0.253866 -0.110666
897.899 0.317333 -0.099541
897.899 0.380799 -0.088015
897.899 0.444266 -0.0761347
897.899 0.507732 -0.0639478
897.899 0.571199 -0.0515037
897.899 0.634665 -0.0388515
897.899 0.698132 -0.0260434
897.899 0.761598 -0.0131307
897.899 0.825065 -0.000164285
897.899 0.888531 0.012802
897.899 0.951998 0.0257172
897.899 1.01546 0.0385288
897.899 1.07893 0.0511851
897.899 1.1424 0.0636352
897.899 1.20586 0.0758294
897.899 1.26933 0.0877177
897.899 1.3328 0.0992534
897.899 1.39626 0.110389
897.899 1.45973 0.121081
897.899 1.5232 0.131285
897.899 1.58666 0.14096
897.899 1.65013 0.150067
897.899 1.7136 0.15857
897.899 1.77706 0.166435
897.899 1.84053 0.17363
897.899 1.904 0.180125
897.899 1.96746 0.185895
897.899 2.03093 0.190917
897.899 2.0944 0.19517
897.899 2.15786 0.198637
897.899 2.22133 0.201304
897.899 2.28479 0.20316
897.899 2.34826 0.204199
897.899 2.41173 0.204415
897.899 2.47519 0.203808
897.899 2.53866 0.202381
897.899 2.60213 0.200138
897.899 2.66559 0.19709
897.899 2.72906 0.193248
897.899 2.79253 0.188628
897.899 2.85599 0.183248
897.899 2.91946 0.177131
897.899 2.98293 0.1703
897.899 3.04639 0.162784
897.899 3.10986 0.154612
897.899 3.17333 0.145817
897.899 3.23679 0.136436
897.899 3.30026 0.126504
897.899 3.36373 0.116064
897.899 3.42719 0.105156
897.899 3.49066 0.0938254
897.899 3.55413 0.0821161
897.899 3.61759 0.0700766
897.899 3.68106 0.0577548
897.899 3.74452 0.0452002
897.899 3.80799 0.032464
897.899 3.87146 0.0195967
897.899 3.93492 0.00665047
897.899 3.99839 -0.00632188
897.899 4.06186 -0.0192696
897.899 4.12532 -0.0321392
897.899 4.18879 -0.0448795
897.899 4.25226 -0.0574389
897.899 4.31572 -0.0697671
897.899 4.37919 -0.0818149
897.899 4.44266 -0.0935327
897.899 4.50612 -0.104874
897.899 4.56959 -0.115793
897.899 4.63306 -0.126246
897.899 4.69652 -0.13619
897.899 4.75999 -0.145586
897.899 4.82346 -0.154396
897.899 4.88692 -0.162585
897.899 4.95039 -0.170118
897.899 5.01385 -0.176966
897.899 5.07732 -0.183102
897.899 5.14079 -0.188501
897.899 5.20425 -0.19314
897.899 5.26772 -0.197002
897.899 5.33119 -0.200071
897.899 5.39465 -0.202334
897.899 5.45812 -0.203782
897.899 5.52159 -0.20441
897.899 5.58505 -0.204214
897.899 5.64852 -0.203197
897.899 5.71199 -0.201361
897.899 5.77545 -0.198714
897.899 5.83892 -0.195267
897.899 5.90239 -0.191034
897.899 5.96585 -0.186032
897.899 6.02932 -0.18028
897.899 6.09279 -0.173803
897.899 6.15625 -0.166626
897.899 6.21972 -0.158777
897.899 6.28319 -0.15029
898.9 0 0.095379
898.9 0.0634665 0.0638594
898.9 0.126933 0.0320831
898.9 0.1904 0.000177498
898.9 0.253866 -0.0317289
898.9 0.317333 -0.0635076
898.9 0.380799 -0.0950305
898.9 0.444266 -0.126171
898.9 0.507732 -0.156803
898.9 0.571199 -0.186804
898.9 0.634665 -0.216052
898.9 0.698132 -0.244431
898.9 0.761598 -0.271825
898.9 0.825065 -0.298125
898.9 0.888531 -0.323224
898.9 0.951998 -0.347022
898.9 1.01546 -0.369423
898.9 1.07893 -0.390336
898.9 1.1424 -0.409677
898.9 1.20586 -0.427369
898.9 1.26933 -0.44334
898.9 1.3328 -0.457525
898.9 1.39626 -0.469869
898.9 1.45973 -0.48032
898.9 1.5232 -0.488837
898.9 1.58666 -0.495386
898.9 1.65013 -0.499941
898.9 1.7136 -0.502481
898.9 1.77706 -0.502999
898.9 1.84053 -0.501492
898.9 1.904 -0.497965
898.9 1.96746 -0.492432
898.9 2.03093 -0.484917
898.9 2.0944 -0.47545
898.9 2.15786 -0.464068
898.9 2.22133 -0.450817
898.9 2.28479 -0.435752
898.9 2.34826 -0.418931
898.9 2.41173 -0.400423
898.9 2.47519 -0.380303
898.9 2.53866 -0.358652
898.9 2.60213 -0.335557
898.9 2.66559 -0.31111
898.9 2.72906 -0.285411
898.9 2.79253 -0.258563
898.9 2.85599 -0.230673
898.9 2.91946 -0.201854
898.9 2.98293 -0.172223
898.9 3.04639 -0.141898
898.9 3.10986 -0.111002
898.9 3.17333 -0.0796593
898.9 3.23679 -0.0479957
898.9 3.30026 -0.0161386
898.9 3.36373 0.0157836
898.9 3.42719 0.0476424
898.9 3.49066 0.0793089
898.9 3.55413 0.110656
898.9 3.61759 0.141558
898.9 3.68106 0.17189
898.9 3.74452 0.201529
898.9 3.80799 0.230358
898.9 3.87146 0.258258
898.9 3.93492 0.285119
898.9 3.99839 0.310831
898.9 4.06186 0.335292
898.9 4.12532 0.358403
898.9 4.18879 0.380071
898.9 4.25226 0.400208
898.9 4.31572 0.418734
898.9 4.37919 0.435574
898.9 4.44266 0.45066
898.9 4.50612 0.46393
898.9 4.56959 0.475334
898.9 4.63306 0.484823
898.9 4.69652 0.49236
898.9 4.75999 0.497914
898.9 4.82346 0.501464
898.9 4.88692 0.502994
898.9 4.95039 0.502498
898.9 5.01385 0.49998
898.9 5.07732 0.495448
898.9 5.14079 0.488921
898.9 5.20425 0.480425
898.9 5.26772 0.469995
898.9 5.33119 0.457673
898.9 5.39465 0.443507
898.9 5.45812 0.427556
898.9 5.52159 0.409883
898.9 5.58505 0.39056
898.9 5.64852 0.369664
898.9 5.71199 0.347279
898.9 5.77545 0.323497
898.9 5.83892 0.298411
898.9 5.90239 0.272124
898.9 5.96585 0.244741
898.9 6.02932 0.216372
898.9 6.09279 0.187133
898.9 6.15625 0.15714
898.9 6.21972 0.126514
898.9 6.28319 0.0953789
899.901 0 0.230795
899.901 0.0634665 0.206374
899.901 0.126933 0.181123
899.901 0.1904 0.155142
899.901 0.253866 0.128536
899.901 0.317333 0.101413
899.901 0.380799 0.0738818
899.901 0.444266 0.0460529
899.901 0.507732 0.0180386
899.901 0.571199 -0.0100486
899.901 0.634665 -0.0380951
899.901 0.698132 -0.0659883
899.901 0.761598 -0.0936158
899.901 0.825065 -0.120866
899.901 0.888531 -0.14763
899.901 0.951998 -0.173799
899.901 1.01546 -0.199269
899.901 1.07893 -0.223936
899.901 1.1424 -0.247702
899.901 1.20586 -0.270469
899.901 1.26933 -0.292149
899.901 1.3328 -0.312651
899.901 1.39626 -0.331895
899.901 1.45973 -0.349802
899.901 1.5232 -0.366301
899.901 1.58666 -0.381324
899.901 1.65013 -0.394813
899.901 1.7136 -0.406711
899.901 1.77706 -0.416972
899.901 1.84053 -0.425554
899.901 1.904 -0.432422
899.901 1.96746 -0.437549
899.901 2.03093 -0.440914
899.901 2.0944 -0.442504
899.901 2.15786 -0.442312
899.901 2.22133 -0.440339
899.901 2.28479 -0.436593
899.901 2.34826 -0.431088
899.901 2.41173 -0.423848
899.901 2.47519 -0.414902
899.901 2.53866 -0.404284
899.901 2.60213 -0.392039
899.901 2.66559 -0.378215
899.901 2.72906 -0.362868
899.901 2.79253 -0.346061
899.901 2.85599 -0.327859
899.901 2.91946 -0.308338
899.901 2.98293 -0.287575
899.901 3.04639 -0.265653
899.901 3.10986 -0.242663
899.901 3.17333 -0.218694
899.901 3.23679 -0.193846
899.901 3.30026 -0.168217
899.901 3.36373 -0.141911
899.901 3.42719 -0.115033
899.901 3.49066 -0.0876917
899.901 3.55413 -0.0599975
899.901 3.61759 -0.0320617
899.901 3.68106 -0.00399695
899.901 3.74452 0.024084
899.901 3.80799 0.052068
899.901 3.87146 0.0798421
899.901 3.93492 0.107295
899.901 3.99839 0.134316
899.901 4.06186 0.160796
899.901 4.12532 0.186628
899.901 4.18879 0.211709
899.901 4.25226 0.235938
899.901 4.31572 0.259216
899.901 4.37919 0.281451
899.901 4.44266 0.302552
899.901 4.50612 0.322435
899.901 4.56959 0.34102
899.901 4.63306 0.358232
899.901 4.69652 0.374001
899.901 4.75999 0.388264
899.901 4.82346 0.400964
899.901 4.88692 0.412049
899.901 4.95039 0.421475
899.901 5.01385 0.429204
899.901 5.07732 0.435205
899.901 5.14079 0.439453
899.901 5.20425 0.441931
899.901 5.26772 0.442631
899.901 5.33119 0.441548
899.901 5.39465 0.438687
899.901 5.45812 0.434059
899.901 5.52159 0.427684
899.901 5.58505 0.419586
899.901 5.64852 0.4098
899.901 5.71199 0.398362
899.901 5.77545 0.385321
899.901 5.83892 0.370728
899.901 5.90239 0.354643
899.901 5.96585 0.33713
899.901 6.02932 0.318259
899.901 6.09279 0.298106
899.901 6.15625 0.276753
899.901 6.21972 0.254286
899.901 6.28319 0.230795
900.902 0 0.0840644
900.902 0.0634665 0.0923281
900.902 0.126933 0.10022
900.902 0.1904 0.107708
900.902 0.253866 0.114763
900.902 0.317333 0.121355
900.902 0.380799 0.127459
900.902 0.444266 0.13305
900.902 0.507732 0.138105
900.902 0.571199 0.142604
900.902 0.634665 0.146528
900.902 0.698132 0.149863
900.902 0.761598 0.152594
900.902 0.825065 0.154711
900.902 0.888531 0.156204
900.902 0.951998 0.157069
900.902 1.01546 0.157301
900.902 1.07893 0.1569
900.902 1.1424 0.155867
900.902 1.20586 0.154207
900.902 1.26933 0.151925
900.902 1.3328 0.149032
900.902 1.39626 0.145539
900.902 1.45973 0.141459
900.902 1.5232 0.136811
900.902 1.58666 0.131611
900.902 1.65013 0.125881
900.902 1.7136 0.119644
900.902 1.77706 0.112926
900.902 1.84053 0.105752
900.902 1.904 0.0981533
900.902 1.96746 0.0901591
900.902 2.03093 0.0818021
900.902 2.0944 0.0731154
900.902 2.15786 0.0641343
900.902 2.22133 0.0548953
900.902 2.28479 0.0454349
900.902 2.34826 0.0357915
900.902 2.41173 0.0260042
900.902 2.47519 0.016112
900.902 2.53866 0.00615474
900.902 2.60213 -0.00382677
900.902 2.66559 -0.0137931
900.902 2.72906 -0.0237038
900.902 2.79253 -0.0335193
900.902 2.85599 -0.0431997
900.902 2.91946 -0.0527062
900.902 2.98293 -0.0620006
900.902 3.04639 -0.0710452
900.902 3.10986 -0.0798036
900.902 3.17333 -0.0882407
900.902 3.23679 -0.0963226
900.902 3.30026 -0.104017
900.902 3.36373 -0.111292
900.902 3.42719 -0.118119
900.902 3.49066 -0.12447
900.902 3.55413 -0.13032
900.902 3.61759 -0.135646
900.902 3.68106 -0.140425
900.902 3.74452 -0.144639
900.902 3.80799 -0.14827
900.902 3.87146 -0.151305
900.902 3.93492 -0.15373
900.902 3.99839 -0.155536
900.902 4.06186 -0.156716
900.902 4.12532 -0.157264
900.902 4.18879 -0.15718
900.902 4.25226 -0.156462
900.902 4.31572 -0.155115
900.902 4.37919 -0.153143
900.902 4.44266 -0.150554
900.902 4.50612 -0.14736
900.902 4.56959 -0.143572
900.902 4.63306 -0.139205
900.902 4.69652 -0.134278
900.902 4.75999 -0.128811
900.902 4.82346 -0.122825
900.902 4.88692 -0.116344
900.902 4.95039 -0.109394
900.902 5.01385 -0.102004
900.902 5.07732 -0.0942038
900.902 5.14079 -0.0860237
900.902 5.20425 -0.0774978
900.902 5.26772 -0.0686597
900.902 5.33119 -0.0595446
900.902 5.39465 -0.0501902
900.902 5.45812 -0.0406335
900.902 5.52159 -0.0309136
900.902 5.58505 -0.0210688
900.902 5.64852 -0.011139
900.902 5.71199 -0.00116486
900.902 5.77545 0.00881429
900.902 5.83892 0.018758
900.902 5.90239 0.028626
900.902 5.96585 0.0383788
900.902 6.02932 0.0479774
900.902 6.09279 0.0573823
900.902 6.15625 0.0665562
900.902 6.21972 0.0754624
900.902 6.28319 0.0840644
901.903 0 0.2457
901.903 0.0634665 0.227775
901.903 0.126933 0.208932
901.903 0.1904 0.189248
901.903 0.253866 0.168802
901.903 0.317333 0.147676
901.903 0.380799 0.125956
901.903 0.444266 0.103728
901.903 0.507732 0.0810832
901.903 0.571199 0.0581115
901.903 0.634665 0.0349059
901.903 0.698132 0.0115597
901.903 0.761598 -0.0118331
901.903 0.825065 -0.0351784
901.903 0.888531 -0.0583819
901.903 0.951998 -0.0813503
901.903 1.01546 -0.103991
901.903 1.07893 -0.126213
901.903 1.1424 -0.147927
901.903 1.20586 -0.169045
901.903 1.26933 -0.189483
901.903 1.3328 -0.209157
901.903 1.39626 -0.22799
901.903 1.45973 -0.245904
901.903 1.5232 -0.262828
901.903 1.58666 -0.278694
901.903 1.65013 -0.293438
901.903 1.7136 -0.307
901.903 1.77706 -0.319326
901.903 1.84053 -0.330366
901.903 1.904 -0.340076
901.903 1.96746 -0.348416
901.903 2.03093 -0.355354
901.903 2.0944 -0.36086
901.903 2.15786 -0.364914
901.903 2.22133 -0.367498
901.903 2.28479 -0.368603
901.903 2.34826 -0.368223
901.903 2.41173 -0.36636
901.903 2.47519 -0.363022
901.903 2.53866 -0.358223
901.903 2.60213 -0.351981
901.903 2.66559 -0.344321
901.903 2.72906 -0.335276
901.903 2.79253 -0.32488
901.903 2.85599 -0.313176
901.903 2.91946 -0.300211
901.903 2.98293 -0.286038
901.903 3.04639 -0.270712
901.903 3.10986 -0.254296
901.903 3.17333 -0.236857
901.903 3.23679 -0.218463
901.903 3.30026 -0.19919
901.903 3.36373 -0.179115
901.903 3.42719 -0.158319
901.903 3.49066 -0.136885
901.903 3.55413 -0.1149
901.903 3.61759 -0.0924523
901.903 3.68106 -0.0696324
901.903 3.74452 -0.0465321
901.903 3.80799 -0.0232445
901.903 3.87146 0.000136893
901.903 3.93492 0.0235175
901.903 3.99839 0.0468037
901.903 4.06186 0.0699013
901.903 4.12532 0.0927175
901.903 4.18879 0.11516
901.903 4.25226 0.137139
901.903 4.31572 0.158566
901.903 4.37919 0.179354
901.903 4.44266 0.19942
901.903 4.50612 0.218684
901.903 4.56959 0.237066
901.903 4.63306 0.254494
901.903 4.69652 0.270897
901.903 4.75999 0.28621
901.903 4.82346 0.30037
901.903 4.88692 0.313321
901.903 4.95039 0.325009
901.903 5.01385 0.33539
901.903 5.07732 0.34442
901.903 5.14079 0.352062
901.903 5.20425 0.358288
901.903 5.26772 0.36307
901.903 5.33119 0.36639
901.903 5.39465 0.368236
901.903 5.45812 0.368598
901.903 5.52159 0.367476
901.903 5.58505 0.364875
901.903 5.64852 0.360804
901.903 5.71199 0.355281
901.903 5.77545 0.348327
901.903 5.83892 0.33997
901.903 5.90239 0.330244
901.903 5.96585 0.319189
901.903 6.02932 0.306848
901.903 6.09279 0.293272
901.903 6.15625 0.278515
901.903 6.21972 0.262636
901.903 6.28319 0.2457
902.904 0 0.0466347
902.904 0.0634665 0.0551812
902.904 0.126933 0.0635054
902.904 0.1904 0.0715743
902.904 0.253866 0.0793544
902.904 0.317333 0.0868155
902.904 0.380799 0.0939266
902.904 0.444266 0.10066
902.904 0.507732 0.106988
902.904 0.571199 0.112885
902.904 0.634665 0.118327
902.904 0.698132 0.123293
902.904 0.761598 0.127763
902.904 0.825065 0.131718
902.904 0.888531 0.135142
902.904 0.951998 0.138023
902.904 1.01546 0.140348
902.904 1.07893 0.142107
902.904 1.1424 0.143295
902.904 1.20586 0.143905
902.904 1.26933 0.143936
902.904 1.3328 0.143387
902.904 1.39626 0.142261
902.904 1.45973 0.140563
902.904 1.5232 0.138297
902.904 1.58666 0.135476
902.904 1.65013 0.132109
902.904 1.7136 0.128209
902.904 1.77706 0.123794
902.904 1.84053 0.11888
902.904 1.904 0.113487
902.904 1.96746 0.107638
902.904 2.03093 0.101355
902.904 2.0944 0.0946639
902.904 2.15786 0.0875917
902.904 2.22133 0.0801666
902.904 2.28479 0.0724188
902.904 2.34826 0.0643795
902.904 2.41173 0.0560807
902.904 2.47519 0.0475561
902.904 2.53866 0.0388403
902.904 2.60213 0.029968
902.904 2.66559 0.0209748
902.904 2.72906 0.0118973
902.904 2.79253 0.00277221
902.904 2.85599 -0.00636452
902.904 2.91946 -0.0154753
902.904 2.98293 -0.024524
902.904 3.04639 -0.0334737
902.904 3.10986 -0.0422886
902.904 3.17333 -0.0509337
902.904 3.23679 -0.0593732
902.904 3.30026 -0.0675738
902.904 3.36373 -0.0755022
902.904 3.42719 -0.0831268
902.904 3.49066 -0.0904167
902.904 3.55413 -0.0973422
902.904 3.61759 -0.103876
902.904 3.68106 -0.109991
902.904 3.74452 -0.115664
902.904 3.80799 -0.120871
902.904 3.87146 -0.125591
902.904 3.93492 -0.129805
902.904 3.99839 -0.133497
902.904 4.06186 -0.136651
902.904 4.12532 -0.139255
902.904 4.18879 -0.141298
902.904 4.25226 -0.142773
902.904 4.31572 -0.143672
902.904 4.37919 -0.143993
902.904 4.44266 -0.143734
902.904 4.50612 -0.142896
902.904 4.56959 -0.141483
902.904 4.63306 -0.1395
902.904 4.69652 -0.136956
902.904 4.75999 -0.13386
902.904 4.82346 -0.130225
902.904 4.88692 -0.126065
902.904 4.95039 -0.121398
902.904 5.01385 -0.116242
902.904 5.07732 -0.110618
902.904 5.14079 -0.104549
902.904 5.20425 -0.0980589
902.904 5.26772 -0.0911736
902.904 5.33119 -0.0839213
902.904 5.39465 -0.0763311
902.904 5.45812 -0.0684336
902.904 5.52159 -0.0602606
902.904 5.58505 -0.0518448
902.904 5.64852 -0.0432199
902.904 5.71199 -0.0344213
902.904 5.77545 -0.0254842
902.904 5.83892 -0.0164445
902.904 5.90239 -0.00733863
902.904 5.96585 0.00179661
902.904 6.02932 0.0109254
902.904 6.09279 0.0200098
902.904 6.15625 0.0290135
902.904 6.21972 0.0379005
902.904 6.28319 0.0466347
903.905 0 0.26641
903.905 0.0634665 0.278051
903.905 0.126933 0.288572
903.905 0.1904 0.297932
903.905 0.253866 0.306092
903.905 0.317333 0.313019
903.905 0.380799 0.318686
903.905 0.444266 0.32307
903.905 0.507732 0.326153
903.905 0.571199 0.327922
903.905 0.634665 0.328372
903.905 0.698132 0.327498
903.905 0.761598 0.325307
903.905 0.825065 0.321805
903.905 0.888531 0.317007
903.905 0.951998 0.310933
903.905 1.01546 0.303607
903.905 1.07893 0.295059
903.905 1.1424 0.285322
903.905 1.20586 0.274437
903.905 1.26933 0.262446
903.905 1.3328 0.249399
903.905 1.39626 0.235347
903.905 1.45973 0.220348
903.905 1.5232 0.204461
903.905 1.58666 0.187751
903.905 1.65013 0.170286
903.905 1.7136 0.152134
903.905 1.77706 0.13337
903.905 1.84053 0.114069
903.905 1.904 0.0943083
903.905 1.96746 0.0741681
903.905 2.03093 0.0537293
903.905 2.0944 0.0330742
903.905 2.15786 0.0122857
903.905 2.22133 -0.0085521
903.905 2.28479 -0.0293554
903.905 2.34826 -0.0500407
903.905 2.41173 -0.0705244
903.905 2.47519 -0.0907241
903.905 2.53866 -0.110559
903.905 2.60213 -0.129948
903.905 2.66559 -0.148814
903.905 2.72906 -0.16708
903.905 2.79253 -0.184675
903.905 2.85599 -0.201525
903.905 2.91946 -0.217564
903.905 2.98293 -0.232727
903.905 3.04639 -0.246953
903.905 3.10986 -0.260184
903.905 3.17333 -0.272367
903.905 3.23679 -0.283454
903.905 3.30026 -0.2934
903.905 3.36373 -0.302164
903.905 3.42719 -0.309712
903.905 3.49066 -0.316012
903.905 3.55413 -0.32104
903.905 3.61759 -0.324775
903.905 3.68106 -0.327202
903.905 3.74452 -0.328312
903.905 3.80799 -0.3281
903.905 3.87146 -0.326567
903.905 3.93492 -0.323719
903.905 3.99839 -0.319567
903.905 4.06186 -0.314128
903.905 4.12532 -0.307425
903.905 4.18879 -0.299484
903.905 4.25226 -0.290337
903.905 4.31572 -0.28002
903.905 4.37919 -0.268576
903.905 4.44266 -0.256051
903.905 4.50612 -0.242495
903.905 4.56959 -0.227962
903.905 4.63306 -0.212511
903.905 4.69652 -0.196205
903.905 4.75999 -0.179109
903.905 4.82346 -0.161291
903.905 4.88692 -0.142824
903.905 4.95039 -0.123782
903.905 5.01385 -0.104241
903.905 5.07732 -0.0842806
903.905 5.14079 -0.063981
903.905 5.20425 -0.0434236
903.905 5.26772 -0.0226913
903.905 5.33119 -0.00186768
903.905 5.39465 0.0189634
903.905 5.45812 0.039718
903.905 5.52159 0.0603127
903.905 5.58505 0.0806648
903.905 5.64852 0.100692
903.905 5.71199 0.120314
903.905 5.77545 0.139451
903.905 5.83892 0.158027
903.905 5.90239 0.175966
903.905 5.96585 0.193197
903.905 6.02932 0.20965
903.905 6.09279 0.225259
903.905 6.15625 0.23996
903.905 6.21972 0.253696
903.905 6.28319 0.26641
904.906 0 -0.205995
904.906 0.0634665 -0.207149
904.906 0.126933 -0.207469
904.906 0.1904 -0.206953
904.906 0.253866 -0.205604
904.906 0.317333 -0.203427
904.906 0.380799 -0.200431
904.906 0.444266 -0.196628
904.906 0.507732 -0.192033
904.906 0.571199 -0.186665
904.906 0.634665 -0.180545
904.906 0.698132 -0.173699
904.906 0.761598 -0.166152
904.906 0.825065 -0.157937
904.906 0.888531 -0.149086
904.906 0.951998 -0.139635
904.906 1.01546 -0.129621
904.906 1.07893 -0.119085
904.906 1.1424 -0.10807
904.906 1.20586 -0.0966198
904.906 1.26933 -0.0847803
904.906 1.3328 -0.0725994
904.906 1.39626 -0.0601266
904.906 1.45973 -0.0474112
904.906 1.5232 -0.0345052
904.906 1.58666 -0.0214601
904.906 1.65013 -0.00832863
904.906 1.7136 0.00483643
904.906 1.77706 0.0179819
904.906 1.84053 0.0310549
904.906 1.904 0.044003
904.906 1.96746 0.0567739
904.906 2.03093 0.0693163
904.906 2.0944 0.0815794
904.906 2.15786 0.0935141
904.906 2.22133 0.105072
904.906 2.28479 0.116207
904.906 2.34826 0.126874
904.906 2.41173 0.137031
904.906 2.47519 0.146635
904.906 2.53866 0.155649
904.906 2.60213 0.164036
904.906 2.66559 0.171763
904.906 2.72906 0.178798
904.906 2.79253 0.185113
904.906 2.85599 0.190683
904.906 2.91946 0.195485
904.906 2.98293 0.1995
904.906 3.04639 0.202712
904.906 3.10986 0.205107
904.906 3.17333 0.206676
904.906 3.23679 0.207413
904.906 3.30026 0.207315
904.906 3.36373 0.206383
904.906 3.42719 0.204619
904.906 3.49066 0.202031
904.906 3.55413 0.198629
904.906 3.61759 0.194428
904.906 3.68106 0.189444
904.906 3.74452 0.183698
904.906 3.80799 0.177211
904.906 3.87146 0.170011
904.906 3.93492 0.162126
904.906 3.99839 0.153589
904.906 4.06186 0.144433
904.906 4.12532 0.134695
904.906 4.18879 0.124416
904.906 4.25226 0.113635
904.906 4.31572 0.102396
904.906 4.37919 0.0907456
904.906 4.44266 0.0787296
904.906 4.50612 0.0663964
904.906 4.56959 0.0537959
904.906 4.63306 0.0409789
904.906 4.69652 0.0279969
904.906 4.75999 0.0149019
904.906 4.82346 0.00174705
904.906 4.88692 -0.0114149
904.906 4.95039 -0.0245307
904.906 5.01385 -0.0375479
904.906 5.07732 -0.0504139
904.906 5.14079 -0.0630768
904.906 5.20425 -0.0754858
904.906 5.26772 -0.0875909
904.906 5.33119 -0.0993431
904.906 5.39465 -0.110696
904.906 5.45812 -0.121602
904.906 5.52159 -0.132019
904.906 5.58505 -0.141904
904.906 5.64852 -0.151218
904.906 5.71199 -0.159923
904.906 5.77545 -0.167984
904.906 5.83892 -0.175369
904.906 5.90239 -0.182047
904.906 5.96585 -0.187993
904.906 6.02932 -0.193181
904.906 6.09279 -0.197592
904.906 6.15625 -0.201207
904.906 6.21972 -0.204012
904.906 6.28319 -0.205995
905.907 0 0.0627523
905.907 0.0634665 0.070628
905.907 0.126933 0.0782192
905.907 0.1904 0.0854954
905.907 0.253866 0.0924275
905.907 0.317333 0.0989872
905.907 0.380799 0.105149
905.907 0.444266 0.110886
905.907 0.507732 0.116178
905.907 0.571199 0.121001
905.907 0.634665 0.125338
905.907 0.698132 0.129169
905.907 0.761598 0.132481
905.907 0.825065 0.135259
905.907 0.888531 0.137492
905.907 0.951998 0.139172
905.907 1.01546 0.140291
905.907 1.07893 0.140846
905.907 1.1424 0.140833
905.907 1.20586 0.140254
905.907 1.26933 0.139109
905.907 1.3328 0.137404
905.907 1.39626 0.135146
905.907 1.45973 0.132344
905.907 1.5232 0.129009
905.907 1.58666 0.125155
905.907 1.65013 0.120796
905.907 1.7136 0.115952
905.907 1.77706 0.11064
905.907 1.84053 0.104883
905.907 1.904 0.0987031
905.907 1.96746 0.0921259
905.907 2.03093 0.0851781
905.907 2.0944 0.0778871
905.907 2.15786 0.0702825
905.907 2.22133 0.0623949
905.907 2.28479 0.0542561
905.907 2.34826 0.0458989
905.907 2.41173 0.0373566
905.907 2.47519 0.0286642
905.907 2.53866 0.0198561
905.907 2.60213 0.0109684
905.907 2.66559 0.00203623
905.907 2.72906 -0.00690394
905.907 2.79253 -0.0158164
905.907 2.85599 -0.0246652
905.907 2.91946 -0.0334146
905.907 2.98293 -0.0420297
905.907 3.04639 -0.0504754
905.907 3.10986 -0.0587178
905.907 3.17333 -0.0667238
905.907 3.23679 -0.0744611
905.907 3.30026 -0.0818985
905.907 3.36373 -0.0890063
905.907 3.42719 -0.0957557
905.907 3.49066 -0.102119
905.907 3.55413 -0.108072
905.907 3.61759 -0.113589
905.907 3.68106 -0.118649
905.907 3.74452 -0.123232
905.907 3.80799 -0.127318
905.907 3.87146 -0.130891
905.907 3.93492 -0.133937
905.907 3.99839 -0.136444
905.907 4.06186 -0.138402
905.907 4.12532 -0.139802
905.907 4.18879 -0.140639
905.907 4.25226 -0.140911
905.907 4.31572 -0.140614
905.907 4.37919 -0.139752
905.907 4.44266 -0.138326
905.907 4.50612 -0.136344
905.907 4.56959 -0.133813
905.907 4.63306 -0.130743
905.907 4.69652 -0.127146
905.907 4.75999 -0.123038
905.907 4.82346 -0.118434
905.907 4.88692 -0.113353
905.907 4.95039 -0.107815
905.907 5.01385 -0.101844
905.907 5.07732 -0.0954625
905.907 5.14079 -0.0886967
905.907 5.20425 -0.0815736
905.907 5.26772 -0.074122
905.907 5.33119 -0.0663721
905.907 5.39465 -0.0583549
905.907 5.45812 -0.0501027
905.907 5.52159 -0.0416489
905.907 5.58505 -0.0330271
905.907 5.64852 -0.0242724
905.907 5.71199 -0.0154201
905.907 5.77545 -0.00650554
905.907 5.83892 0.00243511
905.907 5.90239 0.0113659
905.907 5.96585 0.0202511
905.907 6.02932 0.0290546
905.907 6.09279 0.0377412
905.907 6.15625 0.0462757
905.907 6.21972 0.0546239
905.907 6.28319 0.0627523
906.908 0 -0.0452417
906.908 0.0634665 -0.0326488
906.908 0.126933 -0.0199246
906.908 0.1904 -0.00712011
906.908 0.253866 0.00571314
906.908 0.317333 0.0185233
906.908 0.380799 0.0312589
906.908 0.444266 0.0438685
906.908 0.507732 0.0563017
906.908 0.571199 0.068508
906.908 0.634665 0.0804385
906.908 0.698132 0.0920451
906.908 0.761598 0.103281
906.908 0.825065 0.114101
906.908 0.888531 0.124462
906.908 0.951998 0.134321
906.908 1.01546 0.14364
906.908 1.07893 0.15238
906.908 1.1424 0.160507
906.908 1.20586 0.167987
906.908 1.26933 0.174791
906.908 1.3328 0.180892
906.908 1.39626 0.186263
906.908 1.45973 0.190885
906.908 1.5232 0.194738
906.908 1.58666 0.197807
906.908 1.65013 0.200079
906.908 1.7136 0.201546
906.908 1.77706 0.202201
906.908 1.84053 0.202042
906.908 1.904 0.20107
906.908 1.96746 0.199288
906.908 2.03093 0.196703
906.908 2.0944 0.193326
906.908 2.15786 0.189171
906.908 2.22133 0.184255
906.908 2.28479 0.178596
906.908 2.34826 0.172218
906.908 2.41173 0.165146
906.908 2.47519 0.15741
906.908 2.53866 0.14904
906.908 2.60213 0.140069
906.908 2.66559 0.130535
906.908 2.72906 0.120475
906.908 2.79253 0.10993
906.908 2.85599 0.0989425
906.908 2.91946 0.0875563
906.908 2.98293 0.0758177
906.908 3.04639 0.0637738
906.908 3.10986 0.051473
906.908 3.17333 0.0389649
906.908 3.23679 0.0263
906.908 3.30026 0.0135292
906.908 3.36373 0.000703898
906.908 3.42719 -0.0121242
906.908 3.49066 -0.0249036
906.908 3.55413 -0.0375827
906.908 3.61759 -0.0501104
906.908 3.68106 -0.0624362
906.908 3.74452 -0.0745108
906.908 3.80799 -0.0862853
906.908 3.87146 -0.0977124
906.908 3.93492 -0.108746
906.908 3.99839 -0.119342
906.908 4.06186 -0.129457
906.908 4.12532 -0.139051
906.908 4.18879 -0.148085
906.908 4.25226 -0.156522
906.908 4.31572 -0.16433
906.908 4.37919 -0.171476
906.908 4.44266 -0.177931
906.908 4.50612 -0.18367
906.908 4.56959 -0.188669
906.908 4.63306 -0.192908
906.908 4.69652 -0.196371
906.908 4.75999 -0.199043
906.908 4.82346 -0.200914
906.908 4.88692 -0.201975
906.908 4.95039 -0.202224
906.908 5.01385 -0.201658
906.908 5.07732 -0.20028
906.908 5.14079 -0.198095
906.908 5.20425 -0.195113
906.908 5.26772 -0.191345
906.908 5.33119 -0.186807
906.908 5.39465 -0.181517
906.908 5.45812 -0.175495
906.908 5.52159 -0.168767
906.908 5.58505 -0.16136
906.908 5.64852 -0.153302
906.908 5.71199 -0.144628
906.908 5.77545 -0.135371
906.908 5.83892 -0.125569
906.908 5.90239 -0.115261
906.908 5.96585 -0.104489
906.908 6.02932 -0.0932963
906.908 6.09279 -0.0817281
906.908 6.15625 -0.0698309
906.908 6.21972 -0.0576524
906.908 6.28319 -0.0452416
907.909 0 -0.208881
907.909 0.0634665 -0.196381
907.909 0.126933 -0.18309
907.909 0.1904 -0.169062
907.909 0.253866 -0.154353
907.909 0.317333 -0.139023
907.909 0.380799 -0.123133
907.909 0.444266 -0.106747
907.909 0.507732 -0.0899305
907.909 0.571199 -0.0727526
907.909 0.634665 -0.0552818
907.909 0.698132 -0.0375883
907.909 0.761598 -0.0197433
907.909 0.825065 -0.00181896
907.909 0.888531 0.0161127
907.909 0.951998 0.0339797
907.909 1.01546 0.0517095
907.909 1.07893 0.0692313
907.909 1.1424 0.0864743
907.909 1.20586 0.103369
907.909 1.26933 0.119848
907.909 1.3328 0.135844
907.909 1.39626 0.151293
907.909 1.45973 0.166132
907.909 1.5232 0.180303
907.909 1.58666 0.193748
907.909 1.65013 0.206413
907.909 1.7136 0.218246
907.909 1.77706 0.229201
907.909 1.84053 0.239233
907.909 1.904 0.248301
907.909 1.96746 0.25637
907.909 2.03093 0.263406
907.909 2.0944 0.269382
907.909 2.15786 0.274273
907.909 2.22133 0.27806
907.909 2.28479 0.280727
907.909 2.34826 0.282263
907.909 2.41173 0.282663
907.909 2.47519 0.281925
907.909 2.53866 0.280052
907.909 2.60213 0.277051
907.909 2.66559 0.272934
907.909 2.72906 0.267718
907.909 2.79253 0.261424
907.909 2.85599 0.254078
907.909 2.91946 0.245709
907.909 2.98293 0.23635
907.909 3.04639 0.22604
907.909 3.10986 0.214819
907.909 3.17333 0.202733
907.909 3.23679 0.189831
907.909 3.30026 0.176165
907.909 3.36373 0.161789
907.909 3.42719 0.146762
907.909 3.49066 0.131144
907.909 3.55413 0.114997
907.909 3.61759 0.0983881
907.909 3.68106 0.0813826
907.909 3.74452 0.0640496
907.909 3.80799 0.0464583
907.909 3.87146 0.0286802
907.909 3.93492 0.0107867
907.909 3.99839 -0.00715046
907.909 4.06186 -0.0250587
907.909 4.12532 -0.0428661
907.909 4.18879 -0.0605008
907.909 4.25226 -0.077892
907.909 4.31572 -0.0949693
907.909 4.37919 -0.111665
907.909 4.44266 -0.12791
907.909 4.50612 -0.14364
907.909 4.56959 -0.158792
907.909 4.63306 -0.173305
907.909 4.69652 -0.18712
907.909 4.75999 -0.200181
907.909 4.82346 -0.212437
907.909 4.88692 -0.223836
907.909 4.95039 -0.234335
907.909 5.01385 -0.24389
907.909 5.07732 -0.252463
907.909 5.14079 -0.260019
907.909 5.20425 -0.266528
907.909 5.26772 -0.271964
907.909 5.33119 -0.276305
907.909 5.39465 -0.279534
907.909 5.45812 -0.281637
907.909 5.52159 -0.282606
907.909 5.58505 -0.282436
907.909 5.64852 -0.28113
907.909 5.71199 -0.278692
907.909 5.77545 -0.275131
907.909 5.83892 -0.270462
907.909 5.90239 -0.264705
907.909 5.96585 -0.257881
907.909 6.02932 -0.250019
907.909 6.09279 -0.241151
907.909 6.15625 -0.231311
907.909 6.21972 -0.22054
907.909 6.28319 -0.208881
908.91 0 0.333531
908.91 0.0634665 0.327387
908.91 0.126933 0.319925
908.91 0.1904 0.311175
908.91 0.253866 0.301172
908.91 0.317333 0.289956
908.91 0.380799 0.277573
908.91 0.444266 0.264071
908.91 0.507732 0.249507
908.91 0.571199 0.233938
908.91 0.634665 0.217427
908.91 0.698132 0.20004
908.91 0.761598 0.181848
908.91 0.825065 0.162924
908.91 0.888531 0.143343
908.91 0.951998 0.123186
908.91 1.01546 0.102532
908.91 1.07893 0.0814657
908.91 1.1424 0.0600712
908.91 1.20586 0.0384349
908.91 1.26933 0.0166437
908.91 1.3328 -0.00521444
908.91 1.39626 -0.0270515
908.91 1.45973 -0.0487797
908.91 1.5232 -0.0703115
908.91 1.58666 -0.0915602
908.91 1.65013 -0.11244
908.91 1.7136 -0.132867
908.91 1.77706 -0.15276
908.91 1.84053 -0.172037
908.91 1.904 -0.190621
908.91 1.96746 -0.208438
908.91 2.03093 -0.225415
908.91 2.0944 -0.241485
908.91 2.15786 -0.256583
908.91 2.22133 -0.270647
908.91 2.28479 -0.283621
908.91 2.34826 -0.295454
908.91 2.41173 -0.306096
908.91 2.47519 -0.315507
908.91 2.53866 -0.323647
908.91 2.60213 -0.330483
908.91 2.66559 -0.335989
908.91 2.72906 -0.340142
908.91 2.79253 -0.342925
908.91 2.85599 -0.344328
908.91 2.91946 -0.344344
908.91 2.98293 -0.342973
908.91 3.04639 -0.340222
908.91 3.10986 -0.3361
908.91 3.17333 -0.330626
908.91 3.23679 -0.323819
908.91 3.30026 -0.315709
908.91 3.36373 -0.306328
908.91 3.42719 -0.295713
908.91 3.49066 -0.283907
908.91 3.55413 -0.270958
908.91 3.61759 -0.256919
908.91 3.68106 -0.241844
908.91 3.74452 -0.225796
908.91 3.80799 -0.208838
908.91 3.87146 -0.19104
908.91 3.93492 -0.172473
908.91 3.99839 -0.153211
908.91 4.06186 -0.133332
908.91 4.12532 -0.112916
908.91 4.18879 -0.0920452
908.91 4.25226 -0.070804
908.91 4.31572 -0.0492778
908.91 4.37919 -0.0275531
908.91 4.44266 -0.00571762
908.91 4.50612 0.0161411
908.91 4.56959 0.0379346
908.91 4.63306 0.0595755
908.91 4.69652 0.0809767
908.91 4.75999 0.102052
908.91 4.82346 0.122716
908.91 4.88692 0.142886
908.91 4.95039 0.16248
908.91 5.01385 0.18142
908.91 5.07732 0.19963
908.91 5.14079 0.217036
908.91 5.20425 0.233568
908.91 5.26772 0.249159
908.91 5.33119 0.263748
908.91 5.39465 0.277274
908.91 5.45812 0.289684
908.91 5.52159 0.300927
908.91 5.58505 0.310958
908.91 5.64852 0.319738
908.91 5.71199 0.32723
908.91 5.77545 0.333404
908.91 5.83892 0.338236
908.91 5.90239 0.341705
908.91 5.96585 0.3438
908.91 6.02932 0.344509
908.91 6.09279 0.343832
908.91 6.15625 0.34177
908.91 6.21972 0.338331
908.91 6.28319 0.333531
909.911 0 -0.142981
909.911 0.0634665 -0.135549
909.911 0.126933 -0.127571
909.911 0.1904 -0.11908
909.911 0.253866 -0.110109
909.911 0.317333 -0.100694
909.911 0.380799 -0.0908743
909.911 0.444266 -0.0806884
909.911 0.507732 -0.0701779
909.911 0.571199 -0.0593848
909.911 0.634665 -0.0483521
909.911 0.698132 -0.0371249
909.911 0.761598 -0.0257487
909.911 0.825065 -0.0142685
909.911 0.888531 -0.00273061
909.911 0.951998 0.00881815
909.911 1.01546 0.0203314
909.911 1.07893 0.0317627
909.911 1.1424 0.043066
909.911 1.20586 0.0541961
909.911 1.26933 0.065108
909.911 1.3328 0.0757576
909.911 1.39626 0.086102
909.911 1.45973 0.0960999
909.911 1.5232 0.105711
909.911 1.58666 0.114896
909.911 1.65013 0.123619
909.911 1.7136 0.131844
909.911 1.77706 0.139538
909.911 1.84053 0.14667
909.911 1.904 0.153211
909.911 1.96746 0.159136
909.911 2.03093 0.16442
909.911 2.0944 0.169041
909.911 2.15786 0.172982
909.911 2.22133 0.176227
909.911 2.28479 0.178762
909.911 2.34826 0.180577
909.911 2.41173 0.181665
909.911 2.47519 0.182021
909.911 2.53866 0.181645
909.911 2.60213 0.180537
909.911 2.66559 0.178702
909.911 2.72906 0.176148
909.911 2.79253 0.172884
909.911 2.85599 0.168924
909.911 2.91946 0.164284
909.911 2.98293 0.158983
909.911 3.04639 0.153041
909.911 3.10986 0.146483
909.911 3.17333 0.139335
909.911 3.23679 0.131626
909.911 3.30026 0.123387
909.911 3.36373 0.114652
909.911 3.42719 0.105454
909.911 3.49066 0.0958324
909.911 3.55413 0.0858249
909.911 3.61759 0.0754711
909.911 3.68106 0.0648138
909.911 3.74452 0.0538955
909.911 3.80799 0.0427605
909.911 3.87146 0.0314528
909.911 3.93492 0.0200186
909.911 3.99839 0.00850388
909.911 4.06186 -0.00304551
909.911 4.12532 -0.0145822
909.911 4.18879 -0.0260602
909.911 4.25226 -0.0374334
909.911 4.31572 -0.0486556
909.911 4.37919 -0.059682
909.911 4.44266 -0.0704681
909.911 4.50612 -0.0809705
909.911 4.56959 -0.091147
909.911 4.63306 -0.100956
909.911 4.69652 -0.110359
909.911 4.75999 -0.119317
909.911 4.82346 -0.127795
909.911 4.88692 -0.135759
909.911 4.95039 -0.143176
909.911 5.01385 -0.150016
909.911 5.07732 -0.156252
909.911 5.14079 -0.161859
909.911 5.20425 -0.166814
909.911 5.26772 -0.171098
909.911 5.33119 -0.174693
909.911 5.39465 -0.177584
909.911 5.45812 -0.17976
909.911 5.52159 -0.181212
909.911 5.58505 -0.181935
909.911 5.64852 -0.181925
909.911 5.71199 -0.181182
909.911 5.77545 -0.17971
909.911 5.83892 -0.177514
909.911 5.90239 -0.174604
909.911 5.96585 -0.17099
909.911 6.02932 -0.166688
909.911 6.09279 -0.161715
909.911 6.15625 -0.156091
909.911 6.21972 -0.149838
909.911 6.28319 -0.142981
910.912 0 -0.418796
910.912 0.0634665 -0.398353
910.912 0.126933 -0.376307
910.912 0.1904 -0.352745
910.912 0.253866 -0.327763
910.912 0.317333 -0.301462
910.912 0.380799 -0.273946
910.912 0.444266 -0.245327
910.912 0.507732 -0.21572
910.912 0.571199 -0.185245
910.912 0.634665 -0.154023
910.912 0.698132 -0.122182
910.912 0.761598 -0.0898486
910.912 0.825065 -0.0571534
910.912 0.888531 -0.024228
910.912 0.951998 0.00879488
910.912 1.01546 0.0417823
910.912 1.07893 0.0746016
910.912 1.1424 0.107121
910.912 1.20586 0.139208
910.912 1.26933 0.170735
910.912 1.3328 0.201574
910.912 1.39626 0.231602
910.912 1.45973 0.260697
910.912 1.5232 0.288743
910.912 1.58666 0.315626
910.912 1.65013 0.341238
910.912 1.7136 0.365476
910.912 1.77706 0.388242
910.912 1.84053 0.409445
910.912 1.904 0.428999
910.912 1.96746 0.446825
910.912 2.03093 0.462853
910.912 2.0944 0.477017
910.912 2.15786 0.48926
910.912 2.22133 0.499534
910.912 2.28479 0.507795
910.912 2.34826 0.514012
910.912 2.41173 0.518158
910.912 2.47519 0.52022
910.912 2.53866 0.520185
910.912 2.60213 0.518057
910.912 2.66559 0.513842
910.912 2.72906 0.507558
910.912 2.79253 0.499231
910.912 2.85599 0.488892
910.912 2.91946 0.476587
910.912 2.98293 0.462361
910.912 3.04639 0.446274
910.912 3.10986 0.42839
910.912 3.17333 0.40878
910.912 3.23679 0.387525
910.912 3.30026 0.36471
910.912 3.36373 0.340426
910.912 3.42719 0.314771
910.912 3.49066 0.287848
910.912 3.55413 0.259767
910.912 3.61759 0.23064
910.912 3.68106 0.200583
910.912 3.74452 0.16972
910.912 3.80799 0.138172
910.912 3.87146 0.106069
910.912 3.93492 0.073538
910.912 3.99839 0.0407113
910.912 4.06186 0.00772042
910.912 4.12532 -0.0253014
910.912 4.18879 -0.0582213
910.912 4.25226 -0.0909069
910.912 4.31572 -0.123226
910.912 4.37919 -0.15505
910.912 4.44266 -0.186248
910.912 4.50612 -0.216697
910.912 4.56959 -0.246274
910.912 4.63306 -0.274859
910.912 4.69652 -0.302337
910.912 4.75999 -0.328597
910.912 4.82346 -0.353535
910.912 4.88692 -0.377049
910.912 4.95039 -0.399044
910.912 5.01385 -0.419433
910.912 5.07732 -0.438133
910.912 5.14079 -0.455069
910.912 5.20425 -0.470172
910.912 5.26772 -0.483382
910.912 5.33119 -0.494646
910.912 5.39465 -0.503918
910.912 5.45812 -0.511161
910.912 5.52159 -0.516345
910.912 5.58505 -0.519451
910.912 5.64852 -0.520464
910.912 5.71199 -0.519383
910.912 5.77545 -0.516209
910.912 5.83892 -0.510957
910.912 5.90239 -0.503648
910.912 5.96585 -0.494311
910.912 6.02932 -0.482983
910.912 6.09279 -0.46971
910.912 6.15625 -0.454546
910.912 6.21972 -0.437552
910.912 6.28319 -0.418795
911.913 0 -0.00886723
911.913 0.0634665 0.0107595
911.913 0.126933 0.0303428
911.913 0.1904 0.0498042
911.913 0.253866 0.069065
911.913 0.317333 0.0880475
911.913 0.380799 0.106676
911.913 0.444266 0.124874
911.913 0.507732 0.14257
911.913 0.571199 0.159691
911.913 0.634665 0.17617
911.913 0.698132 0.191939
911.913 0.761598 0.206935
911.913 0.825065 0.221098
911.913 0.888531 0.234372
911.913 0.951998 0.2467
911.913 1.01546 0.258036
911.913 1.07893 0.268333
911.913 1.1424 0.277549
911.913 1.20586 0.285648
911.913 1.26933 0.292597
911.913 1.3328 0.298367
911.913 1.39626 0.302936
911.913 1.45973 0.306284
911.913 1.5232 0.3084
911.913 1.58666 0.309274
911.913 1.65013 0.308902
911.913 1.7136 0.307287
911.913 1.77706 0.304435
911.913 1.84053 0.300356
911.913 1.904 0.295068
911.913 1.96746 0.288592
911.913 2.03093 0.280954
911.913 2.0944 0.272185
911.913 2.15786 0.262319
911.913 2.22133 0.251397
911.913 2.28479 0.239464
911.913 2.34826 0.226565
911.913 2.41173 0.212755
911.913 2.47519 0.198088
911.913 2.53866 0.182623
911.913 2.60213 0.166423
911.913 2.66559 0.149552
911.913 2.72906 0.13208
911.913 2.79253 0.114076
911.913 2.85599 0.0956118
911.913 2.91946 0.0767632
911.913 2.98293 0.0576055
911.913 3.04639 0.0382157
911.913 3.10986 0.0186722
911.913 3.17333 -0.00094667
911.913 3.23679 -0.0205615
911.913 3.30026 -0.0400938
911.913 3.36373 -0.0594645
911.913 3.42719 -0.0785958
911.913 3.49066 -0.0974106
911.913 3.55413 -0.115833
911.913 3.61759 -0.133789
911.913 3.68106 -0.151207
911.913 3.74452 -0.168015
911.913 3.80799 -0.184147
911.913 3.87146 -0.199538
911.913 3.93492 -0.214125
911.913 3.99839 -0.22785
911.913 4.06186 -0.240657
911.913 4.12532 -0.252496
911.913 4.18879 -0.263317
911.913 4.25226 -0.273079
911.913 4.31572 -0.28174
911.913 4.37919 -0.289267
911.913 4.44266 -0.29563
911.913 4.50612 -0.300802
911.913 4.56959 -0.304763
911.913 4.63306 -0.307497
911.913 4.69652 -0.308992
911.913 4.75999 -0.309244
911.913 4.82346 -0.30825
911.913 4.88692 -0.306015
911.913 4.95039 -0.302548
911.913 5.01385 -0.297862
911.913 5.07732 -0.291977
911.913 5.14079 -0.284916
911.913 5.20425 -0.276709
911.913 5.26772 -0.267386
911.913 5.33119 -0.256987
911.913 5.39465 -0.245554
911.913 5.45812 -0.233132
911.913 5.52159 -0.219771
911.913 5.58505 -0.205525
911.913 5.64852 -0.190451
911.913 5.71199 -0.174611
911.913 5.77545 -0.158067
911.913 5.83892 -0.140887
911.913 5.90239 -0.12314
911.913 5.96585 -0.104897
911.913 6.02932 -0.0862309
911.913 6.09279 -0.0672181
911.913 6.15625 -0.0479346
911.913 6.21972 -0.0284583
911.913 6.28319 -0.00886716
912.914 0 0.0064241
912.914 0.0634665 0.0111817
912.914 0.126933 0.0158944
912.914 0.1904 0.0205429
912.914 0.253866 0.0251089
912.914 0.317333 0.0295737
912.914 0.380799 0.0339194
912.914 0.444266 0.0381286
912.914 0.507732 0.042184
912.914 0.571199 0.0460697
912.914 0.634665 0.0497702
912.914 0.698132 0.05327
912.914 0.761598 0.0565552
912.914 0.825065 0.0596127
912.914 0.888531 0.0624303
912.914 0.951998 0.0649965
912.914 1.01546 0.067301
912.914 1.07893 0.0693346
912.914 1.1424 0.0710887
912.914 1.20586 0.0725569
912.914 1.26933 0.0737326
912.914 1.3328 0.0746116
912.914 1.39626 0.0751901
912.914 1.45973 0.075466
912.914 1.5232 0.0754379
912.914 1.58666 0.0751061
912.914 1.65013 0.0744718
912.914 1.7136 0.0735375
912.914 1.77706 0.0723073
912.914 1.84053 0.070786
912.914 1.904 0.0689794
912.914 1.96746 0.0668952
912.914 2.03093 0.0645416
912.914 2.0944 0.0619283
912.914 2.15786 0.0590653
912.914 2.22133 0.0559647
912.914 2.28479 0.0526386
912.914 2.34826 0.0491007
912.914 2.41173 0.0453651
912.914 2.47519 0.0414467
912.914 2.53866 0.0373614
912.914 2.60213 0.0331257
912.914 2.66559 0.0287567
912.914 2.72906 0.0242718
912.914 2.79253 0.0196891
912.914 2.85599 0.0150274
912.914 2.91946 0.0103049
912.914 2.98293 0.00554128
912.914 3.04639 0.000754736
912.914 3.10986 -0.00403432
912.914 3.17333 -0.00880722
912.914 3.23679 -0.0135448
912.914 3.30026 -0.0182279
912.914 3.36373 -0.0228374
912.914 3.42719 -0.0273548
912.914 3.49066 -0.0317624
912.914 3.55413 -0.0360421
912.914 3.61759 -0.0401765
912.914 3.68106 -0.0441493
912.914 3.74452 -0.0479442
912.914 3.80799 -0.0515458
912.914 3.87146 -0.0549403
912.914 3.93492 -0.0581132
912.914 3.99839 -0.0610523
912.914 4.06186 -0.0637458
912.914 4.12532 -0.0661821
912.914 4.18879 -0.0683523
912.914 4.25226 -0.0702471
912.914 4.31572 -0.071859
912.914 4.37919 -0.0731815
912.914 4.44266 -0.0742096
912.914 4.50612 -0.0749386
912.914 4.56959 -0.0753661
912.914 4.63306 -0.0754899
912.914 4.69652 -0.0753098
912.914 4.75999 -0.0748265
912.914 4.82346 -0.0740419
912.914 4.88692 -0.0729591
912.914 4.95039 -0.0715825
912.914 5.01385 -0.0699178
912.914 5.07732 -0.0679715
912.914 5.14079 -0.0657515
912.914 5.20425 -0.0632667
912.914 5.26772 -0.0605272
912.914 5.33119 -0.057544
912.914 5.39465 -0.054329
912.914 5.45812 -0.0508953
912.914 5.52159 -0.0472567
912.914 5.58505 -0.0434278
912.914 5.64852 -0.0394239
912.914 5.71199 -0.0352614
912.914 5.77545 -0.0309568
912.914 5.83892 -0.0265276
912.914 5.90239 -0.0219917
912.914 5.96585 -0.0173671
912.914 6.02932 -0.0126726
912.914 6.09279 -0.00792687
912.914 6.15625 -0.00314958
912.914 6.21972 0.00164061
912.914 6.28319 0.00642404
913.915 0 0.08289
913.915 0.0634665 0.0731602
913.915 0.126933 0.0631355
913.915 0.1904 0.0528569
913.915 0.253866 0.0423652
913.915 0.317333 0.0317031
913.915 0.380799 0.0209133
913.915 0.444266 0.0100393
913.915 0.507732 -0.000875085
913.915 0.571199 -0.0117861
913.915 0.634665 -0.0226496
913.915 0.698132 -0.0334218
913.915 0.761598 -0.0440595
913.915 0.825065 -0.0545198
913.915 0.888531 -0.0647606
913.915 0.951998 -0.0747405
913.915 1.01546 -0.0844195
913.915 1.07893 -0.0937585
913.915 1.1424 -0.10272
913.915 1.20586 -0.111268
913.915 1.26933 -0.119368
913.915 1.3328 -0.126987
913.915 1.39626 -0.134095
913.915 1.45973 -0.140663
913.915 1.5232 -0.146665
913.915 1.58666 -0.152076
913.915 1.65013 -0.156874
913.915 1.7136 -0.161041
913.915 1.77706 -0.16456
913.915 1.84053 -0.167416
913.915 1.904 -0.169597
913.915 1.96746 -0.171096
913.915 2.03093 -0.171906
913.915 2.0944 -0.172024
913.915 2.15786 -0.171449
913.915 2.22133 -0.170184
913.915 2.28479 -0.168233
913.915 2.34826 -0.165605
913.915 2.41173 -0.16231
913.915 2.47519 -0.158362
913.915 2.53866 -0.153776
913.915 2.60213 -0.14857
913.915 2.66559 -0.142767
913.915 2.72906 -0.136388
913.915 2.79253 -0.129461
913.915 2.85599 -0.122012
913.915 2.91946 -0.114072
913.915 2.98293 -0.105672
913.915 3.04639 -0.0968471
913.915 3.10986 -0.0876322
913.915 3.17333 -0.0780643
913.915 3.23679 -0.0681822
913.915 3.30026 -0.0580255
913.915 3.36373 -0.047635
913.915 3.42719 -0.0370528
913.915 3.49066 -0.0263215
913.915 3.55413 -0.0154841
913.915 3.61759 -0.00458436
913.915 3.68106 0.0063339
913.915 3.74452 0.0172265
913.915 3.80799 0.0280498
913.915 3.87146 0.0387602
913.915 3.93492 0.0493144
913.915 3.99839 0.0596702
913.915 4.06186 0.0697857
913.915 4.12532 0.0796201
913.915 4.18879 0.089134
913.915 4.25226 0.098289
913.915 4.31572 0.107048
913.915 4.37919 0.115376
913.915 4.44266 0.12324
913.915 4.50612 0.130607
913.915 4.56959 0.137448
913.915 4.63306 0.143736
913.915 4.69652 0.149446
913.915 4.75999 0.154553
913.915 4.82346 0.159038
913.915 4.88692 0.162883
913.915 4.95039 0.166071
913.915 5.01385 0.168592
913.915 5.07732 0.170433
913.915 5.14079 0.171588
913.915 5.20425 0.172052
913.915 5.26772 0.171823
913.915 5.33119 0.170902
913.915 5.39465 0.169293
913.915 5.45812 0.167003
913.915 5.52159 0.16404
913.915 5.58505 0.160416
913.915 5.64852 0.156147
913.915 5.71199 0.151249
913.915 5.77545 0.145742
913.915 5.83892 0.139648
913.915 5.90239 0.132991
913.915 5.96585 0.1258
913.915 6.02932 0.118101
913.915 6.09279 0.109927
913.915 6.15625 0.101311
913.915 6.21972 0.092286
913.915 6.28319 0.0828899
914.916 0 0.0854952
914.916 0.0634665 0.0998785
914.916 0.126933 0.11386
914.916 0.1904 0.127382
914.916 0.253866 0.140392
914.916 0.317333 0.152836
914.916 0.380799 0.164665
914.916 0.444266 0.175831
914.916 0.507732 0.186289
914.916 0.571199 0.195997
914.916 0.634665 0.204916
914.916 0.698132 0.213009
914.916 0.761598 0.220245
914.916 0.825065 0.226594
914.916 0.888531 0.232031
914.916 0.951998 0.236533
914.916 1.01546 0.240083
914.916 1.07893 0.242666
914.916 1.1424 0.244272
914.916 1.20586 0.244894
914.916 1.26933 0.24453
914.916 1.3328 0.243182
914.916 1.39626 0.240854
914.916 1.45973 0.237557
914.916 1.5232 0.233303
914.916 1.58666 0.228109
914.916 1.65013 0.221997
914.916 1.7136 0.214992
914.916 1.77706 0.20712
914.916 1.84053 0.198414
914.916 1.904 0.18891
914.916 1.96746 0.178645
914.916 2.03093 0.16766
914.916 2.0944 0.156
914.916 2.15786 0.143713
914.916 2.22133 0.130846
914.916 2.28479 0.117453
914.916 2.34826 0.103587
914.916 2.41173 0.0893034
914.916 2.47519 0.0746604
914.916 2.53866 0.0597168
914.916 2.60213 0.0445327
914.916 2.66559 0.0291694
914.916 2.72906 0.0136886
914.916 2.79253 -0.00184745
914.916 2.85599 -0.017376
914.916 2.91946 -0.0328345
914.916 2.98293 -0.0481608
914.916 3.04639 -0.0632932
914.916 3.10986 -0.0781708
914.916 3.17333 -0.0927336
914.916 3.23679 -0.106923
914.916 3.30026 -0.120682
914.916 3.36373 -0.133955
914.916 3.42719 -0.146688
914.916 3.49066 -0.158831
914.916 3.55413 -0.170334
914.916 3.61759 -0.181152
914.916 3.68106 -0.19124
914.916 3.74452 -0.200557
914.916 3.80799 -0.209068
914.916 3.87146 -0.216736
914.916 3.93492 -0.223532
914.916 3.99839 -0.229428
914.916 4.06186 -0.2344
914.916 4.12532 -0.238428
914.916 4.18879 -0.241496
914.916 4.25226 -0.243591
914.916 4.31572 -0.244706
914.916 4.37919 -0.244835
914.916 4.44266 -0.243979
914.916 4.50612 -0.24214
914.916 4.56959 -0.239326
914.916 4.63306 -0.235548
914.916 4.69652 -0.230822
914.916 4.75999 -0.225167
914.916 4.82346 -0.218604
914.916 4.88692 -0.211162
914.916 4.95039 -0.202869
914.916 5.01385 -0.19376
914.916 5.07732 -0.18387
914.916 5.14079 -0.17324
914.916 5.20425 -0.161912
914.916 5.26772 -0.149932
914.916 5.33119 -0.137349
914.916 5.39465 -0.124212
914.916 5.45812 -0.110575
914.916 5.52159 -0.0964936
914.916 5.58505 -0.0820232
914.916 5.64852 -0.0672225
914.916 5.71199 -0.052151
914.916 5.77545 -0.0368697
914.916 5.83892 -0.0214397
914.916 5.90239 -0.00592352
914.916 5.96585 0.00961653
914.916 6.02932 0.0251179
914.916 6.09279 0.0405181
914.916 6.15625 0.0557551
914.916 6.21972 0.0707675
914.916 6.28319 0.0854951
915.917 0 -0.0322342
915.917 0.0634665 -0.024308
915.917 0.126933 -0.0162838
915.917 0.1904 -0.00819402
915.917 0.253866 -7.14164e-05
915.917 0.317333 0.00805168
915.917 0.380799 0.0161423
915.917 0.444266 0.0241679
915.917 0.507732 0.0320961
915.917 0.571199 0.039895
915.917 0.634665 0.0475335
915.917 0.698132 0.0549805
915.917 0.761598 0.0622062
915.917 0.825065 0.0691814
915.917 0.888531 0.0758778
915.917 0.951998 0.0822688
915.917 1.01546 0.0883285
915.917 1.07893 0.0940326
915.917 1.1424 0.0993581
915.917 1.20586 0.104283
915.917 1.26933 0.108789
915.917 1.3328 0.112856
915.917 1.39626 0.116469
915.917 1.45973 0.119613
915.917 1.5232 0.122276
915.917 1.58666 0.124446
915.917 1.65013 0.126114
915.917 1.7136 0.127276
915.917 1.77706 0.127924
915.917 1.84053 0.128058
915.917 1.904 0.127675
915.917 1.96746 0.126779
915.917 2.03093 0.125372
915.917 2.0944 0.123461
915.917 2.15786 0.121052
915.917 2.22133 0.118156
915.917 2.28479 0.114784
915.917 2.34826 0.11095
915.917 2.41173 0.106669
915.917 2.47519 0.101958
915.917 2.53866 0.0968374
915.917 2.60213 0.0913265
915.917 2.66559 0.085448
915.917 2.72906 0.0792253
915.917 2.79253 0.0726836
915.917 2.85599 0.0658492
915.917 2.91946 0.0587496
915.917 2.98293 0.0514135
915.917 3.04639 0.0438704
915.917 3.10986 0.0361506
915.917 3.17333 0.0282853
915.917 3.23679 0.0203061
915.917 3.30026 0.0122451
915.917 3.36373 0.00413484
915.917 3.42719 -0.00399219
915.917 3.49066 -0.0121031
915.917 3.55413 -0.0201653
915.917 3.61759 -0.0281462
915.917 3.68106 -0.0360138
915.917 3.74452 -0.0437363
915.917 3.80799 -0.0512828
915.917 3.87146 -0.0586228
915.917 3.93492 -0.0657267
915.917 3.99839 -0.072566
915.917 4.06186 -0.0791131
915.917 4.12532 -0.0853417
915.917 4.18879 -0.0912265
915.917 4.25226 -0.0967441
915.917 4.31572 -0.101872
915.917 4.37919 -0.10659
915.917 4.44266 -0.110878
915.917 4.50612 -0.11472
915.917 4.56959 -0.118101
915.917 4.63306 -0.121005
915.917 4.69652 -0.123423
915.917 4.75999 -0.125343
915.917 4.82346 -0.126759
915.917 4.88692 -0.127664
915.917 4.95039 -0.128055
915.917 5.01385 -0.127931
915.917 5.07732 -0.127291
915.917 5.14079 -0.126139
915.917 5.20425 -0.124479
915.917 5.26772 -0.122318
915.917 5.33119 -0.119664
915.917 5.39465 -0.116529
915.917 5.45812 -0.112924
915.917 5.52159 -0.108864
915.917 5.58505 -0.104366
915.917 5.64852 -0.099448
915.917 5.71199 -0.0941295
915.917 5.77545 -0.0884319
915.917 5.83892 -0.0823781
915.917 5.90239 -0.0759927
915.917 5.96585 -0.0693013
915.917 6.02932 -0.0623308
915.917 6.09279 -0.0551093
915.917 6.15625 -0.047666
915.917 6.21972 -0.0400307
915.917 6.28319 -0.0322342
916.918 0 -0.272724
916.918 0.0634665 -0.255645
916.918 0.126933 -0.237536
916.918 0.1904 -0.218471
916.918 0.253866 -0.198526
916.918 0.317333 -0.177782
916.918 0.380799 -0.156322
916.918 0.444266 -0.134233
916.918 0.507732 -0.111603
916.918 0.571199 -0.0885232
916.918 0.634665 -0.0650873
916.918 0.698132 -0.0413894
916.918 0.761598 -0.0175248
916.918 0.825065 0.00641029
916.918 0.888531 0.0303197
916.918 0.951998 0.054107
916.918 1.01546 0.0776765
916.918 1.07893 0.100933
916.918 1.1424 0.123783
916.918 1.20586 0.146135
916.918 1.26933 0.167898
916.918 1.3328 0.188985
916.918 1.39626 0.209312
916.918 1.45973 0.228795
916.918 1.5232 0.247357
916.918 1.58666 0.264924
916.918 1.65013 0.281423
916.918 1.7136 0.296789
916.918 1.77706 0.31096
916.918 1.84053 0.323879
916.918 1.904 0.335494
916.918 1.96746 0.345758
916.918 2.03093 0.35463
916.918 2.0944 0.362074
916.918 2.15786 0.368059
916.918 2.22133 0.372563
916.918 2.28479 0.375567
916.918 2.34826 0.377058
916.918 2.41173 0.377031
916.918 2.47519 0.375486
916.918 2.53866 0.372429
916.918 2.60213 0.367872
916.918 2.66559 0.361834
916.918 2.72906 0.354339
916.918 2.79253 0.345417
916.918 2.85599 0.335104
916.918 2.91946 0.323442
916.918 2.98293 0.310478
916.918 3.04639 0.296263
916.918 3.10986 0.280856
916.918 3.17333 0.264317
916.918 3.23679 0.246715
916.918 3.30026 0.228118
916.918 3.36373 0.208604
916.918 3.42719 0.188249
916.918 3.49066 0.167136
916.918 3.55413 0.145351
916.918 3.61759 0.122979
916.918 3.68106 0.100113
916.918 3.74452 0.0768439
916.918 3.80799 0.0532652
916.918 3.87146 0.0294719
916.918 3.93492 0.00556005
916.918 3.99839 -0.0183743
916.918 4.06186 -0.0422346
916.918 4.12532 -0.0659249
916.918 4.18879 -0.0893497
916.918 4.25226 -0.112415
916.918 4.31572 -0.135027
916.918 4.37919 -0.157096
916.918 4.44266 -0.178532
916.918 4.50612 -0.199249
916.918 4.56959 -0.219164
916.918 4.63306 -0.238196
916.918 4.69652 -0.256269
916.918 4.75999 -0.273311
916.918 4.82346 -0.289252
916.918 4.88692 -0.304028
916.918 4.95039 -0.31758
916.918 5.01385 -0.329853
916.918 5.07732 -0.340797
916.918 5.14079 -0.35037
916.918 5.20425 -0.358532
916.918 5.26772 -0.36525
916.918 5.33119 -0.370498
916.918 5.39465 -0.374253
916.918 5.45812 -0.376502
916.918 5.52159 -0.377234
916.918 5.58505 -0.376448
916.918 5.64852 -0.374146
916.918 5.71199 -0.370337
916.918 5.77545 -0.365037
916.918 5.83892 -0.358267
916.918 5.90239 -0.350054
916.918 5.96585 -0.340432
916.918 6.02932 -0.329439
916.918 6.09279 -0.31712
916.918 6.15625 -0.303524
916.918 6.21972 -0.288705
916.918 6.28319 -0.272724
917.919 0 -0.0132191
917.919 0.0634665 -0.0116824
917.919 0.126933 -0.0100989
917.919 0.1904 -0.00847447
917.919 0.253866 -0.00681607
917.919 0.317333 -0.00513009
917.919 0.380799 -0.00342351
917.919 0.444266 -0.00170327
917.919 0.507732 2.40333e-05
917.919 0.571199 0.00175112
917.919 0.634665 0.00347113
917.919 0.698132 0.00517728
917.919 0.761598 0.00686245
917.919 0.825065 0.00852025
917.919 0.888531 0.0101434
917.919 0.951998 0.0117259
917.919 1.01546 0.0132611
917.919 1.07893 0.014743
917.919 1.1424 0.0161655
917.919 1.20586 0.0175228
917.919 1.26933 0.0188097
917.919 1.3328 0.0200207
917.919 1.39626 0.0211512
917.919 1.45973 0.0221965
917.919 1.5232 0.0231524
917.919 1.58666 0.0240152
917.919 1.65013 0.0247811
917.919 1.7136 0.0254473
917.919 1.77706 0.026011
917.919 1.84053 0.02647
917.919 1.904 0.0268224
917.919 1.96746 0.0270668
917.919 2.03093 0.0272022
917.919 2.0944 0.0272283
917.919 2.15786 0.0271445
917.919 2.22133 0.0269514
917.919 2.28479 0.0266498
917.919 2.34826 0.026241
917.919 2.41173 0.0257264
917.919 2.47519 0.0251081
917.919 2.53866 0.0243891
917.919 2.60213 0.0235716
917.919 2.66559 0.0226592
917.919 2.72906 0.0216557
917.919 2.79253 0.0205648
917.919 2.85599 0.0193911
917.919 2.91946 0.0181396
917.919 2.98293 0.0168147
917.919 3.04639 0.0154224
917.919 3.10986 0.0139677
917.919 3.17333 0.0124572
917.919 3.23679 0.0108962
917.919 3.30026 0.00929139
917.919 3.36373 0.00764902
917.919 3.42719 0.00597608
917.919 3.49066 0.00427903
917.919 3.55413 0.00256484
917.919 3.61759 0.000840035
917.919 3.68106 -0.000888066
917.919 3.74452 -0.00261243
917.919 3.80799 -0.0043266
917.919 3.87146 -0.00602289
917.919 3.93492 -0.00769521
917.919 3.99839 -0.00933662
917.919 4.06186 -0.0109401
917.919 4.12532 -0.0124999
917.919 4.18879 -0.0140091
917.919 4.25226 -0.015462
917.919 4.31572 -0.0168526
917.919 4.37919 -0.0181753
917.919 4.44266 -0.019425
917.919 4.50612 -0.0205963
917.919 4.56959 -0.0216848
917.919 4.63306 -0.0226859
917.919 4.69652 -0.0235956
917.919 4.75999 -0.0244104
917.919 4.82346 -0.0251267
917.919 4.88692 -0.0257422
917.919 4.95039 -0.0262538
917.919 5.01385 -0.0266597
917.919 5.07732 -0.0269581
917.919 5.14079 -0.0271484
917.919 5.20425 -0.027229
917.919 5.26772 -0.0272
917.919 5.33119 -0.0270617
917.919 5.39465 -0.0268142
917.919 5.45812 -0.0264586
917.919 5.52159 -0.0259968
917.919 5.58505 -0.0254302
917.919 5.64852 -0.0247611
917.919 5.71199 -0.0239924
917.919 5.77545 -0.023127
917.919 5.83892 -0.0221686
917.919 5.90239 -0.0211208
917.919 5.96585 -0.0199882
917.919 6.02932 -0.018775
917.919 6.09279 -0.0174859
917.919 6.15625 -0.0161265
917.919 6.21972 -0.0147025
917.919 6.28319 -0.0132191
918.92 0 -0.184247
918.92 0.0634665 -0.167574
918.92 0.126933 -0.150226
918.92 0.1904 -0.132273
918.92 0.253866 -0.113788
918.92 0.317333 -0.0948446
918.92 0.380799 -0.0755192
918.92 0.444266 -0.05589
918.92 0.507732 -0.0360354
918.92 0.571199 -0.0160357
918.92 0.634665 0.00402827
918.92 0.698132 0.0240765
918.92 0.761598 0.0440274
918.92 0.825065 0.0638009
918.92 0.888531 0.0833177
918.92 0.951998 0.102499
918.92 1.01546 0.121268
918.92 1.07893 0.139548
918.92 1.1424 0.157266
918.92 1.20586 0.174351
918.92 1.26933 0.190735
918.92 1.3328 0.20635
918.92 1.39626 0.221134
918.92 1.45973 0.235027
918.92 1.5232 0.247975
918.92 1.58666 0.259924
918.92 1.65013 0.270826
918.92 1.7136 0.280637
918.92 1.77706 0.289319
918.92 1.84053 0.296836
918.92 1.904 0.303157
918.92 1.96746 0.308258
918.92 2.03093 0.312117
918.92 2.0944 0.31472
918.92 2.15786 0.316056
918.92 2.22133 0.316118
918.92 2.28479 0.314908
918.92 2.34826 0.31243
918.92 2.41173 0.308694
918.92 2.47519 0.303715
918.92 2.53866 0.297513
918.92 2.60213 0.290112
918.92 2.66559 0.281544
918.92 2.72906 0.271842
918.92 2.79253 0.261046
918.92 2.85599 0.249198
918.92 2.91946 0.236347
918.92 2.98293 0.222544
918.92 3.04639 0.207845
918.92 3.10986 0.192309
918.92 3.17333 0.175999
918.92 3.23679 0.15898
918.92 3.30026 0.141321
918.92 3.36373 0.123093
918.92 3.42719 0.104369
918.92 3.49066 0.085225
918.92 3.55413 0.0657376
918.92 3.61759 0.0459858
918.92 3.68106 0.0260486
918.92 3.74452 0.00600675
918.92 3.80799 -0.0140594
918.92 3.87146 -0.0340689
918.92 3.93492 -0.0539412
918.92 3.99839 -0.0735964
918.92 4.06186 -0.0929554
918.92 4.12532 -0.11194
918.92 4.18879 -0.130474
918.92 4.25226 -0.148482
918.92 4.31572 -0.165892
918.92 4.37919 -0.182635
918.92 4.44266 -0.198642
918.92 4.50612 -0.213849
918.92 4.56959 -0.228196
918.92 4.63306 -0.241623
918.92 4.69652 -0.254077
918.92 4.75999 -0.265508
918.92 4.82346 -0.275871
918.92 4.88692 -0.285122
918.92 4.95039 -0.293225
918.92 5.01385 -0.300148
918.92 5.07732 -0.305861
918.92 5.14079 -0.310344
918.92 5.20425 -0.313577
918.92 5.26772 -0.315547
918.92 5.33119 -0.316246
918.92 5.39465 -0.315672
918.92 5.45812 -0.313827
918.92 5.52159 -0.310718
918.92 5.58505 -0.306359
918.92 5.64852 -0.300765
918.92 5.71199 -0.293961
918.92 5.77545 -0.285972
918.92 5.83892 -0.276833
918.92 5.90239 -0.266578
918.92 5.96585 -0.25525
918.92 6.02932 -0.242895
918.92 6.09279 -0.229561
918.92 6.15625 -0.215303
918.92 6.21972 -0.200178
918.92 6.28319 -0.184247
919.921 0 -0.384376
919.921 0.0634665 -0.401754
919.921 0.126933 -0.417515
919.921 0.1904 -0.431595
919.921 0.253866 -0.443936
919.921 0.317333 -0.454491
919.921 0.380799 -0.463215
919.921 0.444266 -0.470073
919.921 0.507732 -0.475039
919.921 0.571199 -0.478093
919.921 0.634665 -0.479221
919.921 0.698132 -0.47842
919.921 0.761598 -0.475692
919.921 0.825065 -0.471048
919.921 0.888531 -0.464508
919.921 0.951998 -0.456097
919.921 1.01546 -0.445851
919.921 1.07893 -0.433808
919.921 1.1424 -0.420019
919.921 1.20586 -0.404539
919.921 1.26933 -0.38743
919.921 1.3328 -0.36876
919.921 1.39626 -0.348606
919.921 1.45973 -0.327048
919.921 1.5232 -0.304173
919.921 1.58666 -0.280073
919.921 1.65013 -0.254846
919.921 1.7136 -0.228592
919.921 1.77706 -0.201418
919.921 1.84053 -0.173433
919.921 1.904 -0.14475
919.921 1.96746 -0.115483
919.921 2.03093 -0.085752
919.921 2.0944 -0.0556754
919.921 2.15786 -0.0253746
919.921 2.22133 0.00502826
919.921 2.28479 0.0354111
919.921 2.34826 0.0656511
919.921 2.41173 0.0956269
919.921 2.47519 0.125218
919.921 2.53866 0.154304
919.921 2.60213 0.182769
919.921 2.66559 0.210499
919.921 2.72906 0.23738
919.921 2.79253 0.263306
919.921 2.85599 0.288172
919.921 2.91946 0.311877
919.921 2.98293 0.334326
919.921 3.04639 0.355429
919.921 3.10986 0.375101
919.921 3.17333 0.393263
919.921 3.23679 0.409841
919.921 3.30026 0.424769
919.921 3.36373 0.437986
919.921 3.42719 0.44944
919.921 3.49066 0.459084
919.921 3.55413 0.466879
919.921 3.61759 0.472795
919.921 3.68106 0.476806
919.921 3.74452 0.478898
919.921 3.80799 0.479061
919.921 3.87146 0.477296
919.921 3.93492 0.473609
919.921 3.99839 0.468014
919.921 4.06186 0.460535
919.921 4.12532 0.451201
919.921 4.18879 0.440051
919.921 4.25226 0.427129
919.921 4.31572 0.412487
919.921 4.37919 0.396183
919.921 4.44266 0.378285
919.921 4.50612 0.358864
919.921 4.56959 0.337997
919.921 4.63306 0.315769
919.921 4.69652 0.29227
919.921 4.75999 0.267594
919.921 4.82346 0.241841
919.921 4.88692 0.215114
919.921 4.95039 0.18752
919.921 5.01385 0.159171
919.921 5.07732 0.130182
919.921 5.14079 0.100668
919.921 5.20425 0.0707493
919.921 5.26772 0.0405454
919.921 5.33119 0.0101782
919.921 5.39465 -0.02023
919.921 5.45812 -0.0505565
919.921 5.52159 -0.0806796
919.921 5.58505 -0.110478
919.921 5.64852 -0.139831
919.921 5.71199 -0.168622
919.921 5.77545 -0.196733
919.921 5.83892 -0.224052
919.921 5.90239 -0.250469
919.921 5.96585 -0.275878
919.921 6.02932 -0.300175
919.921 6.09279 -0.323264
919.921 6.15625 -0.345051
919.921 6.21972 -0.365449
919.921 6.28319 -0.384376
920.922 0 0.00202794
920.922 0.0634665 0.00234789
920.922 0.126933 0.0026584
920.922 0.1904 0.00295816
920.922 0.253866 0.00324628
920.922 0.317333 0.00352086
920.922 0.380799 0.00378168
920.922 0.444266 0.00402686
920.922 0.507732 0.00425623
920.922 0.571199 0.00446836
920.922 0.634665 0.00466267
920.922 0.698132 0.00483761
920.922 0.761598 0.00499313
920.922 0.825065 0.00512919
920.922 0.888531 0.00524424
920.922 0.951998 0.00533822
920.922 1.01546 0.00541033
920.922 1.07893 0.00546108
920.922 1.1424 0.00549004
920.922 1.20586 0.0054966
920.922 1.26933 0.00548098
920.922 1.3328 0.00544331
920.922 1.39626 0.00538363
920.922 1.45973 0.00530241
920.922 1.5232 0.0051998
920.922 1.58666 0.0050765
920.922 1.65013 0.00493235
920.922 1.7136 0.00476851
920.922 1.77706 0.00458544
920.922 1.84053 0.00438386
920.922 1.904 0.00416467
920.922 1.96746 0.00392875
920.922 2.03093 0.00367738
920.922 2.0944 0.00341076
920.922 2.15786 0.00313021
920.922 2.22133 0.00283745
920.922 2.28479 0.00253323
920.922 2.34826 0.00221873
920.922 2.41173 0.00189526
920.922 2.47519 0.00156421
920.922 2.53866 0.00122683
920.922 2.60213 0.000884572
920.922 2.66559 0.000538679
920.922 2.72906 0.000190459
920.922 2.79253 -0.000158214
920.922 2.85599 -0.000506357
920.922 2.91946 -0.000852634
920.922 2.98293 -0.00119525
920.922 3.04639 -0.00153304
920.922 3.10986 -0.00186492
920.922 3.17333 -0.00218901
920.922 3.23679 -0.00250441
920.922 3.30026 -0.00280973
920.922 3.36373 -0.00310374
920.922 3.42719 -0.00338529
920.922 3.49066 -0.00365311
920.922 3.55413 -0.00390617
920.922 3.61759 -0.00414364
920.922 3.68106 -0.00436452
920.922 3.74452 -0.00456768
920.922 3.80799 -0.00475233
920.922 3.87146 -0.00491806
920.922 3.93492 -0.00506396
920.922 3.99839 -0.00518917
920.922 4.06186 -0.00529379
920.922 4.12532 -0.00537698
920.922 4.18879 -0.00543885
920.922 4.25226 -0.00547812
920.922 4.31572 -0.00549601
920.922 4.37919 -0.0054916
920.922 4.44266 -0.00546504
920.922 4.50612 -0.0054166
920.922 4.56959 -0.00534591
920.922 4.63306 -0.00525381
920.922 4.69652 -0.00514077
920.922 4.75999 -0.00500685
920.922 4.82346 -0.00485297
920.922 4.88692 -0.00467958
920.922 4.95039 -0.00448712
920.922 5.01385 -0.00427688
920.922 5.07732 -0.00404907
920.922 5.14079 -0.00380502
920.922 5.20425 -0.0035457
920.922 5.26772 -0.00327227
920.922 5.33119 -0.0029855
920.922 5.39465 -0.00268689
920.922 5.45812 -0.00237706
920.922 5.52159 -0.00205798
920.922 5.58505 -0.00173071
920.922 5.64852 -0.0013963
920.922 5.71199 -0.00105624
920.922 5.77545 -0.000711828
920.922 5.83892 -0.000364869
920.922 5.90239 -1.62288e-05
920.922 5.96585 0.000332476
920.922 6.02932 0.00067978
920.922 6.09279 0.0010244
920.922 6.15625 0.00136496
920.922 6.21972 0.00169976
920.922 6.28319 0.00202789
921.923 0 0.267028
921.923 0.0634665 0.262905
921.923 0.126933 0.257724
921.923 0.1904 0.251505
921.923 0.253866 0.244274
921.923 0.317333 0.236059
921.923 0.380799 0.226893
921.923 0.444266 0.216813
921.923 0.507732 0.20586
921.923 0.571199 0.194079
921.923 0.634665 0.181517
921.923 0.698132 0.168223
921.923 0.761598 0.154252
921.923 0.825065 0.139659
921.923 0.888531 0.124505
921.923 0.951998 0.108849
921.923 1.01546 0.0927548
921.923 1.07893 0.076287
921.923 1.1424 0.059512
921.923 1.20586 0.0424976
921.923 1.26933 0.0253118
921.923 1.3328 0.00802417
921.923 1.39626 -0.00929565
921.923 1.45973 -0.0265782
921.923 1.5232 -0.0437534
921.923 1.58666 -0.0607528
921.923 1.65013 -0.0775076
921.923 1.7136 -0.0939499
921.923 1.77706 -0.110014
921.923 1.84053 -0.125635
921.923 1.904 -0.140751
921.923 1.96746 -0.155299
921.923 2.03093 -0.169223
921.923 2.0944 -0.182464
921.923 2.15786 -0.194972
921.923 2.22133 -0.206694
921.923 2.28479 -0.217584
921.923 2.34826 -0.227597
921.923 2.41173 -0.236695
921.923 2.47519 -0.244838
921.923 2.53866 -0.251997
921.923 2.60213 -0.25814
921.923 2.66559 -0.263244
921.923 2.72906 -0.267288
921.923 2.79253 -0.270256
921.923 2.85599 -0.272136
921.923 2.91946 -0.27292
921.923 2.98293 -0.272604
921.923 3.04639 -0.271192
921.923 3.10986 -0.268687
921.923 3.17333 -0.2651
921.923 3.23679 -0.260446
921.923 3.30026 -0.254743
921.923 3.36373 -0.248014
921.923 3.42719 -0.240287
921.923 3.49066 -0.231592
921.923 3.55413 -0.221965
921.923 3.61759 -0.211444
921.923 3.68106 -0.200071
921.923 3.74452 -0.187893
921.923 3.80799 -0.174958
921.923 3.87146 -0.161318
921.923 3.93492 -0.14703
921.923 3.99839 -0.132149
921.923 4.06186 -0.116735
921.923 4.12532 -0.100852
921.923 4.18879 -0.0845635
921.923 4.25226 -0.067934
921.923 4.31572 -0.0510304
921.923 4.37919 -0.0339217
921.923 4.44266 -0.0166765
921.923 4.50612 0.000635958
921.923 4.56959 0.017946
921.923 4.63306 0.0351835
921.923 4.69652 0.0522795
921.923 4.75999 0.0691649
921.923 4.82346 0.0857719
921.923 4.88692 0.102033
921.923 4.95039 0.117884
921.923 5.01385 0.13326
921.923 5.07732 0.1481
921.923 5.14079 0.162343
921.923 5.20425 0.175932
921.923 5.26772 0.188813
921.923 5.33119 0.200934
921.923 5.39465 0.212246
921.923 5.45812 0.222702
921.923 5.52159 0.232263
921.923 5.58505 0.240888
921.923 5.64852 0.248543
921.923 5.71199 0.255197
921.923 5.77545 0.260824
921.923 5.83892 0.2654
921.923 5.90239 0.268908
921.923 5.96585 0.271333
921.923 6.02932 0.272665
921.923 6.09279 0.272899
921.923 6.15625 0.272035
921.923 6.21972 0.270075
921.923 6.28319 0.267028
922.924 0 0.237066
922.924 0.0634665 0.216928
922.924 0.126933 0.195917
922.924 0.1904 0.174117
922.924 0.253866 0.151616
922.924 0.317333 0.128504
922.924 0.380799 0.104874
922.924 0.444266 0.0808229
922.924 0.507732 0.0564462
922.924 0.571199 0.0318419
922.924 0.634665 0.00710944
922.924 0.698132 -0.0176515
922.924 0.761598 -0.0423416
922.924 0.825065 -0.0668611
922.924 0.888531 -0.0911114
922.924 0.951998 -0.114995
922.924 1.01546 -0.138415
922.924 1.07893 -0.161278
922.924 1.1424 -0.183492
922.924 1.20586 -0.204967
922.924 1.26933 -0.225616
922.924 1.3328 -0.245357
922.924 1.39626 -0.26411
922.924 1.45973 -0.2818
922.924 1.5232 -0.298354
922.924 1.58666 -0.313707
922.924 1.65013 -0.327798
922.924 1.7136 -0.340568
922.924 1.77706 -0.351967
922.924 1.84053 -0.361949
922.924 1.904 -0.370473
922.924 1.96746 -0.377505
922.924 2.03093 -0.383018
922.924 2.0944 -0.386989
922.924 2.15786 -0.3894
922.924 2.22133 -0.390244
922.924 2.28479 -0.389516
922.924 2.34826 -0.387221
922.924 2.41173 -0.383365
922.924 2.47519 -0.377967
922.924 2.53866 -0.371046
922.924 2.60213 -0.362631
922.924 2.66559 -0.352756
922.924 2.72906 -0.341461
922.924 2.79253 -0.328791
922.924 2.85599 -0.314796
922.924 2.91946 -0.299534
922.924 2.98293 -0.283066
922.924 3.04639 -0.265458
922.924 3.10986 -0.246782
922.924 3.17333 -0.227111
922.924 3.23679 -0.206526
922.924 3.30026 -0.18511
922.924 3.36373 -0.162948
922.924 3.42719 -0.14013
922.924 3.49066 -0.116748
922.924 3.55413 -0.0928954
922.924 3.61759 -0.068669
922.924 3.68106 -0.0441661
922.924 3.74452 -0.0194856
922.924 3.80799 0.00527381
922.924 3.87146 0.0300118
922.924 3.93492 0.0546289
922.924 3.99839 0.0790261
922.924 4.06186 0.103105
922.924 4.12532 0.126769
922.924 4.18879 0.149922
922.924 4.25226 0.172472
922.924 4.31572 0.194327
922.924 4.37919 0.2154
922.924 4.44266 0.235605
922.924 4.50612 0.254862
922.924 4.56959 0.273092
922.924 4.63306 0.290223
922.924 4.69652 0.306185
922.924 4.75999 0.320914
922.924 4.82346 0.334352
922.924 4.88692 0.346442
922.924 4.95039 0.357138
922.924 5.01385 0.366395
922.924 5.07732 0.374178
922.924 5.14079 0.380453
922.924 5.20425 0.385197
922.924 5.26772 0.38839
922.924 5.33119 0.390018
922.924 5.39465 0.390077
922.924 5.45812 0.388564
922.924 5.52159 0.385487
922.924 5.58505 0.380858
922.924 5.64852 0.374695
922.924 5.71199 0.367023
922.924 5.77545 0.357874
922.924 5.83892 0.347283
922.924 5.90239 0.335294
922.924 5.96585 0.321955
922.924 6.02932 0.30732
922.924 6.09279 0.291447
922.924 6.15625 0.274401
922.924 6.21972 0.256249
922.924 6.28319 0.237066
923.925 0 -0.445059
923.925 0.0634665 -0.483588
923.925 0.126933 -0.520169
923.925 0.1904 -0.554655
923.925 0.253866 -0.58691
923.925 0.317333 -0.6168
923.925 0.380799 -0.644207
923.925 0.444266 -0.669019
923.925 0.507732 -0.691137
923.925 0.571199 -0.710473
923.925 0.634665 -0.726948
923.925 0.698132 -0.740495
923.925 0.761598 -0.751062
923.925 0.825065 -0.758603
923.925 0.888531 -0.763091
923.925 0.951998 -0.764505
923.925 1.01546 -0.762842
923.925 1.07893 -0.758106
923.925 1.1424 -0.750318
923.925 1.20586 -0.739507
923.925 1.26933 -0.725721
923.925 1.3328 -0.709011
923.925 1.39626 -0.689447
923.925 1.45973 -0.667106
923.925 1.5232 -0.642079
923.925 1.58666 -0.614467
923.925 1.65013 -0.584381
923.925 1.7136 -0.551941
923.925 1.77706 -0.517279
923.925 1.84053 -0.480534
923.925 1.904 -0.441854
923.925 1.96746 -0.401395
923.925 2.03093 -0.35932
923.925 2.0944 -0.315798
923.925 2.15786 -0.271004
923.925 2.22133 -0.225119
923.925 2.28479 -0.178327
923.925 2.34826 -0.130818
923.925 2.41173 -0.0827815
923.925 2.47519 -0.0344118
923.925 2.53866 0.0140965
923.925 2.60213 0.0625478
923.925 2.66559 0.110747
923.925 2.72906 0.158501
923.925 2.79253 0.205617
923.925 2.85599 0.251904
923.925 2.91946 0.297177
923.925 2.98293 0.341253
923.925 3.04639 0.383956
923.925 3.10986 0.425113
923.925 3.17333 0.464557
923.925 3.23679 0.502131
923.925 3.30026 0.537683
923.925 3.36373 0.57107
923.925 3.42719 0.602158
923.925 3.49066 0.630821
923.925 3.55413 0.656943
923.925 3.61759 0.680421
923.925 3.68106 0.701158
923.925 3.74452 0.719073
923.925 3.80799 0.734091
923.925 3.87146 0.746155
923.925 3.93492 0.755213
923.925 3.99839 0.761231
923.925 4.06186 0.764183
923.925 4.12532 0.764058
923.925 4.18879 0.760857
923.925 4.25226 0.754592
923.925 4.31572 0.745288
923.925 4.37919 0.732984
923.925 4.44266 0.717727
923.925 4.50612 0.699582
923.925 4.56959 0.678618
923.925 4.63306 0.654922
923.925 4.69652 0.62859
923.925 4.75999 0.599726
923.925 4.82346 0.568447
923.925 4.88692 0.53488
923.925 4.95039 0.499158
923.925 5.01385 0.461427
923.925 5.07732 0.421837
923.925 5.14079 0.380549
923.925 5.20425 0.337729
923.925 5.26772 0.293549
923.925 5.33119 0.248186
923.925 5.39465 0.201825
923.925 5.45812 0.154651
923.925 5.52159 0.106854
923.925 5.58505 0.0586263
923.925 5.64852 0.010163
923.925 5.71199 -0.0383413
923.925 5.77545 -0.0866914
923.925 5.83892 -0.134692
923.925 5.90239 -0.182151
923.925 5.96585 -0.228876
923.925 6.02932 -0.274679
923.925 6.09279 -0.319376
923.925 6.15625 -0.362788
923.925 6.21972 -0.404739
923.925 6.28319 -0.445059
924.926 0 0.154533
924.926 0.0634665 0.170363
924.926 0.126933 0.185508
924.926 0.1904 0.199905
924.926 0.253866 0.213498
924.926 0.317333 0.226231
924.926 0.380799 0.238053
924.926 0.444266 0.248916
924.926 0.507732 0.258777
924.926 0.571199 0.267596
924.926 0.634665 0.275337
924.926 0.698132 0.28197
924.926 0.761598 0.287467
924.926 0.825065 0.291807
924.926 0.888531 0.294972
924.926 0.951998 0.296949
924.926 1.01546 0.297731
924.926 1.07893 0.297313
924.926 1.1424 0.295698
924.926 1.20586 0.292893
924.926 1.26933 0.288909
924.926 1.3328 0.283761
924.926 1.39626 0.27747
924.926 1.45973 0.270062
924.926 1.5232 0.261567
924.926 1.58666 0.252018
924.926 1.65013 0.241455
924.926 1.7136 0.229919
924.926 1.77706 0.217458
924.926 1.84053 0.20412
924.926 1.904 0.189962
924.926 1.96746 0.175038
924.926 2.03093 0.159409
924.926 2.0944 0.143139
924.926 2.15786 0.126292
924.926 2.22133 0.108936
924.926 2.28479 0.0911423
924.926 2.34826 0.072981
924.926 2.41173 0.0545257
924.926 2.47519 0.0358516
924.926 2.53866 0.0170326
924.926 2.60213 -0.00185495
924.926 2.66559 -0.020735
924.926 2.72906 -0.0395314
924.926 2.79253 -0.0581689
924.926 2.85599 -0.0765721
924.926 2.91946 -0.0946667
924.926 2.98293 -0.11238
924.926 3.04639 -0.129641
924.926 3.10986 -0.14638
924.926 3.17333 -0.16253
924.926 3.23679 -0.178025
924.926 3.30026 -0.192804
924.926 3.36373 -0.206806
924.926 3.42719 -0.219975
924.926 3.49066 -0.232258
924.926 3.55413 -0.243607
924.926 3.61759 -0.253974
924.926 3.68106 -0.263319
924.926 3.74452 -0.271603
924.926 3.80799 -0.278794
924.926 3.87146 -0.284862
924.926 3.93492 -0.289783
924.926 3.99839 -0.293537
924.926 4.06186 -0.29611
924.926 4.12532 -0.29749
924.926 4.18879 -0.297672
924.926 4.25226 -0.296655
924.926 4.31572 -0.294444
924.926 4.37919 -0.291048
924.926 4.44266 -0.286479
924.926 4.50612 -0.280757
924.926 4.56959 -0.273904
924.926 4.63306 -0.265948
924.926 4.69652 -0.256922
924.926 4.75999 -0.246861
924.926 4.82346 -0.235806
924.926 4.88692 -0.223801
924.926 4.95039 -0.210895
924.926 5.01385 -0.197141
924.926 5.07732 -0.182592
924.926 5.14079 -0.167308
924.926 5.20425 -0.15135
924.926 5.26772 -0.134783
924.926 5.33119 -0.117673
924.926 5.39465 -0.100089
924.926 5.45812 -0.0821028
924.926 5.52159 -0.0637854
924.926 5.58505 -0.0452116
924.926 5.64852 -0.0264554
924.926 5.71199 -0.00759258
924.926 5.77545 0.0113006
924.926 5.83892 0.0301485
924.926 5.90239 0.0488747
924.926 5.96585 0.0674043
924.926 6.02932 0.0856624
924.926 6.09279 0.103576
924.926 6.15625 0.121072
924.926 6.21972 0.138081
924.926 6.28319 0.154533
925.927 0 -0.247072
925.927 0.0634665 -0.223591
925.927 0.126933 -0.19921
925.927 0.1904 -0.174026
925.927 0.253866 -0.148142
925.927 0.317333 -0.121661
925.927 0.380799 -0.09469
925.927 0.444266 -0.067338
925.927 0.507732 -0.0397148
925.927 0.571199 -0.0119319
925.927 0.634665 0.0158994
925.927 0.698132 0.0436664
925.927 0.761598 0.0712577
925.927 0.825065 0.0985621
925.927 0.888531 0.12547
925.927 0.951998 0.151872
925.927 1.01546 0.177663
925.927 1.07893 0.202738
925.927 1.1424 0.226997
925.927 1.20586 0.250342
925.927 1.26933 0.272679
925.927 1.3328 0.293918
925.927 1.39626 0.313973
925.927 1.45973 0.332764
925.927 1.5232 0.350215
925.927 1.58666 0.366256
925.927 1.65013 0.380823
925.927 1.7136 0.393856
925.927 1.77706 0.405302
925.927 1.84053 0.415117
925.927 1.904 0.423261
925.927 1.96746 0.429699
925.927 2.03093 0.434409
925.927 2.0944 0.437368
925.927 2.15786 0.438567
925.927 2.22133 0.437999
925.927 2.28479 0.435668
925.927 2.34826 0.431583
925.927 2.41173 0.425759
925.927 2.47519 0.418222
925.927 2.53866 0.409
925.927 2.60213 0.398131
925.927 2.66559 0.385659
925.927 2.72906 0.371635
925.927 2.79253 0.356114
925.927 2.85599 0.339159
925.927 2.91946 0.320838
925.927 2.98293 0.301226
925.927 3.04639 0.2804
925.927 3.10986 0.258445
925.927 3.17333 0.23545
925.927 3.23679 0.211507
925.927 3.30026 0.186712
925.927 3.36373 0.161165
925.927 3.42719 0.134969
925.927 3.49066 0.10823
925.927 3.55413 0.0810549
925.927 3.61759 0.0535534
925.927 3.68106 0.0258363
925.927 3.74452 -0.00198476
925.927 3.80799 -0.0297979
925.927 3.87146 -0.0574911
925.927 3.93492 -0.0849526
925.927 3.99839 -0.112072
925.927 4.06186 -0.138741
925.927 4.12532 -0.16485
925.927 4.18879 -0.190296
925.927 4.25226 -0.214976
925.927 4.31572 -0.23879
925.927 4.37919 -0.261642
925.927 4.44266 -0.283441
925.927 4.50612 -0.304098
925.927 4.56959 -0.323531
925.927 4.63306 -0.341662
925.927 4.69652 -0.358416
925.927 4.75999 -0.373728
925.927 4.82346 -0.387535
925.927 4.88692 -0.39978
925.927 4.95039 -0.410416
925.927 5.01385 -0.4194
925.927 5.07732 -0.426695
925.927 5.14079 -0.432272
925.927 5.20425 -0.436108
925.927 5.26772 -0.438188
925.927 5.33119 -0.438504
925.927 5.39465 -0.437053
925.927 5.45812 -0.433843
925.927 5.52159 -0.428887
925.927 5.58505 -0.422203
925.927 5.64852 -0.413819
925.927 5.71199 -0.403769
925.927 5.77545 -0.392093
925.927 5.83892 -0.378838
925.927 5.90239 -0.364058
925.927 5.96585 -0.347811
925.927 6.02932 -0.330165
925.927 6.09279 -0.311188
925.927 6.15625 -0.290959
925.927 6.21972 -0.269558
925.927 6.28319 -0.247072
926.928 0 -0.206129
926.928 0.0634665 -0.222468
926.928 0.126933 -0.237911
926.928 0.1904 -0.252396
926.928 0.253866 -0.265864
926.928 0.317333 -0.278262
926.928 0.380799 -0.28954
926.928 0.444266 -0.299652
926.928 0.507732 -0.308557
926.928 0.571199 -0.31622
926.928 0.634665 -0.322609
926.928 0.698132 -0.327699
926.928 0.761598 -0.33147
926.928 0.825065 -0.333906
926.928 0.888531 -0.334998
926.928 0.951998 -0.33474
926.928 1.01546 -0.333136
926.928 1.07893 -0.330189
926.928 1.1424 -0.325913
926.928 1.20586 -0.320324
926.928 1.26933 -0.313446
926.928 1.3328 -0.305305
926.928 1.39626 -0.295935
926.928 1.45973 -0.285374
926.928 1.5232 -0.273663
926.928 1.58666 -0.260851
926.928 1.65013 -0.246988
926.928 1.7136 -0.232131
926.928 1.77706 -0.216339
926.928 1.84053 -0.199675
926.928 1.904 -0.182208
926.928 1.96746 -0.164007
926.928 2.03093 -0.145146
926.928 2.0944 -0.1257
926.928 2.15786 -0.105748
926.928 2.22133 -0.0853704
926.928 2.28479 -0.0646488
926.928 2.34826 -0.0436671
926.928 2.41173 -0.0225094
926.928 2.47519 -0.00126101
926.928 2.53866 0.0199923
926.928 2.60213 0.0411652
926.928 2.66559 0.0621723
926.928 2.72906 0.0829291
926.928 2.79253 0.103352
926.928 2.85599 0.123359
926.928 2.91946 0.142869
926.928 2.98293 0.161803
926.928 3.04639 0.180086
926.928 3.10986 0.197644
926.928 3.17333 0.214406
926.928 3.23679 0.230305
926.928 3.30026 0.245277
926.928 3.36373 0.259261
926.928 3.42719 0.2722
926.928 3.49066 0.284044
926.928 3.55413 0.294744
926.928 3.61759 0.304258
926.928 3.68106 0.312546
926.928 3.74452 0.319575
926.928 3.80799 0.325318
926.928 3.87146 0.329751
926.928 3.93492 0.332856
926.928 3.99839 0.334621
926.928 4.06186 0.335038
926.928 4.12532 0.334106
926.928 4.18879 0.331829
926.928 4.25226 0.328216
926.928 4.31572 0.323281
926.928 4.37919 0.317045
926.928 4.44266 0.309531
926.928 4.50612 0.300772
926.928 4.56959 0.290801
926.928 4.63306 0.27966
926.928 4.69652 0.267392
926.928 4.75999 0.254047
926.928 4.82346 0.23968
926.928 4.88692 0.224348
926.928 4.95039 0.208112
926.928 5.01385 0.191038
926.928 5.07732 0.173195
926.928 5.14079 0.154654
926.928 5.20425 0.135491
926.928 5.26772 0.115782
926.928 5.33119 0.0956074
926.928 5.39465 0.0750474
926.928 5.45812 0.0541853
926.928 5.52159 0.0331049
926.928 5.58505 0.0118912
926.928 5.64852 -0.00937039
926.928 5.71199 -0.0305941
926.928 5.77545 -0.0516947
926.928 5.83892 -0.0725872
926.928 5.90239 -0.0931873
926.928 5.96585 -0.113412
926.928 6.02932 -0.133181
926.928 6.09279 -0.152413
926.928 6.15625 -0.171031
926.928 6.21972 -0.188961
926.928 6.28319 -0.206129
927.929 0 0.252565
927.929 0.0634665 0.253189
927.929 0.126933 0.252793
927.929 0.1904 0.25138
927.929 0.253866 0.248954
927.929 0.317333 0.245526
927.929 0.380799 0.241109
927.929 0.444266 0.235721
927.929 0.507732 0.229384
927.929 0.571199 0.222124
927.929 0.634665 0.213969
927.929 0.698132 0.204952
927.929 0.761598 0.19511
927.929 0.825065 0.184483
927.929 0.888531 0.173113
927.929 0.951998 0.161045
927.929 1.01546 0.14833
927.929 1.07893 0.135016
927.929 1.1424 0.12116
927.929 1.20586 0.106815
927.929 1.26933 0.0920404
927.929 1.3328 0.0768951
927.929 1.39626 0.0614402
927.929 1.45973 0.0457379
927.929 1.5232 0.0298515
927.929 1.58666 0.0138445
927.929 1.65013 -0.00221806
927.929 1.7136 -0.0182717
927.929 1.77706 -0.0342514
927.929 1.84053 -0.0500935
927.929 1.904 -0.0657338
927.929 1.96746 -0.0811096
927.929 2.03093 -0.0961586
927.929 2.0944 -0.11082
927.929 2.15786 -0.125036
927.929 2.22133 -0.138748
927.929 2.28479 -0.151902
927.929 2.34826 -0.164443
927.929 2.41173 -0.176323
927.929 2.47519 -0.187493
927.929 2.53866 -0.197908
927.929 2.60213 -0.207525
927.929 2.66559 -0.216308
927.929 2.72906 -0.224219
927.929 2.79253 -0.231227
927.929 2.85599 -0.237304
927.929 2.91946 -0.242426
927.929 2.98293 -0.246571
927.929 3.04639 -0.249724
927.929 3.10986 -0.251871
927.929 3.17333 -0.253004
927.929 3.23679 -0.253118
927.929 3.30026 -0.252213
927.929 3.36373 -0.250293
927.929 3.42719 -0.247364
927.929 3.49066 -0.24344
927.929 3.55413 -0.238535
927.929 3.61759 -0.23267
927.929 3.68106 -0.225868
927.929 3.74452 -0.218156
927.929 3.80799 -0.209566
927.929 3.87146 -0.200132
927.929 3.93492 -0.189893
927.929 3.99839 -0.178888
927.929 4.06186 -0.167163
927.929 4.12532 -0.154765
927.929 4.18879 -0.141744
927.929 4.25226 -0.128153
927.929 4.31572 -0.114045
927.929 4.37919 -0.0994781
927.929 4.44266 -0.0845104
927.929 4.50612 -0.0692024
927.929 4.56959 -0.0536162
927.929 4.63306 -0.0378135
927.929 4.69652 -0.0218589
927.929 4.75999 -0.00581613
927.929 4.82346 0.0102498
927.929 4.88692 0.0262747
927.929 4.95039 0.0421939
927.929 5.01385 0.0579428
927.929 5.07732 0.0734586
927.929 5.14079 0.0886788
927.929 5.20425 0.103542
927.929 5.26772 0.117988
927.929 5.33119 0.131959
927.929 5.39465 0.145398
927.929 5.45812 0.158252
927.929 5.52159 0.170469
927.929 5.58505 0.181999
927.929 5.64852 0.192797
927.929 5.71199 0.202818
927.929 5.77545 0.212023
927.929 5.83892 0.220374
927.929 5.90239 0.227837
927.929 5.96585 0.234383
927.929 6.02932 0.239986
927.929 6.09279 0.244622
927.929 6.15625 0.248273
927.929 6.21972 0.250924
927.929 6.28319 0.252565
928.93 0 0.310109
928.93 0.0634665 0.315554
928.93 0.126933 0.319729
928.93 0.1904 0.322616
928.93 0.253866 0.324204
928.93 0.317333 0.324487
928.93 0.380799 0.323463
928.93 0.444266 0.321136
928.93 0.507732 0.317517
928.93 0.571199 0.31262
928.93 0.634665 0.306463
928.93 0.698132 0.299072
928.93 0.761598 0.290477
928.93 0.825065 0.280712
928.93 0.888531 0.269817
928.93 0.951998 0.257836
928.93 1.01546 0.244816
928.93 1.07893 0.230811
928.93 1.1424 0.215876
928.93 1.20586 0.200072
928.93 1.26933 0.183462
928.93 1.3328 0.166113
928.93 1.39626 0.148096
928.93 1.45973 0.129483
928.93 1.5232 0.110347
928.93 1.58666 0.090768
928.93 1.65013 0.0708233
928.93 1.7136 0.0505934
928.93 1.77706 0.0301596
928.93 1.84053 0.00960433
928.93 1.904 -0.0109894
928.93 1.96746 -0.0315391
928.93 2.03093 -0.0519618
928.93 2.0944 -0.0721752
928.93 2.15786 -0.092098
928.93 2.22133 -0.11165
928.93 2.28479 -0.130752
928.93 2.34826 -0.149328
928.93 2.41173 -0.167303
928.93 2.47519 -0.184604
928.93 2.53866 -0.201161
928.93 2.60213 -0.216909
928.93 2.66559 -0.231783
928.93 2.72906 -0.245724
928.93 2.79253 -0.258675
928.93 2.85599 -0.270585
928.93 2.91946 -0.281405
928.93 2.98293 -0.291092
928.93 3.04639 -0.299607
928.93 3.10986 -0.306916
928.93 3.17333 -0.312989
928.93 3.23679 -0.317801
928.93 3.30026 -0.321334
928.93 3.36373 -0.323573
928.93 3.42719 -0.324509
928.93 3.49066 -0.324138
928.93 3.55413 -0.322462
928.93 3.61759 -0.319488
928.93 3.68106 -0.315227
928.93 3.74452 -0.309697
928.93 3.80799 -0.30292
928.93 3.87146 -0.294923
928.93 3.93492 -0.285738
928.93 3.99839 -0.275403
928.93 4.06186 -0.263959
928.93 4.12532 -0.251452
928.93 4.18879 -0.237933
928.93 4.25226 -0.223456
928.93 4.31572 -0.208079
928.93 4.37919 -0.191863
928.93 4.44266 -0.174876
928.93 4.50612 -0.157184
928.93 4.56959 -0.138859
928.93 4.63306 -0.119976
928.93 4.69652 -0.100608
928.93 4.75999 -0.0808365
928.93 4.82346 -0.0607388
928.93 4.88692 -0.0403968
928.93 4.95039 -0.0198919
928.93 5.01385 0.000692938
928.93 5.07732 0.021275
928.93 5.14079 0.0417715
928.93 5.20425 0.0620998
928.93 5.26772 0.082178
928.93 5.33119 0.101925
928.93 5.39465 0.121262
928.93 5.45812 0.140111
928.93 5.52159 0.158395
928.93 5.58505 0.176042
928.93 5.64852 0.192979
928.93 5.71199 0.20914
928.93 5.77545 0.224459
928.93 5.83892 0.238873
928.93 5.90239 0.252326
928.93 5.96585 0.264763
928.93 6.02932 0.276134
928.93 6.09279 0.286393
928.93 6.15625 0.295499
928.93 6.21972 0.303414
928.93 6.28319 0.310109
929.931 0 0.0379863
929.931 0.0634665 0.0397332
929.931 0.126933 0.0413201
929.931 0.1904 0.0427406
929.931 0.253866 0.043989
929.931 0.317333 0.0450604
929.931 0.380799 0.0459502
929.931 0.444266 0.0466551
929.931 0.507732 0.047172
929.931 0.571199 0.047499
929.931 0.634665 0.0476349
929.931 0.698132 0.0475788
929.931 0.761598 0.0473312
929.931 0.825065 0.0468929
929.931 0.888531 0.0462659
929.931 0.951998 0.0454526
929.931 1.01546 0.0444563
929.931 1.07893 0.0432809
929.931 1.1424 0.0419312
929.931 1.20586 0.0404128
929.931 1.26933 0.0387315
929.931 1.3328 0.0368943
929.931 1.39626 0.0349087
929.931 1.45973 0.0327824
929.931 1.5232 0.0305241
929.931 1.58666 0.0281428
929.931 1.65013 0.0256483
929.931 1.7136 0.0230506
929.931 1.77706 0.0203599
929.931 1.84053 0.0175873
929.931 1.904 0.0147439
929.931 1.96746 0.0118411
929.931 2.03093 0.00889057
929.931 2.0944 0.00590438
929.931 2.15786 0.00289431
929.931 2.22133 -0.00012737
929.931 2.28479 -0.00314848
929.931 2.34826 -0.0061571
929.931 2.41173 -0.00914077
929.931 2.47519 -0.0120877
929.931 2.53866 -0.014986
929.931 2.60213 -0.0178238
929.931 2.66559 -0.0205899
929.931 2.72906 -0.0232731
929.931 2.79253 -0.0258626
929.931 2.85599 -0.028348
929.931 2.91946 -0.0307192
929.931 2.98293 -0.0329668
929.931 3.04639 -0.0350815
929.931 3.10986 -0.0370551
929.931 3.17333 -0.0388793
929.931 3.23679 -0.0405471
929.931 3.30026 -0.0420515
929.931 3.36373 -0.0433867
929.931 3.42719 -0.0445471
929.931 3.49066 -0.0455282
929.931 3.55413 -0.046326
929.931 3.61759 -0.0469373
929.931 3.68106 -0.0473594
929.931 3.74452 -0.047591
929.931 3.80799 -0.0476308
929.931 3.87146 -0.0474788
929.931 3.93492 -0.0471357
929.931 3.99839 -0.0466029
929.931 4.06186 -0.0458825
929.931 4.12532 -0.044977
929.931 4.18879 -0.0438906
929.931 4.25226 -0.0426276
929.931 4.31572 -0.0411928
929.931 4.37919 -0.0395921
929.931 4.44266 -0.0378319
929.931 4.50612 -0.0359196
929.931 4.56959 -0.0338625
929.931 4.63306 -0.0316692
929.931 4.69652 -0.0293483
929.931 4.75999 -0.0269091
929.931 4.82346 -0.0243617
929.931 4.88692 -0.0217162
929.931 4.95039 -0.0189832
929.931 5.01385 -0.0161738
929.931 5.07732 -0.0132991
929.931 5.14079 -0.010371
929.931 5.20425 -0.00740122
929.931 5.26772 -0.00440158
929.931 5.33119 -0.00138409
929.931 5.39465 0.00163869
929.931 5.45812 0.00465509
929.931 5.52159 0.00765269
929.931 5.58505 0.0106196
929.931 5.64852 0.0135437
929.931 5.71199 0.0164131
929.931 5.77545 0.0192165
929.931 5.83892 0.0219426
929.931 5.90239 0.0245803
929.931 5.96585 0.027119
929.931 6.02932 0.0295485
929.931 6.09279 0.031859
929.931 6.15625 0.0340413
929.931 6.21972 0.0360865
929.931 6.28319 0.0379863
930.932 0 -0.0692407
930.932 0.0634665 -0.0667147
930.932 0.126933 -0.0639203
930.932 0.1904 -0.0608686
930.932 0.253866 -0.0575716
930.932 0.317333 -0.0540428
930.932 0.380799 -0.0502964
930.932 0.444266 -0.0463475
930.932 0.507732 -0.0422119
930.932 0.571199 -0.0379064
930.932 0.634665 -0.0334483
930.932 0.698132 -0.0288555
930.932 0.761598 -0.0241464
930.932 0.825065 -0.0193401
930.932 0.888531 -0.014456
930.932 0.951998 -0.00951369
930.932 1.01546 -0.00453284
930.932 1.07893 0.000465988
930.932 1.1424 0.00546296
930.932 1.20586 0.0104381
930.932 1.26933 0.0153709
930.932 1.3328 0.0202421
930.932 1.39626 0.0250318
930.932 1.45973 0.0297205
930.932 1.5232 0.0342896
930.932 1.58666 0.0387206
930.932 1.65013 0.0429958
930.932 1.7136 0.0470979
930.932 1.77706 0.0510102
930.932 1.84053 0.0547171
930.932 1.904 0.0582037
930.932 1.96746 0.0614562
930.932 2.03093 0.064461
930.932 2.0944 0.0672062
930.932 2.15786 0.0696807
930.932 2.22133 0.071875
930.932 2.28479 0.0737795
930.932 2.34826 0.0753871
930.932 2.41173 0.076691
930.932 2.47519 0.0776862
930.932 2.53866 0.0783686
930.932 2.60213 0.0787354
930.932 2.66559 0.0787853
930.932 2.72906 0.0785177
930.932 2.79253 0.0779342
930.932 2.85599 0.0770367
930.932 2.91946 0.0758291
930.932 2.98293 0.0743161
930.932 3.04639 0.072504
930.932 3.10986 0.0703996
930.932 3.17333 0.068012
930.932 3.23679 0.0653505
930.932 3.30026 0.0624259
930.932 3.36373 0.0592499
930.932 3.42719 0.0558352
930.932 3.49066 0.0521957
930.932 3.55413 0.0483462
930.932 3.61759 0.0443019
930.932 3.68106 0.0400792
930.932 3.74452 0.0356952
930.932 3.80799 0.0311675
930.932 3.87146 0.0265142
930.932 3.93492 0.0217543
930.932 3.99839 0.0169066
930.932 4.06186 0.0119908
930.932 4.12532 0.0070268
930.932 4.18879 0.00203455
930.932 4.25226 -0.00296584
930.932 4.31572 -0.00795453
930.932 4.37919 -0.012911
930.932 4.44266 -0.0178156
930.932 4.50612 -0.0226482
930.932 4.56959 -0.0273898
930.932 4.63306 -0.0320212
930.932 4.69652 -0.0365234
930.932 4.75999 -0.040879
930.932 4.82346 -0.0450695
930.932 4.88692 -0.0490787
930.932 4.95039 -0.0528902
930.932 5.01385 -0.056489
930.932 5.07732 -0.0598601
930.932 5.14079 -0.0629902
930.932 5.20425 -0.0658668
930.932 5.26772 -0.0684781
930.932 5.33119 -0.0708135
930.932 5.39465 -0.0728639
930.932 5.45812 -0.0746209
930.932 5.52159 -0.0760775
930.932 5.58505 -0.0772276
930.932 5.64852 -0.0780669
930.932 5.71199 -0.0785916
930.932 5.77545 -0.0788001
930.932 5.83892 -0.0786912
930.932 5.90239 -0.0782654
930.932 5.96585 -0.0775245
930.932 6.02932 -0.0764712
930.932 6.09279 -0.0751104
930.932 6.15625 -0.0734469
930.932 6.21972 -0.0714879
930.932 6.28319 -0.0692406
931.933 0 0.239917
931.933 0.0634665 0.25978
931.933 0.126933 0.278597
931.933 0.1904 0.296293
931.933 0.253866 0.312795
931.933 0.317333 0.328038
931.933 0.380799 0.341959
931.933 0.444266 0.354504
931.933 0.507732 0.365622
931.933 0.571199 0.375267
931.933 0.634665 0.383401
931.933 0.698132 0.389991
931.933 0.761598 0.395011
931.933 0.825065 0.398441
931.933 0.888531 0.400265
931.933 0.951998 0.400479
931.933 1.01546 0.39908
931.933 1.07893 0.396073
931.933 1.1424 0.391472
931.933 1.20586 0.385295
931.933 1.26933 0.377566
931.933 1.3328 0.368317
931.933 1.39626 0.357585
931.933 1.45973 0.345413
931.933 1.5232 0.33185
931.933 1.58666 0.31695
931.933 1.65013 0.300775
931.933 1.7136 0.283388
931.933 1.77706 0.26486
931.933 1.84053 0.245266
931.933 1.904 0.224684
931.933 1.96746 0.203198
931.933 2.03093 0.180893
931.933 2.0944 0.15786
931.933 2.15786 0.134191
931.933 2.22133 0.109982
931.933 2.28479 0.0853302
931.933 2.34826 0.0603347
931.933 2.41173 0.0350961
931.933 2.47519 0.00971623
931.933 2.53866 -0.0157029
931.933 2.60213 -0.0410585
931.933 2.66559 -0.0662489
931.933 2.72906 -0.0911725
931.933 2.79253 -0.115729
931.933 2.85599 -0.139819
931.933 2.91946 -0.163347
931.933 2.98293 -0.186217
931.933 3.04639 -0.208337
931.933 3.10986 -0.229618
931.933 3.17333 -0.249974
931.933 3.23679 -0.269324
931.933 3.30026 -0.28759
931.933 3.36373 -0.304697
931.933 3.42719 -0.320578
931.933 3.49066 -0.335167
931.933 3.55413 -0.348407
931.933 3.61759 -0.360244
931.933 3.68106 -0.370631
931.933 3.74452 -0.379525
931.933 3.80799 -0.386891
931.933 3.87146 -0.392699
931.933 3.93492 -0.396926
931.933 3.99839 -0.399554
931.933 4.06186 -0.400574
931.933 4.12532 -0.399981
931.933 4.18879 -0.397777
931.933 4.25226 -0.393971
931.933 4.31572 -0.388579
931.933 4.37919 -0.381623
931.933 4.44266 -0.373129
931.933 4.50612 -0.363134
931.933 4.56959 -0.351676
931.933 4.63306 -0.338802
931.933 4.69652 -0.324563
931.933 4.75999 -0.309018
931.933 4.82346 -0.292229
931.933 4.88692 -0.274262
931.933 4.95039 -0.255192
931.933 5.01385 -0.235094
931.933 5.07732 -0.214049
931.933 5.14079 -0.192142
931.933 5.20425 -0.169462
931.933 5.26772 -0.146099
931.933 5.33119 -0.122148
931.933 5.39465 -0.0977052
931.933 5.45812 -0.0728691
931.933 5.52159 -0.0477394
931.933 5.58505 -0.0224175
931.933 5.64852 0.00299475
931.933 5.71199 0.0283948
931.933 5.77545 0.0536806
931.933 5.83892 0.0787504
931.933 5.90239 0.103503
931.933 5.96585 0.127838
931.933 6.02932 0.15166
931.933 6.09279 0.17487
931.933 6.15625 0.197376
931.933 6.21972 0.219088
931.933 6.28319 0.239917
932.934 0 0.134876
932.934 0.0634665 0.128298
932.934 0.126933 0.121204
932.934 0.1904 0.113621
932.934 0.253866 0.105581
932.934 0.317333 0.0971158
932.934 0.380799 0.0882598
932.934 0.444266 0.079048
932.934 0.507732 0.0695183
932.934 0.571199 0.0597086
932.934 0.634665 0.0496588
932.934 0.698132 0.0394083
932.934 0.761598 0.0289994
932.934 0.825065 0.018474
932.934 0.888531 0.00787397
932.934 0.951998 -0.00275782
932.934 1.01546 -0.0133784
932.934 1.07893 -0.0239452
932.934 1.1424 -0.0344154
932.934 1.20586 -0.0447472
932.934 1.26933 -0.0548988
932.934 1.3328 -0.0648293
932.934 1.39626 -0.0744986
932.934 1.45973 -0.0838683
932.934 1.5232 -0.0928999
932.934 1.58666 -0.101558
932.934 1.65013 -0.109806
932.934 1.7136 -0.117613
932.934 1.77706 -0.124946
932.934 1.84053 -0.131776
932.934 1.904 -0.138075
932.934 1.96746 -0.143819
932.934 2.03093 -0.148983
932.934 2.0944 -0.153547
932.934 2.15786 -0.157493
932.934 2.22133 -0.160805
932.934 2.28479 -0.163469
932.934 2.34826 -0.165475
932.934 2.41173 -0.166815
932.934 2.47519 -0.167483
932.934 2.53866 -0.167477
932.934 2.60213 -0.166796
932.934 2.66559 -0.165444
932.934 2.72906 -0.163426
932.934 2.79253 -0.160749
932.934 2.85599 -0.157425
932.934 2.91946 -0.153467
932.934 2.98293 -0.148892
932.934 3.04639 -0.143716
932.934 3.10986 -0.137963
932.934 3.17333 -0.131653
932.934 3.23679 -0.124814
932.934 3.30026 -0.117472
932.934 3.36373 -0.109656
932.934 3.42719 -0.101399
932.934 3.49066 -0.0927345
932.934 3.55413 -0.0836963
932.934 3.61759 -0.0743207
932.934 3.68106 -0.0646463
932.934 3.74452 -0.0547111
932.934 3.80799 -0.0445558
932.934 3.87146 -0.034221
932.934 3.93492 -0.0237488
932.934 3.99839 -0.0131804
932.934 4.06186 -0.00255936
932.934 4.12532 0.00807217
932.934 4.18879 0.0186711
932.934 4.25226 0.0291949
932.934 4.31572 0.0396013
932.934 4.37919 0.0498481
932.934 4.44266 0.0598941
932.934 4.50612 0.069699
932.934 4.56959 0.0792233
932.934 4.63306 0.0884285
932.934 4.69652 0.0972776
932.934 4.75999 0.105735
932.934 4.82346 0.113767
932.934 4.88692 0.121341
932.934 4.95039 0.128426
932.934 5.01385 0.134993
932.934 5.07732 0.141018
932.934 5.14079 0.146474
932.934 5.20425 0.151341
932.934 5.26772 0.155598
932.934 5.33119 0.159229
932.934 5.39465 0.162219
932.934 5.45812 0.164555
932.934 5.52159 0.166229
932.934 5.58505 0.167233
932.934 5.64852 0.167564
932.934 5.71199 0.167221
932.934 5.77545 0.166204
932.934 5.83892 0.164517
932.934 5.90239 0.162169
932.934 5.96585 0.159167
932.934 6.02932 0.155525
932.934 6.09279 0.151255
932.934 6.15625 0.146378
932.934 6.21972 0.140911
932.934 6.28319 0.134876
933.935 0 0.136922
933.935 0.0634665 0.111061
933.935 0.126933 0.084752
933.935 0.1904 0.058102
933.935 0.253866 0.031218
933.935 0.317333 0.00420827
933.935 0.380799 -0.0228185
933.935 0.444266 -0.0497532
933.935 0.507732 -0.0764877
933.935 0.571199 -0.102914
933.935 0.634665 -0.128926
933.935 0.698132 -0.154419
933.935 0.761598 -0.17929
933.935 0.825065 -0.203439
933.935 0.888531 -0.226769
933.935 0.951998 -0.249186
933.935 1.01546 -0.2706
933.935 1.07893 -0.290924
933.935 1.1424 -0.310076
933.935 1.20586 -0.32798
933.935 1.26933 -0.344563
933.935 1.3328 -0.359759
933.935 1.39626 -0.373506
933.935 1.45973 -0.38575
933.935 1.5232 -0.396439
933.935 1.58666 -0.405533
933.935 1.65013 -0.412994
933.935 1.7136 -0.418791
933.935 1.77706 -0.422903
933.935 1.84053 -0.425311
933.935 1.904 -0.426007
933.935 1.96746 -0.424987
933.935 2.03093 -0.422257
933.935 2.0944 -0.417826
933.935 2.15786 -0.411712
933.935 2.22133 -0.403941
933.935 2.28479 -0.394543
933.935 2.34826 -0.383556
933.935 2.41173 -0.371025
933.935 2.47519 -0.357001
933.935 2.53866 -0.341538
933.935 2.60213 -0.324701
933.935 2.66559 -0.306555
933.935 2.72906 -0.287176
933.935 2.79253 -0.26664
933.935 2.85599 -0.24503
933.935 2.91946 -0.222434
933.935 2.98293 -0.198942
933.935 3.04639 -0.174649
933.935 3.10986 -0.149653
933.935 3.17333 -0.124054
933.935 3.23679 -0.0979557
933.935 3.30026 -0.0714631
933.935 3.36373 -0.0446824
933.935 3.42719 -0.0177221
933.935 3.49066 0.00930978
933.935 3.55413 0.0363042
933.935 3.61759 0.0631523
933.935 3.68106 0.0897462
933.935 3.74452 0.115979
933.935 3.80799 0.141744
933.935 3.87146 0.166939
933.935 3.93492 0.191461
933.935 3.99839 0.215213
933.935 4.06186 0.238098
933.935 4.12532 0.260024
933.935 4.18879 0.280904
933.935 4.25226 0.300651
933.935 4.31572 0.319189
933.935 4.37919 0.336441
933.935 4.44266 0.352338
933.935 4.50612 0.366817
933.935 4.56959 0.379819
933.935 4.63306 0.391292
933.935 4.69652 0.401188
933.935 4.75999 0.409469
933.935 4.82346 0.416102
933.935 4.88692 0.421059
933.935 4.95039 0.42432
933.935 5.01385 0.425874
933.935 5.07732 0.425712
933.935 5.14079 0.423836
933.935 5.20425 0.420253
933.935 5.26772 0.414978
933.935 5.33119 0.408032
933.935 5.39465 0.399443
933.935 5.45812 0.389246
933.935 5.52159 0.377481
933.935 5.58505 0.364196
933.935 5.64852 0.349445
933.935 5.71199 0.333287
933.935 5.77545 0.315787
933.935 5.83892 0.297015
933.935 5.90239 0.277047
933.935 5.96585 0.255964
933.935 6.02932 0.23385
933.935 6.09279 0.210794
933.935 6.15625 0.18689
933.935 6.21972 0.162233
933.935 6.28319 0.136922
934.936 0 -0.0414547
934.936 0.0634665 -0.0725019
934.936 0.126933 -0.103257
934.936 0.1904 -0.133596
934.936 0.253866 -0.163397
934.936 0.317333 -0.192541
934.936 0.380799 -0.220909
934.936 0.444266 -0.248387
934.936 0.507732 -0.274865
934.936 0.571199 -0.300237
934.936 0.634665 -0.3244
934.936 0.698132 -0.347256
934.936 0.761598 -0.368715
934.936 0.825065 -0.388688
934.936 0.888531 -0.407096
934.936 0.951998 -0.423866
934.936 1.01546 -0.438928
934.936 1.07893 -0.452223
934.936 1.1424 -0.463697
934.936 1.20586 -0.473303
934.936 1.26933 -0.481005
934.936 1.3328 -0.486769
934.936 1.39626 -0.490573
934.936 1.45973 -0.492401
934.936 1.5232 -0.492247
934.936 1.58666 -0.490111
934.936 1.65013 -0.486002
934.936 1.7136 -0.479935
934.936 1.77706 -0.471936
934.936 1.84053 -0.462037
934.936 1.904 -0.450277
934.936 1.96746 -0.436704
934.936 2.03093 -0.421373
934.936 2.0944 -0.404344
934.936 2.15786 -0.385689
934.936 2.22133 -0.365479
934.936 2.28479 -0.343798
934.936 2.34826 -0.320733
934.936 2.41173 -0.296376
934.936 2.47519 -0.270826
934.936 2.53866 -0.244185
934.936 2.60213 -0.216561
934.936 2.66559 -0.188065
934.936 2.72906 -0.158812
934.936 2.79253 -0.12892
934.936 2.85599 -0.0985076
934.936 2.91946 -0.067699
934.936 2.98293 -0.036618
934.936 3.04639 -0.00538939
934.936 3.10986 0.0258608
934.936 3.17333 0.057007
934.936 3.23679 0.0879236
934.936 3.30026 0.118486
934.936 3.36373 0.148571
934.936 3.42719 0.178058
934.936 3.49066 0.206829
934.936 3.55413 0.234766
934.936 3.61759 0.261758
934.936 3.68106 0.287696
934.936 3.74452 0.312476
934.936 3.80799 0.335997
934.936 3.87146 0.358166
934.936 3.93492 0.378892
934.936 3.99839 0.398093
934.936 4.06186 0.41569
934.936 4.12532 0.431614
934.936 4.18879 0.445799
934.936 4.25226 0.458191
934.936 4.31572 0.468736
934.936 4.37919 0.477394
934.936 4.44266 0.48413
934.936 4.50612 0.488917
934.936 4.56959 0.491735
934.936 4.63306 0.492573
934.936 4.69652 0.491427
934.936 4.75999 0.488302
934.936 4.82346 0.483212
934.936 4.88692 0.476176
934.936 4.95039 0.467222
934.936 5.01385 0.456387
934.936 5.07732 0.443714
934.936 5.14079 0.429255
934.936 5.20425 0.413067
934.936 5.26772 0.395216
934.936 5.33119 0.375773
934.936 5.39465 0.354817
934.936 5.45812 0.332433
934.936 5.52159 0.30871
934.936 5.58505 0.283744
934.936 5.64852 0.257635
934.936 5.71199 0.230489
934.936 5.77545 0.202415
934.936 5.83892 0.173526
934.936 5.90239 0.143938
934.936 5.96585 0.113771
934.936 6.02932 0.0831452
934.936 6.09279 0.0521848
934.936 6.15625 0.0210143
934.936 6.21972 -0.0102408
934.936 6.28319 -0.0414549
935.937 0 -0.0236877
935.937 0.0634665 -0.0209534
935.937 0.126933 -0.0181353
935.937 0.1904 -0.0152443
935.937 0.253866 -0.0122918
935.937 0.317333 -0.00928958
935.937 0.380799 -0.00625027
935.937 0.444266 -0.00318563
935.937 0.507732 -0.000107989
935.937 0.571199 0.00296942
935.937 0.634665 0.00603576
935.937 0.698132 0.00907727
935.937 0.761598 0.0120822
935.937 0.825065 0.0150388
935.937 0.888531 0.0179347
935.937 0.951998 0.0207584
935.937 1.01546 0.0234984
935.937 1.07893 0.0261437
935.937 1.1424 0.0286839
935.937 1.20586 0.0311087
935.937 1.26933 0.0334082
935.937 1.3328 0.0355729
935.937 1.39626 0.0375945
935.937 1.45973 0.0394648
935.937 1.5232 0.0411761
935.937 1.58666 0.0427217
935.937 1.65013 0.0440952
935.937 1.7136 0.0452912
935.937 1.77706 0.0463049
935.937 1.84053 0.0471319
935.937 1.904 0.0477693
935.937 1.96746 0.0482142
935.937 2.03093 0.0484652
935.937 2.0944 0.0485209
935.937 2.15786 0.0483813
935.937 2.22133 0.0480468
935.937 2.28479 0.0475189
935.937 2.34826 0.0467995
935.937 2.41173 0.045892
935.937 2.47519 0.0447995
935.937 2.53866 0.0435263
935.937 2.60213 0.0420783
935.937 2.66559 0.0404607
935.937 2.72906 0.0386802
935.937 2.79253 0.0367439
935.937 2.85599 0.0346594
935.937 2.91946 0.032436
935.937 2.98293 0.0300814
935.937 3.04639 0.027606
935.937 3.10986 0.0250196
935.937 3.17333 0.0223318
935.937 3.23679 0.0195542
935.937 3.30026 0.0166985
935.937 3.36373 0.0137748
935.937 3.42719 0.0107962
935.937 3.49066 0.0077742
935.937 3.55413 0.00472052
935.937 3.61759 0.00164777
935.937 3.68106 -0.00143164
935.937 3.74452 -0.00450506
935.937 3.80799 -0.00756043
935.937 3.87146 -0.010585
935.937 3.93492 -0.0135671
935.937 3.99839 -0.0164948
935.937 4.06186 -0.019356
935.937 4.12532 -0.0221396
935.937 4.18879 -0.0248335
935.937 4.25226 -0.0274276
935.937 4.31572 -0.0299113
935.937 4.37919 -0.0322746
935.937 4.44266 -0.0345077
935.937 4.50612 -0.036602
935.937 4.56959 -0.0385491
935.937 4.63306 -0.0403408
935.937 4.69652 -0.0419699
935.937 4.75999 -0.0434303
935.937 4.82346 -0.0447157
935.937 4.88692 -0.0458211
935.937 4.95039 -0.0467419
935.937 5.01385 -0.0474746
935.937 5.07732 -0.048016
935.937 5.14079 -0.0483641
935.937 5.20425 -0.0485174
935.937 5.26772 -0.0484755
935.937 5.33119 -0.0482383
935.937 5.39465 -0.0478069
935.937 5.45812 -0.0471831
935.937 5.52159 -0.0463691
935.937 5.58505 -0.0453683
935.937 5.64852 -0.044185
935.937 5.71199 -0.0428238
935.937 5.77545 -0.0412902
935.937 5.83892 -0.0395901
935.937 5.90239 -0.0377311
935.937 5.96585 -0.03572
935.937 6.02932 -0.0335647
935.937 6.09279 -0.0312746
935.937 6.15625 -0.0288585
935.937 6.21972 -0.0263257
935.937 6.28319 -0.0236877
936.938 0 -0.248276
936.938 0.0634665 -0.231339
936.938 0.126933 -0.21347
936.938 0.1904 -0.194742
936.938 0.253866 -0.175229
936.938 0.317333 -0.155011
936.938 0.380799 -0.134169
936.938 0.444266 -0.112787
936.938 0.507732 -0.0909502
936.938 0.571199 -0.0687472
936.938 0.634665 -0.0462675
936.938 0.698132 -0.0236015
936.938 0.761598 -0.000840503
936.938 0.825065 0.0219239
936.938 0.888531 0.0446
936.938 0.951998 0.0670965
936.938 1.01546 0.0893229
936.938 1.07893 0.11119
936.938 1.1424 0.132609
936.938 1.20586 0.153494
936.938 1.26933 0.173761
936.938 1.3328 0.193328
936.938 1.39626 0.212116
936.938 1.45973 0.230051
936.938 1.5232 0.247059
936.938 1.58666 0.263073
936.938 1.65013 0.278027
936.938 1.7136 0.291862
936.938 1.77706 0.304522
936.938 1.84053 0.315955
936.938 1.904 0.326116
936.938 1.96746 0.334964
936.938 2.03093 0.342463
936.938 2.0944 0.348583
936.938 2.15786 0.3533
936.938 2.22133 0.356593
936.938 2.28479 0.358451
936.938 2.34826 0.358866
936.938 2.41173 0.357836
936.938 2.47519 0.355364
936.938 2.53866 0.351462
936.938 2.60213 0.346145
936.938 2.66559 0.339434
936.938 2.72906 0.331356
936.938 2.79253 0.321944
936.938 2.85599 0.311235
936.938 2.91946 0.299273
936.938 2.98293 0.286106
936.938 3.04639 0.271787
936.938 3.10986 0.256374
936.938 3.17333 0.239928
936.938 3.23679 0.222517
936.938 3.30026 0.204209
936.938 3.36373 0.185079
936.938 3.42719 0.165204
936.938 3.49066 0.144663
936.938 3.55413 0.12354
936.938 3.61759 0.10192
936.938 3.68106 0.0798889
936.938 3.74452 0.0575364
936.938 3.80799 0.0349521
936.938 3.87146 0.0122272
936.938 3.93492 -0.010547
936.938 3.99839 -0.0332787
936.938 4.06186 -0.0558764
936.938 4.12532 -0.0782491
936.938 4.18879 -0.100307
936.938 4.25226 -0.121961
936.938 4.31572 -0.143123
936.938 4.37919 -0.163709
936.938 4.44266 -0.183636
936.938 4.50612 -0.202824
936.938 4.56959 -0.221195
936.938 4.63306 -0.238676
936.938 4.69652 -0.255195
936.938 4.75999 -0.270686
936.938 4.82346 -0.285088
936.938 4.88692 -0.298342
936.938 4.95039 -0.310394
936.938 5.01385 -0.321197
936.938 5.07732 -0.330706
936.938 5.14079 -0.338884
936.938 5.20425 -0.345697
936.938 5.26772 -0.351118
936.938 5.33119 -0.355125
936.938 5.39465 -0.357703
936.938 5.45812 -0.358839
936.938 5.52159 -0.358531
936.938 5.58505 -0.35678
936.938 5.64852 -0.353591
936.938 5.71199 -0.34898
936.938 5.77545 -0.342962
936.938 5.83892 -0.335564
936.938 5.90239 -0.326814
936.938 5.96585 -0.316748
936.938 6.02932 -0.305408
936.938 6.09279 -0.292837
936.938 6.15625 -0.279087
936.938 6.21972 -0.264214
936.938 6.28319 -0.248276
937.939 0 -0.0709831
937.939 0.0634665 -0.0696314
937.939 0.126933 -0.0679992
937.939 0.1904 -0.0660932
937.939 0.253866 -0.0639213
937.939 0.317333 -0.0614917
937.939 0.380799 -0.0588147
937.939 0.444266 -0.0559007
937.939 0.507732 -0.0527618
937.939 0.571199 -0.0494102
937.939 0.634665 -0.0458601
937.939 0.698132 -0.0421249
937.939 0.761598 -0.0382201
937.939 0.825065 -0.0341615
937.939 0.888531 -0.0299656
937.939 0.951998 -0.0256486
937.939 1.01546 -0.0212286
937.939 1.07893 -0.0167232
937.939 1.1424 -0.0121501
937.939 1.20586 -0.00752842
937.939 1.26933 -0.0028762
937.939 1.3328 0.00178744
937.939 1.39626 0.00644401
937.939 1.45973 0.0110745
937.939 1.5232 0.0156606
937.939 1.58666 0.0201836
937.939 1.65013 0.0246252
937.939 1.7136 0.0289676
937.939 1.77706 0.0331935
937.939 1.84053 0.0372857
937.939 1.904 0.0412278
937.939 1.96746 0.0450037
937.939 2.03093 0.0485986
937.939 2.0944 0.0519977
937.939 2.15786 0.0551875
937.939 2.22133 0.0581551
937.939 2.28479 0.0608884
937.939 2.34826 0.0633766
937.939 2.41173 0.0656096
937.939 2.47519 0.0675785
937.939 2.53866 0.0692751
937.939 2.60213 0.0706929
937.939 2.66559 0.0718259
937.939 2.72906 0.0726698
937.939 2.79253 0.0732212
937.939 2.85599 0.0734775
937.939 2.91946 0.073438
937.939 2.98293 0.073103
937.939 3.04639 0.0724734
937.939 3.10986 0.0715521
937.939 3.17333 0.0703427
937.939 3.23679 0.0688501
937.939 3.30026 0.06708
937.939 3.36373 0.06504
937.939 3.42719 0.062738
937.939 3.49066 0.0601835
937.939 3.55413 0.0573864
937.939 3.61759 0.0543588
937.939 3.68106 0.0511118
937.939 3.74452 0.0476592
937.939 3.80799 0.0440146
937.939 3.87146 0.0401927
937.939 3.93492 0.0362091
937.939 3.99839 0.0320797
937.939 4.06186 0.027821
937.939 4.12532 0.0234504
937.939 4.18879 0.0189854
937.939 4.25226 0.0144439
937.939 4.31572 0.00984412
937.939 4.37919 0.00520484
937.939 4.44266 0.000544524
937.939 4.50612 -0.00411792
937.939 4.56959 -0.00876382
937.939 4.63306 -0.0133743
937.939 4.69652 -0.0179311
937.939 4.75999 -0.0224157
937.939 4.82346 -0.0268099
937.939 4.88692 -0.0310963
937.939 4.95039 -0.0352574
937.939 5.01385 -0.0392764
937.939 5.07732 -0.0431376
937.939 5.14079 -0.0468247
937.939 5.20425 -0.0503235
937.939 5.26772 -0.0536196
937.939 5.33119 -0.0566999
937.939 5.39465 -0.0595517
937.939 5.45812 -0.0621638
937.939 5.52159 -0.0645256
937.939 5.58505 -0.0666276
937.939 5.64852 -0.0684612
937.939 5.71199 -0.0700192
937.939 5.77545 -0.0712953
937.939 5.83892 -0.0722843
937.939 5.90239 -0.0729822
937.939 5.96585 -0.0733863
937.939 6.02932 -0.0734947
937.939 6.09279 -0.0733074
937.939 6.15625 -0.0728249
937.939 6.21972 -0.072049
937.939 6.28319 -0.0709831
938.94 0 -0.0624172
938.94 0.0634665 -0.0872459
938.94 0.126933 -0.111723
938.94 0.1904 -0.13575
938.94 0.253866 -0.159231
938.94 0.317333 -0.182071
938.94 0.380799 -0.204177
938.94 0.444266 -0.225462
938.94 0.507732 -0.245838
938.94 0.571199 -0.265225
938.94 0.634665 -0.283543
938.94 0.698132 -0.30072
938.94 0.761598 -0.316686
938.94 0.825065 -0.331377
938.94 0.888531 -0.344733
938.94 0.951998 -0.356702
938.94 1.01546 -0.367234
938.94 1.07893 -0.376287
938.94 1.1424 -0.383825
938.94 1.20586 -0.389818
938.94 1.26933 -0.39424
938.94 1.3328 -0.397076
938.94 1.39626 -0.398313
938.94 1.45973 -0.397945
938.94 1.5232 -0.395976
938.94 1.58666 -0.392412
938.94 1.65013 -0.387267
938.94 1.7136 -0.380564
938.94 1.77706 -0.372328
938.94 1.84053 -0.362593
938.94 1.904 -0.351397
938.94 1.96746 -0.338787
938.94 2.03093 -0.324813
938.94 2.0944 -0.30953
938.94 2.15786 -0.293002
938.94 2.22133 -0.275293
938.94 2.28479 -0.256476
938.94 2.34826 -0.236626
938.94 2.41173 -0.215824
938.94 2.47519 -0.194152
938.94 2.53866 -0.171699
938.94 2.60213 -0.148554
938.94 2.66559 -0.124811
938.94 2.72906 -0.100566
938.94 2.79253 -0.0759153
938.94 2.85599 -0.0509593
938.94 2.91946 -0.0257979
938.94 2.98293 -0.000532648
938.94 3.04639 0.0247346
938.94 3.10986 0.0499024
938.94 3.17333 0.0748693
938.94 3.23679 0.0995343
938.94 3.30026 0.123799
938.94 3.36373 0.147565
938.94 3.42719 0.170737
938.94 3.49066 0.193221
938.94 3.55413 0.214928
938.94 3.61759 0.235768
938.94 3.68106 0.25566
938.94 3.74452 0.274522
938.94 3.80799 0.292279
938.94 3.87146 0.308859
938.94 3.93492 0.324195
938.94 3.99839 0.338225
938.94 4.06186 0.350894
938.94 4.12532 0.36215
938.94 4.18879 0.371948
938.94 4.25226 0.380248
938.94 4.31572 0.387016
938.94 4.37919 0.392227
938.94 4.44266 0.395857
938.94 4.50612 0.397895
938.94 4.56959 0.39833
938.94 4.63306 0.397161
938.94 4.69652 0.394392
938.94 4.75999 0.390036
938.94 4.82346 0.384109
938.94 4.88692 0.376635
938.94 4.95039 0.367645
938.94 5.01385 0.357175
938.94 5.07732 0.345266
938.94 5.14079 0.331967
938.94 5.20425 0.317331
938.94 5.26772 0.301418
938.94 5.33119 0.28429
938.94 5.39465 0.266019
938.94 5.45812 0.246676
938.94 5.52159 0.226339
938.94 5.58505 0.205091
938.94 5.64852 0.183018
938.94 5.71199 0.160207
938.94 5.77545 0.136752
938.94 5.83892 0.112745
938.94 5.90239 0.088285
938.94 5.96585 0.0634692
938.94 6.02932 0.0383979
938.94 6.09279 0.0131719
938.94 6.15625 -0.012107
938.94 6.21972 -0.0373373
938.94 6.28319 -0.0624172
939.941 0 0.135903
939.941 0.0634665 0.137234
939.941 0.126933 0.138013
939.941 0.1904 0.138235
939.941 0.253866 0.137901
939.941 0.317333 0.137012
939.941 0.380799 0.135571
939.941 0.444266 0.133584
939.941 0.507732 0.13106
939.941 0.571199 0.128007
939.941 0.634665 0.124439
939.941 0.698132 0.12037
939.941 0.761598 0.115817
939.941 0.825065 0.110797
939.941 0.888531 0.105331
939.941 0.951998 0.0994403
939.941 1.01546 0.0931497
939.941 1.07893 0.086484
939.941 1.1424 0.07947
939.941 1.20586 0.072136
939.941 1.26933 0.0645115
939.941 1.3328 0.0566273
939.941 1.39626 0.048515
939.941 1.45973 0.0402072
939.941 1.5232 0.031738
939.941 1.58666 0.0231406
939.941 1.65013 0.0144503
939.941 1.7136 0.00570146
939.941 1.77706 -0.00307008
939.941 1.84053 -0.0118294
939.941 1.904 -0.0205411
939.941 1.96746 -0.0291699
939.941 2.03093 -0.0376813
939.941 2.0944 -0.0460411
939.941 2.15786 -0.0542153
939.941 2.22133 -0.0621712
939.941 2.28479 -0.0698773
939.941 2.34826 -0.0773013
939.941 2.41173 -0.0844145
939.941 2.47519 -0.0911875
939.941 2.53866 -0.0975934
939.941 2.60213 -0.103607
939.941 2.66559 -0.109202
939.941 2.72906 -0.114358
939.941 2.79253 -0.119054
939.941 2.85599 -0.12327
939.941 2.91946 -0.12699
939.941 2.98293 -0.130199
939.941 3.04639 -0.132883
939.941 3.10986 -0.135032
939.941 3.17333 -0.136637
939.941 3.23679 -0.137693
939.941 3.30026 -0.138193
939.941 3.36373 -0.138138
939.941 3.42719 -0.137526
939.941 3.49066 -0.13636
939.941 3.55413 -0.134646
939.941 3.61759 -0.132389
939.941 3.68106 -0.129599
939.941 3.74452 -0.126287
939.941 3.80799 -0.122467
939.941 3.87146 -0.118153
939.941 3.93492 -0.113364
939.941 3.99839 -0.108118
939.941 4.06186 -0.102437
939.941 4.12532 -0.0963435
939.941 4.18879 -0.0898621
939.941 4.25226 -0.0830188
939.941 4.31572 -0.0758411
939.941 4.37919 -0.068358
939.941 4.44266 -0.0605999
939.941 4.50612 -0.0525976
939.941 4.56959 -0.0443836
939.941 4.63306 -0.0359908
939.941 4.69652 -0.0274532
939.941 4.75999 -0.0188049
939.941 4.82346 -0.0100809
939.941 4.88692 -0.00131641
939.941 4.95039 0.00745343
939.941 5.01385 0.0161933
939.941 5.07732 0.024868
939.941 5.14079 0.0334424
939.941 5.20425 0.0418824
939.941 5.26772 0.0501535
939.941 5.33119 0.0582228
939.941 5.39465 0.0660575
939.941 5.45812 0.0736263
939.941 5.52159 0.0808986
939.941 5.58505 0.0878452
939.941 5.64852 0.0944381
939.941 5.71199 0.100651
939.941 5.77545 0.106458
939.941 5.83892 0.111837
939.941 5.90239 0.116765
939.941 5.96585 0.121223
939.941 6.02932 0.125193
939.941 6.09279 0.128659
939.941 6.15625 0.131607
939.941 6.21972 0.134025
939.941 6.28319 0.135903
940.942 0 0.136379
940.942 0.0634665 0.129419
940.942 0.126933 0.121938
940.942 0.1904 0.113966
940.942 0.253866 0.105535
940.942 0.317333 0.0966795
940.942 0.380799 0.0874345
940.942 0.444266 0.0778372
940.942 0.507732 0.0679266
940.942 0.571199 0.0577426
940.942 0.634665 0.047326
940.942 0.698132 0.0367189
940.942 0.761598 0.0259638
940.942 0.825065 0.0151042
940.942 0.888531 0.00418379
940.942 0.951998 -0.00675335
940.942 1.01546 -0.0176634
940.942 1.07893 -0.0285024
940.942 1.1424 -0.0392266
940.942 1.20586 -0.0497928
940.942 1.26933 -0.0601585
940.942 1.3328 -0.0702819
940.942 1.39626 -0.0801223
940.942 1.45973 -0.0896402
940.942 1.5232 -0.0987971
940.942 1.58666 -0.107556
940.942 1.65013 -0.115882
940.942 1.7136 -0.123741
940.942 1.77706 -0.131103
940.942 1.84053 -0.137936
940.942 1.904 -0.144214
940.942 1.96746 -0.14991
940.942 2.03093 -0.155004
940.942 2.0944 -0.159473
940.942 2.15786 -0.1633
940.942 2.22133 -0.16647
940.942 2.28479 -0.168969
940.942 2.34826 -0.170788
940.942 2.41173 -0.17192
940.942 2.47519 -0.172358
940.942 2.53866 -0.172103
940.942 2.60213 -0.171155
940.942 2.66559 -0.169518
940.942 2.72906 -0.167198
940.942 2.79253 -0.164205
940.942 2.85599 -0.160551
940.942 2.91946 -0.15625
940.942 2.98293 -0.15132
940.942 3.04639 -0.145781
940.942 3.10986 -0.139655
940.942 3.17333 -0.132966
940.942 3.23679 -0.125742
940.942 3.30026 -0.118012
940.942 3.36373 -0.109806
940.942 3.42719 -0.101158
940.942 3.49066 -0.0921033
940.942 3.55413 -0.0826774
940.942 3.61759 -0.0729187
940.942 3.68106 -0.0628663
940.942 3.74452 -0.0525606
940.942 3.80799 -0.0420436
940.942 3.87146 -0.0313571
940.942 3.93492 -0.0205444
940.942 3.99839 -0.00964882
940.942 4.06186 0.00128544
940.942 4.12532 0.0122146
940.942 4.18879 0.0230946
940.942 4.25226 0.0338816
940.942 4.31572 0.0445321
940.942 4.37919 0.0550033
940.942 4.44266 0.0652529
940.942 4.50612 0.07524
940.942 4.56959 0.084924
940.942 4.63306 0.0942661
940.942 4.69652 0.103228
940.942 4.75999 0.111775
940.942 4.82346 0.119872
940.942 4.88692 0.127486
940.942 4.95039 0.134587
940.942 5.01385 0.141146
940.942 5.07732 0.147136
940.942 5.14079 0.152534
940.942 5.20425 0.157318
940.942 5.26772 0.161468
940.942 5.33119 0.164968
940.942 5.39465 0.167804
940.942 5.45812 0.169964
940.942 5.52159 0.17144
940.942 5.58505 0.172226
940.942 5.64852 0.172318
940.942 5.71199 0.171716
940.942 5.77545 0.170422
940.942 5.83892 0.168443
940.942 5.90239 0.165785
940.942 5.96585 0.16246
940.942 6.02932 0.15848
940.942 6.09279 0.153862
940.942 6.15625 0.148625
940.942 6.21972 0.142789
940.942 6.28319 0.136379
941.943 0 -0.0134705
941.943 0.0634665 -0.00712529
941.943 0.126933 -0.000751269
941.943 0.1904 0.00562591
941.943 0.253866 0.0119801
941.943 0.317333 0.0182863
941.943 0.380799 0.0245188
941.943 0.444266 0.0306528
941.943 0.507732 0.036663
941.943 0.571199 0.0425257
941.943 0.634665 0.0482171
941.943 0.698132 0.0537144
941.943 0.761598 0.0589954
941.943 0.825065 0.064039
941.943 0.888531 0.0688247
941.943 0.951998 0.0733331
941.943 1.01546 0.0775464
941.943 1.07893 0.0814473
941.943 1.1424 0.0850204
941.943 1.20586 0.088251
941.943 1.26933 0.0911263
941.943 1.3328 0.0936347
941.943 1.39626 0.095766
941.943 1.45973 0.0975117
941.943 1.5232 0.0988648
941.943 1.58666 0.0998198
941.943 1.65013 0.100373
941.943 1.7136 0.100522
941.943 1.77706 0.100266
941.943 1.84053 0.0996062
941.943 1.904 0.0985454
941.943 1.96746 0.0970878
941.943 2.03093 0.0952395
941.943 2.0944 0.0930075
941.943 2.15786 0.0904009
941.943 2.22133 0.0874306
941.943 2.28479 0.084108
941.943 2.34826 0.0804471
941.943 2.41173 0.0764617
941.943 2.47519 0.0721687
941.943 2.53866 0.0675851
941.943 2.60213 0.0627295
941.943 2.66559 0.0576207
941.943 2.72906 0.0522807
941.943 2.79253 0.0467296
941.943 2.85599 0.0409909
941.943 2.91946 0.0350866
941.943 2.98293 0.0290413
941.943 3.04639 0.022879
941.943 3.10986 0.0166245
941.943 3.17333 0.0103034
941.943 3.23679 0.0039405
941.943 3.30026 -0.0024385
941.943 3.36373 -0.0088074
941.943 3.42719 -0.0151409
941.943 3.49066 -0.0214132
941.943 3.55413 -0.0275997
941.943 3.61759 -0.0336748
941.943 3.68106 -0.0396142
941.943 3.74452 -0.0453943
941.943 3.80799 -0.0509915
941.943 3.87146 -0.0563835
941.943 3.93492 -0.0615484
941.943 3.99839 -0.0664653
941.943 4.06186 -0.0711148
941.943 4.12532 -0.0754777
941.943 4.18879 -0.0795369
941.943 4.25226 -0.0832757
941.943 4.31572 -0.0866793
941.943 4.37919 -0.0897338
941.943 4.44266 -0.092427
941.943 4.50612 -0.094748
941.943 4.56959 -0.0966875
941.943 4.63306 -0.0982377
941.943 4.69652 -0.0993923
941.943 4.75999 -0.100147
941.943 4.82346 -0.100498
941.943 4.88692 -0.100444
941.943 4.95039 -0.0999865
941.943 5.01385 -0.0991257
941.943 5.07732 -0.0978659
941.943 5.14079 -0.0962122
941.943 5.20425 -0.094171
941.943 5.26772 -0.0917504
941.943 5.33119 -0.0889606
941.943 5.39465 -0.0858126
941.943 5.45812 -0.0823189
941.943 5.52159 -0.0784936
941.943 5.58505 -0.0743526
941.943 5.64852 -0.0699121
941.943 5.71199 -0.0651899
941.943 5.77545 -0.0602053
941.943 5.83892 -0.0549785
941.943 5.90239 -0.0495301
941.943 5.96585 -0.0438824
941.943 6.02932 -0.0380581
941.943 6.09279 -0.0320801
941.943 6.15625 -0.0259731
941.943 6.21972 -0.0197616
941.943 6.28319 -0.0134707
942.944 0 0.162979
942.944 0.0634665 0.188961
942.944 0.126933 0.214182
942.944 0.1904 0.23854
942.944 0.253866 0.261939
942.944 0.317333 0.284282
942.944 0.380799 0.305481
942.944 0.444266 0.325449
942.944 0.507732 0.344107
942.944 0.571199 0.36138
942.944 0.634665 0.377198
942.944 0.698132 0.391496
942.944 0.761598 0.404218
942.944 0.825065 0.415313
942.944 0.888531 0.424735
942.944 0.951998 0.432447
942.944 1.01546 0.438418
942.944 1.07893 0.442623
942.944 1.1424 0.445046
942.944 1.20586 0.445677
942.944 1.26933 0.444513
942.944 1.3328 0.44156
942.944 1.39626 0.436829
942.944 1.45973 0.430338
942.944 1.5232 0.422114
942.944 1.58666 0.412192
942.944 1.65013 0.400608
942.944 1.7136 0.387413
942.944 1.77706 0.372657
942.944 1.84053 0.356401
942.944 1.904 0.338709
942.944 1.96746 0.319654
942.944 2.03093 0.299312
942.944 2.0944 0.277764
942.944 2.15786 0.255098
942.944 2.22133 0.231404
942.944 2.28479 0.206779
942.944 2.34826 0.181321
942.944 2.41173 0.155133
942.944 2.47519 0.128321
942.944 2.53866 0.100992
942.944 2.60213 0.0732556
942.944 2.66559 0.0452246
942.944 2.72906 0.0170118
942.944 2.79253 -0.0112698
942.944 2.85599 -0.0395059
942.944 2.91946 -0.0675828
942.944 2.98293 -0.0953878
942.944 3.04639 -0.122809
942.944 3.10986 -0.149735
942.944 3.17333 -0.176058
942.944 3.23679 -0.201673
942.944 3.30026 -0.226475
942.944 3.36373 -0.250365
942.944 3.42719 -0.273248
942.944 3.49066 -0.29503
942.944 3.55413 -0.315624
942.944 3.61759 -0.334947
942.944 3.68106 -0.352922
942.944 3.74452 -0.369475
942.944 3.80799 -0.38454
942.944 3.87146 -0.398057
942.944 3.93492 -0.409972
942.944 3.99839 -0.420236
942.944 4.06186 -0.428807
942.944 4.12532 -0.435651
942.944 4.18879 -0.440742
942.944 4.25226 -0.444058
942.944 4.31572 -0.445586
942.944 4.37919 -0.445319
942.944 4.44266 -0.44326
942.944 4.50612 -0.439415
942.944 4.56959 -0.433801
942.944 4.63306 -0.426441
942.944 4.69652 -0.417363
942.944 4.75999 -0.406605
942.944 4.82346 -0.39421
942.944 4.88692 -0.380226
942.944 4.95039 -0.364712
942.944 5.01385 -0.34773
942.944 5.07732 -0.329347
942.944 5.14079 -0.309638
942.944 5.20425 -0.288683
942.944 5.26772 -0.266565
942.944 5.33119 -0.243373
942.944 5.39465 -0.219202
942.944 5.45812 -0.194148
942.944 5.52159 -0.168312
942.944 5.58505 -0.141799
942.944 5.64852 -0.114714
942.944 5.71199 -0.0871675
942.944 5.77545 -0.05927
942.944 5.83892 -0.0311339
942.944 5.90239 -0.00287239
942.944 5.96585 0.0254006
942.944 6.02932 0.0535713
942.944 6.09279 0.0815265
942.944 6.15625 0.109153
942.944 6.21972 0.136341
942.944 6.28319 0.162979
943.945 0 -0.24155
943.945 0.0634665 -0.238427
943.945 0.126933 -0.234345
943.945 0.1904 -0.229318
943.945 0.253866 -0.223369
943.945 0.317333 -0.21652
943.945 0.380799 -0.208799
943.945 0.444266 -0.200237
943.945 0.507732 -0.190869
943.945 0.571199 -0.180733
943.945 0.634665 -0.169868
943.945 0.698132 -0.15832
943.945 0.761598 -0.146135
943.945 0.825065 -0.13336
943.945 0.888531 -0.120049
943.945 0.951998 -0.106255
943.945 1.01546 -0.0920322
943.945 1.07893 -0.0774391
943.945 1.1424 -0.0625341
943.945 1.20586 -0.0473776
943.945 1.26933 -0.0320302
943.945 1.3328 -0.0165538
943.945 1.39626 -0.00101065
943.945 1.45973 0.0145363
943.945 1.5232 0.030025
943.945 1.58666 0.0453927
943.945 1.65013 0.0605774
943.945 1.7136 0.0755185
943.945 1.77706 0.0901552
943.945 1.84053 0.104429
943.945 1.904 0.118283
943.945 1.96746 0.13166
943.945 2.03093 0.144506
943.945 2.0944 0.156772
943.945 2.15786 0.168406
943.945 2.22133 0.179361
943.945 2.28479 0.189595
943.945 2.34826 0.199065
943.945 2.41173 0.207733
943.945 2.47519 0.215565
943.945 2.53866 0.222529
943.945 2.60213 0.228597
943.945 2.66559 0.233744
943.945 2.72906 0.237951
943.945 2.79253 0.241199
943.945 2.85599 0.243476
943.945 2.91946 0.244772
943.945 2.98293 0.245083
943.945 3.04639 0.244407
943.945 3.10986 0.242747
943.945 3.17333 0.24011
943.945 3.23679 0.236505
943.945 3.30026 0.231948
943.945 3.36373 0.226458
943.945 3.42719 0.220055
943.945 3.49066 0.212766
943.945 3.55413 0.204621
943.945 3.61759 0.195652
943.945 3.68106 0.185895
943.945 3.74452 0.175389
943.945 3.80799 0.164177
943.945 3.87146 0.152304
943.945 3.93492 0.139818
943.945 3.99839 0.126769
943.945 4.06186 0.113209
943.945 4.12532 0.0991931
943.945 4.18879 0.0847783
943.945 4.25226 0.0700219
943.945 4.31572 0.0549835
943.945 4.37919 0.039724
943.945 4.44266 0.0243044
943.945 4.50612 0.00878672
943.945 4.56959 -0.00676615
943.945 4.63306 -0.0222919
943.945 4.69652 -0.0377278
943.945 4.75999 -0.0530117
943.945 4.82346 -0.0680822
943.945 4.88692 -0.0828787
943.945 4.95039 -0.0973413
943.945 5.01385 -0.111412
943.945 5.07732 -0.125034
943.945 5.14079 -0.138153
943.945 5.20425 -0.150715
943.945 5.26772 -0.16267
943.945 5.33119 -0.173971
943.945 5.39465 -0.184571
943.945 5.45812 -0.194428
943.945 5.52159 -0.203501
943.945 5.58505 -0.211756
943.945 5.64852 -0.219157
943.945 5.71199 -0.225677
943.945 5.77545 -0.231287
943.945 5.83892 -0.235966
943.945 5.90239 -0.239696
943.945 5.96585 -0.242459
943.945 6.02932 -0.244247
943.945 6.09279 -0.245051
943.945 6.15625 -0.244868
943.945 6.21972 -0.2437
943.945 6.28319 -0.24155
944.945 0 0.250557
944.945 0.0634665 0.255496
944.945 0.126933 0.259407
944.945 0.1904 0.262274
944.945 0.253866 0.264084
944.945 0.317333 0.264831
944.945 0.380799 0.264512
944.945 0.444266 0.263127
944.945 0.507732 0.260682
944.945 0.571199 0.257189
944.945 0.634665 0.252659
944.945 0.698132 0.247113
944.945 0.761598 0.240571
944.945 0.825065 0.23306
944.945 0.888531 0.224611
944.945 0.951998 0.215258
944.945 1.01546 0.205038
944.945 1.07893 0.193992
944.945 1.1424 0.182165
944.945 1.20586 0.169605
944.945 1.26933 0.156361
944.945 1.3328 0.142489
944.945 1.39626 0.128042
944.945 1.45973 0.113079
944.945 1.5232 0.097662
944.945 1.58666 0.081851
944.945 1.65013 0.0657105
944.945 1.7136 0.0493055
944.945 1.77706 0.032702
944.945 1.84053 0.0159667
944.945 1.904 -0.000832931
944.945 1.96746 -0.017629
944.945 2.03093 -0.0343543
944.945 2.0944 -0.0509413
944.945 2.15786 -0.067323
944.945 2.22133 -0.0834336
944.945 2.28479 -0.0992083
944.945 2.34826 -0.114584
944.945 2.41173 -0.129497
944.945 2.47519 -0.14389
944.945 2.53866 -0.157703
944.945 2.60213 -0.170881
944.945 2.66559 -0.183371
944.945 2.72906 -0.195122
944.945 2.79253 -0.206088
944.945 2.85599 -0.216224
944.945 2.91946 -0.22549
944.945 2.98293 -0.233847
944.945 3.04639 -0.241263
944.945 3.10986 -0.247707
944.945 3.17333 -0.253154
944.945 3.23679 -0.257581
944.945 3.30026 -0.260972
944.945 3.36373 -0.263311
944.945 3.42719 -0.264591
944.945 3.49066 -0.264804
944.945 3.55413 -0.263952
944.945 3.61759 -0.262037
944.945 3.68106 -0.259066
944.945 3.74452 -0.255053
944.945 3.80799 -0.250012
944.945 3.87146 -0.243965
944.945 3.93492 -0.236935
944.945 3.99839 -0.228951
944.945 4.06186 -0.220046
944.945 4.12532 -0.210254
944.945 4.18879 -0.199616
944.945 4.25226 -0.188173
944.945 4.31572 -0.175974
944.945 4.37919 -0.163065
944.945 4.44266 -0.1495
944.945 4.50612 -0.135333
944.945 4.56959 -0.120621
944.945 4.63306 -0.105424
944.945 4.69652 -0.0898016
944.945 4.75999 -0.0738179
944.945 4.82346 -0.057537
944.945 4.88692 -0.0410244
944.945 4.95039 -0.0243467
944.945 5.01385 -0.00757072
944.945 5.07732 0.00923563
944.945 5.14079 0.0260048
944.945 5.20425 0.0426693
944.945 5.26772 0.059162
944.945 5.33119 0.0754163
944.945 5.39465 0.0913671
944.945 5.45812 0.10695
944.945 5.52159 0.122102
944.945 5.58505 0.136763
944.945 5.64852 0.150872
944.945 5.71199 0.164375
944.945 5.77545 0.177215
944.945 5.83892 0.189342
944.945 5.90239 0.200706
944.945 5.96585 0.211263
944.945 6.02932 0.220968
944.945 6.09279 0.229784
944.945 6.15625 0.237675
944.945 6.21972 0.244608
944.945 6.28319 0.250557
945.946 0 -0.0324984
945.946 0.0634665 -0.0210887
945.946 0.126933 -0.00959416
945.946 0.1904 0.00193903
945.946 0.253866 0.0134644
945.946 0.317333 0.0249356
945.946 0.380799 0.0363064
945.946 0.444266 0.0475309
945.946 0.507732 0.0585642
945.946 0.571199 0.0693615
945.946 0.634665 0.0798797
945.946 0.698132 0.0900759
945.946 0.761598 0.0999096
945.946 0.825065 0.109341
945.946 0.888531 0.118332
945.946 0.951998 0.126847
945.946 1.01546 0.134851
945.946 1.07893 0.142312
945.946 1.1424 0.1492
945.946 1.20586 0.155487
945.946 1.26933 0.161148
945.946 1.3328 0.16616
945.946 1.39626 0.170503
945.946 1.45973 0.174159
945.946 1.5232 0.177115
945.946 1.58666 0.179357
945.946 1.65013 0.180876
945.946 1.7136 0.181668
945.946 1.77706 0.181728
945.946 1.84053 0.181056
945.946 1.904 0.179655
945.946 1.96746 0.177531
945.946 2.03093 0.174692
945.946 2.0944 0.171149
945.946 2.15786 0.166918
945.946 2.22133 0.162014
945.946 2.28479 0.156458
945.946 2.34826 0.150272
945.946 2.41173 0.14348
945.946 2.47519 0.136111
945.946 2.53866 0.128194
945.946 2.60213 0.119761
945.946 2.66559 0.110846
945.946 2.72906 0.101484
945.946 2.79253 0.0917134
945.946 2.85599 0.0815736
945.946 2.91946 0.0711053
945.946 2.98293 0.0603507
945.946 3.04639 0.0493534
945.946 3.10986 0.0381569
945.946 3.17333 0.026807
945.946 3.23679 0.0153492
945.946 3.30026 0.00382952
945.946 3.36373 -0.00770559
945.946 3.42719 -0.0192098
945.946 3.49066 -0.0306364
945.946 3.55413 -0.0419397
945.946 3.61759 -0.0530743
945.946 3.68106 -0.0639951
945.946 3.74452 -0.0746582
945.946 3.80799 -0.0850206
945.946 3.87146 -0.0950408
945.946 3.93492 -0.104678
945.946 3.99839 -0.113894
945.946 4.06186 -0.122651
945.946 4.12532 -0.130915
945.946 4.18879 -0.138651
945.946 4.25226 -0.145829
945.946 4.31572 -0.15242
945.946 4.37919 -0.158397
945.946 4.44266 -0.163736
945.946 4.50612 -0.168416
945.946 4.56959 -0.172418
945.946 4.63306 -0.175725
945.946 4.69652 -0.178325
945.946 4.75999 -0.180207
945.946 4.82346 -0.181364
945.946 4.88692 -0.181789
945.946 4.95039 -0.181483
945.946 5.01385 -0.180447
945.946 5.07732 -0.178683
945.946 5.14079 -0.1762
945.946 5.20425 -0.173008
945.946 5.26772 -0.169119
945.946 5.33119 -0.164549
945.946 5.39465 -0.159316
945.946 5.45812 -0.153442
945.946 5.52159 -0.14695
945.946 5.58505 -0.139866
945.946 5.64852 -0.13222
945.946 5.71199 -0.12404
945.946 5.77545 -0.115361
945.946 5.83892 -0.106218
945.946 5.90239 -0.0966474
945.946 5.96585 -0.0866871
945.946 6.02932 -0.076378
945.946 6.09279 -0.0657612
945.946 6.15625 -0.0548797
945.946 6.21972 -0.0437772
945.946 6.28319 -0.0324984
946.947 0 -0.146745
946.947 0.0634665 -0.118936
946.947 0.126933 -0.0906473
946.947 0.1904 -0.0619939
946.947 0.253866 -0.033091
946.947 0.317333 -0.00405494
946.947 0.380799 0.0249977
946.947 0.444266 0.0539497
946.947 0.507732 0.0826844
946.947 0.571199 0.111086
946.947 0.634665 0.13904
946.947 0.698132 0.166435
946.947 0.761598 0.19316
946.947 0.825065 0.219106
946.947 0.888531 0.24417
946.947 0.951998 0.268252
946.947 1.01546 0.291253
946.947 1.07893 0.31308
946.947 1.1424 0.333649
946.947 1.20586 0.352872
946.947 1.26933 0.370676
946.947 1.3328 0.386986
946.947 1.39626 0.401738
946.947 1.45973 0.414873
946.947 1.5232 0.426337
946.947 1.58666 0.436085
946.947 1.65013 0.444076
946.947 1.7136 0.45028
946.947 1.77706 0.45467
946.947 1.84053 0.457229
946.947 1.904 0.457947
946.947 1.96746 0.456822
946.947 2.03093 0.453857
946.947 2.0944 0.449064
946.947 2.15786 0.442463
946.947 2.22133 0.43408
946.947 2.28479 0.42395
946.947 2.34826 0.412113
946.947 2.41173 0.398616
946.947 2.47519 0.383514
946.947 2.53866 0.366867
946.947 2.60213 0.348744
946.947 2.66559 0.329216
946.947 2.72906 0.308363
946.947 2.79253 0.286268
946.947 2.85599 0.26302
946.947 2.91946 0.238713
946.947 2.98293 0.213445
946.947 3.04639 0.187317
946.947 3.10986 0.160435
946.947 3.17333 0.132907
946.947 3.23679 0.104845
946.947 3.30026 0.0763593
946.947 3.36373 0.0475666
946.947 3.42719 0.0185822
946.947 3.49066 -0.0104766
946.947 3.55413 -0.0394935
946.947 3.61759 -0.0683512
946.947 3.68106 -0.0969341
946.947 3.74452 -0.125126
946.947 3.80799 -0.152815
946.947 3.87146 -0.179888
946.947 3.93492 -0.206236
946.947 3.99839 -0.231755
946.947 4.06186 -0.25634
946.947 4.12532 -0.279893
946.947 4.18879 -0.302319
946.947 4.25226 -0.323528
946.947 4.31572 -0.343433
946.947 4.37919 -0.361957
946.947 4.44266 -0.379022
946.947 4.50612 -0.394561
946.947 4.56959 -0.408512
946.947 4.63306 -0.420817
946.947 4.69652 -0.431428
946.947 4.75999 -0.440302
946.947 4.82346 -0.447403
946.947 4.88692 -0.452702
946.947 4.95039 -0.456179
946.947 5.01385 -0.457819
946.947 5.07732 -0.457615
946.947 5.14079 -0.455568
946.947 5.20425 -0.451688
946.947 5.26772 -0.445988
946.947 5.33119 -0.438493
946.947 5.39465 -0.429232
946.947 5.45812 -0.418242
946.947 5.52159 -0.405569
946.947 5.58505 -0.391262
946.947 5.64852 -0.37538
946.947 5.71199 -0.357986
946.947 5.77545 -0.339151
946.947 5.83892 -0.31895
946.947 5.90239 -0.297465
946.947 5.96585 -0.274782
946.947 6.02932 -0.250993
946.947 6.09279 -0.226193
946.947 6.15625 -0.200482
946.947 6.21972 -0.173964
946.947 6.28319 -0.146745
947.948 0 0.106097
947.948 0.0634665 0.079111
947.948 0.126933 0.0518056
947.948 0.1904 0.0242919
947.948 0.253866 -0.00331963
947.948 0.317333 -0.0309178
947.948 0.380799 -0.0583916
947.948 0.444266 -0.08563
947.948 0.507732 -0.112524
947.948 0.571199 -0.138964
947.948 0.634665 -0.164846
947.948 0.698132 -0.190063
947.948 0.761598 -0.214515
947.948 0.825065 -0.238103
947.948 0.888531 -0.260733
947.948 0.951998 -0.282312
947.948 1.01546 -0.302755
947.948 1.07893 -0.321979
947.948 1.1424 -0.339906
947.948 1.20586 -0.356465
947.948 1.26933 -0.371588
947.948 1.3328 -0.385215
947.948 1.39626 -0.397291
947.948 1.45973 -0.407767
947.948 1.5232 -0.416601
947.948 1.58666 -0.423757
947.948 1.65013 -0.429208
947.948 1.7136 -0.43293
947.948 1.77706 -0.434909
947.948 1.84053 -0.435136
947.948 1.904 -0.433612
947.948 1.96746 -0.430341
947.948 2.03093 -0.425338
947.948 2.0944 -0.418622
947.948 2.15786 -0.41022
947.948 2.22133 -0.400167
947.948 2.28479 -0.388502
947.948 2.34826 -0.375272
947.948 2.41173 -0.360532
947.948 2.47519 -0.34434
947.948 2.53866 -0.326761
947.948 2.60213 -0.307867
947.948 2.66559 -0.287733
947.948 2.72906 -0.26644
947.948 2.79253 -0.244075
947.948 2.85599 -0.220727
947.948 2.91946 -0.19649
947.948 2.98293 -0.171461
947.948 3.04639 -0.145743
947.948 3.10986 -0.119437
947.948 3.17333 -0.0926506
947.948 3.23679 -0.0654912
947.948 3.30026 -0.0380679
947.948 3.36373 -0.0104914
947.948 3.42719 0.0171272
947.948 3.49066 0.0446773
947.948 3.55413 0.0720472
947.948 3.61759 0.0991268
947.948 3.68106 0.125807
947.948 3.74452 0.151982
947.948 3.80799 0.177544
947.948 3.87146 0.202391
947.948 3.93492 0.226423
947.948 3.99839 0.249544
947.948 4.06186 0.271659
947.948 4.12532 0.292681
947.948 4.18879 0.312524
947.948 4.25226 0.331109
947.948 4.31572 0.348361
947.948 4.37919 0.36421
947.948 4.44266 0.378592
947.948 4.50612 0.39145
947.948 4.56959 0.402732
947.948 4.63306 0.412391
947.948 4.69652 0.420391
947.948 4.75999 0.426698
947.948 4.82346 0.431286
947.948 4.88692 0.434138
947.948 4.95039 0.435241
947.948 5.01385 0.434593
947.948 5.07732 0.432194
947.948 5.14079 0.428055
947.948 5.20425 0.422192
947.948 5.26772 0.41463
947.948 5.33119 0.405398
947.948 5.39465 0.394533
947.948 5.45812 0.382079
947.948 5.52159 0.368087
947.948 5.58505 0.352613
947.948 5.64852 0.33572
947.948 5.71199 0.317474
947.948 5.77545 0.29795
947.948 5.83892 0.277226
947.948 5.90239 0.255387
947.948 5.96585 0.232518
947.948 6.02932 0.208713
947.948 6.09279 0.184068
947.948 6.15625 0.158682
947.948 6.21972 0.132657
947.948 6.28319 0.106097
948.949 0 0.407252
948.949 0.0634665 0.402006
948.949 0.126933 0.39514
948.949 0.1904 0.386683
948.949 0.253866 0.37667
948.949 0.317333 0.36514
948.949 0.380799 0.352139
948.949 0.444266 0.337721
948.949 0.507732 0.321942
948.949 0.571199 0.304867
948.949 0.634665 0.286565
948.949 0.698132 0.267109
948.949 0.761598 0.246577
948.949 0.825065 0.225052
948.949 0.888531 0.202622
948.949 0.951998 0.179375
948.949 1.01546 0.155406
948.949 1.07893 0.130811
948.949 1.1424 0.105689
948.949 1.20586 0.0801422
948.949 1.26933 0.0542723
948.949 1.3328 0.028184
948.949 1.39626 0.00198219
948.949 1.45973 -0.0242276
948.949 1.5232 -0.0503398
948.949 1.58666 -0.0762495
948.949 1.65013 -0.101852
948.949 1.7136 -0.127044
948.949 1.77706 -0.151725
948.949 1.84053 -0.175795
948.949 1.904 -0.199157
948.949 1.96746 -0.221717
948.949 2.03093 -0.243385
948.949 2.0944 -0.264072
948.949 2.15786 -0.283696
948.949 2.22133 -0.302178
948.949 2.28479 -0.319442
948.949 2.34826 -0.335421
948.949 2.41173 -0.350049
948.949 2.47519 -0.363267
948.949 2.53866 -0.375023
948.949 2.60213 -0.385269
948.949 2.66559 -0.393963
948.949 2.72906 -0.401071
948.949 2.79253 -0.406564
948.949 2.85599 -0.41042
948.949 2.91946 -0.412623
948.949 2.98293 -0.413165
948.949 3.04639 -0.412043
948.949 3.10986 -0.409262
948.949 3.17333 -0.404832
948.949 3.23679 -0.398774
948.949 3.30026 -0.391108
948.949 3.36373 -0.381869
948.949 3.42719 -0.371092
948.949 3.49066 -0.35882
948.949 3.55413 -0.345103
948.949 3.61759 -0.329998
948.949 3.68106 -0.313562
948.949 3.74452 -0.295865
948.949 3.80799 -0.276976
948.949 3.87146 -0.256972
948.949 3.93492 -0.235933
948.949 3.99839 -0.213945
948.949 4.06186 -0.191094
948.949 4.12532 -0.167474
948.949 4.18879 -0.14318
948.949 4.25226 -0.11831
948.949 4.31572 -0.0929625
948.949 4.37919 -0.067241
948.949 4.44266 -0.041249
948.949 4.50612 -0.0150907
948.949 4.56959 0.0111283
948.949 4.63306 0.0373025
948.949 4.69652 0.0633265
948.949 4.75999 0.0890956
948.949 4.82346 0.114506
948.949 4.88692 0.139455
948.949 4.95039 0.163843
948.949 5.01385 0.187571
948.949 5.07732 0.210543
948.949 5.14079 0.232668
948.949 5.20425 0.253856
948.949 5.26772 0.274022
948.949 5.33119 0.293084
948.949 5.39465 0.310967
948.949 5.45812 0.327596
948.949 5.52159 0.342907
948.949 5.58505 0.356837
948.949 5.64852 0.369331
948.949 5.71199 0.380337
948.949 5.77545 0.389812
948.949 5.83892 0.397717
948.949 5.90239 0.404021
948.949 5.96585 0.408697
948.949 6.02932 0.411729
948.949 6.09279 0.413102
948.949 6.15625 0.412812
948.949 6.21972 0.410859
948.949 6.28319 0.407252
949.95 0 0.158685
949.95 0.0634665 0.155861
949.95 0.126933 0.15241
949.95 0.1904 0.148345
949.95 0.253866 0.143682
949.95 0.317333 0.138441
949.95 0.380799 0.132643
949.95 0.444266 0.12631
949.95 0.507732 0.119469
949.95 0.571199 0.112146
949.95 0.634665 0.104373
949.95 0.698132 0.0961785
949.95 0.761598 0.0875969
949.95 0.825065 0.078663
949.95 0.888531 0.0694121
949.95 0.951998 0.0598816
949.95 1.01546 0.0501103
949.95 1.07893 0.040137
949.95 1.1424 0.0300021
949.95 1.20586 0.0197463
949.95 1.26933 0.00941116
949.95 1.3328 -0.000961994
949.95 1.39626 -0.0113312
949.95 1.45973 -0.0216548
949.95 1.5232 -0.031891
949.95 1.58666 -0.0419989
949.95 1.65013 -0.051938
949.95 1.7136 -0.0616677
949.95 1.77706 -0.0711491
949.95 1.84053 -0.0803441
949.95 1.904 -0.0892156
949.95 1.96746 -0.0977278
949.95 2.03093 -0.105846
949.95 2.0944 -0.113539
949.95 2.15786 -0.120774
949.95 2.22133 -0.127523
949.95 2.28479 -0.133758
949.95 2.34826 -0.139455
949.95 2.41173 -0.144591
949.95 2.47519 -0.149144
949.95 2.53866 -0.153096
949.95 2.60213 -0.156432
949.95 2.66559 -0.159139
949.95 2.72906 -0.161204
949.95 2.79253 -0.16262
949.95 2.85599 -0.163382
949.95 2.91946 -0.163485
949.95 2.98293 -0.162931
949.95 3.04639 -0.16172
949.95 3.10986 -0.159858
949.95 3.17333 -0.157352
949.95 3.23679 -0.154213
949.95 3.30026 -0.150453
949.95 3.36373 -0.146087
949.95 3.42719 -0.141133
949.95 3.49066 -0.13561
949.95 3.55413 -0.129541
949.95 3.61759 -0.122951
949.95 3.68106 -0.115866
949.95 3.74452 -0.108314
949.95 3.80799 -0.100326
949.95 3.87146 -0.0919341
949.95 3.93492 -0.083172
949.95 3.99839 -0.0740747
949.95 4.06186 -0.0646795
949.95 4.12532 -0.0550236
949.95 4.18879 -0.0451464
949.95 4.25226 -0.0350871
949.95 4.31572 -0.0248868
949.95 4.37919 -0.0145861
949.95 4.44266 -0.00422672
949.95 4.50612 0.00614961
949.95 4.56959 0.0165013
949.95 4.63306 0.0267864
949.95 4.69652 0.0369637
949.95 4.75999 0.0469923
949.95 4.82346 0.0568316
949.95 4.88692 0.0664418
949.95 4.95039 0.0757848
949.95 5.01385 0.0848224
949.95 5.07732 0.0935188
949.95 5.14079 0.101838
949.95 5.20425 0.109748
949.95 5.26772 0.117215
949.95 5.33119 0.124211
949.95 5.39465 0.130706
949.95 5.45812 0.136676
949.95 5.52159 0.142094
949.95 5.58505 0.146941
949.95 5.64852 0.151196
949.95 5.71199 0.154842
949.95 5.77545 0.157865
949.95 5.83892 0.160252
949.95 5.90239 0.161994
949.95 5.96585 0.163083
949.95 6.02932 0.163516
949.95 6.09279 0.16329
949.95 6.15625 0.162407
949.95 6.21972 0.16087
949.95 6.28319 0.158685
950.951 0 -0.0745827
950.951 0.0634665 -0.0767118
950.951 0.126933 -0.0785321
950.951 0.1904 -0.080036
950.951 0.253866 -0.0812176
950.951 0.317333 -0.0820721
950.951 0.380799 -0.0825965
950.951 0.444266 -0.0827879
950.951 0.507732 -0.0826462
950.951 0.571199 -0.0821716
950.951 0.634665 -0.0813662
950.951 0.698132 -0.0802332
950.951 0.761598 -0.0787772
950.951 0.825065 -0.0770037
950.951 0.888531 -0.0749203
950.951 0.951998 -0.072535
950.951 1.01546 -0.0698582
950.951 1.07893 -0.0668995
950.951 1.1424 -0.063672
950.951 1.20586 -0.0601873
950.951 1.26933 -0.0564611
950.951 1.3328 -0.0525072
950.951 1.39626 -0.0483417
950.951 1.45973 -0.0439815
950.951 1.5232 -0.0394447
950.951 1.58666 -0.0347488
950.951 1.65013 -0.0299127
950.951 1.7136 -0.0249564
950.951 1.77706 -0.0198995
950.951 1.84053 -0.0147627
950.951 1.904 -0.00956649
950.951 1.96746 -0.0043314
950.951 2.03093 0.000920871
950.951 2.0944 0.00616952
950.951 2.15786 0.0113933
950.951 2.22133 0.0165712
950.951 2.28479 0.0216823
950.951 2.34826 0.0267062
950.951 2.41173 0.0316225
950.951 2.47519 0.0364115
950.951 2.53866 0.0410539
950.951 2.60213 0.045531
950.951 2.66559 0.0498247
950.951 2.72906 0.0539178
950.951 2.79253 0.0577938
950.951 2.85599 0.0614372
950.951 2.91946 0.064833
950.951 2.98293 0.0679679
950.951 3.04639 0.0708291
950.951 3.10986 0.073405
950.951 3.17333 0.0756854
950.951 3.23679 0.077661
950.951 3.30026 0.0793239
950.951 3.36373 0.0806674
950.951 3.42719 0.0816861
950.951 3.49066 0.0823758
950.951 3.55413 0.0827338
950.951 3.61759 0.0827589
950.951 3.68106 0.0824504
950.951 3.74452 0.0818102
950.951 3.80799 0.0808406
950.951 3.87146 0.0795454
950.951 3.93492 0.0779296
950.951 3.99839 0.0760003
950.951 4.06186 0.0737648
950.951 4.12532 0.0712326
950.951 4.18879 0.0684135
950.951 4.25226 0.0653186
950.951 4.31572 0.061961
950.951 4.37919 0.0583537
950.951 4.44266 0.0545114
950.951 4.50612 0.0504497
950.951 4.56959 0.0461848
950.951 4.63306 0.0417341
950.951 4.69652 0.0371152
950.951 4.75999 0.032347
950.951 4.82346 0.0274482
950.951 4.88692 0.0224393
950.951 4.95039 0.0173399
950.951 5.01385 0.0121707
950.951 5.07732 0.0069525
950.951 5.14079 0.00170634
950.951 5.20425 -0.00354691
950.951 5.26772 -0.00878565
950.951 5.33119 -0.0139892
950.951 5.39465 -0.0191364
950.951 5.45812 -0.0242064
950.951 5.52159 -0.029179
950.951 5.58505 -0.0340341
950.951 5.64852 -0.0387522
950.951 5.71199 -0.0433143
950.951 5.77545 -0.0477019
950.951 5.83892 -0.0518974
950.951 5.90239 -0.055884
950.951 5.96585 -0.0596455
950.951 6.02932 -0.0631669
950.951 6.09279 -0.0664339
950.951 6.15625 -0.0694334
950.951 6.21972 -0.0721533
950.951 6.28319 -0.0745827
951.952 0 -0.301324
951.952 0.0634665 -0.295305
951.952 0.126933 -0.288097
951.952 0.1904 -0.27973
951.952 0.253866 -0.270236
951.952 0.317333 -0.259653
951.952 0.380799 -0.248026
951.952 0.444266 -0.235399
951.952 0.507732 -0.221825
951.952 0.571199 -0.207357
951.952 0.634665 -0.192055
951.952 0.698132 -0.175979
951.952 0.761598 -0.159194
951.952 0.825065 -0.141769
951.952 0.888531 -0.123773
951.952 0.951998 -0.105278
951.952 1.01546 -0.0863594
951.952 1.07893 -0.067093
951.952 1.1424 -0.0475565
951.952 1.20586 -0.0278284
951.952 1.26933 -0.00798841
951.952 1.3328 0.0118841
951.952 1.39626 0.0317082
951.952 1.45973 0.051405
951.952 1.5232 0.0708947
951.952 1.58666 0.090099
951.952 1.65013 0.10894
951.952 1.7136 0.127343
951.952 1.77706 0.145233
951.952 1.84053 0.162538
951.952 1.904 0.179189
951.952 1.96746 0.195118
951.952 2.03093 0.210262
951.952 2.0944 0.224559
951.952 2.15786 0.237951
951.952 2.22133 0.250386
951.952 2.28479 0.261812
951.952 2.34826 0.272184
951.952 2.41173 0.28146
951.952 2.47519 0.289603
951.952 2.53866 0.29658
951.952 2.60213 0.302362
951.952 2.66559 0.306927
951.952 2.72906 0.310256
951.952 2.79253 0.312336
951.952 2.85599 0.313158
951.952 2.91946 0.312719
951.952 2.98293 0.311021
951.952 3.04639 0.30807
951.952 3.10986 0.303879
951.952 3.17333 0.298464
951.952 3.23679 0.291848
951.952 3.30026 0.284057
951.952 3.36373 0.275121
951.952 3.42719 0.265078
951.952 3.49066 0.253967
951.952 3.55413 0.241834
951.952 3.61759 0.228727
951.952 3.68106 0.214699
951.952 3.74452 0.199807
951.952 3.80799 0.18411
951.952 3.87146 0.167671
951.952 3.93492 0.150557
951.952 3.99839 0.132838
951.952 4.06186 0.114583
951.952 4.12532 0.0958669
951.952 4.18879 0.0767647
951.952 4.25226 0.0573535
951.952 4.31572 0.0377113
951.952 4.37919 0.0179174
951.952 4.44266 -0.00194863
951.952 4.50612 -0.021807
951.952 4.56959 -0.0415775
951.952 4.63306 -0.0611806
951.952 4.69652 -0.0805374
951.952 4.75999 -0.0995698
951.952 4.82346 -0.118201
951.952 4.88692 -0.136357
951.952 4.95039 -0.153963
951.952 5.01385 -0.17095
951.952 5.07732 -0.187248
951.952 5.14079 -0.202792
951.952 5.20425 -0.21752
951.952 5.26772 -0.231371
951.952 5.33119 -0.244292
951.952 5.39465 -0.256228
951.952 5.45812 -0.267133
951.952 5.52159 -0.276962
951.952 5.58505 -0.285676
951.952 5.64852 -0.293239
951.952 5.71199 -0.299622
951.952 5.77545 -0.304798
951.952 5.83892 -0.308747
951.952 5.90239 -0.311453
951.952 5.96585 -0.312904
951.952 6.02932 -0.313096
951.952 6.09279 -0.312027
951.952 6.15625 -0.309702
951.952 6.21972 -0.306129
951.952 6.28319 -0.301324
952.953 0 -0.0905271
952.953 0.0634665 -0.0749337
952.953 0.126933 -0.0590385
952.953 0.1904 -0.0429058
952.953 0.253866 -0.0266003
952.953 0.317333 -0.0101875
952.953 0.380799 0.00626627
952.953 0.444266 0.0226947
952.953 0.507732 0.0390317
952.953 0.571199 0.0552119
952.953 0.634665 0.0711693
952.953 0.698132 0.0868405
952.953 0.761598 0.102162
952.953 0.825065 0.117072
952.953 0.888531 0.13151
952.953 0.951998 0.145419
952.953 1.01546 0.158743
952.953 1.07893 0.171427
952.953 1.1424 0.183421
952.953 1.20586 0.194677
952.953 1.26933 0.205148
952.953 1.3328 0.214794
952.953 1.39626 0.223574
952.953 1.45973 0.231455
952.953 1.5232 0.238403
952.953 1.58666 0.244391
952.953 1.65013 0.249396
952.953 1.7136 0.253396
952.953 1.77706 0.256375
952.953 1.84053 0.258323
952.953 1.904 0.25923
952.953 1.96746 0.259094
952.953 2.03093 0.257914
952.953 2.0944 0.255695
952.953 2.15786 0.252447
952.953 2.22133 0.248183
952.953 2.28479 0.242919
952.953 2.34826 0.236677
952.953 2.41173 0.229482
952.953 2.47519 0.221363
952.953 2.53866 0.212352
952.953 2.60213 0.202487
952.953 2.66559 0.191806
952.953 2.72906 0.180353
952.953 2.79253 0.168174
952.953 2.85599 0.155317
952.953 2.91946 0.141835
952.953 2.98293 0.127782
952.953 3.04639 0.113214
952.953 3.10986 0.0981908
952.953 3.17333 0.0827719
952.953 3.23679 0.0670199
952.953 3.30026 0.0509979
952.953 3.36373 0.0347705
952.953 3.42719 0.0184031
952.953 3.49066 0.00196169
952.953 3.55413 -0.0144878
952.953 3.61759 -0.0308788
952.953 3.68106 -0.0471454
952.953 3.74452 -0.0632224
952.953 3.80799 -0.0790446
952.953 3.87146 -0.0945486
952.953 3.93492 -0.109672
952.953 3.99839 -0.124353
952.953 4.06186 -0.138535
952.953 4.12532 -0.152158
952.953 4.18879 -0.165168
952.953 4.25226 -0.177514
952.953 4.31572 -0.189144
952.953 4.37919 -0.200013
952.953 4.44266 -0.210077
952.953 4.50612 -0.219294
952.953 4.56959 -0.227629
952.953 4.63306 -0.235047
952.953 4.69652 -0.241519
952.953 4.75999 -0.247018
952.953 4.82346 -0.251523
952.953 4.88692 -0.255014
952.953 4.95039 -0.257479
952.953 5.01385 -0.258907
952.953 5.07732 -0.259292
952.953 5.14079 -0.258634
952.953 5.20425 -0.256934
952.953 5.26772 -0.254199
952.953 5.33119 -0.250441
952.953 5.39465 -0.245675
952.953 5.45812 -0.239919
952.953 5.52159 -0.233197
952.953 5.58505 -0.225536
952.953 5.64852 -0.216967
952.953 5.71199 -0.207524
952.953 5.77545 -0.197246
952.953 5.83892 -0.186173
952.953 5.90239 -0.174351
952.953 5.96585 -0.161827
952.953 6.02932 -0.148651
952.953 6.09279 -0.134876
952.953 6.15625 -0.120559
952.953 6.21972 -0.105756
952.953 6.28319 -0.090527
953.954 0 0.0459197
953.954 0.0634665 0.0336056
953.954 0.126933 0.021156
953.954 0.1904 0.0086213
953.954 0.253866 -0.00394821
953.954 0.317333 -0.0165018
953.954 0.380799 -0.0289888
953.954 0.444266 -0.0413592
953.954 0.507732 -0.0535631
953.954 0.571199 -0.0655512
953.954 0.634665 -0.0772754
953.954 0.698132 -0.0886884
953.954 0.761598 -0.0997444
953.954 0.825065 -0.110399
953.954 0.888531 -0.120608
953.954 0.951998 -0.130332
953.954 1.01546 -0.139532
953.954 1.07893 -0.148169
953.954 1.1424 -0.15621
953.954 1.20586 -0.163622
953.954 1.26933 -0.170375
953.954 1.3328 -0.176442
953.954 1.39626 -0.181798
953.954 1.45973 -0.186423
953.954 1.5232 -0.190297
953.954 1.58666 -0.193404
953.954 1.65013 -0.195733
953.954 1.7136 -0.197273
953.954 1.77706 -0.19802
953.954 1.84053 -0.197969
953.954 1.904 -0.19712
953.954 1.96746 -0.195478
953.954 2.03093 -0.193049
953.954 2.0944 -0.189843
953.954 2.15786 -0.185872
953.954 2.22133 -0.181153
953.954 2.28479 -0.175704
953.954 2.34826 -0.169548
953.954 2.41173 -0.162709
953.954 2.47519 -0.155214
953.954 2.53866 -0.147095
953.954 2.60213 -0.138384
953.954 2.66559 -0.129115
953.954 2.72906 -0.119327
953.954 2.79253 -0.109057
953.954 2.85599 -0.0983496
953.954 2.91946 -0.0872454
953.954 2.98293 -0.0757898
953.954 3.04639 -0.0640291
953.954 3.10986 -0.0520105
953.954 3.17333 -0.0397828
953.954 3.23679 -0.0273945
953.954 3.30026 -0.0148961
953.954 3.36373 -0.00233775
953.954 3.42719 0.0102301
953.954 3.49066 0.0227567
953.954 3.55413 0.0351917
953.954 3.61759 0.0474851
953.954 3.68106 0.0595871
953.954 3.74452 0.0714492
953.954 3.80799 0.0830238
953.954 3.87146 0.0942638
953.954 3.93492 0.105124
953.954 3.99839 0.115562
953.954 4.06186 0.125534
953.954 4.12532 0.135
953.954 4.18879 0.143923
953.954 4.25226 0.152266
953.954 4.31572 0.159996
953.954 4.37919 0.167082
953.954 4.44266 0.173496
953.954 4.50612 0.17921
953.954 4.56959 0.184203
953.954 4.63306 0.188454
953.954 4.69652 0.191947
953.954 4.75999 0.194666
953.954 4.82346 0.196602
953.954 4.88692 0.197746
953.954 4.95039 0.198094
953.954 5.01385 0.197644
953.954 5.07732 0.196398
953.954 5.14079 0.194362
953.954 5.20425 0.191542
953.954 5.26772 0.187952
953.954 5.33119 0.183605
953.954 5.39465 0.178518
953.954 5.45812 0.172713
953.954 5.52159 0.166212
953.954 5.58505 0.159042
953.954 5.64852 0.151231
953.954 5.71199 0.142811
953.954 5.77545 0.133817
953.954 5.83892 0.124283
953.954 5.90239 0.11425
953.954 5.96585 0.103756
953.954 6.02932 0.0928441
953.954 6.09279 0.0815586
953.954 6.15625 0.0699446
953.954 6.21972 0.0580491
953.954 6.28319 0.0459196
954.955 0 -0.02375
954.955 0.0634665 -0.0220997
954.955 0.126933 -0.0203604
954.955 0.1904 -0.0185392
954.955 0.253866 -0.0166434
954.955 0.317333 -0.0146804
954.955 0.380799 -0.0126584
954.955 0.444266 -0.0105854
954.955 0.507732 -0.0084697
954.955 0.571199 -0.0063202
954.955 0.634665 -0.00414489
954.955 0.698132 -0.00195295
954.955 0.761598 0.000246711
954.955 0.825065 0.00244536
954.955 0.888531 0.00463424
954.955 0.951998 0.00680442
954.955 1.01546 0.00894728
954.955 1.07893 0.0110542
954.955 1.1424 0.0131164
954.955 1.20586 0.0151257
954.955 1.26933 0.0170744
954.955 1.3328 0.0189543
954.955 1.39626 0.0207577
954.955 1.45973 0.0224776
954.955 1.5232 0.024107
954.955 1.58666 0.0256393
954.955 1.65013 0.0270684
954.955 1.7136 0.0283884
954.955 1.77706 0.0295942
954.955 1.84053 0.0306808
954.955 1.904 0.0316439
954.955 1.96746 0.0324796
954.955 2.03093 0.0331844
954.955 2.0944 0.0337556
954.955 2.15786 0.034191
954.955 2.22133 0.0344887
954.955 2.28479 0.0346474
954.955 2.34826 0.0346667
954.955 2.41173 0.0345464
954.955 2.47519 0.0342869
954.955 2.53866 0.0338893
954.955 2.60213 0.0333555
954.955 2.66559 0.0326872
954.955 2.72906 0.0318874
954.955 2.79253 0.030959
954.955 2.85599 0.0299061
954.955 2.91946 0.0287327
954.955 2.98293 0.0274437
954.955 3.04639 0.026044
954.955 3.10986 0.0245396
954.955 3.17333 0.0229364
954.955 3.23679 0.0212408
954.955 3.30026 0.0194596
954.955 3.36373 0.0176001
954.955 3.42719 0.0156698
954.955 3.49066 0.0136763
954.955 3.55413 0.0116279
954.955 3.61759 0.00953227
954.955 3.68106 0.00739865
954.955 3.74452 0.00523516
954.955 3.80799 0.0030504
954.955 3.87146 0.000853584
954.955 3.93492 -0.00134668
954.955 3.99839 -0.00354162
954.955 4.06186 -0.00572229
954.955 4.12532 -0.00787983
954.955 4.18879 -0.0100058
954.955 4.25226 -0.0120914
954.955 4.31572 -0.0141282
954.955 4.37919 -0.0161083
954.955 4.44266 -0.0180233
954.955 4.50612 -0.019866
954.955 4.56959 -0.0216285
954.955 4.63306 -0.023304
954.955 4.69652 -0.0248856
954.955 4.75999 -0.0263671
954.955 4.82346 -0.0277424
954.955 4.88692 -0.029006
954.955 4.95039 -0.0301527
954.955 5.01385 -0.0311781
954.955 5.07732 -0.0320779
954.955 5.14079 -0.0328486
954.955 5.20425 -0.0334869
954.955 5.26772 -0.0339904
954.955 5.33119 -0.0343571
954.955 5.39465 -0.0345855
954.955 5.45812 -0.0346745
954.955 5.52159 -0.0346239
954.955 5.58505 -0.0344339
954.955 5.64852 -0.0341054
954.955 5.71199 -0.0336393
954.955 5.77545 -0.033038
954.955 5.83892 -0.0323035
954.955 5.90239 -0.0314389
954.955 5.96585 -0.030448
954.955 6.02932 -0.0293342
954.955 6.09279 -0.0281025
954.955 6.15625 -0.0267572
954.955 6.21972 -0.0253045
954.955 6.28319 -0.0237499
955.956 0 -0.247832
955.956 0.0634665 -0.224225
955.956 0.126933 -0.199715
955.956 0.1904 -0.174402
955.956 0.253866 -0.148386
955.956 0.317333 -0.121773
955.956 0.380799 -0.0946686
955.956 0.444266 -0.0671836
955.956 0.507732 -0.039428
955.956 0.571199 -0.0115138
955.956 0.634665 0.0164469
955.956 0.698132 0.0443413
955.956 0.761598 0.0720572
955.956 0.825065 0.0994829
955.956 0.888531 0.126508
955.956 0.951998 0.153024
955.956 1.01546 0.178923
955.956 1.07893 0.204103
955.956 1.1424 0.22846
955.956 1.20586 0.251897
955.956 1.26933 0.27432
955.956 1.3328 0.295639
955.956 1.39626 0.315767
955.956 1.45973 0.334623
955.956 1.5232 0.352132
955.956 1.58666 0.368224
955.956 1.65013 0.382832
955.956 1.7136 0.395899
955.956 1.77706 0.407372
955.956 1.84053 0.417204
955.956 1.904 0.425357
955.956 1.96746 0.431797
955.956 2.03093 0.436497
955.956 2.0944 0.439441
955.956 2.15786 0.440615
955.956 2.22133 0.440015
955.956 2.28479 0.437643
955.956 2.34826 0.433509
955.956 2.41173 0.427629
955.956 2.47519 0.420027
955.956 2.53866 0.410734
955.956 2.60213 0.399787
955.956 2.66559 0.387231
955.956 2.72906 0.373115
955.956 2.79253 0.357496
955.956 2.85599 0.340439
955.956 2.91946 0.32201
955.956 2.98293 0.302284
955.956 3.04639 0.281342
955.956 3.10986 0.259266
955.956 3.17333 0.236147
955.956 3.23679 0.212077
955.956 3.30026 0.187153
955.956 3.36373 0.161475
955.956 3.42719 0.135147
955.956 3.49066 0.108275
955.956 3.55413 0.0809669
955.956 3.61759 0.0533326
955.956 3.68106 0.0254837
955.956 3.74452 -0.00246774
955.956 3.80799 -0.0304093
955.956 3.87146 -0.0582285
955.956 3.93492 -0.0858133
955.956 3.99839 -0.113052
955.956 4.06186 -0.139836
955.956 4.12532 -0.166057
955.956 4.18879 -0.191609
955.956 4.25226 -0.21639
955.956 4.31572 -0.2403
955.956 4.37919 -0.263241
955.956 4.44266 -0.285123
955.956 4.50612 -0.305856
955.956 4.56959 -0.325359
955.956 4.63306 -0.343551
955.956 4.69652 -0.360359
955.956 4.75999 -0.375717
955.956 4.82346 -0.389562
955.956 4.88692 -0.401837
955.956 4.95039 -0.412496
955.956 5.01385 -0.421492
955.956 5.07732 -0.428792
955.956 5.14079 -0.434366
955.956 5.20425 -0.43819
955.956 5.26772 -0.44025
955.956 5.33119 -0.440537
955.956 5.39465 -0.439049
955.956 5.45812 -0.435795
955.956 5.52159 -0.430786
955.956 5.58505 -0.424042
955.956 5.64852 -0.41559
955.956 5.71199 -0.405465
955.956 5.77545 -0.393707
955.956 5.83892 -0.380364
955.956 5.90239 -0.365489
955.956 5.96585 -0.349143
955.956 6.02932 -0.331391
955.956 6.09279 -0.312304
955.956 6.15625 -0.29196
955.956 6.21972 -0.27044
955.956 6.28319 -0.247832
956.957 0 0.0968807
956.957 0.0634665 0.101061
956.957 0.126933 0.104834
956.957 0.1904 0.108185
956.957 0.253866 0.1111
956.957 0.317333 0.113568
956.957 0.380799 0.115579
956.957 0.444266 0.117124
956.957 0.507732 0.118197
956.957 0.571199 0.118796
956.957 0.634665 0.118915
956.957 0.698132 0.118555
956.957 0.761598 0.117718
956.957 0.825065 0.116407
956.957 0.888531 0.114628
956.957 0.951998 0.112387
956.957 1.01546 0.109693
956.957 1.07893 0.106557
956.957 1.1424 0.102993
956.957 1.20586 0.0990138
956.957 1.26933 0.094636
956.957 1.3328 0.0898771
956.957 1.39626 0.0847562
956.957 1.45973 0.0792942
956.957 1.5232 0.0735126
956.957 1.58666 0.0674352
956.957 1.65013 0.0610862
956.957 1.7136 0.0544913
956.957 1.77706 0.047677
956.957 1.84053 0.0406707
956.957 1.904 0.0335005
956.957 1.96746 0.0261955
956.957 2.03093 0.0187851
956.957 2.0944 0.0112989
956.957 2.15786 0.00376734
956.957 2.22133 -0.00377941
956.957 2.28479 -0.0113111
956.957 2.34826 -0.0187971
956.957 2.41173 -0.0262073
956.957 2.47519 -0.0335121
956.957 2.53866 -0.040682
956.957 2.60213 -0.0476882
956.957 2.66559 -0.0545022
956.957 2.72906 -0.0610967
956.957 2.79253 -0.0674452
956.957 2.85599 -0.0735223
956.957 2.91946 -0.079303
956.957 2.98293 -0.0847647
956.957 3.04639 -0.0898852
956.957 3.10986 -0.0946433
956.957 3.17333 -0.0990206
956.957 3.23679 -0.102999
956.957 3.30026 -0.106563
956.957 3.36373 -0.109698
956.957 3.42719 -0.112391
956.957 3.49066 -0.114631
956.957 3.55413 -0.11641
956.957 3.61759 -0.11772
956.957 3.68106 -0.118556
956.957 3.74452 -0.118915
956.957 3.80799 -0.118795
956.957 3.87146 -0.118196
956.957 3.93492 -0.117121
956.957 3.99839 -0.115576
956.957 4.06186 -0.113564
956.957 4.12532 -0.111096
956.957 4.18879 -0.10818
956.957 4.25226 -0.104828
956.957 4.31572 -0.101054
956.957 4.37919 -0.0968738
956.957 4.44266 -0.092303
956.957 4.50612 -0.0873607
956.957 4.56959 -0.0820664
956.957 4.63306 -0.0764419
956.957 4.69652 -0.0705094
956.957 4.75999 -0.0642931
956.957 4.82346 -0.0578179
956.957 4.88692 -0.0511099
956.957 4.95039 -0.0441961
956.957 5.01385 -0.0371042
956.957 5.07732 -0.0298631
956.957 5.14079 -0.0225016
956.957 5.20425 -0.0150496
956.957 5.26772 -0.00753694
956.957 5.33119 6.11785e-06
956.957 5.39465 0.00754916
956.957 5.45812 0.0150616
956.957 5.52159 0.0225136
956.957 5.58505 0.029875
956.957 5.64852 0.0371159
956.957 5.71199 0.0442073
956.957 5.77545 0.0511208
956.957 5.83892 0.0578284
956.957 5.90239 0.0643033
956.957 5.96585 0.0705191
956.957 6.02932 0.0764513
956.957 6.09279 0.0820752
956.957 6.15625 0.0873689
956.957 6.21972 0.092311
956.957 6.28319 0.0968805
957.958 0 -0.229414
957.958 0.0634665 -0.238812
957.958 0.126933 -0.247248
957.958 0.1904 -0.254689
957.958 0.253866 -0.261104
957.958 0.317333 -0.266468
957.958 0.380799 -0.270759
957.958 0.444266 -0.27396
957.958 0.507732 -0.276057
957.958 0.571199 -0.277043
957.958 0.634665 -0.276914
957.958 0.698132 -0.275669
957.958 0.761598 -0.273314
957.958 0.825065 -0.269859
957.958 0.888531 -0.265317
957.958 0.951998 -0.259707
957.958 1.01546 -0.253051
957.958 1.07893 -0.245376
957.958 1.1424 -0.236714
957.958 1.20586 -0.227097
957.958 1.26933 -0.216567
957.958 1.3328 -0.205164
957.958 1.39626 -0.192936
957.958 1.45973 -0.17993
957.958 1.5232 -0.1662
957.958 1.58666 -0.151801
957.958 1.65013 -0.13679
957.958 1.7136 -0.121229
957.958 1.77706 -0.105179
957.958 1.84053 -0.0887063
957.958 1.904 -0.0718762
957.958 1.96746 -0.0547566
957.958 2.03093 -0.0374164
957.958 2.0944 -0.0199256
957.958 2.15786 -0.00235465
957.958 2.22133 0.0152258
957.958 2.28479 0.032745
957.958 2.34826 0.0501323
957.958 2.41173 0.0673178
957.958 2.47519 0.0842322
957.958 2.53866 0.100807
957.958 2.60213 0.116977
957.958 2.66559 0.132675
957.958 2.72906 0.147839
957.958 2.79253 0.162408
957.958 2.85599 0.176323
957.958 2.91946 0.189527
957.958 2.98293 0.201969
957.958 3.04639 0.213597
957.958 3.10986 0.224366
957.958 3.17333 0.234231
957.958 3.23679 0.243152
957.958 3.30026 0.251095
957.958 3.36373 0.258026
957.958 3.42719 0.263919
957.958 3.49066 0.268749
957.958 3.55413 0.272496
957.958 3.61759 0.275147
957.958 3.68106 0.27669
957.958 3.74452 0.277118
957.958 3.80799 0.276431
957.958 3.87146 0.27463
957.958 3.93492 0.271724
957.958 3.99839 0.267723
957.958 4.06186 0.262645
957.958 4.12532 0.256508
957.958 4.18879 0.249339
957.958 4.25226 0.241166
957.958 4.31572 0.232022
957.958 4.37919 0.221944
957.958 4.44266 0.210972
957.958 4.50612 0.19915
957.958 4.56959 0.186527
957.958 4.63306 0.173152
957.958 4.69652 0.15908
957.958 4.75999 0.144368
957.958 4.82346 0.129075
957.958 4.88692 0.113261
957.958 4.95039 0.0969917
957.958 5.01385 0.0803316
957.958 5.07732 0.0633483
957.958 5.14079 0.0461096
957.958 5.20425 0.0286855
957.958 5.26772 0.0111457
957.958 5.33119 -0.00643884
957.958 5.39465 -0.0239976
957.958 5.45812 -0.0414596
957.958 5.52159 -0.0587546
957.958 5.58505 -0.0758131
957.958 5.64852 -0.0925664
957.958 5.71199 -0.108947
957.958 5.77545 -0.124889
957.958 5.83892 -0.140328
957.958 5.90239 -0.155202
957.958 5.96585 -0.16945
957.958 6.02932 -0.183017
957.958 6.09279 -0.195847
957.958 6.15625 -0.207888
957.958 6.21972 -0.219092
957.958 6.28319 -0.229414
958.959 0 -0.115694
958.959 0.0634665 -0.10977
958.959 0.126933 -0.103404
958.959 0.1904 -0.0966219
958.959 0.253866 -0.0894504
958.959 0.317333 -0.0819187
958.959 0.380799 -0.0740572
958.959 0.444266 -0.0658974
958.959 0.507732 -0.0574723
958.959 0.571199 -0.0488158
958.959 0.634665 -0.0399627
958.959 0.698132 -0.0309487
958.959 0.761598 -0.02181
958.959 0.825065 -0.0125837
958.959 0.888531 -0.00330655
958.959 0.951998 0.00598379
958.959 1.01546 0.0152502
958.959 1.07893 0.0244551
958.959 1.1424 0.0335616
958.959 1.20586 0.0425328
958.959 1.26933 0.0513328
958.959 1.3328 0.0599262
958.959 1.39626 0.0682782
958.959 1.45973 0.0763553
958.959 1.5232 0.0841251
958.959 1.58666 0.091556
958.959 1.65013 0.0986182
958.959 1.7136 0.105283
958.959 1.77706 0.111525
958.959 1.84053 0.117317
958.959 1.904 0.122636
958.959 1.96746 0.127462
958.959 2.03093 0.131775
958.959 2.0944 0.135557
958.959 2.15786 0.138793
958.959 2.22133 0.141471
958.959 2.28479 0.143578
958.959 2.34826 0.145108
958.959 2.41173 0.146053
958.959 2.47519 0.14641
958.959 2.53866 0.146178
958.959 2.60213 0.145357
958.959 2.66559 0.143951
958.959 2.72906 0.141965
958.959 2.79253 0.139407
958.959 2.85599 0.136288
958.959 2.91946 0.132621
958.959 2.98293 0.128419
958.959 3.04639 0.1237
958.959 3.10986 0.118483
958.959 3.17333 0.112789
958.959 3.23679 0.106641
958.959 3.30026 0.100064
958.959 3.36373 0.093083
958.959 3.42719 0.0857278
958.959 3.49066 0.0780272
958.959 3.55413 0.0700125
958.959 3.61759 0.061716
958.959 3.68106 0.0531708
958.959 3.74452 0.0444116
958.959 3.80799 0.0354737
958.959 3.87146 0.0263928
958.959 3.93492 0.0172056
958.959 3.99839 0.00794902
958.959 4.06186 -0.00133933
958.959 4.12532 -0.0106224
958.959 4.18879 -0.0198627
958.959 4.25226 -0.029023
958.959 4.31572 -0.0380665
958.959 4.37919 -0.0469565
958.959 4.44266 -0.0556576
958.959 4.50612 -0.0641345
958.959 4.56959 -0.0723533
958.959 4.63306 -0.0802806
958.959 4.69652 -0.0878848
958.959 4.75999 -0.0951349
958.959 4.82346 -0.102002
958.959 4.88692 -0.108459
958.959 4.95039 -0.114478
958.959 5.01385 -0.120037
958.959 5.07732 -0.125112
958.959 5.14079 -0.129684
958.959 5.20425 -0.133734
958.959 5.26772 -0.137244
958.959 5.33119 -0.140203
958.959 5.39465 -0.142596
958.959 5.45812 -0.144416
958.959 5.52159 -0.145654
958.959 5.58505 -0.146305
958.959 5.64852 -0.146368
958.959 5.71199 -0.145841
958.959 5.77545 -0.144727
958.959 5.83892 -0.14303
958.959 5.90239 -0.140757
958.959 5.96585 -0.137917
958.959 6.02932 -0.134522
958.959 6.09279 -0.130586
958.959 6.15625 -0.126123
958.959 6.21972 -0.121153
958.959 6.28319 -0.115694
959.96 0 -0.222916
959.96 0.0634665 -0.214186
959.96 0.126933 -0.204594
959.96 0.1904 -0.194179
959.96 0.253866 -0.182981
959.96 0.317333 -0.171046
959.96 0.380799 -0.158423
959.96 0.444266 -0.145162
959.96 0.507732 -0.131316
959.96 0.571199 -0.116942
959.96 0.634665 -0.102096
959.96 0.698132 -0.08684
959.96 0.761598 -0.0712339
959.96 0.825065 -0.0553408
959.96 0.888531 -0.0392251
959.96 0.951998 -0.0229515
959.96 1.01546 -0.0065852
959.96 1.07893 0.00980742
959.96 1.1424 0.0261606
959.96 1.20586 0.0424084
959.96 1.26933 0.0584853
959.96 1.3328 0.0743271
959.96 1.39626 0.0898695
959.96 1.45973 0.10505
959.96 1.5232 0.119807
959.96 1.58666 0.134082
959.96 1.65013 0.147817
959.96 1.7136 0.160957
959.96 1.77706 0.173449
959.96 1.84053 0.185242
959.96 1.904 0.19629
959.96 1.96746 0.206547
959.96 2.03093 0.215972
959.96 2.0944 0.224528
959.96 2.15786 0.232179
959.96 2.22133 0.238896
959.96 2.28479 0.244651
959.96 2.34826 0.24942
959.96 2.41173 0.253186
959.96 2.47519 0.255932
959.96 2.53866 0.257647
959.96 2.60213 0.258325
959.96 2.66559 0.257962
959.96 2.72906 0.256561
959.96 2.79253 0.254127
959.96 2.85599 0.25067
959.96 2.91946 0.246203
959.96 2.98293 0.240745
959.96 3.04639 0.234317
959.96 3.10986 0.226946
959.96 3.17333 0.218661
959.96 3.23679 0.209496
959.96 3.30026 0.199487
959.96 3.36373 0.188675
959.96 3.42719 0.177103
959.96 3.49066 0.164818
959.96 3.55413 0.151869
959.96 3.61759 0.138309
959.96 3.68106 0.124192
959.96 3.74452 0.109574
959.96 3.80799 0.0945158
959.96 3.87146 0.0790767
959.96 3.93492 0.0633194
959.96 3.99839 0.0473067
959.96 4.06186 0.0311039
959.96 4.12532 0.0147757
959.96 4.18879 -0.00161182
959.96 4.25226 -0.017993
959.96 4.31572 -0.0343017
959.96 4.37919 -0.0504724
959.96 4.44266 -0.0664396
959.96 4.50612 -0.0821394
959.96 4.56959 -0.0975085
959.96 4.63306 -0.112485
959.96 4.69652 -0.127008
959.96 4.75999 -0.141021
959.96 4.82346 -0.154465
959.96 4.88692 -0.167287
959.96 4.95039 -0.179436
959.96 5.01385 -0.190862
959.96 5.07732 -0.20152
959.96 5.14079 -0.211366
959.96 5.20425 -0.220361
959.96 5.26772 -0.228469
959.96 5.33119 -0.235656
959.96 5.39465 -0.241895
959.96 5.45812 -0.24716
959.96 5.52159 -0.25143
959.96 5.58505 -0.254687
959.96 5.64852 -0.256919
959.96 5.71199 -0.258116
959.96 5.77545 -0.258273
959.96 5.83892 -0.257391
959.96 5.90239 -0.255473
959.96 5.96585 -0.252526
959.96 6.02932 -0.248562
959.96 6.09279 -0.243597
959.96 6.15625 -0.237651
959.96 6.21972 -0.230748
959.96 6.28319 -0.222916
960.961 0 0.0553695
960.961 0.0634665 0.055218
960.961 0.126933 0.0548442
960.961 0.1904 0.0542496
960.961 0.253866 0.0534366
960.961 0.317333 0.0524081
960.961 0.380799 0.0511686
960.961 0.444266 0.0497238
960.961 0.507732 0.048078
960.961 0.571199 0.0462387
960.961 0.634665 0.0442135
960.961 0.698132 0.0420101
960.961 0.761598 0.0396375
960.961 0.825065 0.0371057
960.961 0.888531 0.034424
960.961 0.951998 0.0316038
960.961 1.01546 0.0286563
960.961 1.07893 0.0255934
960.961 1.1424 0.0224276
960.961 1.20586 0.0191714
960.961 1.26933 0.0158381
960.961 1.3328 0.012441
960.961 1.39626 0.00899385
960.961 1.45973 0.00551042
960.961 1.5232 0.00200456
960.961 1.58666 -0.00150918
960.961 1.65013 -0.00501668
960.961 1.7136 -0.00850418
960.961 1.77706 -0.0119574
960.961 1.84053 -0.0153624
960.961 1.904 -0.0187055
960.961 1.96746 -0.0219734
960.961 2.03093 -0.0251528
960.961 2.0944 -0.028231
960.961 2.15786 -0.0311954
960.961 2.22133 -0.0340342
960.961 2.28479 -0.0367359
960.961 2.34826 -0.0392898
960.961 2.41173 -0.0416855
960.961 2.47519 -0.0439133
960.961 2.53866 -0.0459642
960.961 2.60213 -0.04783
960.961 2.66559 -0.0495033
960.961 2.72906 -0.0509772
960.961 2.79253 -0.052246
960.961 2.85599 -0.0533044
960.961 2.91946 -0.054148
960.961 2.98293 -0.0547738
960.961 3.04639 -0.0551788
960.961 3.10986 -0.0553616
960.961 3.17333 -0.0553217
960.961 3.23679 -0.0550588
960.961 3.30026 -0.0545743
960.961 3.36373 -0.0538702
960.961 3.42719 -0.0529488
960.961 3.49066 -0.0518148
960.961 3.55413 -0.0504716
960.961 3.61759 -0.0489253
960.961 3.68106 -0.0471822
960.961 3.74452 -0.0452488
960.961 3.80799 -0.0431336
960.961 3.87146 -0.0408445
960.961 3.93492 -0.0383908
960.961 3.99839 -0.0357827
960.961 4.06186 -0.0330304
960.961 4.12532 -0.0301451
960.961 4.18879 -0.0271386
960.961 4.25226 -0.0240225
960.961 4.31572 -0.0208101
960.961 4.37919 -0.0175136
960.961 4.44266 -0.0141467
960.961 4.50612 -0.0107227
960.961 4.56959 -0.00725569
960.961 4.63306 -0.00375932
960.961 4.69652 -0.000247943
960.961 4.75999 0.0032645
960.961 4.82346 0.00676387
960.961 4.88692 0.010236
960.961 4.95039 0.0136668
960.961 5.01385 0.0170426
960.961 5.07732 0.0203497
960.961 5.14079 0.023575
960.961 5.20425 0.0267054
960.961 5.26772 0.0297281
960.961 5.33119 0.0326312
960.961 5.39465 0.0354029
960.961 5.45812 0.038032
960.961 5.52159 0.040508
960.961 5.58505 0.0428209
960.961 5.64852 0.0449614
960.961 5.71199 0.0469207
960.961 5.77545 0.0486913
960.961 5.83892 0.0502657
960.961 5.90239 0.0516377
960.961 5.96585 0.0528017
960.961 6.02932 0.0537532
960.961 6.09279 0.0544883
960.961 6.15625 0.0550039
960.961 6.21972 0.055298
960.961 6.28319 0.0553694
961.962 0 0.152886
961.962 0.0634665 0.135689
961.962 0.126933 0.117947
961.962 0.1904 0.0997298
961.962 0.253866 0.0811108
961.962 0.317333 0.0621654
961.962 0.380799 0.0429696
961.962 0.444266 0.0236007
961.962 0.507732 0.00413692
961.962 0.571199 -0.0153437
961.962 0.634665 -0.0347624
961.962 0.698132 -0.0540412
961.962 0.761598 -0.0731023
961.962 0.825065 -0.0918692
961.962 0.888531 -0.110266
961.962 0.951998 -0.128219
961.962 1.01546 -0.145656
961.962 1.07893 -0.162506
961.962 1.1424 -0.178701
961.962 1.20586 -0.194178
961.962 1.26933 -0.208872
961.962 1.3328 -0.222725
961.962 1.39626 -0.235682
961.962 1.45973 -0.247689
961.962 1.5232 -0.258699
961.962 1.58666 -0.268667
961.962 1.65013 -0.277554
961.962 1.7136 -0.285323
961.962 1.77706 -0.291943
961.962 1.84053 -0.297387
961.962 1.904 -0.301634
961.962 1.96746 -0.304667
961.962 2.03093 -0.306472
961.962 2.0944 -0.307044
961.962 2.15786 -0.306379
961.962 2.22133 -0.304481
961.962 2.28479 -0.301356
961.962 2.34826 -0.297018
961.962 2.41173 -0.291484
961.962 2.47519 -0.284777
961.962 2.53866 -0.276922
961.962 2.60213 -0.267953
961.962 2.66559 -0.257905
961.962 2.72906 -0.246818
961.962 2.79253 -0.234737
961.962 2.85599 -0.221711
961.962 2.91946 -0.207793
961.962 2.98293 -0.193037
961.962 3.04639 -0.177504
961.962 3.10986 -0.161257
961.962 3.17333 -0.14436
961.962 3.23679 -0.126882
961.962 3.30026 -0.108893
961.962 3.36373 -0.090466
961.962 3.42719 -0.0716743
961.962 3.49066 -0.052594
961.962 3.55413 -0.0333019
961.962 3.61759 -0.0138758
961.962 3.68106 0.00560623
961.962 3.74452 0.0250657
961.962 3.80799 0.0444242
961.962 3.87146 0.0636038
961.962 3.93492 0.0825274
961.962 3.99839 0.101119
961.962 4.06186 0.119303
961.962 4.12532 0.137006
961.962 4.18879 0.154158
961.962 4.25226 0.17069
961.962 4.31572 0.186534
961.962 4.37919 0.201626
961.962 4.44266 0.215907
961.962 4.50612 0.229319
961.962 4.56959 0.241807
961.962 4.63306 0.253321
961.962 4.69652 0.263816
961.962 4.75999 0.273248
961.962 4.82346 0.28158
961.962 4.88692 0.288778
961.962 4.95039 0.294813
961.962 5.01385 0.299662
961.962 5.07732 0.303303
961.962 5.14079 0.305723
961.962 5.20425 0.306913
961.962 5.26772 0.306866
961.962 5.33119 0.305584
961.962 5.39465 0.303071
961.962 5.45812 0.299338
961.962 5.52159 0.294399
961.962 5.58505 0.288276
961.962 5.64852 0.280991
961.962 5.71199 0.272575
961.962 5.77545 0.263061
961.962 5.83892 0.252488
961.962 5.90239 0.240899
961.962 5.96585 0.228339
961.962 6.02932 0.21486
961.962 6.09279 0.200516
961.962 6.15625 0.185364
961.962 6.21972 0.169466
961.962 6.28319 0.152885
962.963 0 -0.0942847
962.963 0.0634665 -0.0871369
962.963 0.126933 -0.0796381
962.963 0.1904 -0.0718186
962.963 0.253866 -0.06371
962.963 0.317333 -0.0553448
962.963 0.380799 -0.0467568
962.963 0.444266 -0.0379805
962.963 0.507732 -0.0290513
962.963 0.571199 -0.020005
962.963 0.634665 -0.0108783
962.963 0.698132 -0.00170772
962.963 0.761598 0.0074697
962.963 0.825065 0.0166171
962.963 0.888531 0.0256976
962.963 0.951998 0.0346746
962.963 1.01546 0.0435119
962.963 1.07893 0.052174
962.963 1.1424 0.0606261
962.963 1.20586 0.0688342
962.963 1.26933 0.0767648
962.963 1.3328 0.0843866
962.963 1.39626 0.0916685
962.963 1.45973 0.0985812
962.963 1.5232 0.105097
962.963 1.58666 0.11119
962.963 1.65013 0.116835
962.963 1.7136 0.122009
962.963 1.77706 0.126692
962.963 1.84053 0.130865
962.963 1.904 0.134511
962.963 1.96746 0.137616
962.963 2.03093 0.140166
962.963 2.0944 0.142152
962.963 2.15786 0.143565
962.963 2.22133 0.144401
962.963 2.28479 0.144655
962.963 2.34826 0.144326
962.963 2.41173 0.143416
962.963 2.47519 0.14193
962.963 2.53866 0.139871
962.963 2.60213 0.137249
962.963 2.66559 0.134075
962.963 2.72906 0.13036
962.963 2.79253 0.126121
962.963 2.85599 0.121374
962.963 2.91946 0.116138
962.963 2.98293 0.110434
962.963 3.04639 0.104286
962.963 3.10986 0.0977182
962.963 3.17333 0.0907566
962.963 3.23679 0.0834295
962.963 3.30026 0.0757666
962.963 3.36373 0.0677985
962.963 3.42719 0.0595574
962.963 3.49066 0.0510765
962.963 3.55413 0.04239
962.963 3.61759 0.0335327
962.963 3.68106 0.0245405
962.963 3.74452 0.0154494
962.963 3.80799 0.00629624
962.963 3.87146 -0.00288243
962.963 3.93492 -0.0120495
962.963 3.99839 -0.021168
962.963 4.06186 -0.0302011
962.963 4.12532 -0.039113
962.963 4.18879 -0.047867
962.963 4.25226 -0.0564285
962.963 4.31572 -0.0647628
962.963 4.37919 -0.072836
962.963 4.44266 -0.0806162
962.963 4.50612 -0.0880717
962.963 4.56959 -0.0951727
962.963 4.63306 -0.10189
962.963 4.69652 -0.108198
962.963 4.75999 -0.11407
962.963 4.82346 -0.119482
962.963 4.88692 -0.124413
962.963 4.95039 -0.128843
962.963 5.01385 -0.132755
962.963 5.07732 -0.136132
962.963 5.14079 -0.138961
962.963 5.20425 -0.14123
962.963 5.26772 -0.142931
962.963 5.33119 -0.144056
962.963 5.39465 -0.144601
962.963 5.45812 -0.144563
962.963 5.52159 -0.143944
962.963 5.58505 -0.142745
962.963 5.64852 -0.140971
962.963 5.71199 -0.13863
962.963 5.77545 -0.13573
962.963 5.83892 -0.132284
962.963 5.90239 -0.128305
962.963 5.96585 -0.12381
962.963 6.02932 -0.118816
962.963 6.09279 -0.113343
962.963 6.15625 -0.107414
962.963 6.21972 -0.101053
962.963 6.28319 -0.0942847
963.964 0 0.0274879
963.964 0.0634665 0.0102136
963.964 0.126933 -0.00710189
963.964 0.1904 -0.0243888
963.964 0.253866 -0.0415774
963.964 0.317333 -0.0585987
963.964 0.380799 -0.0753839
963.964 0.444266 -0.0918656
963.964 0.507732 -0.107978
963.964 0.571199 -0.123654
963.964 0.634665 -0.138834
963.964 0.698132 -0.153454
963.964 0.761598 -0.167456
963.964 0.825065 -0.180784
963.964 0.888531 -0.193384
963.964 0.951998 -0.205205
963.964 1.01546 -0.2162
963.964 1.07893 -0.226324
963.964 1.1424 -0.235538
963.964 1.20586 -0.243802
963.964 1.26933 -0.251085
963.964 1.3328 -0.257357
963.964 1.39626 -0.262593
963.964 1.45973 -0.266771
963.964 1.5232 -0.269875
963.964 1.58666 -0.271893
963.964 1.65013 -0.272815
963.964 1.7136 -0.272639
963.964 1.77706 -0.271365
963.964 1.84053 -0.268999
963.964 1.904 -0.265549
963.964 1.96746 -0.26103
963.964 2.03093 -0.25546
963.964 2.0944 -0.248862
963.964 2.15786 -0.241261
963.964 2.22133 -0.232689
963.964 2.28479 -0.22318
963.964 2.34826 -0.212772
963.964 2.41173 -0.201507
963.964 2.47519 -0.189431
963.964 2.53866 -0.176593
963.964 2.60213 -0.163043
963.964 2.66559 -0.148837
963.964 2.72906 -0.134031
963.964 2.79253 -0.118685
963.964 2.85599 -0.102862
963.964 2.91946 -0.0866249
963.964 2.98293 -0.0700385
963.964 3.04639 -0.0531703
963.964 3.10986 -0.036088
963.964 3.17333 -0.0188602
963.964 3.23679 -0.0015567
963.964 3.30026 0.0157532
963.964 3.36373 0.0329997
963.964 3.42719 0.0501132
963.964 3.49066 0.067025
963.964 3.55413 0.0836669
963.964 3.61759 0.099972
963.964 3.68106 0.115874
963.964 3.74452 0.13131
963.964 3.80799 0.146217
963.964 3.87146 0.160536
963.964 3.93492 0.174208
963.964 3.99839 0.187178
963.964 4.06186 0.199395
963.964 4.12532 0.210809
963.964 4.18879 0.221374
963.964 4.25226 0.231047
963.964 4.31572 0.239791
963.964 4.37919 0.247568
963.964 4.44266 0.254349
963.964 4.50612 0.260106
963.964 4.56959 0.264815
963.964 4.63306 0.268458
963.964 4.69652 0.27102
963.964 4.75999 0.272491
963.964 4.82346 0.272864
963.964 4.88692 0.272139
963.964 4.95039 0.270318
963.964 5.01385 0.267409
963.964 5.07732 0.263422
963.964 5.14079 0.258375
963.964 5.20425 0.252288
963.964 5.26772 0.245185
963.964 5.33119 0.237094
963.964 5.39465 0.228049
963.964 5.45812 0.218086
963.964 5.52159 0.207244
963.964 5.58505 0.195568
963.964 5.64852 0.183104
963.964 5.71199 0.169903
963.964 5.77545 0.156018
963.964 5.83892 0.141505
963.964 5.90239 0.126422
963.964 5.96585 0.11083
963.964 6.02932 0.0947912
963.964 6.09279 0.0783712
963.964 6.15625 0.0616355
963.964 6.21972 0.0446516
963.964 6.28319 0.0274879
964.965 0 0.188183
964.965 0.0634665 0.178008
964.965 0.126933 0.167117
964.965 0.1904 0.155552
964.965 0.253866 0.143362
964.965 0.317333 0.130594
964.965 0.380799 0.1173
964.965 0.444266 0.103534
964.965 0.507732 0.0893508
964.965 0.571199 0.0748079
964.965 0.634665 0.0599639
964.965 0.698132 0.0448784
964.965 0.761598 0.0296121
964.965 0.825065 0.0142267
964.965 0.888531 -0.0012161
964.965 0.951998 -0.0166539
964.965 1.01546 -0.0320247
964.965 1.07893 -0.0472666
964.965 1.1424 -0.062318
964.965 1.20586 -0.0771187
964.965 1.26933 -0.0916087
964.965 1.3328 -0.10573
964.965 1.39626 -0.119425
964.965 1.45973 -0.13264
964.965 1.5232 -0.14532
964.965 1.58666 -0.157416
964.965 1.65013 -0.168877
964.965 1.7136 -0.179659
964.965 1.77706 -0.189717
964.965 1.84053 -0.199011
964.965 1.904 -0.207503
964.965 1.96746 -0.21516
964.965 2.03093 -0.221952
964.965 2.0944 -0.227849
964.965 2.15786 -0.232828
964.965 2.22133 -0.23687
964.965 2.28479 -0.239959
964.965 2.34826 -0.242081
964.965 2.41173 -0.243228
964.965 2.47519 -0.243396
964.965 2.53866 -0.242584
964.965 2.60213 -0.240795
964.965 2.66559 -0.238037
964.965 2.72906 -0.23432
964.965 2.79253 -0.229659
964.965 2.85599 -0.224074
964.965 2.91946 -0.217586
964.965 2.98293 -0.210222
964.965 3.04639 -0.202012
964.965 3.10986 -0.192989
964.965 3.17333 -0.183188
964.965 3.23679 -0.17265
964.965 3.30026 -0.161416
964.965 3.36373 -0.149532
964.965 3.42719 -0.137047
964.965 3.49066 -0.124009
964.965 3.55413 -0.110473
964.965 3.61759 -0.0964909
964.965 3.68106 -0.0821208
964.965 3.74452 -0.0674199
964.965 3.80799 -0.0524476
964.965 3.87146 -0.0372641
964.965 3.93492 -0.0219305
964.965 3.99839 -0.00650864
964.965 4.06186 0.00893946
964.965 4.12532 0.0243516
964.965 4.18879 0.0396656
964.965 4.25226 0.0548199
964.965 4.31572 0.0697536
964.965 4.37919 0.0844063
964.965 4.44266 0.0987189
964.965 4.50612 0.112634
964.965 4.56959 0.126096
964.965 4.63306 0.13905
964.965 4.69652 0.151444
964.965 4.75999 0.163228
964.965 4.82346 0.174355
964.965 4.88692 0.184781
964.965 4.95039 0.194461
964.965 5.01385 0.20336
964.965 5.07732 0.211438
964.965 5.14079 0.218666
964.965 5.20425 0.225013
964.965 5.26772 0.230454
964.965 5.33119 0.234968
964.965 5.39465 0.238535
964.965 5.45812 0.241141
964.965 5.52159 0.242777
964.965 5.58505 0.243435
964.965 5.64852 0.243112
964.965 5.71199 0.241811
964.965 5.77545 0.239536
964.965 5.83892 0.236297
964.965 5.90239 0.232106
964.965 5.96585 0.22698
964.965 6.02932 0.220941
964.965 6.09279 0.214012
964.965 6.15625 0.206221
964.965 6.21972 0.1976
964.965 6.28319 0.188183
965.966 0 0.0521224
965.966 0.0634665 0.0504339
965.966 0.126933 0.0485423
965.966 0.1904 0.0464551
965.966 0.253866 0.0441811
965.966 0.317333 0.041729
965.966 0.380799 0.0391089
965.966 0.444266 0.0363314
965.966 0.507732 0.0334075
965.966 0.571199 0.0303492
965.966 0.634665 0.0271687
965.966 0.698132 0.0238787
965.966 0.761598 0.0204926
965.966 0.825065 0.0170239
965.966 0.888531 0.0134869
965.966 0.951998 0.00989536
965.966 1.01546 0.00626398
965.966 1.07893 0.00260749
965.966 1.1424 -0.00105968
965.966 1.20586 -0.00472236
965.966 1.26933 -0.00836629
965.966 1.3328 -0.0119763
965.966 1.39626 -0.0155381
965.966 1.45973 -0.0190373
965.966 1.5232 -0.02246
965.966 1.58666 -0.0257922
965.966 1.65013 -0.0290206
965.966 1.7136 -0.032132
965.966 1.77706 -0.0351142
965.966 1.84053 -0.0379549
965.966 1.904 -0.0406427
965.966 1.96746 -0.043167
965.966 2.03093 -0.0455173
965.966 2.0944 -0.0476844
965.966 2.15786 -0.0496596
965.966 2.22133 -0.0514347
965.966 2.28479 -0.0530028
965.966 2.34826 -0.0543574
965.966 2.41173 -0.0554931
965.966 2.47519 -0.0564054
965.966 2.53866 -0.0570906
965.966 2.60213 -0.0575458
965.966 2.66559 -0.0577694
965.966 2.72906 -0.0577603
965.966 2.79253 -0.0575187
965.966 2.85599 -0.0570455
965.966 2.91946 -0.0563426
965.966 2.98293 -0.0554127
965.966 3.04639 -0.0542597
965.966 3.10986 -0.0528884
965.966 3.17333 -0.0513039
965.966 3.23679 -0.049513
965.966 3.30026 -0.0475226
965.966 3.36373 -0.0453409
965.966 3.42719 -0.0429767
965.966 3.49066 -0.0404393
965.966 3.55413 -0.0377391
965.966 3.61759 -0.0348871
965.966 3.68106 -0.0318945
965.966 3.74452 -0.0287734
965.966 3.80799 -0.0255365
965.966 3.87146 -0.0221968
965.966 3.93492 -0.0187678
965.966 3.99839 -0.015263
965.966 4.06186 -0.0116968
965.966 4.12532 -0.00808359
965.966 4.18879 -0.00443792
965.966 4.25226 -0.000774197
965.966 4.31572 0.00289245
965.966 4.37919 0.00654748
965.966 4.44266 0.0101764
965.966 4.50612 0.0137641
965.966 4.56959 0.0172964
965.966 4.63306 0.0207593
965.966 4.69652 0.0241382
965.966 4.75999 0.0274202
965.966 4.82346 0.0305917
965.966 4.88692 0.03364
965.966 4.95039 0.0365529
965.966 5.01385 0.0393186
965.966 5.07732 0.041926
965.966 5.14079 0.0443645
965.966 5.20425 0.0466244
965.966 5.26772 0.0486966
965.966 5.33119 0.0505726
965.966 5.39465 0.0522451
965.966 5.45812 0.0537071
965.966 5.52159 0.0549529
965.966 5.58505 0.0559774
965.966 5.64852 0.0567765
965.966 5.71199 0.0573471
965.966 5.77545 0.0576867
965.966 5.83892 0.057794
965.966 5.90239 0.0576686
965.966 5.96585 0.057311
965.966 6.02932 0.0567226
965.966 6.09279 0.0559057
965.966 6.15625 0.0548639
965.966 6.21972 0.053601
965.966 6.28319 0.0521224
966.967 0 -0.112999
966.967 0.0634665 -0.104058
966.967 0.126933 -0.0946983
966.967 0.1904 -0.0849572
966.967 0.253866 -0.0748739
966.967 0.317333 -0.0644891
966.967 0.380799 -0.0538446
966.967 0.444266 -0.0429834
966.967 0.507732 -0.031949
966.967 0.571199 -0.020786
966.967 0.634665 -0.00953931
966.967 0.698132 0.00174577
966.967 0.761598 0.0130239
966.967 0.825065 0.0242495
966.967 0.888531 0.0353775
966.967 0.951998 0.046363
966.967 1.01546 0.0571619
966.967 1.07893 0.0677305
966.967 1.1424 0.0780265
966.967 1.20586 0.0880083
966.967 1.26933 0.0976356
966.967 1.3328 0.10687
966.967 1.39626 0.115674
966.967 1.45973 0.124012
966.967 1.5232 0.131851
966.967 1.58666 0.139159
966.967 1.65013 0.145906
966.967 1.7136 0.152066
966.967 1.77706 0.157614
966.967 1.84053 0.162527
966.967 1.904 0.166785
966.967 1.96746 0.170373
966.967 2.03093 0.173274
966.967 2.0944 0.175477
966.967 2.15786 0.176974
966.967 2.22133 0.177758
966.967 2.28479 0.177826
966.967 2.34826 0.177178
966.967 2.41173 0.175817
966.967 2.47519 0.173748
966.967 2.53866 0.170979
966.967 2.60213 0.167522
966.967 2.66559 0.16339
966.967 2.72906 0.158601
966.967 2.79253 0.153172
966.967 2.85599 0.147127
966.967 2.91946 0.14049
966.967 2.98293 0.133287
966.967 3.04639 0.125546
966.967 3.10986 0.117301
966.967 3.17333 0.108583
966.967 3.23679 0.0994283
966.967 3.30026 0.0898731
966.967 3.36373 0.0799556
966.967 3.42719 0.0697165
966.967 3.49066 0.0591966
966.967 3.55413 0.0484383
966.967 3.61759 0.037485
966.967 3.68106 0.0263807
966.967 3.74452 0.0151703
966.967 3.80799 0.00389877
966.967 3.87146 -0.00738857
966.967 3.93492 -0.0186461
966.967 3.99839 -0.0298285
966.967 4.06186 -0.0408908
966.967 4.12532 -0.0517885
966.967 4.18879 -0.0624777
966.967 4.25226 -0.0729152
966.967 4.31572 -0.0830593
966.967 4.37919 -0.0928688
966.967 4.44266 -0.102304
966.967 4.50612 -0.111328
966.967 4.56959 -0.119903
966.967 4.63306 -0.127996
966.967 4.69652 -0.135573
966.967 4.75999 -0.142604
966.967 4.82346 -0.149061
966.967 4.88692 -0.154918
966.967 4.95039 -0.160151
966.967 5.01385 -0.164739
966.967 5.07732 -0.168664
966.967 5.14079 -0.17191
966.967 5.20425 -0.174463
966.967 5.26772 -0.176314
966.967 5.33119 -0.177455
966.967 5.39465 -0.177881
966.967 5.45812 -0.177591
966.967 5.52159 -0.176586
966.967 5.58505 -0.174871
966.967 5.64852 -0.17245
966.967 5.71199 -0.169336
966.967 5.77545 -0.165539
966.967 5.83892 -0.161077
966.967 5.90239 -0.155965
966.967 5.96585 -0.150225
966.967 6.02932 -0.143881
966.967 6.09279 -0.136957
966.967 6.15625 -0.129482
966.967 6.21972 -0.121485
966.967 6.28319 -0.112999
967.968 0 0.121487
967.968 0.0634665 0.125764
967.968 0.126933 0.129535
967.968 0.1904 0.132784
967.968 0.253866 0.135498
967.968 0.317333 0.137667
967.968 0.380799 0.139281
967.968 0.444266 0.140334
967.968 0.507732 0.140823
967.968 0.571199 0.140744
967.968 0.634665 0.140099
967.968 0.698132 0.138889
967.968 0.761598 0.137121
967.968 0.825065 0.134799
967.968 0.888531 0.131936
967.968 0.951998 0.128541
967.968 1.01546 0.124628
967.968 1.07893 0.120214
967.968 1.1424 0.115315
967.968 1.20586 0.109952
967.968 1.26933 0.104147
967.968 1.3328 0.0979222
967.968 1.39626 0.0913029
967.968 1.45973 0.0843162
967.968 1.5232 0.0769899
967.968 1.58666 0.0693536
967.968 1.65013 0.0614378
967.968 1.7136 0.0532749
967.968 1.77706 0.0448973
967.968 1.84053 0.0363391
967.968 1.904 0.0276345
967.968 1.96746 0.0188186
967.968 2.03093 0.0099269
967.968 2.0944 0.000995251
967.968 2.15786 -0.00794042
967.968 2.22133 -0.016844
967.968 2.28479 -0.02568
967.968 2.34826 -0.0344124
967.968 2.41173 -0.0430063
967.968 2.47519 -0.051427
967.968 2.53866 -0.0596406
967.968 2.60213 -0.067614
967.968 2.66559 -0.0753154
967.968 2.72906 -0.0827133
967.968 2.79253 -0.0897781
967.968 2.85599 -0.0964817
967.968 2.91946 -0.102796
967.968 2.98293 -0.108697
967.968 3.04639 -0.114161
967.968 3.10986 -0.119164
967.968 3.17333 -0.123688
967.968 3.23679 -0.127714
967.968 3.30026 -0.131225
967.968 3.36373 -0.134209
967.968 3.42719 -0.136651
967.968 3.49066 -0.138543
967.968 3.55413 -0.139878
967.968 3.61759 -0.140649
967.968 3.68106 -0.140854
967.968 3.74452 -0.140492
967.968 3.80799 -0.139564
967.968 3.87146 -0.138074
967.968 3.93492 -0.136028
967.968 3.99839 -0.133435
967.968 4.06186 -0.130304
967.968 4.12532 -0.126648
967.968 4.18879 -0.122483
967.968 4.25226 -0.117824
967.968 4.31572 -0.112691
967.968 4.37919 -0.107104
967.968 4.44266 -0.101085
967.968 4.50612 -0.0946601
967.968 4.56959 -0.0878538
967.968 4.63306 -0.0806936
967.968 4.69652 -0.0732085
967.968 4.75999 -0.0654287
967.968 4.82346 -0.0573853
967.968 4.88692 -0.0491109
967.968 4.95039 -0.0406387
967.968 5.01385 -0.0320029
967.968 5.07732 -0.0232383
967.968 5.14079 -0.01438
967.968 5.20425 -0.00546385
967.968 5.26772 0.00347432
967.968 5.33119 0.0123985
967.968 5.39465 0.0212727
967.968 5.45812 0.0300612
967.968 5.52159 0.0387288
967.968 5.58505 0.0472404
967.968 5.64852 0.0555618
967.968 5.71199 0.0636594
967.968 5.77545 0.0715008
967.968 5.83892 0.079054
967.968 5.90239 0.0862892
967.968 5.96585 0.0931768
967.968 6.02932 0.0996893
967.968 6.09279 0.1058
967.968 6.15625 0.111485
967.968 6.21972 0.116721
967.968 6.28319 0.121487
968.969 0 0.306246
968.969 0.0634665 0.295463
968.969 0.126933 0.283491
968.969 0.1904 0.270378
968.969 0.253866 0.256175
968.969 0.317333 0.240941
968.969 0.380799 0.224737
968.969 0.444266 0.207627
968.969 0.507732 0.189682
968.969 0.571199 0.170973
968.969 0.634665 0.151576
968.969 0.698132 0.131569
968.969 0.761598 0.111031
968.969 0.825065 0.0900465
968.969 0.888531 0.0686991
968.969 0.951998 0.0470754
968.969 1.01546 0.0252621
968.969 1.07893 0.00334694
968.969 1.1424 -0.0185816
968.969 1.20586 -0.0404353
968.969 1.26933 -0.0621263
968.969 1.3328 -0.0835669
968.969 1.39626 -0.104671
968.969 1.45973 -0.125354
968.969 1.5232 -0.145532
968.969 1.58666 -0.165124
968.969 1.65013 -0.184051
968.969 1.7136 -0.202237
968.969 1.77706 -0.219609
968.969 1.84053 -0.236096
968.969 1.904 -0.251633
968.969 1.96746 -0.266156
968.969 2.03093 -0.279608
968.969 2.0944 -0.291934
968.969 2.15786 -0.303085
968.969 2.22133 -0.313014
968.969 2.28479 -0.321683
968.969 2.34826 -0.329058
968.969 2.41173 -0.335107
968.969 2.47519 -0.339807
968.969 2.53866 -0.343139
968.969 2.60213 -0.345089
968.969 2.66559 -0.345649
968.969 2.72906 -0.344818
968.969 2.79253 -0.342598
968.969 2.85599 -0.338998
968.969 2.91946 -0.334034
968.969 2.98293 -0.327724
968.969 3.04639 -0.320095
968.969 3.10986 -0.311177
968.969 3.17333 -0.301006
968.969 3.23679 -0.289623
968.969 3.30026 -0.277074
968.969 3.36373 -0.263409
968.969 3.42719 -0.248683
968.969 3.49066 -0.232956
968.969 3.55413 -0.216291
968.969 3.61759 -0.198755
968.969 3.68106 -0.180419
968.969 3.74452 -0.161356
968.969 3.80799 -0.141644
968.969 3.87146 -0.121361
968.969 3.93492 -0.100589
968.969 3.99839 -0.0794127
968.969 4.06186 -0.0579164
968.969 4.12532 -0.036187
968.969 4.18879 -0.0143116
968.969 4.25226 0.00762106
968.969 4.31572 0.0295234
968.969 4.37919 0.0513066
968.969 4.44266 0.0728831
968.969 4.50612 0.0941664
968.969 4.56959 0.11507
968.969 4.63306 0.135511
968.969 4.69652 0.155406
968.969 4.75999 0.174675
968.969 4.82346 0.193241
968.969 4.88692 0.211029
968.969 4.95039 0.227967
968.969 5.01385 0.243987
968.969 5.07732 0.259025
968.969 5.14079 0.27302
968.969 5.20425 0.285915
968.969 5.26772 0.297659
968.969 5.33119 0.308205
968.969 5.39465 0.317509
968.969 5.45812 0.325535
968.969 5.52159 0.33225
968.969 5.58505 0.337627
968.969 5.64852 0.341645
968.969 5.71199 0.344287
968.969 5.77545 0.345543
968.969 5.83892 0.345407
968.969 5.90239 0.343881
968.969 5.96585 0.34097
968.969 6.02932 0.336685
968.969 6.09279 0.331046
968.969 6.15625 0.324073
968.969 6.21972 0.315795
968.969 6.28319 0.306246
969.97 0 -0.161644
969.97 0.0634665 -0.1482
969.97 0.126933 -0.134159
969.97 0.1904 -0.119577
969.97 0.253866 -0.104515
969.97 0.317333 -0.0890311
969.97 0.380799 -0.0731889
969.97 0.444266 -0.0570522
969.97 0.507732 -0.0406856
969.97 0.571199 -0.0241554
969.97 0.634665 -0.0075278
969.97 0.698132 0.00913018
969.97 0.761598 0.0257514
969.97 0.825065 0.0422686
969.97 0.888531 0.058616
969.97 0.951998 0.0747273
969.97 1.01546 0.0905377
969.97 1.07893 0.105983
969.97 1.1424 0.121002
969.97 1.20586 0.135534
969.97 1.26933 0.14952
969.97 1.3328 0.162904
969.97 1.39626 0.175632
969.97 1.45973 0.187653
969.97 1.5232 0.198918
969.97 1.58666 0.209382
969.97 1.65013 0.219003
969.97 1.7136 0.227743
969.97 1.77706 0.235565
969.97 1.84053 0.242439
969.97 1.904 0.248336
969.97 1.96746 0.253233
969.97 2.03093 0.257111
969.97 2.0944 0.259954
969.97 2.15786 0.26175
969.97 2.22133 0.262491
969.97 2.28479 0.262177
969.97 2.34826 0.260806
969.97 2.41173 0.258385
969.97 2.47519 0.254923
969.97 2.53866 0.250435
969.97 2.60213 0.244939
969.97 2.66559 0.238456
969.97 2.72906 0.231013
969.97 2.79253 0.222641
969.97 2.85599 0.213371
969.97 2.91946 0.203242
969.97 2.98293 0.192295
969.97 3.04639 0.180574
969.97 3.10986 0.168125
969.97 3.17333 0.155
969.97 3.23679 0.14125
969.97 3.30026 0.126932
969.97 3.36373 0.112103
969.97 3.42719 0.0968217
969.97 3.49066 0.0811511
969.97 3.55413 0.0651534
969.97 3.61759 0.0488936
969.97 3.68106 0.032437
969.97 3.74452 0.0158496
969.97 3.80799 -0.000801445
969.97 3.87146 -0.0174495
969.97 3.93492 -0.0340271
969.97 3.99839 -0.0504678
969.97 4.06186 -0.0667052
969.97 4.12532 -0.0826742
969.97 4.18879 -0.0983102
969.97 4.25226 -0.11355
969.97 4.31572 -0.128333
969.97 4.37919 -0.142599
969.97 4.44266 -0.156291
969.97 4.50612 -0.169353
969.97 4.56959 -0.181734
969.97 4.63306 -0.193383
969.97 4.69652 -0.204253
969.97 4.75999 -0.214301
969.97 4.82346 -0.223486
969.97 4.88692 -0.23177
969.97 4.95039 -0.239122
969.97 5.01385 -0.245511
969.97 5.07732 -0.250911
969.97 5.14079 -0.255301
969.97 5.20425 -0.258663
969.97 5.26772 -0.260983
969.97 5.33119 -0.262253
969.97 5.39465 -0.262466
969.97 5.45812 -0.261623
969.97 5.52159 -0.259726
969.97 5.58505 -0.256783
969.97 5.64852 -0.252806
969.97 5.71199 -0.247812
969.97 5.77545 -0.241819
969.97 5.83892 -0.234853
969.97 5.90239 -0.226941
969.97 5.96585 -0.218116
969.97 6.02932 -0.208412
969.97 6.09279 -0.197868
969.97 6.15625 -0.186528
969.97 6.21972 -0.174437
969.97 6.28319 -0.161644
970.971 0 -0.442307
970.971 0.0634665 -0.458383
970.971 0.126933 -0.472614
970.971 0.1904 -0.484943
970.971 0.253866 -0.495318
970.971 0.317333 -0.503699
970.971 0.380799 -0.510051
970.971 0.444266 -0.51435
970.971 0.507732 -0.516578
970.971 0.571199 -0.516725
970.971 0.634665 -0.514793
970.971 0.698132 -0.510786
970.971 0.761598 -0.504724
970.971 0.825065 -0.496629
970.971 0.888531 -0.486534
970.971 0.951998 -0.47448
970.971 1.01546 -0.460516
970.971 1.07893 -0.444697
970.971 1.1424 -0.427087
970.971 1.20586 -0.407758
970.971 1.26933 -0.386787
970.971 1.3328 -0.364258
970.971 1.39626 -0.340263
970.971 1.45973 -0.314898
970.971 1.5232 -0.288265
970.971 1.58666 -0.26047
970.971 1.65013 -0.231627
970.971 1.7136 -0.201852
970.971 1.77706 -0.171264
970.971 1.84053 -0.139986
970.971 1.904 -0.108144
970.971 1.96746 -0.0758669
970.971 2.03093 -0.0432843
970.971 2.0944 -0.0105273
970.971 2.15786 0.0222721
970.971 2.22133 0.0549817
970.971 2.28479 0.0874698
970.971 2.34826 0.119606
970.971 2.41173 0.15126
970.971 2.47519 0.182306
970.971 2.53866 0.212617
970.971 2.60213 0.242072
970.971 2.66559 0.270552
970.971 2.72906 0.297943
970.971 2.79253 0.324135
970.971 2.85599 0.349021
970.971 2.91946 0.372501
970.971 2.98293 0.394482
970.971 3.04639 0.414874
970.971 3.10986 0.433596
970.971 3.17333 0.450572
970.971 3.23679 0.465733
970.971 3.30026 0.47902
970.971 3.36373 0.490377
970.971 3.42719 0.49976
970.971 3.49066 0.507131
970.971 3.55413 0.512459
970.971 3.61759 0.515724
970.971 3.68106 0.516912
970.971 3.74452 0.516019
970.971 3.80799 0.513047
970.971 3.87146 0.508011
970.971 3.93492 0.500929
970.971 3.99839 0.491829
970.971 4.06186 0.480749
970.971 4.12532 0.467733
970.971 4.18879 0.452834
970.971 4.25226 0.436112
970.971 4.31572 0.417633
970.971 4.37919 0.397473
970.971 4.44266 0.375712
970.971 4.50612 0.352439
970.971 4.56959 0.327746
970.971 4.63306 0.301733
970.971 4.69652 0.274506
970.971 4.75999 0.246173
970.971 4.82346 0.216849
970.971 4.88692 0.186652
970.971 4.95039 0.155703
970.971 5.01385 0.124127
970.971 5.07732 0.0920517
970.971 5.14079 0.0596055
970.971 5.20425 0.0269192
970.971 5.26772 -0.00587536
970.971 5.33119 -0.0386464
970.971 5.39465 -0.0712618
970.971 5.45812 -0.10359
970.971 5.52159 -0.135501
970.971 5.58505 -0.166867
970.971 5.64852 -0.197561
970.971 5.71199 -0.227459
970.971 5.77545 -0.256441
970.971 5.83892 -0.284391
970.971 5.90239 -0.311196
970.971 5.96585 -0.336748
970.971 6.02932 -0.360943
970.971 6.09279 -0.383685
970.971 6.15625 -0.404882
970.971 6.21972 -0.424449
970.971 6.28319 -0.442307
971.972 0 0.0629507
971.972 0.0634665 0.0683759
971.972 0.126933 0.0735257
971.972 0.1904 0.0783798
971.972 0.253866 0.0829182
971.972 0.317333 0.0871223
971.972 0.380799 0.090976
971.972 0.444266 0.0944633
971.972 0.507732 0.0975701
971.972 0.571199 0.100284
971.972 0.634665 0.102594
971.972 0.698132 0.104492
971.972 0.761598 0.105968
971.972 0.825065 0.107018
971.972 0.888531 0.107637
971.972 0.951998 0.107822
971.972 1.01546 0.107573
971.972 1.07893 0.106891
971.972 1.1424 0.105778
971.972 1.20586 0.10424
971.972 1.26933 0.102282
971.972 1.3328 0.0999122
971.972 1.39626 0.0971399
971.972 1.45973 0.0939764
971.972 1.5232 0.0904347
971.972 1.58666 0.0865289
971.972 1.65013 0.0822743
971.972 1.7136 0.0776888
971.972 1.77706 0.0727903
971.972 1.84053 0.0675987
971.972 1.904 0.0621349
971.972 1.96746 0.056421
971.972 2.03093 0.0504798
971.972 2.0944 0.0443355
971.972 2.15786 0.0380125
971.972 2.22133 0.0315364
971.972 2.28479 0.0249334
971.972 2.34826 0.01823
971.972 2.41173 0.0114533
971.972 2.47519 0.00463031
971.972 2.53866 -0.00221121
971.972 2.60213 -0.00904393
971.972 2.66559 -0.0158402
971.972 2.72906 -0.0225726
971.972 2.79253 -0.0292141
971.972 2.85599 -0.0357381
971.972 2.91946 -0.0421181
971.972 2.98293 -0.0483284
971.972 3.04639 -0.0543443
971.972 3.10986 -0.0601413
971.972 3.17333 -0.0656962
971.972 3.23679 -0.0709866
971.972 3.30026 -0.0759909
971.972 3.36373 -0.0806891
971.972 3.42719 -0.0850631
971.972 3.49066 -0.0890942
971.972 3.55413 -0.0927665
971.972 3.61759 -0.0960652
971.972 3.68106 -0.0989772
971.972 3.74452 -0.101491
971.972 3.80799 -0.103595
971.972 3.87146 -0.105283
971.972 3.93492 -0.106547
971.972 3.99839 -0.107381
971.972 4.06186 -0.107783
971.972 4.12532 -0.107751
971.972 4.18879 -0.107286
971.972 4.25226 -0.106388
971.972 4.31572 -0.105062
971.972 4.37919 -0.103313
971.972 4.44266 -0.101148
971.972 4.50612 -0.0985757
971.972 4.56959 -0.0956063
971.972 4.63306 -0.0922519
971.972 4.69652 -0.0885262
971.972 4.75999 -0.0844441
971.972 4.82346 -0.0800219
971.972 4.88692 -0.0752774
971.972 4.95039 -0.0702297
971.972 5.01385 -0.0648993
971.972 5.07732 -0.0593077
971.972 5.14079 -0.0534773
971.972 5.20425 -0.0474315
971.972 5.26772 -0.0411946
971.972 5.33119 -0.0347919
971.972 5.39465 -0.0282491
971.972 5.45812 -0.0215926
971.972 5.52159 -0.0148492
971.972 5.58505 -0.00804578
971.972 5.64852 -0.00121014
971.972 5.71199 0.00563039
971.972 5.77545 0.0124482
971.972 5.83892 0.0192161
971.972 5.90239 0.0259065
971.972 5.96585 0.0324924
971.972 6.02932 0.0389478
971.972 6.09279 0.0452461
971.972 6.15625 0.0513624
971.972 6.21972 0.0572717
971.972 6.28319 0.0629505
972.973 0 -0.287154
972.973 0.0634665 -0.299419
972.973 0.126933 -0.310477
972.973 0.1904 -0.320286
972.973 0.253866 -0.328804
972.973 0.317333 -0.335999
972.973 0.380799 -0.34184
972.973 0.444266 -0.346306
972.973 0.507732 -0.349376
972.973 0.571199 -0.351041
972.973 0.634665 -0.351291
972.973 0.698132 -0.350127
972.973 0.761598 -0.347553
972.973 0.825065 -0.34358
972.973 0.888531 -0.338223
972.973 0.951998 -0.331504
972.973 1.01546 -0.323451
972.973 1.07893 -0.314095
972.973 1.1424 -0.303474
972.973 1.20586 -0.291631
972.973 1.26933 -0.278614
972.973 1.3328 -0.264475
972.973 1.39626 -0.249271
972.973 1.45973 -0.233064
972.973 1.5232 -0.215918
972.973 1.58666 -0.197902
972.973 1.65013 -0.17909
972.973 1.7136 -0.159556
972.973 1.77706 -0.13938
972.973 1.84053 -0.118643
972.973 1.904 -0.0974281
972.973 1.96746 -0.0758209
972.973 2.03093 -0.0539083
972.973 2.0944 -0.0317787
972.973 2.15786 -0.0095211
972.973 2.22133 0.0127747
972.973 2.28479 0.0350192
972.973 2.34826 0.0571228
972.973 2.41173 0.0789962
972.973 2.47519 0.100552
972.973 2.53866 0.121702
972.973 2.60213 0.142362
972.973 2.66559 0.16245
972.973 2.72906 0.181883
972.973 2.79253 0.200583
972.973 2.85599 0.218476
972.973 2.91946 0.23549
972.973 2.98293 0.251555
972.973 3.04639 0.266607
972.973 3.10986 0.280586
972.973 3.17333 0.293434
972.973 3.23679 0.305102
972.973 3.30026 0.31554
972.973 3.36373 0.324708
972.973 3.42719 0.332569
972.973 3.49066 0.33909
972.973 3.55413 0.344247
972.973 3.61759 0.348017
972.973 3.68106 0.350385
972.973 3.74452 0.351343
972.973 3.80799 0.350886
972.973 3.87146 0.349016
972.973 3.93492 0.345741
972.973 3.99839 0.341073
972.973 4.06186 0.335032
972.973 4.12532 0.327643
972.973 4.18879 0.318933
972.973 4.25226 0.30894
972.973 4.31572 0.297702
972.973 4.37919 0.285266
972.973 4.44266 0.271681
972.973 4.50612 0.257003
972.973 4.56959 0.241289
972.973 4.63306 0.224604
972.973 4.69652 0.207014
972.973 4.75999 0.188591
972.973 4.82346 0.169408
972.973 4.88692 0.149544
972.973 4.95039 0.129077
972.973 5.01385 0.10809
972.973 5.07732 0.0866682
972.973 5.14079 0.0648973
972.973 5.20425 0.042865
972.973 5.26772 0.0206603
972.973 5.33119 -0.00162776
972.973 5.39465 -0.0239092
972.973 5.45812 -0.0460941
972.973 5.52159 -0.0680938
972.973 5.58505 -0.0898192
972.973 5.64852 -0.111183
972.973 5.71199 -0.132099
972.973 5.77545 -0.152483
972.973 5.83892 -0.172253
972.973 5.90239 -0.19133
972.973 5.96585 -0.209636
972.973 6.02932 -0.227098
972.973 6.09279 -0.243645
972.973 6.15625 -0.259212
972.973 6.21972 -0.273734
972.973 6.28319 -0.287154
973.974 0 0.336376
973.974 0.0634665 0.323445
973.974 0.126933 0.309213
973.974 0.1904 0.293734
973.974 0.253866 0.277074
973.974 0.317333 0.259297
973.974 0.380799 0.240477
973.974 0.444266 0.220688
973.974 0.507732 0.200011
973.974 0.571199 0.178527
973.974 0.634665 0.156326
973.974 0.698132 0.133495
973.974 0.761598 0.110126
973.974 0.825065 0.0863135
973.974 0.888531 0.0621539
973.974 0.951998 0.037744
973.974 1.01546 0.013182
973.974 1.07893 -0.0114331
973.974 1.1424 -0.0360021
973.974 1.20586 -0.0604262
973.974 1.26933 -0.0846068
973.974 1.3328 -0.108447
973.974 1.39626 -0.13185
973.974 1.45973 -0.154723
973.974 1.5232 -0.176972
973.974 1.58666 -0.198509
973.974 1.65013 -0.219247
973.974 1.7136 -0.239101
973.974 1.77706 -0.257993
973.974 1.84053 -0.275846
973.974 1.904 -0.292589
973.974 1.96746 -0.308153
973.974 2.03093 -0.322476
973.974 2.0944 -0.335501
973.974 2.15786 -0.347175
973.974 2.22133 -0.357451
973.974 2.28479 -0.366287
973.974 2.34826 -0.373649
973.974 2.41173 -0.379506
973.974 2.47519 -0.383835
973.974 2.53866 -0.386619
973.974 2.60213 -0.387845
973.974 2.66559 -0.38751
973.974 2.72906 -0.385615
973.974 2.79253 -0.382167
973.974 2.85599 -0.37718
973.974 2.91946 -0.370674
973.974 2.98293 -0.362676
973.974 3.04639 -0.353217
973.974 3.10986 -0.342336
973.974 3.17333 -0.330077
973.974 3.23679 -0.316488
973.974 3.30026 -0.301626
973.974 3.36373 -0.285548
973.974 3.42719 -0.268321
973.974 3.49066 -0.250013
973.974 3.55413 -0.230698
973.974 3.61759 -0.210455
973.974 3.68106 -0.189364
973.974 3.74452 -0.167511
973.974 3.80799 -0.144983
973.974 3.87146 -0.121872
973.974 3.93492 -0.0982692
973.974 3.99839 -0.0742712
973.974 4.06186 -0.049974
973.974 4.12532 -0.0254757
973.974 4.18879 -0.000874865
973.974 4.25226 0.0237296
973.974 4.31572 0.0482384
973.974 4.37919 0.0725531
973.974 4.44266 0.0965753
973.974 4.50612 0.120209
973.974 4.56959 0.143359
973.974 4.63306 0.165931
973.974 4.69652 0.187835
973.974 4.75999 0.208983
973.974 4.82346 0.229289
973.974 4.88692 0.248672
973.974 4.95039 0.267054
973.974 5.01385 0.28436
973.974 5.07732 0.300522
973.974 5.14079 0.315473
973.974 5.20425 0.329154
973.974 5.26772 0.34151
973.974 5.33119 0.352491
973.974 5.39465 0.362051
973.974 5.45812 0.370154
973.974 5.52159 0.376767
973.974 5.58505 0.381863
973.974 5.64852 0.385421
973.974 5.71199 0.387427
973.974 5.77545 0.387873
973.974 5.83892 0.386757
973.974 5.90239 0.384084
973.974 5.96585 0.379865
973.974 6.02932 0.374115
973.974 6.09279 0.36686
973.974 6.15625 0.358126
973.974 6.21972 0.347952
973.974 6.28319 0.336376
974.975 0 0.0222653
974.975 0.0634665 0.0198832
974.975 0.126933 0.0174213
974.975 0.1904 0.0148887
974.975 0.253866 0.0122967
974.975 0.317333 0.00965499
974.975 0.380799 0.00697421
974.975 0.444266 0.00426567
974.975 0.507732 0.00153995
974.975 0.571199 -0.0011922
974.975 0.634665 -0.00391914
974.975 0.698132 -0.00663119
974.975 0.761598 -0.00931555
974.975 0.825065 -0.0119631
974.975 0.888531 -0.0145623
974.975 0.951998 -0.0171027
974.975 1.01546 -0.0195739
974.975 1.07893 -0.0219669
974.975 1.1424 -0.0242711
974.975 1.20586 -0.0264778
974.975 1.26933 -0.0285777
974.975 1.3328 -0.0305628
974.975 1.39626 -0.0324249
974.975 1.45973 -0.0341559
974.975 1.5232 -0.0357498
974.975 1.58666 -0.0371995
974.975 1.65013 -0.0384993
974.975 1.7136 -0.0396441
974.975 1.77706 -0.0406297
974.975 1.84053 -0.0414514
974.975 1.904 -0.0421065
974.975 1.96746 -0.0425914
974.975 2.03093 -0.0429053
974.975 2.0944 -0.0430462
974.975 2.15786 -0.0430139
974.975 2.22133 -0.0428082
974.975 2.28479 -0.0424306
974.975 2.34826 -0.0418818
974.975 2.41173 -0.0411644
974.975 2.47519 -0.0402813
974.975 2.53866 -0.0392359
974.975 2.60213 -0.0380326
974.975 2.66559 -0.036676
974.975 2.72906 -0.035172
974.975 2.79253 -0.0335262
974.975 2.85599 -0.0317454
974.975 2.91946 -0.0298368
974.975 2.98293 -0.027808
974.975 3.04639 -0.0256673
974.975 3.10986 -0.0234232
974.975 3.17333 -0.0210848
974.975 3.23679 -0.0186614
974.975 3.30026 -0.0161631
974.975 3.36373 -0.0135995
974.975 3.42719 -0.0109811
974.975 3.49066 -0.00831868
974.975 3.55413 -0.00562278
974.975 3.61759 -0.00290412
974.975 3.68106 -0.000174027
974.975 3.74452 0.00255733
974.975 3.80799 0.00527795
974.975 3.87146 0.00797731
974.975 3.93492 0.0106446
974.975 3.99839 0.0132692
974.975 4.06186 0.0158405
974.975 4.12532 0.0183478
974.975 4.18879 0.0207808
974.975 4.25226 0.0231309
974.975 4.31572 0.0253874
974.975 4.37919 0.0275419
974.975 4.44266 0.0295852
974.975 4.50612 0.0315095
974.975 4.56959 0.0333069
974.975 4.63306 0.0349703
974.975 4.69652 0.0364928
974.975 4.75999 0.0378687
974.975 4.82346 0.0390915
974.975 4.88692 0.040157
974.975 4.95039 0.041061
974.975 5.01385 0.0417998
974.975 5.07732 0.0423701
974.975 5.14079 0.0427698
974.975 5.20425 0.0429974
974.975 5.26772 0.0430516
974.975 5.33119 0.0429329
974.975 5.39465 0.042641
974.975 5.45812 0.0421775
974.975 5.52159 0.0415441
974.975 5.58505 0.0407433
974.975 5.64852 0.0397786
974.975 5.71199 0.0386538
974.975 5.77545 0.0373731
974.975 5.83892 0.035942
974.975 5.90239 0.0343663
974.975 5.96585 0.0326523
974.975 6.02932 0.0308066
974.975 6.09279 0.0288369
974.975 6.15625 0.0267513
974.975 6.21972 0.0245576
974.975 6.28319 0.0222653
975.976 0 -0.72278
975.976 0.0634665 -0.718705
975.976 0.126933 -0.711735
975.976 0.1904 -0.7019
975.976 0.253866 -0.689239
975.976 0.317333 -0.673802
975.976 0.380799 -0.655652
975.976 0.444266 -0.634862
975.976 0.507732 -0.611516
975.976 0.571199 -0.585708
975.976 0.634665 -0.557541
975.976 0.698132 -0.527128
975.976 0.761598 -0.494593
975.976 0.825065 -0.460067
975.976 0.888531 -0.423688
975.976 0.951998 -0.385603
975.976 1.01546 -0.345966
975.976 1.07893 -0.304935
975.976 1.1424 -0.262677
975.976 1.20586 -0.219361
975.976 1.26933 -0.175161
975.976 1.3328 -0.130256
975.976 1.39626 -0.0848273
975.976 1.45973 -0.0390563
975.976 1.5232 0.00687187
975.976 1.58666 0.0527723
975.976 1.65013 0.0984602
975.976 1.7136 0.143752
975.976 1.77706 0.188464
975.976 1.84053 0.232418
975.976 1.904 0.275436
975.976 1.96746 0.317345
975.976 2.03093 0.357976
975.976 2.0944 0.397166
975.976 2.15786 0.434756
975.976 2.22133 0.470595
975.976 2.28479 0.50454
975.976 2.34826 0.536453
975.976 2.41173 0.566206
975.976 2.47519 0.59368
975.976 2.53866 0.618762
975.976 2.60213 0.641353
975.976 2.66559 0.661362
975.976 2.72906 0.678707
975.976 2.79253 0.69332
975.976 2.85599 0.705141
975.976 2.91946 0.714122
975.976 2.98293 0.720228
975.976 3.04639 0.723434
975.976 3.10986 0.723727
975.976 3.17333 0.721105
975.976 3.23679 0.715581
975.976 3.30026 0.707174
975.976 3.36373 0.69592
975.976 3.42719 0.681864
975.976 3.49066 0.665063
975.976 3.55413 0.645582
975.976 3.61759 0.623502
975.976 3.68106 0.598913
975.976 3.74452 0.571912
975.976 3.80799 0.542607
975.976 3.87146 0.511118
975.976 3.93492 0.477571
975.976 3.99839 0.4421
975.976 4.06186 0.40485
975.976 4.12532 0.365969
975.976 4.18879 0.325614
975.976 4.25226 0.283949
975.976 4.31572 0.24114
975.976 4.37919 0.19736
975.976 4.44266 0.152786
975.976 4.50612 0.107596
975.976 4.56959 0.0619731
975.976 4.63306 0.0161004
975.976 4.69652 -0.029837
975.976 4.75999 -0.0756543
975.976 4.82346 -0.121167
975.976 4.88692 -0.166192
975.976 4.95039 -0.210547
975.976 5.01385 -0.254055
975.976 5.07732 -0.29654
975.976 5.14079 -0.337831
975.976 5.20425 -0.377761
975.976 5.26772 -0.41617
975.976 5.33119 -0.452904
975.976 5.39465 -0.487814
975.976 5.45812 -0.520759
975.976 5.52159 -0.551607
975.976 5.58505 -0.580235
975.976 5.64852 -0.606526
975.976 5.71199 -0.630375
975.976 5.77545 -0.651686
975.976 5.83892 -0.670372
975.976 5.90239 -0.68636
975.976 5.96585 -0.699582
975.976 6.02932 -0.70999
975.976 6.09279 -0.717537
975.976 6.15625 -0.722195
975.976 6.21972 -0.723945
975.976 6.28319 -0.72278
976.977 0 -0.118441
976.977 0.0634665 -0.0959272
976.977 0.126933 -0.073027
976.977 0.1904 -0.0498327
976.977 0.253866 -0.0264379
976.977 0.317333 -0.00293672
976.977 0.380799 0.0205766
976.977 0.444266 0.0440069
976.977 0.507732 0.06726
976.977 0.571199 0.0902423
976.977 0.634665 0.112861
976.977 0.698132 0.135025
976.977 0.761598 0.156646
976.977 0.825065 0.177636
976.977 0.888531 0.197911
976.977 0.951998 0.217388
976.977 1.01546 0.235991
976.977 1.07893 0.253643
976.977 1.1424 0.270274
976.977 1.20586 0.285816
976.977 1.26933 0.300208
976.977 1.3328 0.313391
976.977 1.39626 0.325312
976.977 1.45973 0.335923
976.977 1.5232 0.345181
976.977 1.58666 0.35305
976.977 1.65013 0.359497
976.977 1.7136 0.364496
976.977 1.77706 0.368027
976.977 1.84053 0.370077
976.977 1.904 0.370636
976.977 1.96746 0.369703
976.977 2.03093 0.367282
976.977 2.0944 0.363382
976.977 2.15786 0.358018
976.977 2.22133 0.351212
976.977 2.28479 0.342993
976.977 2.34826 0.333392
976.977 2.41173 0.322449
976.977 2.47519 0.310207
976.977 2.53866 0.296717
976.977 2.60213 0.282031
976.977 2.66559 0.26621
976.977 2.72906 0.249317
976.977 2.79253 0.231421
976.977 2.85599 0.212592
976.977 2.91946 0.192907
976.977 2.98293 0.172446
976.977 3.04639 0.15129
976.977 3.10986 0.129525
976.977 3.17333 0.107238
976.977 3.23679 0.0845195
976.977 3.30026 0.0614607
976.977 3.36373 0.0381545
976.977 3.42719 0.0146946
976.977 3.49066 -0.00882476
976.977 3.55413 -0.0323078
976.977 3.61759 -0.0556614
976.977 3.68106 -0.0787905
976.977 3.74452 -0.101603
976.977 3.80799 -0.124006
976.977 3.87146 -0.145909
976.977 3.93492 -0.167225
976.977 3.99839 -0.187868
976.977 4.06186 -0.207754
976.977 4.12532 -0.226804
976.977 4.18879 -0.24494
976.977 4.25226 -0.262091
976.977 4.31572 -0.278185
976.977 4.37919 -0.29316
976.977 4.44266 -0.306954
976.977 4.50612 -0.319512
976.977 4.56959 -0.330784
976.977 4.63306 -0.340723
976.977 4.69652 -0.349291
976.977 4.75999 -0.356453
976.977 4.82346 -0.362179
976.977 4.88692 -0.366446
976.977 4.95039 -0.369238
976.977 5.01385 -0.370543
976.977 5.07732 -0.370356
976.977 5.14079 -0.368678
976.977 5.20425 -0.365516
976.977 5.26772 -0.360881
976.977 5.33119 -0.354793
976.977 5.39465 -0.347277
976.977 5.45812 -0.338363
976.977 5.52159 -0.328086
976.977 5.58505 -0.316488
976.977 5.64852 -0.303615
976.977 5.71199 -0.28952
976.977 5.77545 -0.274259
976.977 5.83892 -0.257894
976.977 5.90239 -0.24049
976.977 5.96585 -0.222118
976.977 6.02932 -0.202852
976.977 6.09279 -0.182768
976.977 6.15625 -0.161949
976.977 6.21972 -0.140478
976.977 6.28319 -0.118441
977.978 0 -0.26773
977.978 0.0634665 -0.280184
977.978 0.126933 -0.29151
977.978 0.1904 -0.301661
977.978 0.253866 -0.310598
977.978 0.317333 -0.318285
977.978 0.380799 -0.324689
977.978 0.444266 -0.329787
977.978 0.507732 -0.333556
977.978 0.571199 -0.335983
977.978 0.634665 -0.337056
977.978 0.698132 -0.336772
977.978 0.761598 -0.335132
977.978 0.825065 -0.332143
977.978 0.888531 -0.327817
977.978 0.951998 -0.32217
977.978 1.01546 -0.315226
977.978 1.07893 -0.307013
977.978 1.1424 -0.297563
977.978 1.20586 -0.286916
977.978 1.26933 -0.275112
977.978 1.3328 -0.262202
977.978 1.39626 -0.248235
977.978 1.45973 -0.233269
977.978 1.5232 -0.217364
977.978 1.58666 -0.200583
977.978 1.65013 -0.182995
977.978 1.7136 -0.164669
977.978 1.77706 -0.145681
977.978 1.84053 -0.126106
977.978 1.904 -0.106024
977.978 1.96746 -0.0855141
977.978 2.03093 -0.0646604
977.978 2.0944 -0.043546
977.978 2.15786 -0.0222565
977.978 2.22133 -0.000877277
977.978 2.28479 0.0205056
977.978 2.34826 0.0418057
977.978 2.41173 0.0629377
977.978 2.47519 0.0838159
977.978 2.53866 0.104357
977.978 2.60213 0.124477
977.978 2.66559 0.144097
977.978 2.72906 0.163137
977.978 2.79253 0.181519
977.978 2.85599 0.19917
977.978 2.91946 0.21602
977.978 2.98293 0.231999
977.978 3.04639 0.247045
977.978 3.10986 0.261095
977.978 3.17333 0.274095
977.978 3.23679 0.285991
977.978 3.30026 0.296735
977.978 3.36373 0.306284
977.978 3.42719 0.3146
977.978 3.49066 0.321649
977.978 3.55413 0.327403
977.978 3.61759 0.331838
977.978 3.68106 0.334938
977.978 3.74452 0.336689
977.978 3.80799 0.337084
977.978 3.87146 0.336122
977.978 3.93492 0.333806
977.978 3.99839 0.330146
977.978 4.06186 0.325157
977.978 4.12532 0.318858
977.978 4.18879 0.311276
977.978 4.25226 0.30244
977.978 4.31572 0.292387
977.978 4.37919 0.281156
977.978 4.44266 0.268793
977.978 4.50612 0.255347
977.978 4.56959 0.240874
977.978 4.63306 0.22543
977.978 4.69652 0.209079
977.978 4.75999 0.191885
977.978 4.82346 0.17392
977.978 4.88692 0.155253
977.978 4.95039 0.135962
977.978 5.01385 0.116124
977.978 5.07732 0.0958171
977.978 5.14079 0.075125
977.978 5.20425 0.0541304
977.978 5.26772 0.0329177
977.978 5.33119 0.0115725
977.978 5.39465 -0.00981918
977.978 5.45812 -0.0311713
977.978 5.52159 -0.0523981
977.978 5.58505 -0.0734136
977.978 5.64852 -0.0941337
977.978 5.71199 -0.114475
977.978 5.77545 -0.134355
977.978 5.83892 -0.153694
977.978 5.90239 -0.172414
977.978 5.96585 -0.19044
977.978 6.02932 -0.2077
977.978 6.09279 -0.224122
977.978 6.15625 -0.239643
977.978 6.21972 -0.254198
977.978 6.28319 -0.26773
978.979 0 0.0783344
978.979 0.0634665 0.083659
978.979 0.126933 0.0886468
978.979 0.1904 0.0932778
978.979 0.253866 0.0975329
978.979 0.317333 0.101396
978.979 0.380799 0.10485
978.979 0.444266 0.107882
978.979 0.507732 0.11048
978.979 0.571199 0.112633
978.979 0.634665 0.114332
978.979 0.698132 0.115571
978.979 0.761598 0.116344
978.979 0.825065 0.116649
978.979 0.888531 0.116485
978.979 0.951998 0.115851
978.979 1.01546 0.114751
978.979 1.07893 0.113189
978.979 1.1424 0.11117
978.979 1.20586 0.108705
978.979 1.26933 0.105801
978.979 1.3328 0.102472
978.979 1.39626 0.0987302
978.979 1.45973 0.0945905
978.979 1.5232 0.0900702
978.979 1.58666 0.085187
978.979 1.65013 0.0799609
978.979 1.7136 0.0744127
978.979 1.77706 0.068565
978.979 1.84053 0.0624412
978.979 1.904 0.0560659
978.979 1.96746 0.049465
978.979 2.03093 0.0426648
978.979 2.0944 0.0356926
978.979 2.15786 0.0285771
978.979 2.22133 0.0213464
978.979 2.28479 0.0140294
978.979 2.34826 0.00665631
978.979 2.41173 -0.00074365
978.979 2.47519 -0.00814101
978.979 2.53866 -0.0155051
978.979 2.60213 -0.0228069
978.979 2.66559 -0.0300169
978.979 2.72906 -0.0371062
978.979 2.79253 -0.0440457
978.979 2.85599 -0.0508079
978.979 2.91946 -0.0573659
978.979 2.98293 -0.0636926
978.979 3.04639 -0.0697629
978.979 3.10986 -0.0755524
978.979 3.17333 -0.0810375
978.979 3.23679 -0.0861963
978.979 3.30026 -0.0910081
978.979 3.36373 -0.0954534
978.979 3.42719 -0.0995144
978.979 3.49066 -0.103175
978.979 3.55413 -0.106419
978.979 3.61759 -0.109236
978.979 3.68106 -0.111612
978.979 3.74452 -0.113539
978.979 3.80799 -0.115009
978.979 3.87146 -0.116016
978.979 3.93492 -0.116555
978.979 3.99839 -0.116626
978.979 4.06186 -0.116226
978.979 4.12532 -0.115359
978.979 4.18879 -0.114027
978.979 4.25226 -0.112236
978.979 4.31572 -0.109993
978.979 4.37919 -0.107307
978.979 4.44266 -0.104189
978.979 4.50612 -0.100652
978.979 4.56959 -0.096709
978.979 4.63306 -0.0923769
978.979 4.69652 -0.0876728
978.979 4.75999 -0.0826155
978.979 4.82346 -0.0772259
978.979 4.88692 -0.0715248
978.979 4.95039 -0.0655361
978.979 5.01385 -0.0592834
978.979 5.07732 -0.052792
978.979 5.14079 -0.0460881
978.979 5.20425 -0.0391984
978.979 5.26772 -0.032151
978.979 5.33119 -0.0249739
978.979 5.39465 -0.0176966
978.979 5.45812 -0.0103481
978.979 5.52159 -0.00295762
978.979 5.58505 0.00444442
978.979 5.64852 0.0118287
978.979 5.71199 0.0191655
978.979 5.77545 0.0264253
978.979 5.83892 0.0335784
978.979 5.90239 0.0405963
978.979 5.96585 0.0474508
978.979 6.02932 0.0541142
978.979 6.09279 0.0605597
978.979 6.15625 0.0667613
978.979 6.21972 0.0726942
978.979 6.28319 0.0783344
979.98 0 -0.0152575
979.98 0.0634665 -0.0084332
979.98 0.126933 -0.00157497
979.98 0.1904 0.00528958
979.98 0.253866 0.0121328
979.98 0.317333 0.0189273
979.98 0.380799 0.0256455
979.98 0.444266 0.0322605
979.98 0.507732 0.0387453
979.98 0.571199 0.0450744
979.98 0.634665 0.0512218
979.98 0.698132 0.0571632
979.98 0.761598 0.0628743
979.98 0.825065 0.0683322
979.98 0.888531 0.0735151
979.98 0.951998 0.0784016
979.98 1.01546 0.0829728
979.98 1.07893 0.0872098
979.98 1.1424 0.0910954
979.98 1.20586 0.0946146
979.98 1.26933 0.0977525
979.98 1.3328 0.100497
979.98 1.39626 0.102837
979.98 1.45973 0.104762
979.98 1.5232 0.106266
979.98 1.58666 0.107342
979.98 1.65013 0.107986
979.98 1.7136 0.108194
979.98 1.77706 0.107968
979.98 1.84053 0.107306
979.98 1.904 0.106213
979.98 1.96746 0.104691
979.98 2.03093 0.102748
979.98 2.0944 0.100392
979.98 2.15786 0.0976309
979.98 2.22133 0.0944769
979.98 2.28479 0.0909424
979.98 2.34826 0.0870418
979.98 2.41173 0.0827907
979.98 2.47519 0.0782063
979.98 2.53866 0.073307
979.98 2.60213 0.0681124
979.98 2.66559 0.0626436
979.98 2.72906 0.0569223
979.98 2.79253 0.0509724
979.98 2.85599 0.0448169
979.98 2.91946 0.0384808
979.98 2.98293 0.0319899
979.98 3.04639 0.0253702
979.98 3.10986 0.0186483
979.98 3.17333 0.0118513
979.98 3.23679 0.00500668
979.98 3.30026 -0.00185826
979.98 3.36373 -0.00871558
979.98 3.42719 -0.0155379
979.98 3.49066 -0.0222975
979.98 3.55413 -0.0289676
979.98 3.61759 -0.0355208
979.98 3.68106 -0.0419311
979.98 3.74452 -0.0481725
979.98 3.80799 -0.0542198
979.98 3.87146 -0.060049
979.98 3.93492 -0.0656363
979.98 3.99839 -0.0709594
979.98 4.06186 -0.0759967
979.98 4.12532 -0.0807279
979.98 4.18879 -0.0851341
979.98 4.25226 -0.0891974
979.98 4.31572 -0.0929018
979.98 4.37919 -0.096232
979.98 4.44266 -0.0991747
979.98 4.50612 -0.101718
979.98 4.56959 -0.103852
979.98 4.63306 -0.105567
979.98 4.69652 -0.106858
979.98 4.75999 -0.107718
979.98 4.82346 -0.108145
979.98 4.88692 -0.108136
979.98 4.95039 -0.107691
979.98 5.01385 -0.106813
979.98 5.07732 -0.105505
979.98 5.14079 -0.103772
979.98 5.20425 -0.101621
979.98 5.26772 -0.0990611
979.98 5.33119 -0.0961024
979.98 5.39465 -0.0927563
979.98 5.45812 -0.0890369
979.98 5.52159 -0.084959
979.98 5.58505 -0.080539
979.98 5.64852 -0.0757947
979.98 5.71199 -0.0707453
979.98 5.77545 -0.0654109
979.98 5.83892 -0.0598132
979.98 5.90239 -0.0539746
979.98 5.96585 -0.0479187
979.98 6.02932 -0.0416697
979.98 6.09279 -0.0352531
979.98 6.15625 -0.0286945
979.98 6.21972 -0.0220203
979.98 6.28319 -0.0152574
980.981 0 0.0543227
980.981 0.0634665 0.0601131
980.981 0.126933 0.0656614
980.981 0.1904 0.0709455
980.981 0.253866 0.0759438
980.981 0.317333 0.0806362
980.981 0.380799 0.0850039
980.981 0.444266 0.0890295
980.981 0.507732 0.0926965
980.981 0.571199 0.0959902
980.981 0.634665 0.0988975
980.981 0.698132 0.101407
980.981 0.761598 0.103507
980.981 0.825065 0.105191
980.981 0.888531 0.106451
980.981 0.951998 0.107283
980.981 1.01546 0.107683
980.981 1.07893 0.107649
980.981 1.1424 0.107182
980.981 1.20586 0.106283
980.981 1.26933 0.104956
980.981 1.3328 0.103206
980.981 1.39626 0.101041
980.981 1.45973 0.0984691
980.981 1.5232 0.0955007
980.981 1.58666 0.0921478
980.981 1.65013 0.0884236
980.981 1.7136 0.0843436
980.981 1.77706 0.0799238
980.981 1.84053 0.0751823
980.981 1.904 0.0701381
980.981 1.96746 0.0648113
980.981 2.03093 0.0592235
980.981 2.0944 0.0533974
980.981 2.15786 0.0473563
980.981 2.22133 0.0411245
980.981 2.28479 0.034727
980.981 2.34826 0.0281897
980.981 2.41173 0.021539
980.981 2.47519 0.0148014
980.981 2.53866 0.00800428
980.981 2.60213 0.00117493
980.981 2.66559 -0.00565907
980.981 2.72906 -0.0124705
980.981 2.79253 -0.0192315
980.981 2.85599 -0.0259151
980.981 2.91946 -0.0324944
980.981 2.98293 -0.0389429
980.981 3.04639 -0.0452346
980.981 3.10986 -0.051344
980.981 3.17333 -0.0572467
980.981 3.23679 -0.062919
980.981 3.30026 -0.0683378
980.981 3.36373 -0.0734815
980.981 3.42719 -0.0783295
980.981 3.49066 -0.0828619
980.981 3.55413 -0.0870606
980.981 3.61759 -0.0909087
980.981 3.68106 -0.094391
980.981 3.74452 -0.0974931
980.981 3.80799 -0.100203
980.981 3.87146 -0.102508
980.981 3.93492 -0.104402
980.981 3.99839 -0.105875
980.981 4.06186 -0.106921
980.981 4.12532 -0.107537
980.981 4.18879 -0.10772
980.981 4.25226 -0.107469
980.981 4.31572 -0.106786
980.981 4.37919 -0.105672
980.981 4.44266 -0.104133
980.981 4.50612 -0.102175
980.981 4.56959 -0.0998055
980.981 4.63306 -0.097034
980.981 4.69652 -0.0938715
980.981 4.75999 -0.0903312
980.981 4.82346 -0.0864271
980.981 4.88692 -0.0821751
980.981 4.95039 -0.077592
980.981 5.01385 -0.0726967
980.981 5.07732 -0.0675086
980.981 5.14079 -0.0620486
980.981 5.20425 -0.0563389
980.981 5.26772 -0.0504023
980.981 5.33119 -0.0442627
980.981 5.39465 -0.0379448
980.981 5.45812 -0.0314743
980.981 5.52159 -0.0248769
980.981 5.58505 -0.0181794
980.981 5.64852 -0.0114086
980.981 5.71199 -0.00459204
980.981 5.77545 0.00224325
980.981 5.83892 0.00906943
980.981 5.90239 0.0158589
980.981 5.96585 0.0225848
980.981 6.02932 0.0292195
980.981 6.09279 0.0357366
980.981 6.15625 0.0421099
980.981 6.21972 0.0483137
980.981 6.28319 0.0543228
981.982 0 0.059178
981.982 0.0634665 0.0737999
981.982 0.126933 0.0881245
981.982 0.1904 0.102095
981.982 0.253866 0.115653
981.982 0.317333 0.128746
981.982 0.380799 0.141321
981.982 0.444266 0.153327
981.982 0.507732 0.164715
981.982 0.571199 0.17544
981.982 0.634665 0.185458
981.982 0.698132 0.19473
981.982 0.761598 0.203218
981.982 0.825065 0.210887
981.982 0.888531 0.217707
981.982 0.951998 0.223651
981.982 1.01546 0.228694
981.982 1.07893 0.232816
981.982 1.1424 0.236001
981.982 1.20586 0.238235
981.982 1.26933 0.23951
981.982 1.3328 0.239821
981.982 1.39626 0.239165
981.982 1.45973 0.237548
981.982 1.5232 0.234973
981.982 1.58666 0.231452
981.982 1.65013 0.227
981.982 1.7136 0.221633
981.982 1.77706 0.215374
981.982 1.84053 0.208247
981.982 1.904 0.200282
981.982 1.96746 0.191511
981.982 2.03093 0.181968
981.982 2.0944 0.171693
981.982 2.15786 0.160726
981.982 2.22133 0.149113
981.982 2.28479 0.136898
981.982 2.34826 0.124133
981.982 2.41173 0.110868
981.982 2.47519 0.0971559
981.982 2.53866 0.0830528
981.982 2.60213 0.0686154
981.982 2.66559 0.0539017
981.982 2.72906 0.0389712
981.982 2.79253 0.0238834
981.982 2.85599 0.0086996
981.982 2.91946 -0.00651935
981.982 2.98293 -0.0217118
981.982 3.04639 -0.0368171
981.982 3.10986 -0.0517739
981.982 3.17333 -0.0665224
981.982 3.23679 -0.081003
981.982 3.30026 -0.0951573
981.982 3.36373 -0.108929
981.982 3.42719 -0.122261
981.982 3.49066 -0.135102
981.982 3.55413 -0.147398
981.982 3.61759 -0.1591
981.982 3.68106 -0.170163
981.982 3.74452 -0.18054
981.982 3.80799 -0.19019
981.982 3.87146 -0.199074
981.982 3.93492 -0.207157
981.982 3.99839 -0.214405
981.982 4.06186 -0.22079
981.982 4.12532 -0.226286
981.982 4.18879 -0.230871
981.982 4.25226 -0.234526
981.982 4.31572 -0.237237
981.982 4.37919 -0.238993
981.982 4.44266 -0.239786
981.982 4.50612 -0.239614
981.982 4.56959 -0.238477
981.982 4.63306 -0.236379
981.982 4.69652 -0.23333
981.982 4.75999 -0.229342
981.982 4.82346 -0.224429
981.982 4.88692 -0.218613
981.982 4.95039 -0.211917
981.982 5.01385 -0.204368
981.982 5.07732 -0.195995
981.982 5.14079 -0.186833
981.982 5.20425 -0.17692
981.982 5.26772 -0.166293
981.982 5.33119 -0.154998
981.982 5.39465 -0.143077
981.982 5.45812 -0.130581
981.982 5.52159 -0.117559
981.982 5.58505 -0.104064
981.982 5.64852 -0.0901497
981.982 5.71199 -0.0758723
981.982 5.77545 -0.0612894
981.982 5.83892 -0.0464597
981.982 5.90239 -0.031443
981.982 5.96585 -0.0162997
981.982 6.02932 -0.00109067
981.982 6.09279 0.0141226
981.982 6.15625 0.0292793
981.982 6.21972 0.0443178
981.982 6.28319 0.059178
982.983 0 0.170109
982.983 0.0634665 0.156398
982.983 0.126933 0.142058
982.983 0.1904 0.127145
982.983 0.253866 0.11172
982.983 0.317333 0.095846
982.983 0.380799 0.0795855
982.983 0.444266 0.0630046
982.983 0.507732 0.0461701
982.983 0.571199 0.0291495
982.983 0.634665 0.0120117
982.983 0.698132 -0.00517455
982.983 0.761598 -0.0223399
982.983 0.825065 -0.0394154
982.983 0.888531 -0.0563321
982.983 0.951998 -0.073022
982.983 1.01546 -0.0894181
982.983 1.07893 -0.105454
982.983 1.1424 -0.121065
982.983 1.20586 -0.136189
982.983 1.26933 -0.150764
982.983 1.3328 -0.164732
982.983 1.39626 -0.178037
982.983 1.45973 -0.190625
982.983 1.5232 -0.202445
982.983 1.58666 -0.213451
982.983 1.65013 -0.223596
982.983 1.7136 -0.232842
982.983 1.77706 -0.24115
982.983 1.84053 -0.248487
982.983 1.904 -0.254823
982.983 1.96746 -0.260133
982.983 2.03093 -0.264396
982.983 2.0944 -0.267594
982.983 2.15786 -0.269715
982.983 2.22133 -0.27075
982.983 2.28479 -0.270694
982.983 2.34826 -0.269548
982.983 2.41173 -0.267317
982.983 2.47519 -0.264009
982.983 2.53866 -0.259639
982.983 2.60213 -0.254223
982.983 2.66559 -0.247783
982.983 2.72906 -0.240346
982.983 2.79253 -0.231941
982.983 2.85599 -0.222602
982.983 2.91946 -0.212367
982.983 2.98293 -0.201276
982.983 3.04639 -0.189375
982.983 3.10986 -0.176711
982.983 3.17333 -0.163336
982.983 3.23679 -0.149303
982.983 3.30026 -0.134669
982.983 3.36373 -0.119493
982.983 3.42719 -0.103835
982.983 3.49066 -0.0877599
982.983 3.55413 -0.071331
982.983 3.61759 -0.0546149
982.983 3.68106 -0.0376788
982.983 3.74452 -0.0205911
982.983 3.80799 -0.00342033
982.983 3.87146 0.0137642
982.983 3.93492 0.0308933
982.983 3.99839 0.0478978
982.983 4.06186 0.0647096
982.983 4.12532 0.0812607
982.983 4.18879 0.0974849
982.983 4.25226 0.113316
982.983 4.31572 0.128692
982.983 4.37919 0.143548
982.983 4.44266 0.157828
982.983 4.50612 0.171471
982.983 4.56959 0.184424
982.983 4.63306 0.196634
982.983 4.69652 0.208053
982.983 4.75999 0.218634
982.983 4.82346 0.228334
982.983 4.88692 0.237116
982.983 4.95039 0.244942
982.983 5.01385 0.251781
982.983 5.07732 0.257608
982.983 5.14079 0.262397
982.983 5.20425 0.266129
982.983 5.26772 0.26879
982.983 5.33119 0.270368
982.983 5.39465 0.270858
982.983 5.45812 0.270257
982.983 5.52159 0.268568
982.983 5.58505 0.265797
982.983 5.64852 0.261956
982.983 5.71199 0.25706
982.983 5.77545 0.25113
982.983 5.83892 0.244188
982.983 5.90239 0.236262
982.983 5.96585 0.227386
982.983 6.02932 0.217594
982.983 6.09279 0.206925
982.983 6.15625 0.195423
982.983 6.21972 0.183135
982.983 6.28319 0.170109
983.984 0 -0.542131
983.984 0.0634665 -0.528243
983.984 0.126933 -0.51223
983.984 0.1904 -0.494153
983.984 0.253866 -0.474087
983.984 0.317333 -0.452111
983.984 0.380799 -0.428315
983.984 0.444266 -0.402794
983.984 0.507732 -0.375652
983.984 0.571199 -0.346997
983.984 0.634665 -0.316944
983.984 0.698132 -0.285616
983.984 0.761598 -0.253137
983.984 0.825065 -0.219639
983.984 0.888531 -0.185256
983.984 0.951998 -0.150128
983.984 1.01546 -0.114395
983.984 1.07893 -0.0782016
983.984 1.1424 -0.0416932
983.984 1.20586 -0.0050169
983.984 1.26933 0.0316796
983.984 1.3328 0.0682486
983.984 1.39626 0.104543
983.984 1.45973 0.140416
983.984 1.5232 0.175724
983.984 1.58666 0.210324
983.984 1.65013 0.244077
983.984 1.7136 0.276847
983.984 1.77706 0.308503
983.984 1.84053 0.338917
983.984 1.904 0.367965
983.984 1.96746 0.395533
983.984 2.03093 0.421507
983.984 2.0944 0.445784
983.984 2.15786 0.468266
983.984 2.22133 0.488863
983.984 2.28479 0.507491
983.984 2.34826 0.524076
983.984 2.41173 0.538549
983.984 2.47519 0.550856
983.984 2.53866 0.560944
983.984 2.60213 0.568772
983.984 2.66559 0.574311
983.984 2.72906 0.577538
983.984 2.79253 0.578438
983.984 2.85599 0.57701
983.984 2.91946 0.573258
983.984 2.98293 0.567197
983.984 3.04639 0.558854
983.984 3.10986 0.548259
983.984 3.17333 0.535457
983.984 3.23679 0.520499
983.984 3.30026 0.503445
983.984 3.36373 0.484364
983.984 3.42719 0.463332
983.984 3.49066 0.440435
983.984 3.55413 0.415764
983.984 3.61759 0.389419
983.984 3.68106 0.361506
983.984 3.74452 0.332138
983.984 3.80799 0.301432
983.984 3.87146 0.269512
983.984 3.93492 0.236507
983.984 3.99839 0.20255
983.984 4.06186 0.167777
983.984 4.12532 0.132328
983.984 4.18879 0.0963468
983.984 4.25226 0.0599774
983.984 4.31572 0.0233667
983.984 4.37919 -0.0133383
983.984 4.44266 -0.0499892
983.984 4.50612 -0.086439
983.984 4.56959 -0.122541
983.984 4.63306 -0.158149
983.984 4.69652 -0.193121
983.984 4.75999 -0.227314
983.984 4.82346 -0.260593
983.984 4.88692 -0.292823
983.984 4.95039 -0.323873
983.984 5.01385 -0.353619
983.984 5.07732 -0.381941
983.984 5.14079 -0.408726
983.984 5.20425 -0.433864
983.984 5.26772 -0.457255
983.984 5.33119 -0.478806
983.984 5.39465 -0.498428
983.984 5.45812 -0.516043
983.984 5.52159 -0.531581
983.984 5.58505 -0.544977
983.984 5.64852 -0.55618
983.984 5.71199 -0.565143
983.984 5.77545 -0.57183
983.984 5.83892 -0.576214
983.984 5.90239 -0.578279
983.984 5.96585 -0.578016
983.984 6.02932 -0.575424
983.984 6.09279 -0.570515
983.984 6.15625 -0.563309
983.984 6.21972 -0.553836
983.984 6.28319 -0.542131
984.985 0 -0.0864691
984.985 0.0634665 -0.110275
984.985 0.126933 -0.133637
984.985 0.1904 -0.156461
984.985 0.253866 -0.178654
984.985 0.317333 -0.200129
984.985 0.380799 -0.220797
984.985 0.444266 -0.240576
984.985 0.507732 -0.259387
984.985 0.571199 -0.277153
984.985 0.634665 -0.293804
984.985 0.698132 -0.309271
984.985 0.761598 -0.323493
984.985 0.825065 -0.336412
984.985 0.888531 -0.347977
984.985 0.951998 -0.35814
984.985 1.01546 -0.366861
984.985 1.07893 -0.374106
984.985 1.1424 -0.379843
984.985 1.20586 -0.384052
984.985 1.26933 -0.386713
984.985 1.3328 -0.387818
984.985 1.39626 -0.387361
984.985 1.45973 -0.385344
984.985 1.5232 -0.381776
984.985 1.58666 -0.37667
984.985 1.65013 -0.370048
984.985 1.7136 -0.361936
984.985 1.77706 -0.352366
984.985 1.84053 -0.341377
984.985 1.904 -0.329014
984.985 1.96746 -0.315326
984.985 2.03093 -0.300368
984.985 2.0944 -0.284201
984.985 2.15786 -0.266889
984.985 2.22133 -0.248503
984.985 2.28479 -0.229116
984.985 2.34826 -0.208807
984.985 2.41173 -0.187656
984.985 2.47519 -0.165751
984.985 2.53866 -0.143177
984.985 2.60213 -0.120027
984.985 2.66559 -0.0963941
984.985 2.72906 -0.0723727
984.985 2.79253 -0.0480601
984.985 2.85599 -0.0235537
984.985 2.91946 0.00104734
984.985 2.98293 0.0256442
984.985 3.04639 0.0501378
984.985 3.10986 0.0744295
984.985 3.17333 0.0984215
984.985 3.23679 0.122017
984.985 3.30026 0.145122
984.985 3.36373 0.167642
984.985 3.42719 0.189487
984.985 3.49066 0.210569
984.985 3.55413 0.230803
984.985 3.61759 0.250108
984.985 3.68106 0.268405
984.985 3.74452 0.285622
984.985 3.80799 0.301689
984.985 3.87146 0.316541
984.985 3.93492 0.330119
984.985 3.99839 0.342367
984.985 4.06186 0.353236
984.985 4.12532 0.362683
984.985 4.18879 0.37067
984.985 4.25226 0.377164
984.985 4.31572 0.38214
984.985 4.37919 0.385577
984.985 4.44266 0.387461
984.985 4.50612 0.387785
984.985 4.56959 0.386548
984.985 4.63306 0.383754
984.985 4.69652 0.379415
984.985 4.75999 0.373547
984.985 4.82346 0.366176
984.985 4.88692 0.357331
984.985 4.95039 0.347046
984.985 5.01385 0.335365
984.985 5.07732 0.322332
984.985 5.14079 0.308002
984.985 5.20425 0.292432
984.985 5.26772 0.275684
984.985 5.33119 0.257826
984.985 5.39465 0.23893
984.985 5.45812 0.219072
984.985 5.52159 0.198332
984.985 5.58505 0.176793
984.985 5.64852 0.154542
984.985 5.71199 0.131668
984.985 5.77545 0.108265
984.985 5.83892 0.084426
984.985 5.90239 0.0602468
984.985 5.96585 0.035825
984.985 6.02932 0.0112591
984.985 6.09279 -0.0133525
984.985 6.15625 -0.03791
984.985 6.21972 -0.0623151
984.985 6.28319 -0.0864692
985.986 0 -0.00301609
985.986 0.0634665 0.00146143
985.986 0.126933 0.00593295
985.986 0.1904 0.0103807
985.986 0.253866 0.0147866
985.986 0.317333 0.0191329
985.986 0.380799 0.0234022
985.986 0.444266 0.0275773
985.986 0.507732 0.0316413
985.986 0.571199 0.0355779
985.986 0.634665 0.0393713
985.986 0.698132 0.0430063
985.986 0.761598 0.0464678
985.986 0.825065 0.0497423
985.986 0.888531 0.0528165
985.986 0.951998 0.0556781
985.986 1.01546 0.0583156
985.986 1.07893 0.060718
985.986 1.1424 0.0628764
985.986 1.20586 0.0647813
985.986 1.26933 0.0664249
985.986 1.3328 0.0678018
985.986 1.39626 0.0689054
985.986 1.45973 0.0697313
985.986 1.5232 0.0702768
985.986 1.58666 0.0705392
985.986 1.65013 0.0705176
985.986 1.7136 0.0702119
985.986 1.77706 0.0696236
985.986 1.84053 0.0687548
985.986 1.904 0.067609
985.986 1.96746 0.0661914
985.986 2.03093 0.0645072
985.986 2.0944 0.0625628
985.986 2.15786 0.0603668
985.986 2.22133 0.057928
985.986 2.28479 0.0552553
985.986 2.34826 0.0523608
985.986 2.41173 0.0492552
985.986 2.47519 0.045951
985.986 2.53866 0.0424622
985.986 2.60213 0.0388019
985.986 2.66559 0.0349858
985.986 2.72906 0.0310285
985.986 2.79253 0.0269466
985.986 2.85599 0.0227561
985.986 2.91946 0.0184737
985.986 2.98293 0.0141173
985.986 3.04639 0.00970392
985.986 3.10986 0.0052514
985.986 3.17333 0.000777759
985.986 3.23679 -0.00369908
985.986 3.30026 -0.00816093
985.986 3.36373 -0.0125899
985.986 3.42719 -0.0169683
985.986 3.49066 -0.0212783
985.986 3.55413 -0.0255026
985.986 3.61759 -0.0296243
985.986 3.68106 -0.0336266
985.986 3.74452 -0.0374934
985.986 3.80799 -0.0412095
985.986 3.87146 -0.0447595
985.986 3.93492 -0.0481295
985.986 3.99839 -0.0513052
985.986 4.06186 -0.0542748
985.986 4.12532 -0.0570256
985.986 4.18879 -0.0595468
985.986 4.25226 -0.0618281
985.986 4.31572 -0.0638605
985.986 4.37919 -0.065636
985.986 4.44266 -0.0671473
985.986 4.50612 -0.0683879
985.986 4.56959 -0.0693531
985.986 4.63306 -0.0700391
985.986 4.69652 -0.0704433
985.986 4.75999 -0.0705635
985.986 4.82346 -0.0703999
985.986 4.88692 -0.0699529
985.986 4.95039 -0.0692243
985.986 5.01385 -0.0682163
985.986 5.07732 -0.0669339
985.986 5.14079 -0.0653819
985.986 5.20425 -0.063567
985.986 5.26772 -0.0614957
985.986 5.33119 -0.0591775
985.986 5.39465 -0.0566202
985.986 5.45812 -0.0538348
985.986 5.52159 -0.0508333
985.986 5.58505 -0.0476269
985.986 5.64852 -0.0442285
985.986 5.71199 -0.0406525
985.986 5.77545 -0.0369125
985.986 5.83892 -0.0330239
985.986 5.90239 -0.0290023
985.986 5.96585 -0.0248638
985.986 6.02932 -0.0206251
985.986 6.09279 -0.0163039
985.986 6.15625 -0.0119167
985.986 6.21972 -0.0074813
985.986 6.28319 -0.0030161
986.987 0 0.247859
986.987 0.0634665 0.237732
986.987 0.126933 0.226648
986.987 0.1904 0.214652
986.987 0.253866 0.201791
986.987 0.317333 0.188118
986.987 0.380799 0.173687
986.987 0.444266 0.158557
986.987 0.507732 0.142788
986.987 0.571199 0.126444
986.987 0.634665 0.109591
986.987 0.698132 0.0922975
986.987 0.761598 0.0746317
986.987 0.825065 0.0566656
986.987 0.888531 0.0384712
986.987 0.951998 0.0201219
986.987 1.01546 0.00169153
986.987 1.07893 -0.0167456
986.987 1.1424 -0.0351153
986.987 1.20586 -0.0533437
986.987 1.26933 -0.0713571
986.987 1.3328 -0.0890833
986.987 1.39626 -0.106451
986.987 1.45973 -0.12339
986.987 1.5232 -0.139832
986.987 1.58666 -0.155711
986.987 1.65013 -0.170963
986.987 1.7136 -0.185526
986.987 1.77706 -0.199343
986.987 1.84053 -0.212356
986.987 1.904 -0.224515
986.987 1.96746 -0.23577
986.987 2.03093 -0.246075
986.987 2.0944 -0.25539
986.987 2.15786 -0.263676
986.987 2.22133 -0.2709
986.987 2.28479 -0.277034
986.987 2.34826 -0.282052
986.987 2.41173 -0.285934
986.987 2.47519 -0.288665
986.987 2.53866 -0.290234
986.987 2.60213 -0.290634
986.987 2.66559 -0.289863
986.987 2.72906 -0.287926
986.987 2.79253 -0.284829
986.987 2.85599 -0.280585
986.987 2.91946 -0.275211
986.987 2.98293 -0.26873
986.987 3.04639 -0.261166
986.987 3.10986 -0.25255
986.987 3.17333 -0.242918
986.987 3.23679 -0.232307
986.987 3.30026 -0.220761
986.987 3.36373 -0.208326
986.987 3.42719 -0.195053
986.987 3.49066 -0.180993
986.987 3.55413 -0.166205
986.987 3.61759 -0.150748
986.987 3.68106 -0.134684
986.987 3.74452 -0.118077
986.987 3.80799 -0.100995
986.987 3.87146 -0.0835067
986.987 3.93492 -0.0656816
986.987 3.99839 -0.0475923
986.987 4.06186 -0.0293112
986.987 4.12532 -0.0109121
986.987 4.18879 0.00753087
986.987 4.25226 0.0259437
986.987 4.31572 0.0442517
986.987 4.37919 0.0623819
986.987 4.44266 0.0802606
986.987 4.50612 0.0978163
986.987 4.56959 0.114978
986.987 4.63306 0.131677
986.987 4.69652 0.147846
986.987 4.75999 0.163419
986.987 4.82346 0.178334
986.987 4.88692 0.192531
986.987 4.95039 0.205953
986.987 5.01385 0.218546
986.987 5.07732 0.230258
986.987 5.14079 0.241044
986.987 5.20425 0.250859
986.987 5.26772 0.259664
986.987 5.33119 0.267422
986.987 5.39465 0.274105
986.987 5.45812 0.279683
986.987 5.52159 0.284136
986.987 5.58505 0.287444
986.987 5.64852 0.289595
986.987 5.71199 0.29058
986.987 5.77545 0.290395
986.987 5.83892 0.28904
986.987 5.90239 0.286522
986.987 5.96585 0.282849
986.987 6.02932 0.278038
986.987 6.09279 0.272108
986.987 6.15625 0.265081
986.987 6.21972 0.256987
986.987 6.28319 0.247859
987.988 0 0.282934
987.988 0.0634665 0.298997
987.988 0.126933 0.313857
987.988 0.1904 0.327453
987.988 0.253866 0.33973
987.988 0.317333 0.350639
987.988 0.380799 0.360136
987.988 0.444266 0.368183
987.988 0.507732 0.374748
987.988 0.571199 0.379804
987.988 0.634665 0.38333
987.988 0.698132 0.385313
987.988 0.761598 0.385744
987.988 0.825065 0.384622
987.988 0.888531 0.381952
987.988 0.951998 0.377743
987.988 1.01546 0.372013
987.988 1.07893 0.364786
987.988 1.1424 0.356089
987.988 1.20586 0.345959
987.988 1.26933 0.334435
987.988 1.3328 0.321565
987.988 1.39626 0.3074
987.988 1.45973 0.291998
987.988 1.5232 0.275419
987.988 1.58666 0.257731
987.988 1.65013 0.239006
987.988 1.7136 0.219318
987.988 1.77706 0.198748
987.988 1.84053 0.177376
987.988 1.904 0.155291
987.988 1.96746 0.13258
987.988 2.03093 0.109336
987.988 2.0944 0.0856512
987.988 2.15786 0.0616215
987.988 2.22133 0.0373439
987.988 2.28479 0.0129157
987.988 2.34826 -0.0115644
987.988 2.41173 -0.0359979
987.988 2.47519 -0.0602866
987.988 2.53866 -0.0843325
987.988 2.60213 -0.108039
987.988 2.66559 -0.13131
987.988 2.72906 -0.154053
987.988 2.79253 -0.176175
987.988 2.85599 -0.197587
987.988 2.91946 -0.218205
987.988 2.98293 -0.237943
987.988 3.04639 -0.256724
987.988 3.10986 -0.27447
987.988 3.17333 -0.291112
987.988 3.23679 -0.306581
987.988 3.30026 -0.320816
987.988 3.36373 -0.333759
987.988 3.42719 -0.345358
987.988 3.49066 -0.355567
987.988 3.55413 -0.364343
987.988 3.61759 -0.371653
987.988 3.68106 -0.377466
987.988 3.74452 -0.381759
987.988 3.80799 -0.384515
987.988 3.87146 -0.385723
987.988 3.93492 -0.385377
987.988 3.99839 -0.38348
987.988 4.06186 -0.380039
987.988 4.12532 -0.375067
987.988 4.18879 -0.368585
987.988 4.25226 -0.360619
987.988 4.31572 -0.351201
987.988 4.37919 -0.340368
987.988 4.44266 -0.328166
987.988 4.50612 -0.314641
987.988 4.56959 -0.299849
987.988 4.63306 -0.283851
987.988 4.69652 -0.26671
987.988 4.75999 -0.248494
987.988 4.82346 -0.229278
987.988 4.88692 -0.209138
987.988 4.95039 -0.188157
987.988 5.01385 -0.166418
987.988 5.07732 -0.144008
987.988 5.14079 -0.121019
987.988 5.20425 -0.0975427
987.988 5.26772 -0.0736735
987.988 5.33119 -0.0495076
987.988 5.39465 -0.0251424
987.988 5.45812 -0.000676115
987.988 5.52159 0.0237931
987.988 5.58505 0.0481665
987.988 5.64852 0.072346
987.988 5.71199 0.096234
987.988 5.77545 0.119735
987.988 5.83892 0.142753
987.988 5.90239 0.165197
987.988 5.96585 0.186975
987.988 6.02932 0.208001
987.988 6.09279 0.228189
987.988 6.15625 0.247458
987.988 6.21972 0.265731
987.988 6.28319 0.282934
988.989 0 -0.281759
988.989 0.0634665 -0.271125
988.989 0.126933 -0.2594
988.989 0.1904 -0.24663
988.989 0.253866 -0.232868
988.989 0.317333 -0.218167
988.989 0.380799 -0.202588
988.989 0.444266 -0.186193
988.989 0.507732 -0.169049
988.989 0.571199 -0.151224
988.989 0.634665 -0.132789
988.989 0.698132 -0.113821
988.989 0.761598 -0.0943935
988.989 0.825065 -0.0745866
988.989 0.888531 -0.0544788
988.989 0.951998 -0.0341518
988.989 1.01546 -0.0136874
988.989 1.07893 0.00683208
988.989 1.1424 0.0273241
988.989 1.20586 0.0477061
988.989 1.26933 0.067896
988.989 1.3328 0.0878126
988.989 1.39626 0.107376
988.989 1.45973 0.126506
988.989 1.5232 0.145127
988.989 1.58666 0.163164
988.989 1.65013 0.180544
988.989 1.7136 0.197197
988.989 1.77706 0.213055
988.989 1.84053 0.228056
988.989 1.904 0.242139
988.989 1.96746 0.255246
988.989 2.03093 0.267326
988.989 2.0944 0.27833
988.989 2.15786 0.288212
988.989 2.22133 0.296934
988.989 2.28479 0.30446
988.989 2.34826 0.310761
988.989 2.41173 0.31581
988.989 2.47519 0.319588
988.989 2.53866 0.322078
988.989 2.60213 0.323272
988.989 2.66559 0.323164
988.989 2.72906 0.321755
988.989 2.79253 0.31905
988.989 2.85599 0.315061
988.989 2.91946 0.309803
988.989 2.98293 0.303297
988.989 3.04639 0.29557
988.989 3.10986 0.286653
988.989 3.17333 0.276582
988.989 3.23679 0.265397
988.989 3.30026 0.253143
988.989 3.36373 0.23987
988.989 3.42719 0.225631
988.989 3.49066 0.210484
988.989 3.55413 0.194489
988.989 3.61759 0.177711
988.989 3.68106 0.160217
988.989 3.74452 0.142078
988.989 3.80799 0.123367
988.989 3.87146 0.10416
988.989 3.93492 0.0845328
988.989 3.99839 0.0645653
988.989 4.06186 0.0443378
988.989 4.12532 0.0239319
988.989 4.18879 0.00342942
988.989 4.25226 -0.0170868
988.989 4.31572 -0.0375341
988.989 4.37919 -0.0578302
988.989 4.44266 -0.0778934
988.989 4.50612 -0.0976431
988.989 4.56959 -0.117
988.989 4.63306 -0.135885
988.989 4.69652 -0.154223
988.989 4.75999 -0.17194
988.989 4.82346 -0.188965
988.989 4.88692 -0.205229
988.989 4.95039 -0.220667
988.989 5.01385 -0.235216
988.989 5.07732 -0.248818
988.989 5.14079 -0.261418
988.989 5.20425 -0.272965
988.989 5.26772 -0.283414
988.989 5.33119 -0.292721
988.989 5.39465 -0.300849
988.989 5.45812 -0.307766
988.989 5.52159 -0.313444
988.989 5.58505 -0.317859
988.989 5.64852 -0.320995
988.989 5.71199 -0.322838
988.989 5.77545 -0.323381
988.989 5.83892 -0.322622
988.989 5.90239 -0.320564
988.989 5.96585 -0.317215
988.989 6.02932 -0.312589
988.989 6.09279 -0.306704
988.989 6.15625 -0.299584
988.989 6.21972 -0.291258
988.989 6.28319 -0.281759
989.99 0 -0.149373
989.99 0.0634665 -0.149376
989.99 0.126933 -0.148778
989.99 0.1904 -0.147581
989.99 0.253866 -0.145789
989.99 0.317333 -0.143411
989.99 0.380799 -0.140455
989.99 0.444266 -0.136933
989.99 0.507732 -0.13286
989.99 0.571199 -0.128252
989.99 0.634665 -0.123128
989.99 0.698132 -0.117508
989.99 0.761598 -0.111415
989.99 0.825065 -0.104873
989.99 0.888531 -0.0979084
989.99 0.951998 -0.0905501
989.99 1.01546 -0.082827
989.99 1.07893 -0.0747703
989.99 1.1424 -0.0664127
989.99 1.20586 -0.0577877
989.99 1.26933 -0.0489298
989.99 1.3328 -0.039875
989.99 1.39626 -0.0306597
989.99 1.45973 -0.021321
989.99 1.5232 -0.0118963
989.99 1.58666 -0.0024237
989.99 1.65013 0.00705861
989.99 1.7136 0.0165124
989.99 1.77706 0.0258999
989.99 1.84053 0.035183
989.99 1.904 0.0443245
989.99 1.96746 0.0532874
989.99 2.03093 0.0620359
989.99 2.0944 0.0705345
989.99 2.15786 0.078749
989.99 2.22133 0.0866465
989.99 2.28479 0.0941952
989.99 2.34826 0.101364
989.99 2.41173 0.108125
989.99 2.47519 0.114451
989.99 2.53866 0.120316
989.99 2.60213 0.125696
989.99 2.66559 0.130571
989.99 2.72906 0.13492
989.99 2.79253 0.138725
989.99 2.85599 0.141971
989.99 2.91946 0.144646
989.99 2.98293 0.146739
989.99 3.04639 0.148241
989.99 3.10986 0.149145
989.99 3.17333 0.14945
989.99 3.23679 0.149152
989.99 3.30026 0.148254
989.99 3.36373 0.146759
989.99 3.42719 0.144673
989.99 3.49066 0.142004
989.99 3.55413 0.138764
989.99 3.61759 0.134965
989.99 3.68106 0.130622
989.99 3.74452 0.125754
989.99 3.80799 0.120379
989.99 3.87146 0.114519
989.99 3.93492 0.108198
989.99 3.99839 0.101442
989.99 4.06186 0.0942767
989.99 4.12532 0.0867322
989.99 4.18879 0.0788384
989.99 4.25226 0.0706271
989.99 4.31572 0.0621314
989.99 4.37919 0.0533856
989.99 4.44266 0.044425
989.99 4.50612 0.0352852
989.99 4.56959 0.0260035
989.99 4.63306 0.016617
989.99 4.69652 0.00716368
989.99 4.75999 -0.00231867
989.99 4.82346 -0.0117914
989.99 4.88692 -0.0212169
989.99 4.95039 -0.0305568
989.99 5.01385 -0.0397738
989.99 5.07732 -0.0488305
989.99 5.14079 -0.0576907
989.99 5.20425 -0.0663185
989.99 5.26772 -0.0746793
989.99 5.33119 -0.0827395
989.99 5.39465 -0.0904663
989.99 5.45812 -0.097829
989.99 5.52159 -0.104798
989.99 5.58505 -0.111344
989.99 5.64852 -0.117443
989.99 5.71199 -0.123068
989.99 5.77545 -0.128198
989.99 5.83892 -0.132812
989.99 5.90239 -0.136891
989.99 5.96585 -0.140419
989.99 6.02932 -0.143381
989.99 6.09279 -0.145766
989.99 6.15625 -0.147564
989.99 6.21972 -0.148768
989.99 6.28319 -0.149373
990.991 0 -0.355428
990.991 0.0634665 -0.347958
990.991 0.126933 -0.339087
990.991 0.1904 -0.328851
990.991 0.253866 -0.31729
990.991 0.317333 -0.304452
990.991 0.380799 -0.290388
990.991 0.444266 -0.275154
990.991 0.507732 -0.258813
990.991 0.571199 -0.241429
990.991 0.634665 -0.223074
990.991 0.698132 -0.20382
990.991 0.761598 -0.183745
990.991 0.825065 -0.162931
990.991 0.888531 -0.14146
990.991 0.951998 -0.11942
990.991 1.01546 -0.0968989
990.991 1.07893 -0.0739877
990.991 1.1424 -0.0507786
990.991 1.20586 -0.027365
990.991 1.26933 -0.00384131
990.991 1.3328 0.019698
990.991 1.39626 0.0431577
990.991 1.45973 0.0664441
990.991 1.5232 0.0894625
990.991 1.58666 0.112121
990.991 1.65013 0.134328
990.991 1.7136 0.155994
990.991 1.77706 0.177032
990.991 1.84053 0.197357
990.991 1.904 0.216887
990.991 1.96746 0.235544
990.991 2.03093 0.253253
990.991 2.0944 0.269942
990.991 2.15786 0.285543
990.991 2.22133 0.299995
990.991 2.28479 0.313239
990.991 2.34826 0.325222
990.991 2.41173 0.335896
990.991 2.47519 0.345216
990.991 2.53866 0.353147
990.991 2.60213 0.359655
990.991 2.66559 0.364716
990.991 2.72906 0.368308
990.991 2.79253 0.370416
990.991 2.85599 0.371034
990.991 2.91946 0.370157
990.991 2.98293 0.367789
990.991 3.04639 0.363941
990.991 3.10986 0.358628
990.991 3.17333 0.35187
990.991 3.23679 0.343695
990.991 3.30026 0.334137
990.991 3.36373 0.323233
990.991 3.42719 0.311027
990.991 3.49066 0.297569
990.991 3.55413 0.282913
990.991 3.61759 0.267118
990.991 3.68106 0.250247
990.991 3.74452 0.232369
990.991 3.80799 0.213554
990.991 3.87146 0.19388
990.991 3.93492 0.173425
990.991 3.99839 0.152272
990.991 4.06186 0.130506
990.991 4.12532 0.108214
990.991 4.18879 0.0854863
990.991 4.25226 0.0624145
990.991 4.31572 0.0390915
990.991 4.37919 0.015611
990.991 4.44266 -0.00793226
990.991 4.50612 -0.0314436
990.991 4.56959 -0.0548286
990.991 4.63306 -0.0779925
990.991 4.69652 -0.100843
990.991 4.75999 -0.123286
990.991 4.82346 -0.145234
990.991 4.88692 -0.166597
990.991 4.95039 -0.187289
990.991 5.01385 -0.207226
990.991 5.07732 -0.226329
990.991 5.14079 -0.244522
990.991 5.20425 -0.261729
990.991 5.26772 -0.277882
990.991 5.33119 -0.292917
990.991 5.39465 -0.306772
990.991 5.45812 -0.319392
990.991 5.52159 -0.330725
990.991 5.58505 -0.340727
990.991 5.64852 -0.349357
990.991 5.71199 -0.35658
990.991 5.77545 -0.362368
990.991 5.83892 -0.366696
990.991 5.90239 -0.369548
990.991 5.96585 -0.370912
990.991 6.02932 -0.370782
990.991 6.09279 -0.369159
990.991 6.15625 -0.36605
990.991 6.21972 -0.361466
990.991 6.28319 -0.355428
991.992 0 -0.281365
991.992 0.0634665 -0.271892
991.992 0.126933 -0.261324
991.992 0.1904 -0.249704
991.992 0.253866 -0.237079
991.992 0.317333 -0.223498
991.992 0.380799 -0.209018
991.992 0.444266 -0.193696
991.992 0.507732 -0.177595
991.992 0.571199 -0.160778
991.992 0.634665 -0.143313
991.992 0.698132 -0.125272
991.992 0.761598 -0.106726
991.992 0.825065 -0.0877508
991.992 0.888531 -0.0684217
991.992 0.951998 -0.0488175
991.992 1.01546 -0.0290163
991.992 1.07893 -0.00909872
991.992 1.1424 0.0108557
991.992 1.20586 0.0307664
991.992 1.26933 0.0505535
991.992 1.3328 0.0701366
991.992 1.39626 0.0894374
991.992 1.45973 0.108378
991.992 1.5232 0.126883
991.992 1.58666 0.144876
991.992 1.65013 0.162287
991.992 1.7136 0.179042
991.992 1.77706 0.195078
991.992 1.84053 0.210328
991.992 1.904 0.224731
991.992 1.96746 0.23823
991.992 2.03093 0.250769
991.992 2.0944 0.262298
991.992 2.15786 0.272772
991.992 2.22133 0.282146
991.992 2.28479 0.290385
991.992 2.34826 0.297454
991.992 2.41173 0.303326
991.992 2.47519 0.307975
991.992 2.53866 0.311386
991.992 2.60213 0.313542
991.992 2.66559 0.314436
991.992 2.72906 0.314064
991.992 2.79253 0.312427
991.992 2.85599 0.309532
991.992 2.91946 0.30539
991.992 2.98293 0.300019
991.992 3.04639 0.29344
991.992 3.10986 0.285679
991.992 3.17333 0.276768
991.992 3.23679 0.266742
991.992 3.30026 0.255643
991.992 3.36373 0.243514
991.992 3.42719 0.230404
991.992 3.49066 0.216367
991.992 3.55413 0.201459
991.992 3.61759 0.185739
991.992 3.68106 0.169271
991.992 3.74452 0.152122
991.992 3.80799 0.13436
991.992 3.87146 0.116057
991.992 3.93492 0.0972875
991.992 3.99839 0.0781256
991.992 4.06186 0.0586493
991.992 4.12532 0.0389364
991.992 4.18879 0.0190669
991.992 4.25226 -0.000879137
991.992 4.31572 -0.0208217
991.992 4.37919 -0.0406804
991.992 4.44266 -0.0603752
991.992 4.50612 -0.0798275
991.992 4.56959 -0.0989574
991.992 4.63306 -0.117689
991.992 4.69652 -0.135947
991.992 4.75999 -0.153658
991.992 4.82346 -0.17075
991.992 4.88692 -0.187155
991.992 4.95039 -0.202805
991.992 5.01385 -0.217639
991.992 5.07732 -0.231597
991.992 5.14079 -0.244622
991.992 5.20425 -0.256662
991.992 5.26772 -0.267669
991.992 5.33119 -0.277599
991.992 5.39465 -0.28641
991.992 5.45812 -0.294068
991.992 5.52159 -0.300541
991.992 5.58505 -0.305805
991.992 5.64852 -0.309837
991.992 5.71199 -0.312621
991.992 5.77545 -0.314147
991.992 5.83892 -0.314408
991.992 5.90239 -0.313403
991.992 5.96585 -0.311136
991.992 6.02932 -0.307616
991.992 6.09279 -0.302857
991.992 6.15625 -0.296879
991.992 6.21972 -0.289705
991.992 6.28319 -0.281365
992.993 0 0.218192
992.993 0.0634665 0.224747
992.993 0.126933 0.230398
992.993 0.1904 0.23512
992.993 0.253866 0.238896
992.993 0.317333 0.24171
992.993 0.380799 0.243551
992.993 0.444266 0.24441
992.993 0.507732 0.244285
992.993 0.571199 0.243178
992.993 0.634665 0.241091
992.993 0.698132 0.238033
992.993 0.761598 0.234017
992.993 0.825065 0.229058
992.993 0.888531 0.223177
992.993 0.951998 0.216398
992.993 1.01546 0.208746
992.993 1.07893 0.200254
992.993 1.1424 0.190956
992.993 1.20586 0.18089
992.993 1.26933 0.170095
992.993 1.3328 0.158614
992.993 1.39626 0.146496
992.993 1.45973 0.133787
992.993 1.5232 0.120539
992.993 1.58666 0.106807
992.993 1.65013 0.0926439
992.993 1.7136 0.0781081
992.993 1.77706 0.0632576
992.993 1.84053 0.0481524
992.993 1.904 0.0328533
992.993 1.96746 0.0174221
992.993 2.03093 0.00192059
992.993 2.0944 -0.0135886
992.993 2.15786 -0.0290431
992.993 2.22133 -0.0443806
992.993 2.28479 -0.0595395
992.993 2.34826 -0.0744585
992.993 2.41173 -0.0890779
992.993 2.47519 -0.103338
992.993 2.53866 -0.117183
992.993 2.60213 -0.130555
992.993 2.66559 -0.143402
992.993 2.72906 -0.155672
992.993 2.79253 -0.167314
992.993 2.85599 -0.178284
992.993 2.91946 -0.188535
992.993 2.98293 -0.198026
992.993 3.04639 -0.206721
992.993 3.10986 -0.214583
992.993 3.17333 -0.221581
992.993 3.23679 -0.227687
992.993 3.30026 -0.232876
992.993 3.36373 -0.237127
992.993 3.42719 -0.240424
992.993 3.49066 -0.242752
992.993 3.55413 -0.244103
992.993 3.61759 -0.244471
992.993 3.68106 -0.243855
992.993 3.74452 -0.242256
992.993 3.80799 -0.239683
992.993 3.87146 -0.236144
992.993 3.93492 -0.231654
992.993 3.99839 -0.226231
992.993 4.06186 -0.219898
992.993 4.12532 -0.212679
992.993 4.18879 -0.204604
992.993 4.25226 -0.195704
992.993 4.31572 -0.186017
992.993 4.37919 -0.175581
992.993 4.44266 -0.164437
992.993 4.50612 -0.152632
992.993 4.56959 -0.140212
992.993 4.63306 -0.127227
992.993 4.69652 -0.113731
992.993 4.75999 -0.0997755
992.993 4.82346 -0.0854188
992.993 4.88692 -0.0707184
992.993 4.95039 -0.0557331
992.993 5.01385 -0.0405232
992.993 5.07732 -0.0251504
992.993 5.14079 -0.0096762
992.993 5.20425 0.00583685
992.993 5.26772 0.0213267
992.993 5.33119 0.0367305
992.993 5.39465 0.0519863
992.993 5.45812 0.0670328
992.993 5.52159 0.0818094
992.993 5.58505 0.0962565
992.993 5.64852 0.110316
992.993 5.71199 0.123932
992.993 5.77545 0.137048
992.993 5.83892 0.149613
992.993 5.90239 0.161575
992.993 5.96585 0.172886
992.993 6.02932 0.183502
992.993 6.09279 0.193378
992.993 6.15625 0.202476
992.993 6.21972 0.210758
992.993 6.28319 0.218192
993.994 0 0.165276
993.994 0.0634665 0.151589
993.994 0.126933 0.137291
993.994 0.1904 0.122441
993.994 0.253866 0.107098
993.994 0.317333 0.0913236
993.994 0.380799 0.0751814
993.994 0.444266 0.0587363
993.994 0.507732 0.0420549
993.994 0.571199 0.0252042
993.994 0.634665 0.00825194
993.994 0.698132 -0.00873356
993.994 0.761598 -0.0256839
993.994 0.825065 -0.0425308
993.994 0.888531 -0.0592064
993.994 0.951998 -0.0756437
993.994 1.01546 -0.0917763
993.994 1.07893 -0.107539
993.994 1.1424 -0.12287
993.994 1.20586 -0.137705
993.994 1.26933 -0.151986
993.994 1.3328 -0.165655
993.994 1.39626 -0.178656
993.994 1.45973 -0.190939
993.994 1.5232 -0.202452
993.994 1.58666 -0.213151
993.994 1.65013 -0.222991
993.994 1.7136 -0.231933
993.994 1.77706 -0.239941
993.994 1.84053 -0.246983
993.994 1.904 -0.253031
993.994 1.96746 -0.25806
993.994 2.03093 -0.262049
993.994 2.0944 -0.264984
993.994 2.15786 -0.266851
993.994 2.22133 -0.267644
993.994 2.28479 -0.26736
993.994 2.34826 -0.265998
993.994 2.41173 -0.263566
993.994 2.47519 -0.260072
993.994 2.53866 -0.255531
993.994 2.60213 -0.249961
993.994 2.66559 -0.243385
993.994 2.72906 -0.235828
993.994 2.79253 -0.227323
993.994 2.85599 -0.217901
993.994 2.91946 -0.207602
993.994 2.98293 -0.196468
993.994 3.04639 -0.184542
993.994 3.10986 -0.171873
993.994 3.17333 -0.158512
993.994 3.23679 -0.144513
993.994 3.30026 -0.129932
993.994 3.36373 -0.114827
993.994 3.42719 -0.0992607
993.994 3.49066 -0.0832945
993.994 3.55413 -0.0669926
993.994 3.61759 -0.0504209
993.994 3.68106 -0.0336464
993.994 3.74452 -0.0167365
993.994 3.80799 0.000240941
993.994 3.87146 0.0172174
993.994 3.93492 0.0341246
993.994 3.99839 0.0508942
993.994 4.06186 0.067459
993.994 4.12532 0.0837521
993.994 4.18879 0.0997081
993.994 4.25226 0.115262
993.994 4.31572 0.130353
993.994 4.37919 0.144918
993.994 4.44266 0.1589
993.994 4.50612 0.172242
993.994 4.56959 0.184891
993.994 4.63306 0.196795
993.994 4.69652 0.207906
993.994 4.75999 0.21818
993.994 4.82346 0.227576
993.994 4.88692 0.236056
993.994 4.95039 0.243585
993.994 5.01385 0.250133
993.994 5.07732 0.255674
993.994 5.14079 0.260186
993.994 5.20425 0.263649
993.994 5.26772 0.266052
993.994 5.33119 0.267382
993.994 5.39465 0.267636
993.994 5.45812 0.266813
993.994 5.52159 0.264915
993.994 5.58505 0.261951
993.994 5.64852 0.257931
993.994 5.71199 0.252874
993.994 5.77545 0.246797
993.994 5.83892 0.239728
993.994 5.90239 0.231692
993.994 5.96585 0.222724
993.994 6.02932 0.212859
993.994 6.09279 0.202137
993.994 6.15625 0.190601
993.994 6.21972 0.178297
993.994 6.28319 0.165276
994.995 0 -0.16395
994.995 0.0634665 -0.157919
994.995 0.126933 -0.151252
994.995 0.1904 -0.143976
994.995 0.253866 -0.13612
994.995 0.317333 -0.127717
994.995 0.380799 -0.118799
994.995 0.444266 -0.109402
994.995 0.507732 -0.0995653
994.995 0.571199 -0.0893275
994.995 0.634665 -0.07873
994.995 0.698132 -0.0678156
994.995 0.761598 -0.0566279
994.995 0.825065 -0.0452123
994.995 0.888531 -0.0336147
994.995 0.951998 -0.0218816
994.995 1.01546 -0.0100606
994.995 1.07893 0.00180116
994.995 1.1424 0.0136555
994.995 1.20586 0.0254549
994.995 1.26933 0.0371517
994.995 1.3328 0.0486991
994.995 1.39626 0.0600503
994.995 1.45973 0.0711597
994.995 1.5232 0.0819826
994.995 1.58666 0.0924755
994.995 1.65013 0.102596
994.995 1.7136 0.112303
994.995 1.77706 0.121558
994.995 1.84053 0.130324
994.995 1.904 0.138565
994.995 1.96746 0.146247
994.995 2.03093 0.153341
994.995 2.0944 0.159818
994.995 2.15786 0.165651
994.995 2.22133 0.170817
994.995 2.28479 0.175295
994.995 2.34826 0.179067
994.995 2.41173 0.182119
994.995 2.47519 0.184437
994.995 2.53866 0.186012
994.995 2.60213 0.186838
994.995 2.66559 0.186912
994.995 2.72906 0.186233
994.995 2.79253 0.184805
994.995 2.85599 0.182632
994.995 2.91946 0.179724
994.995 2.98293 0.176092
994.995 3.04639 0.171751
994.995 3.10986 0.166719
994.995 3.17333 0.161015
994.995 3.23679 0.154663
994.995 3.30026 0.147688
994.995 3.36373 0.140119
994.995 3.42719 0.131985
994.995 3.49066 0.12332
994.995 3.55413 0.114158
994.995 3.61759 0.104536
994.995 3.68106 0.0944941
994.995 3.74452 0.084071
994.995 3.80799 0.0733098
994.995 3.87146 0.062253
994.995 3.93492 0.0509457
994.995 3.99839 0.0394333
994.995 4.06186 0.0277622
994.995 4.12532 0.0159792
994.995 4.18879 0.00413176
994.995 4.25226 -0.00773228
994.995 4.31572 -0.0195651
994.995 4.37919 -0.0313192
994.995 4.44266 -0.042947
994.995 4.50612 -0.0544021
994.995 4.56959 -0.0656381
994.995 4.63306 -0.0766097
994.995 4.69652 -0.0872728
994.995 4.75999 -0.0975848
994.995 4.82346 -0.107503
994.995 4.88692 -0.116989
994.995 4.95039 -0.126004
994.995 5.01385 -0.134512
994.995 5.07732 -0.142478
994.995 5.14079 -0.14987
994.995 5.20425 -0.156659
994.995 5.26772 -0.162816
994.995 5.33119 -0.168319
994.995 5.39465 -0.173143
994.995 5.45812 -0.17727
994.995 5.52159 -0.180684
994.995 5.58505 -0.18337
994.995 5.64852 -0.185318
994.995 5.71199 -0.186519
994.995 5.77545 -0.186969
994.995 5.83892 -0.186667
994.995 5.90239 -0.185613
994.995 5.96585 -0.183811
994.995 6.02932 -0.181269
994.995 6.09279 -0.177998
994.995 6.15625 -0.17401
994.995 6.21972 -0.16932
994.995 6.28319 -0.16395
995.996 0 -0.25848
995.996 0.0634665 -0.257819
995.996 0.126933 -0.256121
995.996 0.1904 -0.253391
995.996 0.253866 -0.249641
995.996 0.317333 -0.244886
995.996 0.380799 -0.239144
995.996 0.444266 -0.23244
995.996 0.507732 -0.2248
995.996 0.571199 -0.216254
995.996 0.634665 -0.206838
995.996 0.698132 -0.196589
995.996 0.761598 -0.185548
995.996 0.825065 -0.17376
995.996 0.888531 -0.161273
995.996 0.951998 -0.148136
995.996 1.01546 -0.134403
995.996 1.07893 -0.120128
995.996 1.1424 -0.10537
995.996 1.20586 -0.0901871
995.996 1.26933 -0.0746414
995.996 1.3328 -0.058795
995.996 1.39626 -0.0427121
995.996 1.45973 -0.0264569
995.996 1.5232 -0.0100957
995.996 1.58666 0.00630659
995.996 1.65013 0.0226836
995.996 1.7136 0.038969
995.996 1.77706 0.0550977
995.996 1.84053 0.0710042
995.996 1.904 0.086625
995.996 1.96746 0.101897
995.996 2.03093 0.116759
995.996 2.0944 0.13115
995.996 2.15786 0.145014
995.996 2.22133 0.158293
995.996 2.28479 0.170935
995.996 2.34826 0.182889
995.996 2.41173 0.194107
995.996 2.47519 0.204542
995.996 2.53866 0.214155
995.996 2.60213 0.222904
995.996 2.66559 0.230757
995.996 2.72906 0.23768
995.996 2.79253 0.243646
995.996 2.85599 0.248631
995.996 2.91946 0.252614
995.996 2.98293 0.255582
995.996 3.04639 0.257519
995.996 3.10986 0.25842
995.996 3.17333 0.25828
995.996 3.23679 0.257099
995.996 3.30026 0.254884
995.996 3.36373 0.251643
995.996 3.42719 0.247388
995.996 3.49066 0.242137
995.996 3.55413 0.235911
995.996 3.61759 0.228735
995.996 3.68106 0.220638
995.996 3.74452 0.211653
995.996 3.80799 0.201815
995.996 3.87146 0.191165
995.996 3.93492 0.179745
995.996 3.99839 0.167601
995.996 4.06186 0.154782
995.996 4.12532 0.14134
995.996 4.18879 0.127329
995.996 4.25226 0.112806
995.996 4.31572 0.0978276
995.996 4.37919 0.0824557
995.996 4.44266 0.0667519
995.996 4.50612 0.0507794
995.996 4.56959 0.0346021
995.996 4.63306 0.0182855
995.996 4.69652 0.00189545
995.996 4.75999 -0.0145024
995.996 4.82346 -0.0308418
995.996 4.88692 -0.047057
995.996 4.95039 -0.0630828
995.996 5.01385 -0.0788544
995.996 5.07732 -0.0943085
995.996 5.14079 -0.109383
995.996 5.20425 -0.124017
995.996 5.26772 -0.138152
995.996 5.33119 -0.15173
995.996 5.39465 -0.164697
995.996 5.45812 -0.177001
995.996 5.52159 -0.188593
995.996 5.58505 -0.199425
995.996 5.64852 -0.209454
995.996 5.71199 -0.21864
995.996 5.77545 -0.226945
995.996 5.83892 -0.234336
995.996 5.90239 -0.240784
995.996 5.96585 -0.246263
995.996 6.02932 -0.250749
995.996 6.09279 -0.254226
995.996 6.15625 -0.25668
995.996 6.21972 -0.258099
995.996 6.28319 -0.25848
996.997 0 0.213999
996.997 0.0634665 0.220018
996.997 0.126933 0.225151
996.997 0.1904 0.229378
996.997 0.253866 0.232681
996.997 0.317333 0.235046
996.997 0.380799 0.236466
996.997 0.444266 0.236933
996.997 0.507732 0.236447
996.997 0.571199 0.235008
996.997 0.634665 0.232622
996.997 0.698132 0.229301
996.997 0.761598 0.225056
996.997 0.825065 0.219905
996.997 0.888531 0.213868
996.997 0.951998 0.20697
996.997 1.01546 0.199239
996.997 1.07893 0.190705
996.997 1.1424 0.181404
996.997 1.20586 0.171372
996.997 1.26933 0.16065
996.997 1.3328 0.149281
996.997 1.39626 0.137311
996.997 1.45973 0.124788
996.997 1.5232 0.111762
996.997 1.58666 0.0982871
996.997 1.65013 0.0844162
996.997 1.7136 0.0702051
996.997 1.77706 0.0557113
996.997 1.84053 0.0409933
996.997 1.904 0.02611
996.997 1.96746 0.011122
996.997 2.03093 -0.00391119
996.997 2.0944 -0.0189285
996.997 2.15786 -0.0338696
996.997 2.22133 -0.0486744
996.997 2.28479 -0.0632831
996.997 2.34826 -0.077637
996.997 2.41173 -0.0916783
996.997 2.47519 -0.10535
996.997 2.53866 -0.118598
996.997 2.60213 -0.131369
996.997 2.66559 -0.14361
996.997 2.72906 -0.155273
996.997 2.79253 -0.166311
996.997 2.85599 -0.176679
996.997 2.91946 -0.186336
996.997 2.98293 -0.195243
996.997 3.04639 -0.203363
996.997 3.10986 -0.210665
996.997 3.17333 -0.217117
996.997 3.23679 -0.222697
996.997 3.30026 -0.227379
996.997 3.36373 -0.231145
996.997 3.42719 -0.233981
996.997 3.49066 -0.235875
996.997 3.55413 -0.236819
996.997 3.61759 -0.236809
996.997 3.68106 -0.235846
996.997 3.74452 -0.233933
996.997 3.80799 -0.231079
996.997 3.87146 -0.227293
996.997 3.93492 -0.222592
996.997 3.99839 -0.216996
996.997 4.06186 -0.210525
996.997 4.12532 -0.203207
996.997 4.18879 -0.19507
996.997 4.25226 -0.186148
996.997 4.31572 -0.176477
996.997 4.37919 -0.166094
996.997 4.44266 -0.155043
996.997 4.50612 -0.143368
996.997 4.56959 -0.131116
996.997 4.63306 -0.118335
996.997 4.69652 -0.105078
996.997 4.75999 -0.0913979
996.997 4.82346 -0.0773498
996.997 4.88692 -0.06299
996.997 4.95039 -0.0483766
996.997 5.01385 -0.0335687
996.997 5.07732 -0.0186254
996.997 5.14079 -0.00360707
996.997 5.20425 0.0114258
996.997 5.26772 0.0264125
996.997 5.33119 0.0412928
996.997 5.39465 0.056007
996.997 5.45812 0.0704955
996.997 5.52159 0.0847003
996.997 5.58505 0.0985639
996.997 5.64852 0.112031
996.997 5.71199 0.125046
996.997 5.77545 0.137559
996.997 5.83892 0.149517
996.997 5.90239 0.160873
996.997 5.96585 0.171582
996.997 6.02932 0.181599
996.997 6.09279 0.190886
996.997 6.15625 0.199403
996.997 6.21972 0.207118
996.997 6.28319 0.213999
997.998 0 -0.0446769
997.998 0.0634665 -0.0522601
997.998 0.126933 -0.0596328
997.998 0.1904 -0.0667653
997.998 0.253866 -0.0736291
997.998 0.317333 -0.0801964
997.998 0.380799 -0.0864408
997.998 0.444266 -0.0923369
997.998 0.507732 -0.0978615
997.998 0.571199 -0.102992
997.998 0.634665 -0.107708
997.998 0.698132 -0.11199
997.998 0.761598 -0.115821
997.998 0.825065 -0.119185
997.998 0.888531 -0.12207
997.998 0.951998 -0.124463
997.998 1.01546 -0.126356
997.998 1.07893 -0.127739
997.998 1.1424 -0.128608
997.998 1.20586 -0.128959
997.998 1.26933 -0.128791
997.998 1.3328 -0.128104
997.998 1.39626 -0.126901
997.998 1.45973 -0.125188
997.998 1.5232 -0.12297
997.998 1.58666 -0.120257
997.998 1.65013 -0.11706
997.998 1.7136 -0.113392
997.998 1.77706 -0.109266
997.998 1.84053 -0.104701
997.998 1.904 -0.099715
997.998 1.96746 -0.0943267
997.998 2.03093 -0.0885588
997.998 2.0944 -0.0824342
997.998 2.15786 -0.0759778
997.998 2.22133 -0.0692155
997.998 2.28479 -0.0621744
997.998 2.34826 -0.0548828
997.998 2.41173 -0.0473704
997.998 2.47519 -0.039667
997.998 2.53866 -0.0318043
997.998 2.60213 -0.0238132
997.998 2.66559 -0.0157264
997.998 2.72906 -0.00757618
997.998 2.79253 0.000604573
997.998 2.85599 0.00878283
997.998 2.91946 0.0169258
997.998 2.98293 0.0250005
997.998 3.04639 0.0329746
997.998 3.10986 0.0408159
997.998 3.17333 0.0484929
997.998 3.23679 0.0559746
997.998 3.30026 0.0632308
997.998 3.36373 0.0702326
997.998 3.42719 0.0769514
997.998 3.49066 0.0833605
997.998 3.55413 0.0894339
997.998 3.61759 0.0951472
997.998 3.68106 0.100477
997.998 3.74452 0.105403
997.998 3.80799 0.109904
997.998 3.87146 0.113963
997.998 3.93492 0.117562
997.998 3.99839 0.120689
997.998 4.06186 0.123329
997.998 4.12532 0.125473
997.998 4.18879 0.127111
997.998 4.25226 0.128238
997.998 4.31572 0.128848
997.998 4.37919 0.12894
997.998 4.44266 0.128512
997.998 4.50612 0.127567
997.998 4.56959 0.126108
997.998 4.63306 0.124141
997.998 4.69652 0.121675
997.998 4.75999 0.118718
997.998 4.82346 0.115284
997.998 4.88692 0.111385
997.998 4.95039 0.107038
997.998 5.01385 0.10226
997.998 5.07732 0.0970695
997.998 5.14079 0.0914888
997.998 5.20425 0.0855395
997.998 5.26772 0.079246
997.998 5.33119 0.0726331
997.998 5.39465 0.0657279
997.998 5.45812 0.0585581
997.998 5.52159 0.0511523
997.998 5.58505 0.0435407
997.998 5.64852 0.0357537
997.998 5.71199 0.0278227
997.998 5.77545 0.0197798
997.998 5.83892 0.0116571
997.998 5.90239 0.00348754
997.998 5.96585 -0.00469604
997.998 6.02932 -0.0128608
997.998 6.09279 -0.0209737
997.998 6.15625 -0.0290022
997.998 6.21972 -0.0369138
997.998 6.28319 -0.0446769
998.999 0 -0.166524
998.999 0.0634665 -0.166724
998.999 0.126933 -0.166253
998.999 0.1904 -0.165113
998.999 0.253866 -0.163308
998.999 0.317333 -0.160845
998.999 0.380799 -0.157734
998.999 0.444266 -0.153989
998.999 0.507732 -0.149623
998.999 0.571199 -0.144655
998.999 0.634665 -0.139104
998.999 0.698132 -0.132993
998.999 0.761598 -0.126347
998.999 0.825065 -0.119192
998.999 0.888531 -0.111557
998.999 0.951998 -0.103473
998.999 1.01546 -0.0949719
998.999 1.07893 -0.0860886
998.999 1.1424 -0.0768586
998.999 1.20586 -0.0673193
998.999 1.26933 -0.0575087
998.999 1.3328 -0.0474667
998.999 1.39626 -0.0372337
998.999 1.45973 -0.0268505
998.999 1.5232 -0.0163591
998.999 1.58666 -0.00580216
998.999 1.65013 0.00477843
998.999 1.7136 0.0153394
998.999 1.77706 0.025839
998.999 1.84053 0.0362342
998.999 1.904 0.0464838
998.999 1.96746 0.056546
998.999 2.03093 0.0663808
998.999 2.0944 0.0759481
998.999 2.15786 0.0852096
998.999 2.22133 0.0941279
998.999 2.28479 0.102667
998.999 2.34826 0.110793
998.999 2.41173 0.118473
998.999 2.47519 0.125676
998.999 2.53866 0.132373
998.999 2.60213 0.138536
998.999 2.66559 0.144143
998.999 2.72906 0.149168
998.999 2.79253 0.153593
998.999 2.85599 0.157399
998.999 2.91946 0.160572
998.999 2.98293 0.163098
998.999 3.04639 0.164967
998.999 3.10986 0.166172
998.999 3.17333 0.166708
998.999 3.23679 0.166573
998.999 3.30026 0.165767
998.999 3.36373 0.164293
998.999 3.42719 0.162158
998.999 3.49066 0.15937
998.999 3.55413 0.15594
998.999 3.61759 0.151882
998.999 3.68106 0.147213
998.999 3.74452 0.141951
998.999 3.80799 0.136117
998.999 3.87146 0.129735
998.999 3.93492 0.122831
998.999 3.99839 0.115433
998.999 4.06186 0.107569
998.999 4.12532 0.0992723
998.999 4.18879 0.0905758
998.999 4.25226 0.0815147
998.999 4.31572 0.0721252
998.999 4.37919 0.0624455
998.999 4.44266 0.0525142
998.999 4.50612 0.0423716
998.999 4.56959 0.0320582
998.999 4.63306 0.0216157
998.999 4.69652 0.0110862
998.999 4.75999 0.00051206
998.999 4.82346 -0.0100638
998.999 4.88692 -0.0205995
998.999 4.95039 -0.0310521
998.999 5.01385 -0.04138
998.999 5.07732 -0.0515409
998.999 5.14079 -0.0614945
998.999 5.20425 -0.0712001
998.999 5.26772 -0.0806196
998.999 5.33119 -0.0897139
998.999 5.39465 -0.0984473
998.999 5.45812 -0.106784
998.999 5.52159 -0.114691
998.999 5.58505 -0.122136
998.999 5.64852 -0.129089
998.999 5.71199 -0.135523
998.999 5.77545 -0.141411
998.999 5.83892 -0.146729
998.999 5.90239 -0.151457
998.999 5.96585 -0.155574
998.999 6.02932 -0.159066
998.999 6.09279 -0.161916
998.999 6.15625 -0.164115
998.999 6.21972 -0.165653
998.999 6.28319 -0.166524
1000 0 1.55045e-05
1000 0.0634665 -0.0254475
1000 0.126933 -0.0508081
1000 0.1904 -0.0759641
1000 0.253866 -0.100814
1000 0.317333 -0.125258
1000 0.380799 -0.149198
1000 0.444266 -0.172537
1000 0.507732 -0.195182
1000 0.571199 -0.21704
1000 0.634665 -0.238024
1000 0.698132 -0.25805
1000 0.761598 -0.277037
1000 0.825065 -0.294909
1000 0.888531 -0.311592
1000 0.951998 -0.327022
1000 1.01546 -0.341134
1000 1.07893 -0.353873
1000 1.1424 -0.365187
1000 1.20586 -0.37503
1000 1.26933 -0.383363
1000 1.3328 -0.390153
1000 1.39626 -0.395371
1000 1.45973 -0.398998
1000 1.5232 -0.401018
1000 1.58666 -0.401423
1000 1.65013 -0.400212
1000 1.7136 -0.397389
1000 1.77706 -0.392967
1000 1.84053 -0.386961
1000 1.904 -0.379398
1000 1.96746 -0.370307
1000 2.03093 -0.359725
1000 2.0944 -0.347694
1000 2.15786 -0.334263
1000 2.22133 -0.319487
1000 2.28479 -0.303424
1000 2.34826 -0.286139
1000 2.41173 -0.267702
1000 2.47519 -0.248187
1000 2.53866 -0.227672
1000 2.60213 -0.206241
1000 2.66559 -0.18398
1000 2.72906 -0.160977
1000 2.79253 -0.137327
1000 2.85599 -0.113123
1000 2.91946 -0.0884639
1000 2.98293 -0.0634487
1000 3.04639 -0.0381779
1000 3.10986 -0.0127534
1000 3.17333 0.0127225
1000 3.23679 0.038147
1000 3.30026 0.063418
1000 3.36373 0.0884336
1000 3.42719 0.113093
1000 3.49066 0.137297
1000 3.55413 0.160949
1000 3.61759 0.183952
1000 3.68106 0.206215
1000 3.74452 0.227647
1000 3.80799 0.248162
1000 3.87146 0.267678
1000 3.93492 0.286117
1000 3.99839 0.303403
1000 4.06186 0.319468
1000 4.12532 0.334246
1000 4.18879 0.347678
1000 4.25226 0.359711
1000 4.31572 0.370295
1000 4.37919 0.379388
1000 4.44266 0.386953
1000 4.50612 0.39296
1000 4.56959 0.397384
1000 4.63306 0.400209
1000 4.69652 0.401423
1000 4.75999 0.401019
1000 4.82346 0.399002
1000 4.88692 0.395377
1000 4.95039 0.39016
1000 5.01385 0.383373
1000 5.07732 0.375041
1000 5.14079 0.365199
1000 5.20425 0.353887
1000 5.26772 0.34115
1000 5.33119 0.327039
1000 5.39465 0.311612
1000 5.45812 0.29493
1000 5.52159 0.27706
1000 5.58505 0.258074
1000 5.64852 0.238049
1000 5.71199 0.217066
1000 5.77545 0.195209
1000 5.83892 0.172565
1000 5.90239 0.149227
1000 5.96585 0.125288
1000 6.02932 0.100844
1000 6.09279 0.0759945
1000 6.15625 0.0508388
1000 6.21972 0.0254784
1000 6.28319 1.54343e-05
