0.0000000 16.5378399
0.0010000 -4.9617548
0.0020000 10.1046066
0.0030000 -23.1260223
0.0040000 1.5478214
0.0050000 5.1503196
0.0060000 -23.1805382
0.0070000 -23.1863174
0.0080000 -30.8497944
0.0090000 12.7694187
0.0100000 31.9856281
0.0110000 -16.3161201
0.0120000 -40.0321579
0.0130000 -11.1534243
0.0140000 -13.7037239
0.0150000 20.4957142
0.0160000 24.0896950
0.0170000 16.7585335
0.0180000 20.3970165
0.0190000 14.9461708
0.0200000 12.1332798
0.0210000 -8.4019880
0.0220000 11.2557573
0.0230000 4.4827781
0.0240000 1.3924686
0.0250000 23.9129963
0.0260000 -3.5019133
0.0270000 -0.4442087
0.0280000 -17.7410583
0.0290000 8.9800549
0.0300000 -2.5787821
0.0310000 32.3259735
0.0320000 -17.7010040
0.0330000 33.0352135
0.0340000 -22.5696392
0.0350000 42.3840294
0.0360000 1.9776100
0.0370000 29.6544380
0.0380000 11.7445126
0.0390000 -25.5093288
0.0400000 -13.0481148
0.0410000 -15.5337029
0.0420000 -13.3894577
0.0430000 6.5899858
0.0440000 44.7794991
0.0450000 -46.6692314
0.0460000 33.7957191
0.0470000 -30.8924103
0.0480000 19.5094948
0.0490000 10.3891582
0.0500000 7.0926032
0.0510000 3.5488801
0.0520000 -10.1779995
0.0530000 10.4036512
0.0540000 11.1058521
0.0550000 34.2546997
0.0560000 17.1957798
0.0570000 14.0995111
0.0580000 7.6154270
0.0590000 31.3917542
0.0600000 -38.7154198
0.0610000 13.0973368
0.0620000 23.0067234
0.0630000 4.9970551
0.0640000 -1.9654799
0.0650000 14.2024889
0.0660000 6.8715491
0.0670000 -17.4032078
0.0680000 -22.4098682
0.0690000 -2.0668256
0.0700000 -0.9608454
0.0710000 13.6629057
0.0720000 26.6321507
0.0730000 5.9650812
0.0740000 -25.7649231
0.0750000 -3.0495250
0.0760000 -5.6263366
0.0770000 1.4756567
0.0780000 20.8425903
0.0790000 3.4104805
0.0800000 7.7678123
0.0810000 -15.7626781
0.0820000 -0.9618634
0.0830000 -0.7622764
0.0840000 -1.5533094
0.0850000 23.9026337
0.0860000 -20.6477642
0.0870000 -20.2560406
0.0880000 -8.7117805
0.0890000 -7.7188272
0.0900000 -19.8860741
0.0910000 -40.7913551
0.0920000 9.4893398
0.0930000 -17.2812557
0.0940000 -26.4730759
0.0950000 14.6239853
0.0960000 5.9273376
0.0970000 7.2686982
0.0980000 -16.5456371
0.0990000 -6.8038182
0.1000000 17.2123585
0.1010000 10.6821527
0.1020000 -31.3984661
0.1030000 11.5723743
0.1040000 18.5336761
0.1050000 19.9892712
0.1060000 10.3222418
0.1070000 -23.6111584
0.1080000 3.1162431
0.1090000 14.0946503
0.1100000 -6.8831511
0.1110000 22.4098034
0.1120000 -6.4161606
0.1130000 12.3989305
0.1140000 -9.4438610
0.1150000 12.4879875
0.1160000 -5.4002657
0.1170000 15.6786013
0.1180000 7.1772099
0.1190000 -5.1356955
0.1200000 13.4913225
0.1210000 30.6769657
0.1220000 -16.5354214
0.1230000 -4.9359903
0.1240000 23.2628078
0.1250000 -1.2904750
0.1260000 12.7194414
0.1270000 12.2993965
0.1280000 32.7241592
0.1290000 -25.9867001
0.1300000 8.7188168
0.1310000 16.3876095
0.1320000 -25.9087830
0.1330000 -10.5516758
0.1340000 -6.1954231
0.1350000 19.0020008
0.1360000 27.6089878
0.1370000 -1.8084408
0.1380000 -14.8749065
0.1390000 -52.3801804
0.1400000 -26.4558907
0.1410000 20.7834778
0.1420000 28.4205189
0.1430000 18.4594345
0.1440000 0.1015250
0.1450000 -4.0510149
0.1460000 9.1164398
0.1470000 -3.2809973
0.1480000 -12.4912148
0.1490000 -21.4440136
0.1500000 3.1585515
0.1510000 -0.4668131
0.1520000 -6.5255156
0.1530000 -9.6427393
0.1540000 15.0379210
0.1550000 -15.6308060
0.1560000 13.6077738
0.1570000 23.6699696
0.1580000 8.6204033
0.1590000 0.3652350
0.1600000 -7.0890989
0.1610000 -9.0755167
0.1620000 11.4357347
0.1630000 -8.0705347
0.1640000 -15.4035521
0.1650000 6.5727291
0.1660000 14.3506660
0.1670000 10.4005013
0.1680000 -35.3939781
0.1690000 -10.9748898
0.1700000 18.9747143
0.1710000 7.2406602
0.1720000 9.1296835
0.1730000 -8.5343323
0.1740000 -25.5228539
0.1750000 -1.0735600
0.1760000 2.4929657
0.1770000 -25.8471279
0.1780000 -17.5598545
0.1790000 5.3009973
0.1800000 -18.4721966
0.1810000 -4.5306811
0.1820000 9.8592081
0.1830000 -17.0900269
0.1840000 -25.0766411
0.1850000 25.5610847
0.1860000 -9.5912981
0.1870000 9.8789654
0.1880000 -7.8929415
0.1890000 21.5374775
0.1900000 -7.5133443
0.1910000 25.4722939
0.1920000 -20.7637787
0.1930000 -14.4506159
0.1940000 10.0970669
0.1950000 0.1348089
0.1960000 39.0087662
0.1970000 -52.9792404
0.1980000 -17.2747974
0.1990000 20.5867443
0.2000000 -10.7400980
0.2010000 -6.9530630
0.2020000 -4.9415922
0.2030000 -23.1252289
0.2040000 -19.4506855
0.2050000 21.0276947
0.2060000 4.2092018
0.2070000 -22.5592060
0.2080000 5.0644703
0.2090000 6.4679599
0.2100000 1.8662809
0.2110000 23.0777740
0.2120000 11.7739916
0.2130000 -1.6602422
0.2140000 17.7727985
0.2150000 32.2669220
0.2160000 -20.7401924
0.2170000 -1.3857661
0.2180000 -3.9646504
0.2190000 9.4049587
0.2200000 9.9551563
0.2210000 13.8633709
0.2220000 -19.2380123
0.2230000 -21.0649757
0.2240000 -2.4454851
0.2250000 38.1603241
0.2260000 8.9633064
0.2270000 -28.0075645
0.2280000 -25.7258644
0.2290000 10.8814878
0.2300000 -30.7137566
0.2310000 13.3530092
0.2320000 7.5389237
0.2330000 -2.5529511
0.2340000 -19.7128925
0.2350000 -20.4955482
0.2360000 -5.4756517
0.2370000 -5.0126882
0.2380000 -35.2818069
0.2390000 9.8938904
0.2400000 -32.4003334
0.2410000 -22.1690311
0.2420000 10.4827452
0.2430000 -8.8780622
0.2440000 -21.2056084
0.2450000 -9.6543884
0.2460000 15.1596575
0.2470000 -9.0288229
0.2480000 16.9298191
0.2490000 -2.5075612
0.2500000 -27.3494339
0.2510000 -21.9761505
0.2520000 -23.5680981
0.2530000 -22.1082287
0.2540000 4.8309994
0.2550000 34.0863037
0.2560000 -21.9056759
0.2570000 27.9610062
0.2580000 -6.0561061
0.2590000 -27.9319553
0.2600000 -1.9489663
0.2610000 41.0975037
0.2620000 14.6997118
0.2630000 7.7419701
0.2640000 -0.4180910
0.2650000 -4.5358114
0.2660000 5.8866682
0.2670000 -32.8038902
0.2680000 1.2263271
0.2690000 -10.4782419
0.2700000 2.6659601
0.2710000 9.0208054
0.2720000 -7.0826879
0.2730000 8.9494429
0.2740000 51.3186798
0.2750000 -21.3159695
0.2760000 -23.2419262
0.2770000 -1.0250584
0.2780000 3.1450191
0.2790000 -34.4254303
0.2800000 37.5456924
0.2810000 7.9246793
0.2820000 27.0311699
0.2830000 33.0058022
0.2840000 4.8561530
0.2850000 -4.4235525
0.2860000 17.8777351
0.2870000 -4.3214879
0.2880000 19.7085285
0.2890000 39.2393188
0.2900000 29.5544224
0.2910000 -10.2623339
0.2920000 8.1348228
0.2930000 12.3061180
0.2940000 -12.6319838
0.2950000 -9.1890326
0.2960000 15.0985336
0.2970000 0.6871020
0.2980000 20.3260384
0.2990000 6.2045851
0.3000000 2.1628823
0.3010000 26.1089153
0.3020000 -18.8980789
0.3030000 -21.8078709
0.3040000 -1.9449859
0.3050000 -5.2914853
0.3060000 -13.0897589
0.3070000 -2.2254179
0.3080000 14.2659130
0.3090000 4.6361771
0.3100000 2.7340963
0.3110000 -38.8273964
0.3120000 -20.6641445
0.3130000 -4.4171557
0.3140000 -45.5680504
0.3150000 -3.1627984
0.3160000 -7.5415769
0.3170000 -37.2786026
0.3180000 23.0081940
0.3190000 -29.9813042
0.3200000 -10.1276407
0.3210000 -31.5116386
0.3220000 0.6675954
0.3230000 -3.6704035
0.3240000 -30.2198353
0.3250000 33.7784042
0.3260000 -33.2660713
0.3270000 19.8641472
0.3280000 -18.6044674
0.3290000 4.9579530
0.3300000 10.9373770
0.3310000 15.6416798
0.3320000 41.6905098
0.3330000 -1.3644685
0.3340000 -22.7561684
0.3350000 28.1172485
0.3360000 13.8403158
0.3370000 29.9123840
0.3380000 36.3877945
0.3390000 -23.5709152
0.3400000 13.3001299
0.3410000 -21.4364510
0.3420000 13.6522570
0.3430000 45.2691193
0.3440000 -33.8839073
0.3450000 -9.4512138
0.3460000 0.0909396
0.3470000 37.2333450
0.3480000 15.9499846
0.3490000 -1.3632623
0.3500000 38.1686707
0.3510000 9.2748375
0.3520000 -14.5376310
0.3530000 -18.0260124
0.3540000 10.3082380
0.3550000 -0.6515484
0.3560000 -14.1621914
0.3570000 -1.8260154
0.3580000 14.0520744
0.3590000 -3.4293578
0.3600000 -18.0245056
0.3610000 -37.1189804
0.3620000 2.8134336
0.3630000 38.8255882
0.3640000 -4.1918683
0.3650000 20.0259991
0.3660000 25.4534664
0.3670000 -7.8007064
0.3680000 -48.6898117
0.3690000 -7.3594527
0.3700000 -21.2028103
0.3710000 -18.1489449
0.3720000 -7.5764203
0.3730000 -1.2886536
0.3740000 -6.3573031
0.3750000 9.8101006
0.3760000 2.5927022
0.3770000 -7.1125884
0.3780000 -19.1617222
0.3790000 2.5555182
0.3800000 -4.7434201
0.3810000 18.0297184
0.3820000 11.0717144
0.3830000 29.2495251
0.3840000 12.7703304
0.3850000 29.1267471
0.3860000 -14.6943264
0.3870000 -0.4859458
0.3880000 -23.8974762
0.3890000 -22.8779182
0.3900000 -34.4114380
0.3910000 -18.3738937
0.3920000 3.0987604
0.3930000 -11.0547867
0.3940000 5.4640903
0.3950000 2.8585422
0.3960000 -10.2863522
0.3970000 -5.0397725
0.3980000 5.3637733
0.3990000 -5.1278415
0.4000000 8.6148453
0.4010000 -24.5257702
0.4020000 52.1530685
0.4030000 -12.8518829
0.4040000 5.5206785
0.4050000 -17.7574081
0.4060000 -12.7737961
0.4070000 2.6750515
0.4080000 15.5716801
0.4090000 -4.3890734
0.4100000 0.5669602
0.4110000 -0.4772792
0.4120000 -7.4561968
0.4130000 -1.6385585
0.4140000 -7.3158689
0.4150000 -33.8379364
0.4160000 4.9158483
0.4170000 3.6409218
0.4180000 -26.8569374
0.4190000 37.8450279
0.4200000 12.6086454
0.4210000 -3.2846634
0.4220000 -26.5289402
0.4230000 7.2767863
0.4240000 11.3862314
0.4250000 22.3408222
0.4260000 -9.4706211
0.4270000 -6.3855538
0.4280000 15.2144871
0.4290000 15.2916965
0.4300000 -15.8661480
0.4310000 29.9870605
0.4320000 6.0473828
0.4330000 -11.7436676
0.4340000 5.1703119
0.4350000 -6.2341695
0.4360000 1.2941246
0.4370000 -9.5818081
0.4380000 -4.3415637
0.4390000 -28.0775394
0.4400000 -12.6147175
0.4410000 18.2041569
0.4420000 10.0285349
0.4430000 38.0530434
0.4440000 -6.1736717
0.4450000 -4.1774516
0.4460000 -1.5400175
0.4470000 7.8988395
0.4480000 -1.9092407
0.4490000 -21.1924286
0.4500000 13.7384214
0.4510000 23.3158760
0.4520000 15.2342634
0.4530000 21.6469173
0.4540000 -25.9296875
0.4550000 3.9458807
0.4560000 -24.1558075
0.4570000 -3.0591719
0.4580000 -10.8533115
0.4590000 37.1384239
0.4600000 16.6581230
0.4610000 21.8499565
0.4620000 -37.5085449
0.4630000 -0.4375261
0.4640000 -19.8710003
0.4650000 8.6550970
0.4660000 -4.9063878
0.4670000 12.2450666
0.4680000 -2.4328887
0.4690000 31.1337128
0.4700000 14.9586506
0.4710000 18.1470547
0.4720000 8.4920597
0.4730000 5.0824852
0.4740000 -5.3597989
0.4750000 -31.4819450
0.4760000 -13.9688940
0.4770000 10.9189548
0.4780000 -17.2803116
0.4790000 -1.7086957
0.4800000 14.5685854
0.4810000 2.3276615
0.4820000 7.0245223
0.4830000 -15.2407017
0.4840000 -28.3044319
0.4850000 -8.4394741
0.4860000 -39.7284088
0.4870000 -14.2885723
0.4880000 64.1845856
0.4890000 5.0023828
0.4900000 -0.6663277
0.4910000 -2.2877450
0.4920000 -15.6880350
0.4930000 -19.2762833
0.4940000 -9.9916534
0.4950000 13.3285751
0.4960000 -2.5383890
0.4970000 -1.8209952
0.4980000 -17.6607494
0.4990000 29.1590900
0.5000000 -0.9358137
0.5010000 20.9199696
0.5020000 -17.3185406
0.5030000 -32.9379692
0.5040000 -22.9073582
0.5050000 -1.3536292
0.5060000 8.2120104
0.5070000 -5.2777610
0.5080000 31.3381844
0.5090000 -48.0281219
0.5100000 -22.7200985
0.5110000 31.9011002
0.5120000 44.9024696
0.5130000 -9.0942726
0.5140000 13.9871578
0.5150000 31.5191956
0.5160000 41.6611862
0.5170000 26.6321983
0.5180000 -45.9381142
0.5190000 24.0966644
0.5200000 13.7629395
0.5210000 26.5525341
0.5220000 -2.6558630
0.5230000 14.5407076
0.5240000 -28.9690838
0.5250000 15.6882544
0.5260000 10.8262129
0.5270000 18.4222431
0.5280000 -20.4058800
0.5290000 6.9075079
0.5300000 23.6739120
0.5310000 -34.1682281
0.5320000 -3.7329113
0.5330000 -21.2927780
0.5340000 28.5156174
0.5350000 37.1086693
0.5360000 -6.5609188
0.5370000 -36.4118881
0.5380000 -8.7042837
0.5390000 -15.8975468
0.5400000 -4.1259537
0.5410000 0.4783014
0.5420000 10.0931559
0.5430000 9.8223915
0.5440000 11.1313944
0.5450000 -2.9437582
0.5460000 1.4906917
0.5470000 15.1514435
0.5480000 2.0393326
0.5490000 -11.8860159
0.5500000 2.5791304
0.5510000 18.7426491
0.5520000 52.5554695
0.5530000 16.5899639
0.5540000 -35.1628685
0.5550000 -18.8477497
0.5560000 -41.5642738
0.5570000 -35.1789970
0.5580000 23.8357029
0.5590000 -35.7339325
0.5600000 17.7592220
0.5610000 -22.9007893
0.5620000 22.3043976
0.5630000 -16.3265018
0.5640000 9.8406410
0.5650000 -18.1979599
0.5660000 21.9603519
0.5670000 -19.4631443
0.5680000 -31.1825123
0.5690000 -6.6257548
0.5700000 -1.6809027
0.5710000 -21.8913879
0.5720000 -11.7186337
0.5730000 -5.1674256
0.5740000 21.3255634
0.5750000 0.1264991
0.5760000 -23.8853302
0.5770000 -19.8750629
0.5780000 0.5393957
0.5790000 22.1809921
0.5800000 -7.5867381
0.5810000 8.2887392
0.5820000 4.5324316
0.5830000 25.4938717
0.5840000 28.2223110
0.5850000 9.0389318
0.5860000 -3.3701513
0.5870000 23.8956032
0.5880000 -6.4042320
0.5890000 -18.1467323
0.5900000 -48.6817093
0.5910000 -4.5732536
0.5920000 16.5266056
0.5930000 11.6607695
0.5940000 -39.7750587
0.5950000 -5.1084208
0.5960000 5.5460091
0.5970000 -5.0104804
0.5980000 6.4459958
0.5990000 -3.0472882
0.6000000 18.1744766
0.6010000 -19.6483307
0.6020000 7.4573197
0.6030000 -32.4033051
0.6040000 8.1373749
0.6050000 -7.4629574
0.6060000 23.8470860
0.6070000 -7.9201288
0.6080000 -16.1929798
0.6090000 -1.4373987
0.6100000 13.5879650
0.6110000 -16.8023033
0.6120000 -1.9467283
0.6130000 -19.0401440
0.6140000 14.0730247
0.6150000 -18.7539597
0.6160000 -42.3492661
0.6170000 38.4907875
0.6180000 13.3274889
0.6190000 1.7369022
0.6200000 36.6973076
0.6210000 10.0112925
0.6220000 -10.8933945
0.6230000 -11.3401833
0.6240000 -32.5565948
0.6250000 -17.2379513
0.6260000 -13.5744648
0.6270000 -16.1320801
0.6280000 -22.0972576
0.6290000 -5.2312922
0.6300000 -8.4491787
0.6310000 10.6210089
0.6320000 -7.3572693
0.6330000 -5.7808061
0.6340000 -16.4935970
0.6350000 -33.8947411
0.6360000 -2.3184021
0.6370000 14.6536598
0.6380000 3.8140166
0.6390000 -18.7049389
0.6400000 33.0693703
0.6410000 -4.9337926
0.6420000 20.3694401
0.6430000 14.0947952
0.6440000 -19.3428535
0.6450000 -15.4819145
0.6460000 -42.3922043
0.6470000 -36.7485847
0.6480000 -9.0739546
0.6490000 -12.8395739
0.6500000 -17.2568836
0.6510000 4.7839112
0.6520000 15.5624161
0.6530000 -39.6672096
0.6540000 -31.7886066
0.6550000 -1.9367074
0.6560000 7.6531534
0.6570000 7.7807765
0.6580000 -13.4240847
0.6590000 -21.9334087
0.6600000 -53.1469231
0.6610000 -0.6354825
0.6620000 11.9832821
0.6630000 27.3463459
0.6640000 -26.0672874
0.6650000 14.0103054
0.6660000 10.9160872
0.6670000 -21.4463921
0.6680000 18.5676289
0.6690000 13.6582565
0.6700000 7.2868333
0.6710000 19.8467979
0.6720000 -10.5877285
0.6730000 -4.1086655
0.6740000 -26.9260101
0.6750000 -44.1561508
0.6760000 23.6168232
0.6770000 10.3605652
0.6780000 -55.0754051
0.6790000 -18.7393875
0.6800000 -33.4610558
0.6810000 -20.3095055
0.6820000 0.7470326
0.6830000 -8.8363581
0.6840000 -13.2733688
0.6850000 32.7417450
0.6860000 -7.4376984
0.6870000 -19.8852386
0.6880000 11.5914516
0.6890000 -12.6720123
0.6900000 -33.9674263
0.6910000 -18.9516449
0.6920000 45.0214424
0.6930000 31.3045940
0.6940000 19.1422443
0.6950000 23.6191559
0.6960000 -1.4710940
0.6970000 10.7527933
0.6980000 -3.0437028
0.6990000 43.4064255
0.7000000 -7.8815970
0.7010000 7.6053600
0.7020000 7.0210838
0.7030000 2.4243238
0.7040000 21.0145016
0.7050000 21.2367020
0.7060000 15.8546438
0.7070000 -11.7470207
0.7080000 -4.0789685
0.7090000 18.4120731
0.7100000 -31.8968830
0.7110000 -2.6198204
0.7120000 -11.0604210
0.7130000 -6.6794686
0.7140000 -13.1925335
0.7150000 20.4938126
0.7160000 13.8364334
0.7170000 34.6012039
0.7180000 -2.1402922
0.7190000 1.2409520
0.7200000 11.3769760
0.7210000 7.7872343
0.7220000 -8.7977648
0.7230000 -13.8129711
0.7240000 15.4389067
0.7250000 38.4322205
0.7260000 26.8701611
0.7270000 -22.1630840
0.7280000 9.4961586
0.7290000 -5.3046670
0.7300000 -12.2392921
0.7310000 7.1056581
0.7320000 -12.3656321
0.7330000 5.4513731
0.7340000 -5.8873534
0.7350000 18.1239891
0.7360000 24.2641850
0.7370000 16.7104607
0.7380000 -8.4711246
0.7390000 -7.5434842
0.7400000 11.9384136
0.7410000 -8.9006853
0.7420000 -3.6905503
0.7430000 1.3790972
0.7440000 -3.3146760
0.7450000 -10.1589041
0.7460000 5.0610061
0.7470000 -8.4162607
0.7480000 -0.3578350
0.7490000 -26.9934082
0.7500000 4.4216752
0.7510000 5.7679563
0.7520000 30.8032970
0.7530000 -25.9006920
0.7540000 -1.4247204
0.7550000 9.1403494
0.7560000 28.2929173
0.7570000 22.4350433
0.7580000 -23.1908779
0.7590000 -56.0803566
0.7600000 1.7686150
0.7610000 2.9659965
0.7620000 36.0406647
0.7630000 -19.2407722
0.7640000 -2.8849008
0.7650000 -15.4019003
0.7660000 -16.2265434
0.7670000 -9.2291365
0.7680000 26.9991226
0.7690000 -1.6785359
0.7700000 22.0827026
0.7710000 13.7447386
0.7720000 -16.4802475
0.7730000 -1.0539745
0.7740000 25.6188183
0.7750000 -13.7303772
0.7760000 -11.4431047
0.7770000 -34.7406540
0.7780000 13.9480190
0.7790000 -13.8327875
0.7800000 16.9875088
0.7810000 -12.3546734
0.7820000 23.1357689
0.7830000 16.4728241
0.7840000 -27.9487305
0.7850000 11.3252287
0.7860000 -55.7171669
0.7870000 19.2624702
0.7880000 14.8620987
0.7890000 1.6320227
0.7900000 -28.5587273
0.7910000 -44.1180038
0.7920000 -24.9981556
0.7930000 -18.0153866
0.7940000 14.1247520
0.7950000 -11.4222193
0.7960000 -7.2367506
0.7970000 7.4728937
0.7980000 -15.5740671
0.7990000 -43.2716370
0.8000000 26.9256496
0.8010000 21.5937920
0.8020000 6.2533240
0.8030000 36.3853188
0.8040000 14.8519840
0.8050000 -17.2983475
0.8060000 -12.1250887
0.8070000 27.1804981
0.8080000 7.1801186
0.8090000 20.6237431
0.8100000 4.2462959
0.8110000 14.3244839
0.8120000 19.0346260
0.8130000 24.9173145
0.8140000 21.7315044
0.8150000 -5.1318517
0.8160000 -0.2560226
0.8170000 25.3208981
0.8180000 14.3421850
0.8190000 0.7742515
0.8200000 17.6174088
0.8210000 -18.0602741
0.8220000 23.5346794
0.8230000 15.0481157
0.8240000 11.9054832
0.8250000 14.2597713
0.8260000 1.4014468
0.8270000 -17.8130112
0.8280000 0.6619344
0.8290000 12.4971809
0.8300000 -6.0311151
0.8310000 13.1633987
0.8320000 -18.9034004
0.8330000 30.9868507
0.8340000 -13.0258837
0.8350000 -19.5748081
0.8360000 17.9704170
0.8370000 2.5332429
0.8380000 -78.6946793
0.8390000 -42.2437553
0.8400000 -0.4115990
0.8410000 3.0374975
0.8420000 -18.9543800
0.8430000 13.5687876
0.8440000 5.1041045
0.8450000 32.5148430
0.8460000 6.4895258
0.8470000 -15.2434292
0.8480000 -13.6191921
0.8490000 -1.7031181
0.8500000 -3.0538726
0.8510000 -11.8489590
0.8520000 47.6747818
0.8530000 -12.8026896
0.8540000 4.5152278
0.8550000 -14.9440117
0.8560000 30.0192318
0.8570000 6.5352292
0.8580000 -64.5060196
0.8590000 38.1624947
0.8600000 -15.2534981
0.8610000 18.7778416
0.8620000 -40.2864380
0.8630000 17.6489048
0.8640000 14.5454550
0.8650000 -20.7502975
0.8660000 24.5079460
0.8670000 18.2481041
0.8680000 32.6682930
0.8690000 -4.8078494
0.8700000 13.5113516
0.8710000 11.3836451
0.8720000 -24.8961601
0.8730000 -32.0220146
0.8740000 8.4219074
0.8750000 -34.8461800
0.8760000 -11.4918461
0.8770000 21.5021229
0.8780000 -0.4513814
0.8790000 7.5347810
0.8800000 0.7692729
0.8810000 7.6188822
0.8820000 0.2513815
0.8830000 -31.1821995
0.8840000 -6.5437632
0.8850000 -17.3521290
0.8860000 22.1948414
0.8870000 32.4664650
0.8880000 -12.7687740
0.8890000 1.0917118
0.8900000 -17.0421505
0.8910000 -0.1990827
0.8920000 -31.8426838
0.8930000 14.4551735
0.8940000 -19.8276272
0.8950000 -37.7041283
0.8960000 -0.2496947
0.8970000 -30.4183331
0.8980000 16.2115173
0.8990000 -39.5877647
0.9000000 8.9341059
0.9010000 -7.7357821
0.9020000 5.9686818
0.9030000 11.0429354
0.9040000 -23.0531788
0.9050000 -2.0488122
0.9060000 17.6095104
0.9070000 1.0003042
0.9080000 -1.5746579
0.9090000 17.9391384
0.9100000 29.4038525
0.9110000 -2.7686019
0.9120000 -7.2490892
0.9130000 21.0683575
0.9140000 -15.2180662
0.9150000 6.4453506
0.9160000 -17.3781738
0.9170000 2.2340679
0.9180000 13.2009430
0.9190000 -50.0660019
0.9200000 2.8193436
0.9210000 18.4207211
0.9220000 -2.1248789
0.9230000 -15.9369164
0.9240000 -4.6876502
0.9250000 -26.4804955
0.9260000 4.7303743
0.9270000 -6.9569168
0.9280000 -2.6643291
0.9290000 -14.6309109
0.9300000 21.2196522
0.9310000 -26.1868668
0.9320000 -22.2599087
0.9330000 32.4563370
0.9340000 -6.1795173
0.9350000 49.8713150
0.9360000 8.6296520
0.9370000 7.9399595
0.9380000 -2.7830322
0.9390000 -8.7447405
0.9400000 4.3139486
0.9410000 -4.4032731
0.9420000 -26.4595947
0.9430000 -10.7122564
0.9440000 -16.4464722
0.9450000 -22.4760647
0.9460000 -6.1124177
0.9470000 -11.9895573
0.9480000 -15.0754776
0.9490000 13.2285547
0.9500000 14.4653788
0.9510000 -9.6956873
0.9520000 -59.5731163
0.9530000 3.6028886
0.9540000 14.5919561
0.9550000 -12.4498253
0.9560000 -9.9471846
0.9570000 36.3764420
0.9580000 6.9761486
0.9590000 -4.6371517
0.9600000 27.0879116
0.9610000 42.1889038
0.9620000 10.8590431
0.9630000 10.0776539
0.9640000 5.3303123
0.9650000 -4.2812705
0.9660000 24.7873764
0.9670000 4.2601328
0.9680000 4.8304124
0.9690000 13.3760128
0.9700000 -1.0344148
0.9710000 41.5149765
0.9720000 42.8234558
0.9730000 -1.5348723
0.9740000 11.9332314
0.9750000 -19.9673367
0.9760000 8.7949305
0.9770000 23.9401016
0.9780000 -22.6550179
0.9790000 -23.1018219
0.9800000 -20.3213139
0.9810000 -11.1898928
0.9820000 1.7115136
0.9830000 27.7770462
0.9840000 -0.4692591
0.9850000 29.8396091
0.9860000 32.6073494
0.9870000 -24.2095318
0.9880000 -3.4046052
0.9890000 14.7728224
0.9900000 -44.8598022
0.9910000 -23.5976753
0.9920000 -14.7867174
0.9930000 -2.1707561
0.9940000 -13.4253683
0.9950000 -1.4974651
0.9960000 -16.3841381
0.9970000 40.0039597
0.9980000 -18.0514774
0.9990000 17.8180313
